Name				Inst_20_1_1
Number_of_Customers		20
Number_of_Items			113
Number_of_ItemTypes		20
Number_of_Vehicles		20
TimeWindows			0

VEHICLE
Mass_Capacity			32200
CargoSpace_Length		912
CargoSpace_Width		244
CargoSpace_Height		244
Wheelbase			550
Max_Mass_FrontAxle		11600
Max_Mass_RearAxle		21000
Distance_FrontAxle_CargoSpace	-100

CUSTOMERS
i		x	y	Demand		ReadyTime	DueDate		ServiceTime	DemandedMass	DemandedVolume
0		-0.5972575243525255	0.3800059795179983	0		0		0		0		0		0
1		1.0327793432876557	2.6913680308460717	5		0		0		0		5370		48000
2		3.81870603155069	4.1879851700228805	4		0		0		0		5796		38400
3		-1.716312923511223	-4.88755905658156	5		0		0		0		5590		48000
4		5.181433446784368	-3.6951557574113227	6		0		0		0		6108		57600
5		2.6995271644657555	-1.0797129740271298	6		0		0		0		7578		57600
6		3.8553772536414144	-1.8947982442485085	7		0		0		0		8078		67200
7		-5.049949786588269	2.654903206625832	7		0		0		0		10346		67200
8		2.3588340040568707	0.8909555513466648	5		0		0		0		6515		48000
9		1.7141992637933434	-1.2498113860895146	7		0		0		0		7070		67200
10		-0.9013507746456134	-3.7318657270070994	7		0		0		0		7735		67200
11		1.8476908579280795	3.847008950024592	4		0		0		0		5252		38400
12		-4.7092729963062485	0.683981449270061	6		0		0		0		6498		57600
13		-0.7310731245767503	-4.71724830968801	4		0		0		0		4964		38400
14		-5.6944454914248945	0.513765656295457	6		0		0		0		6396		57600
15		-2.908501659728534	2.010083911039556	4		0		0		0		5780		38400
16		4.840671120607844	-1.7245080273584041	6		0		0		0		6312		57600
17		3.6482709274418785	5.173560830569935	7		0		0		0		7448		67200
18		-3.857246023389596	-4.243088488747286	6		0		0		0		8118		57600
19		-6.035253932519335	2.48426889091056	7		0		0		0		10339		67200
20		1.2031748234850905	1.7058603446892255	4		0		0		0		4180		38400

ITEMS
Type	Length	Width	Height	Mass	Fragility	LoadBearingStrength
Bt1	80	120	244	1074	0		0
Bt2	80	120	244	1449	0		0
Bt3	80	120	244	1118	0		0
Bt4	80	120	244	1018	0		0
Bt5	80	120	244	1263	0		0
Bt6	80	120	244	1154	0		0
Bt7	80	120	244	1478	0		0
Bt8	80	120	244	1303	0		0
Bt9	80	120	244	1010	0		0
Bt10	80	120	244	1105	0		0
Bt11	80	120	244	1313	0		0
Bt12	80	120	244	1083	0		0
Bt13	80	120	244	1241	0		0
Bt14	80	120	244	1066	0		0
Bt15	80	120	244	1445	0		0
Bt16	80	120	244	1052	0		0
Bt17	80	120	244	1064	0		0
Bt18	80	120	244	1353	0		0
Bt19	80	120	244	1477	0		0
Bt20	80	120	244	1045	0		0

DEMANDS PER CUSTOMER
i	Type Quantity
1	Bt1 5
2	Bt2 4
3	Bt3 5
4	Bt4 6
5	Bt5 6
6	Bt6 7
7	Bt7 7
8	Bt8 5
9	Bt9 7
10	Bt10 7
11	Bt11 4
12	Bt12 6
13	Bt13 4
14	Bt14 6
15	Bt15 4
16	Bt16 6
17	Bt17 7
18	Bt18 6
19	Bt19 7
20	Bt20 4
