Name				Inst_25_1_1
Number_of_Customers		25
Number_of_Items			134
Number_of_ItemTypes		25
Number_of_Vehicles		25
TimeWindows			0

VEHICLE
Mass_Capacity			32200
CargoSpace_Length		912
CargoSpace_Width		244
CargoSpace_Height		244
Wheelbase			550
Max_Mass_FrontAxle		11600
Max_Mass_RearAxle		21000
Distance_FrontAxle_CargoSpace	-100

CUSTOMERS
i		x	y	Demand		ReadyTime	DueDate		ServiceTime	DemandedMass	DemandedVolume
0		0.05073606394851084	-1.3424453730922934	0		0		0		0		0		0
1		-3.274276884228347	-4.333145774196908	5		0		0		0		6150		48000
2		6.167673138137131	0.5504573798666066	4		0		0		0		4876		38400
3		-4.6024708116083435	0.4872173753418937	5		0		0		0		5910		48000
4		0.019116062259650898	4.04262660222595	6		0		0		0		8808		57600
5		-0.31519648596739425	-2.2730867482197494	6		0		0		0		7902		57600
6		-2.009322962035306	1.6166350261333735	7		0		0		0		10402		67200
7		-4.968403362565482	-0.44342399938299304	7		0		0		0		7728		67200
8		3.009816462637311	0.7176136521565737	5		0		0		0		5685		48000
9		-1.6117704105039694	-2.837795573622362	4		0		0		0		4928		38400
10		-0.34681648757064043	3.111985226971717	7		0		0		0		9093		67200
11		-6.432133560527864	-4.1659895004849234	5		0		0		0		5930		48000
12		-0.3151964859673942	-2.2730867482197494	4		0		0		0		5812		38400
13		-2.009322962035306	1.6166350261333737	4		0		0		0		4012		38400
14		2.4767276395250573	-3.3708843971706806	5		0		0		0		5405		48000
15		6.533605687077742	1.481098751722442	5		0		0		0		5440		48000
16		5.435808040370027	-1.3108253703522463	5		0		0		0		5580		48000
17		-2.5740317873746807	2.9132089508916406	7		0		0		0		8575		67200
18		5.069875489305388	-2.241466745381152	7		0		0		0		10423		67200
19		-3.504673163313676	3.2791415009194935	6		0		0		0		6690		57600
20		-3.473053160192832	-2.105930474205317	5		0		0		0		6435		48000
21		1.7132425381402998	0.1529048273794461	4		0		0		0		5440		38400
22		-2.772808062353403	5.140424250596001	5		0		0		0		6235		48000
23		3.773301564002974	-2.8061755718352077	5		0		0		0		5360		48000
24		1.8803988129017093	3.310761503091798	7		0		0		0		9639		67200
25		2.079175087938844	1.08354620273327	4		0		0		0		4372		38400

ITEMS
Type	Length	Width	Height	Mass	Fragility	LoadBearingStrength
Bt1	80	120	244	1230	0		0
Bt2	80	120	244	1219	0		0
Bt3	80	120	244	1182	0		0
Bt4	80	120	244	1468	0		0
Bt5	80	120	244	1317	0		0
Bt6	80	120	244	1486	0		0
Bt7	80	120	244	1104	0		0
Bt8	80	120	244	1137	0		0
Bt9	80	120	244	1232	0		0
Bt10	80	120	244	1299	0		0
Bt11	80	120	244	1186	0		0
Bt12	80	120	244	1453	0		0
Bt13	80	120	244	1003	0		0
Bt14	80	120	244	1081	0		0
Bt15	80	120	244	1088	0		0
Bt16	80	120	244	1116	0		0
Bt17	80	120	244	1225	0		0
Bt18	80	120	244	1489	0		0
Bt19	80	120	244	1115	0		0
Bt20	80	120	244	1287	0		0
Bt21	80	120	244	1360	0		0
Bt22	80	120	244	1247	0		0
Bt23	80	120	244	1072	0		0
Bt24	80	120	244	1377	0		0
Bt25	80	120	244	1093	0		0

DEMANDS PER CUSTOMER
i	Type Quantity
1	Bt1 5
2	Bt2 4
3	Bt3 5
4	Bt4 6
5	Bt5 6
6	Bt6 7
7	Bt7 7
8	Bt8 5
9	Bt9 4
10	Bt10 7
11	Bt11 5
12	Bt12 4
13	Bt13 4
14	Bt14 5
15	Bt15 5
16	Bt16 5
17	Bt17 7
18	Bt18 7
19	Bt19 6
20	Bt20 5
21	Bt21 4
22	Bt22 5
23	Bt23 5
24	Bt24 7
25	Bt25 4
