Name				Inst_10_4_1
Number_of_Customers		10
Number_of_Items			83
Number_of_ItemTypes		10
Number_of_Vehicles		10
TimeWindows			0

VEHICLE
Mass_Capacity			32200
CargoSpace_Length		912
CargoSpace_Width		244
CargoSpace_Height		244
Wheelbase			550
Max_Mass_FrontAxle		11600
Max_Mass_RearAxle		21000
Distance_FrontAxle_CargoSpace	-100

CUSTOMERS
i		x	y	Demand		ReadyTime	DueDate		ServiceTime	DemandedMass	DemandedVolume
0		-0.6830505789463067	1.0965008724842888	0		0		0		0		0		0
1		2.801149175724468	2.0236417314905966	6		0		0		0		8976		57600
2		-3.1811164523291944	6.172282562594794	8		0		0		0		11136		76800
3		-1.6496570319615667	-1.7431553733570768	9		0		0		0		12420		86400
4		-2.5962979980331933	-1.421039139521733	13		0		0		0		19409		124800
5		2.761659185212444	-4.301186706180306	7		0		0		0		9856		67200
6		-1.3273512407748815	-0.7965993630691369	14		0		0		0		2254		134400
7		4.070399231407532	2.648137933436351	11		0		0		0		4400		105600
8		3.103789587590495	-0.19176740151418414	3		0		0		0		762		28800
9		3.728007912196398	-1.46122738899391	2		0		0		0		932		19200
10		-7.027531790086194	-2.0255877273696847	10		0		0		0		3520		96000

ITEMS
Type	Length	Width	Height	Mass	Fragility	LoadBearingStrength
Bt1	80	120	244	1496	0		0
Bt2	80	120	244	1392	0		0
Bt3	80	120	244	1380	0		0
Bt4	80	120	244	1493	0		0
Bt5	80	120	244	1408	0		0
Bt6	80	120	244	161	0		0
Bt7	80	120	244	400	0		0
Bt8	80	120	244	254	0		0
Bt9	80	120	244	466	0		0
Bt10	80	120	244	352	0		0

DEMANDS PER CUSTOMER
i	Type Quantity
1	Bt1 6
2	Bt2 8
3	Bt3 9
4	Bt4 13
5	Bt5 7
6	Bt6 14
7	Bt7 11
8	Bt8 3
9	Bt9 2
10	Bt10 10
