Name				Inst_20_3_6
Number_of_Customers		20
Number_of_Items			114
Number_of_ItemTypes		20
Number_of_Vehicles		20
TimeWindows			0

VEHICLE
Mass_Capacity			32200
CargoSpace_Length		912
CargoSpace_Width		244
CargoSpace_Height		244
Wheelbase			550
Max_Mass_FrontAxle		11600
Max_Mass_RearAxle		21000
Distance_FrontAxle_CargoSpace	-100

CUSTOMERS
i		x	y	Demand		ReadyTime	DueDate		ServiceTime	DemandedMass	DemandedVolume
0		-0.21711419780033228	0.09780583831966293	0		0		0		0		0		0
1		0.8747517603354572	-4.781827070361679	5		0		0		0		5670		48000
2		3.5199014236012545	-3.77975536145358	6		0		0		0		8358		57600
3		3.4298047383311987	-1.5456231360195358	6		0		0		0		7890		57600
4		-6.008255026652638	-0.5832755945343464	7		0		0		0		7994		67200
5		-2.721615026755159	6.71074853597004	6		0		0		0		7092		57600
6		-4.685496525486852	-0.08226061156252767	7		0		0		0		7203		67200
7		5.483997918637358	3.0130708350218427	5		0		0		0		5435		48000
8		3.840687517946374	-0.6338819521304826	7		0		0		0		10276		67200
9		0.013741875905286036	5.4778917006250305	5		0		0		0		6820		48000
10		2.8387583327970947	2.0112905331561226	5		0		0		0		7005		48000
11		-3.13225588141757	5.798954646047995	7		0		0		0		2786		67200
12		4.662420057880672	1.1895786386061715	6		0		0		0		2568		57600
13		-6.419012060373238	-1.494904981482757	4		0		0		0		676		38400
14		-4.094544058809734	-3.638943361585384	7		0		0		0		2674		67200
15		0.6945682222522926	-0.31297307062790874	7		0		0		0		1757		67200
16		-2.862133000135472	-0.9039713300675412	5		0		0		0		1870		48000
17		-5.918149371075969	-2.817247958147968	4		0		0		0		1504		38400
18		2.0169979355665157	0.18786910444993438	6		0		0		0		1470		57600
19		5.163043941652214	-0.13279004276951117	5		0		0		0		815		48000
20		3.5199014236012545	-3.7797553614535784	4		0		0		0		532		38400

ITEMS
Type	Length	Width	Height	Mass	Fragility	LoadBearingStrength
Bt1	80	120	244	1134	0		0
Bt2	80	120	244	1393	0		0
Bt3	80	120	244	1315	0		0
Bt4	80	120	244	1142	0		0
Bt5	80	120	244	1182	0		0
Bt6	80	120	244	1029	0		0
Bt7	80	120	244	1087	0		0
Bt8	80	120	244	1468	0		0
Bt9	80	120	244	1364	0		0
Bt10	80	120	244	1401	0		0
Bt11	80	120	244	398	0		0
Bt12	80	120	244	428	0		0
Bt13	80	120	244	169	0		0
Bt14	80	120	244	382	0		0
Bt15	80	120	244	251	0		0
Bt16	80	120	244	374	0		0
Bt17	80	120	244	376	0		0
Bt18	80	120	244	245	0		0
Bt19	80	120	244	163	0		0
Bt20	80	120	244	133	0		0

DEMANDS PER CUSTOMER
i	Type Quantity
1	Bt1 5
2	Bt2 6
3	Bt3 6
4	Bt4 7
5	Bt5 6
6	Bt6 7
7	Bt7 5
8	Bt8 7
9	Bt9 5
10	Bt10 5
11	Bt11 7
12	Bt12 6
13	Bt13 4
14	Bt14 7
15	Bt15 7
16	Bt16 5
17	Bt17 4
18	Bt18 6
19	Bt19 5
20	Bt20 4
