Name				Inst_15_2_1
Number_of_Customers		15
Number_of_Items			104
Number_of_ItemTypes		15
Number_of_Vehicles		15
TimeWindows			0

VEHICLE
Mass_Capacity			32200
CargoSpace_Length		912
CargoSpace_Width		244
CargoSpace_Height		244
Wheelbase			550
Max_Mass_FrontAxle		11600
Max_Mass_RearAxle		21000
Distance_FrontAxle_CargoSpace	-100

CUSTOMERS
i		x	y	Demand		ReadyTime	DueDate		ServiceTime	DemandedMass	DemandedVolume
0		-0.8497261958653294	1.0882261569677234	0		0		0		0		0		0
1		0.4757838182244541	-2.8159793572202725	2		0		0		0		2916		19200
2		-5.837057558575258	1.4439521005920495	2		0		0		0		2734		19200
3		-2.530906204173925	0.005080691428930097	8		0		0		0		8056		76800
4		3.353953853513554	3.795744438727779	1		0		0		0		1489		9600
5		2.755149007474063	1.0319210063708528	15		0		0		0		18015		144000
6		-5.295533780623359	0.6032561958043869	1		0		0		0		1300		9600
7		0.5325033406881998	0.7892294484091651	14		0		0		0		17122		134400
8		-5.2955337806233596	0.6032561958043858	5		0		0		0		5615		48000
9		1.3163665903645205	-2.274423811429751	9		0		0		0		13149		86400
10		2.15696880319603	-1.732858252668328	13		0		0		0		17992		124800
11		-1.2053075640965332	-3.8989735633562557	4		0		0		0		4708		38400
12		2.5128410752824624	3.254431006302307	7		0		0		0		7294		67200
13		1.3163665903645205	-2.2744238114297515	5		0		0		0		6805		48000
14		0.5325033406882	0.7892294484091656	10		0		0		0		12930		96000
15		6.061628664161759	-0.40766789271238907	8		0		0		0		8176		76800

ITEMS
Type	Length	Width	Height	Mass	Fragility	LoadBearingStrength
Bt1	80	120	244	1458	0		0
Bt2	80	120	244	1367	0		0
Bt3	80	120	244	1007	0		0
Bt4	80	120	244	1489	0		0
Bt5	80	120	244	1201	0		0
Bt6	80	120	244	1300	0		0
Bt7	80	120	244	1223	0		0
Bt8	80	120	244	1123	0		0
Bt9	80	120	244	1461	0		0
Bt10	80	120	244	1384	0		0
Bt11	80	120	244	1177	0		0
Bt12	80	120	244	1042	0		0
Bt13	80	120	244	1361	0		0
Bt14	80	120	244	1293	0		0
Bt15	80	120	244	1022	0		0

DEMANDS PER CUSTOMER
i	Type Quantity
1	Bt1 2
2	Bt2 2
3	Bt3 8
4	Bt4 1
5	Bt5 15
6	Bt6 1
7	Bt7 14
8	Bt8 5
9	Bt9 9
10	Bt10 13
11	Bt11 4
12	Bt12 7
13	Bt13 5
14	Bt14 10
15	Bt15 8
