Name				Inst_10_1_3
Number_of_Customers		10
Number_of_Items			49
Number_of_ItemTypes		10
Number_of_Vehicles		10
TimeWindows			0

VEHICLE
Mass_Capacity			32200
CargoSpace_Length		912
CargoSpace_Width		244
CargoSpace_Height		244
Wheelbase			550
Max_Mass_FrontAxle		11600
Max_Mass_RearAxle		21000
Distance_FrontAxle_CargoSpace	-100

CUSTOMERS
i		x	y	Demand		ReadyTime	DueDate		ServiceTime	DemandedMass	DemandedVolume
0		-1.640560281168809	0.5984781792058624	0		0		0		0		0		0
1		3.8554075069611526	-0.741707758061485	4		0		0		0		4008		38400
2		2.146325691448452	-1.7804284918064737	6		0		0		0		8058		57600
3		3.8554075069611553	-0.7417077580614865	7		0		0		0		8855		67200
4		4.19068618703545	0.6330444856902807	4		0		0		0		4056		38400
5		0.40333238692462847	3.0114354080398336	6		0		0		0		8376		57600
6		0.7723667688434561	-1.4453092861079089	4		0		0		0		4584		38400
7		-4.538926954496204	-2.3340151788726478	4		0		0		0		5596		38400
8		-1.9755929332503817	-0.7754269440754886	4		0		0		0		4568		38400
9		-2.5295189247626975	5.909652522922162	5		0		0		0		6525		48000
10		-4.538926954496204	-2.334015178872648	5		0		0		0		7180		48000

ITEMS
Type	Length	Width	Height	Mass	Fragility	LoadBearingStrength
Bt1	80	120	244	1002	0		0
Bt2	80	120	244	1343	0		0
Bt3	80	120	244	1265	0		0
Bt4	80	120	244	1014	0		0
Bt5	80	120	244	1396	0		0
Bt6	80	120	244	1146	0		0
Bt7	80	120	244	1399	0		0
Bt8	80	120	244	1142	0		0
Bt9	80	120	244	1305	0		0
Bt10	80	120	244	1436	0		0

DEMANDS PER CUSTOMER
i	Type Quantity
1	Bt1 4
2	Bt2 6
3	Bt3 7
4	Bt4 4
5	Bt5 6
6	Bt6 4
7	Bt7 4
8	Bt8 4
9	Bt9 5
10	Bt10 5
