Name				Inst_10_2_4
Number_of_Customers		10
Number_of_Items			72
Number_of_ItemTypes		10
Number_of_Vehicles		10
TimeWindows			0

VEHICLE
Mass_Capacity			32200
CargoSpace_Length		912
CargoSpace_Width		244
CargoSpace_Height		244
Wheelbase			550
Max_Mass_FrontAxle		11600
Max_Mass_RearAxle		21000
Distance_FrontAxle_CargoSpace	-100

CUSTOMERS
i		x	y	Demand		ReadyTime	DueDate		ServiceTime	DemandedMass	DemandedVolume
0		-0.7976977631269232	0.5753500637425325	0		0		0		0		0		0
1		2.2480655811104366	3.8497847176311586	8		0		0		0		8680		76800
2		4.000041586681771	-0.8332299185883199	8		0		0		0		8064		76800
3		0.017715191295140348	-4.458036314371385	8		0		0		0		8368		76800
4		-6.181626558793322	0.6964032344784726	9		0		0		0		10170		86400
5		2.712899352937983	-0.24677386446569005	7		0		0		0		8078		67200
6		-3.843031353654384	-2.6993452774063518	2		0		0		0		2958		19200
7		2.949103145218772	1.9765750624417349	13		0		0		0		17004		124800
8		-3.3714252120003536	1.7474862340435704	1		0		0		0		1499		9600
9		-2.084456240791248	1.1615774450397314	6		0		0		0		8106		57600
10		4.350412271122126	-1.7697913825454574	10		0		0		0		13680		96000

ITEMS
Type	Length	Width	Height	Mass	Fragility	LoadBearingStrength
Bt1	80	120	244	1085	0		0
Bt2	80	120	244	1008	0		0
Bt3	80	120	244	1046	0		0
Bt4	80	120	244	1130	0		0
Bt5	80	120	244	1154	0		0
Bt6	80	120	244	1479	0		0
Bt7	80	120	244	1308	0		0
Bt8	80	120	244	1499	0		0
Bt9	80	120	244	1351	0		0
Bt10	80	120	244	1368	0		0

DEMANDS PER CUSTOMER
i	Type Quantity
1	Bt1 8
2	Bt2 8
3	Bt3 8
4	Bt4 9
5	Bt5 7
6	Bt6 2
7	Bt7 13
8	Bt8 1
9	Bt9 6
10	Bt10 10
