Name				Inst_20_4_4
Number_of_Customers		20
Number_of_Items			180
Number_of_ItemTypes		20
Number_of_Vehicles		20
TimeWindows			0

VEHICLE
Mass_Capacity			32200
CargoSpace_Length		912
CargoSpace_Width		244
CargoSpace_Height		244
Wheelbase			550
Max_Mass_FrontAxle		11600
Max_Mass_RearAxle		21000
Distance_FrontAxle_CargoSpace	-100

CUSTOMERS
i		x	y	Demand		ReadyTime	DueDate		ServiceTime	DemandedMass	DemandedVolume
0		-0.13602717850969204	0.2012206259956993	0		0		0		0		0		0
1		-5.090365597838786	0.8754380765909647	13		0		0		0		18668		124800
2		-2.2339265217641135	-3.3484478982403685	9		0		0		0		12141		86400
3		4.115684845035425	-1.184990908042132	4		0		0		0		4772		38400
4		1.278176121369999	0.21063415009040537	15		0		0		0		16455		144000
5		-0.8196595843637977	-3.338960350963161	4		0		0		0		5156		38400
6		-5.783317315513865	-1.2507030392766292	2		0		0		0		2084		19200
7		0.5664461508660097	0.9128276494364703	13		0		0		0		14625		124800
8		2.0087244588836564	-3.3203034791213684	8		0		0		0		11456		76800
9		3.4042241861661506	-0.4822942404967985	12		0		0		0		17184		115200
10		-2.9738174380415634	1.5964900793308137	1		0		0		0		1240		9600
11		1.2781761213699987	0.2106341500904054	13		0		0		0		4355		124800
12		5.530205606734483	-1.1756859538857332	5		0		0		0		1895		48000
13		-3.6480941416984733	-3.357693623563505	13		0		0		0		5811		124800
14		1.2688755252380224	1.6247646168931362	4		0		0		0		464		38400
15		-0.8290432711727608	-1.924749537489568	8		0		0		0		2528		76800
16		-1.5689470746169927	3.0200829310147044	13		0		0		0		5798		124800
17		-2.9924701081241376	4.424860711113665	13		0		0		0		1326		124800
18		1.2592622225455483	3.0387770421869953	2		0		0		0		468		19200
19		2.7016474390118717	-1.1944180878101622	13		0		0		0		4134		124800
20		2.6642455544230192	4.462517086146158	15		0		0		0		6750		144000

ITEMS
Type	Length	Width	Height	Mass	Fragility	LoadBearingStrength
Bt1	80	120	244	1436	0		0
Bt2	80	120	244	1349	0		0
Bt3	80	120	244	1193	0		0
Bt4	80	120	244	1097	0		0
Bt5	80	120	244	1289	0		0
Bt6	80	120	244	1042	0		0
Bt7	80	120	244	1125	0		0
Bt8	80	120	244	1432	0		0
Bt9	80	120	244	1432	0		0
Bt10	80	120	244	1240	0		0
Bt11	80	120	244	335	0		0
Bt12	80	120	244	379	0		0
Bt13	80	120	244	447	0		0
Bt14	80	120	244	116	0		0
Bt15	80	120	244	316	0		0
Bt16	80	120	244	446	0		0
Bt17	80	120	244	102	0		0
Bt18	80	120	244	234	0		0
Bt19	80	120	244	318	0		0
Bt20	80	120	244	450	0		0

DEMANDS PER CUSTOMER
i	Type Quantity
1	Bt1 13
2	Bt2 9
3	Bt3 4
4	Bt4 15
5	Bt5 4
6	Bt6 2
7	Bt7 13
8	Bt8 8
9	Bt9 12
10	Bt10 1
11	Bt11 13
12	Bt12 5
13	Bt13 13
14	Bt14 4
15	Bt15 8
16	Bt16 13
17	Bt17 13
18	Bt18 2
19	Bt19 13
20	Bt20 15
