Name				Inst_25_4_2
Number_of_Customers		25
Number_of_Items			154
Number_of_ItemTypes		25
Number_of_Vehicles		25
TimeWindows			0

VEHICLE
Mass_Capacity			32200
CargoSpace_Length		912
CargoSpace_Width		244
CargoSpace_Height		244
Wheelbase			550
Max_Mass_FrontAxle		11600
Max_Mass_RearAxle		21000
Distance_FrontAxle_CargoSpace	-100

CUSTOMERS
i		x	y	Demand		ReadyTime	DueDate		ServiceTime	DemandedMass	DemandedVolume
0		-0.846116211249251	0.17624649480011523	0		0		0		0		0		0
1		-0.8698006859219798	1.5902657292907503	13		0		0		0		18317		124800
2		0.638730355370812	-4.0423066696891645	5		0		0		0		7480		48000
3		-7.22108021861629	0.7769473332924056	8		0		0		0		10560		76800
4		-6.525980738445425	1.495452100248214	6		0		0		0		7752		57600
5		4.114835519186857	-0.448122180184128	10		0		0		0		14220		96000
6		-0.8698006859219861	1.5902657292907534	2		0		0		0		2804		19200
7		-5.088218979788727	0.10529981835494899	3		0		0		0		4323		28800
8		0.5677441107211363	0.1999632856705134	12		0		0		0		15768		115200
9		-2.9788926356382484	0.8476600363828648	3		0		0		0		3168		28800
10		5.528725811639413	-0.42417881128831836	5		0		0		0		6480		48000
11		-1.5648639469396335	0.8714075819252602	6		0		0		0		8406		57600
12		-7.197552013201373	-0.6368826201869169	3		0		0		0		3756		28800
13		4.0911694265461005	0.9661109394349695	15		0		0		0		4815		144000
14		5.528725811639413	-0.42417881128831836	6		0		0		0		1452		57600
15		6.224100608800895	0.2944240727947177	4		0		0		0		892		38400
16		-5.783488747005381	-0.613477954603554	8		0		0		0		1528		76800
17		-1.4940493444147127	-3.3704322038946612	14		0		0		0		3962		134400
18		1.1920113173198246	5.160934191440151	1		0		0		0		460		9600
19		4.83367314333759	-1.1432832570912979	10		0		0		0		3140		96000
20		1.2629479992304808	0.9186713962733378	2		0		0		0		718		19200
21		-0.1273883994571692	-0.5188838129903938	10		0		0		0		4960		96000
22		0.6387403718807322	-4.042371830214803	1		0		0		0		426		9600
23		2.629814316571479	3.7701801240903694	2		0		0		0		200		19200
24		-2.212724121012909	-2.675521703839627	3		0		0		0		828		28800
25		5.528737935368357	-0.4241889780181879	2		0		0		0		654		19200

ITEMS
Type	Length	Width	Height	Mass	Fragility	LoadBearingStrength
Bt1	80	120	244	1409	0		0
Bt2	80	120	244	1496	0		0
Bt3	80	120	244	1320	0		0
Bt4	80	120	244	1292	0		0
Bt5	80	120	244	1422	0		0
Bt6	80	120	244	1402	0		0
Bt7	80	120	244	1441	0		0
Bt8	80	120	244	1314	0		0
Bt9	80	120	244	1056	0		0
Bt10	80	120	244	1296	0		0
Bt11	80	120	244	1401	0		0
Bt12	80	120	244	1252	0		0
Bt13	80	120	244	321	0		0
Bt14	80	120	244	242	0		0
Bt15	80	120	244	223	0		0
Bt16	80	120	244	191	0		0
Bt17	80	120	244	283	0		0
Bt18	80	120	244	460	0		0
Bt19	80	120	244	314	0		0
Bt20	80	120	244	359	0		0
Bt21	80	120	244	496	0		0
Bt22	80	120	244	426	0		0
Bt23	80	120	244	100	0		0
Bt24	80	120	244	276	0		0
Bt25	80	120	244	327	0		0

DEMANDS PER CUSTOMER
i	Type Quantity
1	Bt1 13
2	Bt2 5
3	Bt3 8
4	Bt4 6
5	Bt5 10
6	Bt6 2
7	Bt7 3
8	Bt8 12
9	Bt9 3
10	Bt10 5
11	Bt11 6
12	Bt12 3
13	Bt13 15
14	Bt14 6
15	Bt15 4
16	Bt16 8
17	Bt17 14
18	Bt18 1
19	Bt19 10
20	Bt20 2
21	Bt21 10
22	Bt22 1
23	Bt23 2
24	Bt24 3
25	Bt25 2
