Name				Inst_15_4_1
Number_of_Customers		15
Number_of_Items			129
Number_of_ItemTypes		15
Number_of_Vehicles		15
TimeWindows			0

VEHICLE
Mass_Capacity			32200
CargoSpace_Length		912
CargoSpace_Width		244
CargoSpace_Height		244
Wheelbase			550
Max_Mass_FrontAxle		11600
Max_Mass_RearAxle		21000
Distance_FrontAxle_CargoSpace	-100

CUSTOMERS
i		x	y	Demand		ReadyTime	DueDate		ServiceTime	DemandedMass	DemandedVolume
0		-0.4137894068362781	0.23533316475536784	0		0		0		0		0		0
1		2.567282293937606	-0.10115918466106397	2		0		0		0		2672		19200
2		-2.96206591822775	-4.508733456059474	14		0		0		0		20020		134400
3		1.3492372602082383	-1.9762250029245088	13		0		0		0		17368		124800
4		-5.830790615511769	-3.178621495742628	9		0		0		0		10998		86400
5		2.0065272972810697	-5.069352565332011	11		0		0		0		13310		105600
6		4.009974738537312	3.76160976286225	4		0		0		0		4468		38400
7		2.903700690813586	2.8800187503184476	14		0		0		0		17024		134400
8		2.0223551389788756	3.985721839057799	10		0		0		0		2630		96000
9		-4.500614243366243	-0.30958405737168415	7		0		0		0		2534		67200
10		-5.269879016393052	1.7897591852741503	5		0		0		0		535		48000
11		2.791598445032538	1.8862828432556307	12		0		0		0		1848		115200
12		1.2372040442417471	-2.9699961438933076	9		0		0		0		1719		86400
13		0.8043112531312995	2.1105598776868373	2		0		0		0		582		19200
14		-4.821267203486269	5.764713283696696	6		0		0		0		2646		57600
15		4.10621524165908	-4.3003268009225035	11		0		0		0		1716		105600

ITEMS
Type	Length	Width	Height	Mass	Fragility	LoadBearingStrength
Bt1	80	120	244	1336	0		0
Bt2	80	120	244	1430	0		0
Bt3	80	120	244	1336	0		0
Bt4	80	120	244	1222	0		0
Bt5	80	120	244	1210	0		0
Bt6	80	120	244	1117	0		0
Bt7	80	120	244	1216	0		0
Bt8	80	120	244	263	0		0
Bt9	80	120	244	362	0		0
Bt10	80	120	244	107	0		0
Bt11	80	120	244	154	0		0
Bt12	80	120	244	191	0		0
Bt13	80	120	244	291	0		0
Bt14	80	120	244	441	0		0
Bt15	80	120	244	156	0		0

DEMANDS PER CUSTOMER
i	Type Quantity
1	Bt1 2
2	Bt2 14
3	Bt3 13
4	Bt4 9
5	Bt5 11
6	Bt6 4
7	Bt7 14
8	Bt8 10
9	Bt9 7
10	Bt10 5
11	Bt11 12
12	Bt12 9
13	Bt13 2
14	Bt14 6
15	Bt15 11
