Name				Inst_20_1_4
Number_of_Customers		20
Number_of_Items			105
Number_of_ItemTypes		20
Number_of_Vehicles		20
TimeWindows			0

VEHICLE
Mass_Capacity			32200
CargoSpace_Length		912
CargoSpace_Width		244
CargoSpace_Height		244
Wheelbase			550
Max_Mass_FrontAxle		11600
Max_Mass_RearAxle		21000
Distance_FrontAxle_CargoSpace	-100

CUSTOMERS
i		x	y	Demand		ReadyTime	DueDate		ServiceTime	DemandedMass	DemandedVolume
0		-0.3138041169353639	0.259004787729508	0		0		0		0		0		0
1		-5.042093983459469	1.8847540162810363	4		0		0		0		4840		38400
2		2.4935143302248215	-3.878423395569996	5		0		0		0		6750		48000
3		-3.5055531301911396	-2.8734358516057275	5		0		0		0		6085		48000
4		3.823694641835715	3.066265914919756	7		0		0		0		8099		67200
5		4.119200340367431	0.8496230659623706	4		0		0		0		5256		38400
6		4.739584650567041	-0.4211029020691435	4		0		0		0		5980		38400
7		-4.096322924672072	1.5594551954877867	5		0		0		0		5490		48000
8		-3.446165429514821	3.4509425983191084	5		0		0		0		5720		48000
9		5.715204539812172	2.4157036063217334	6		0		0		0		6666		57600
10		-3.1803107265905437	-1.927593470764193	7		0		0		0		9121		67200
11		2.1682171633745435	-4.824299440284527	7		0		0		0		3444		67200
12		-1.6144321787848164	-3.523720259350117	6		0		0		0		1824		57600
13		-6.6681022992845955	-2.843734287683394	4		0		0		0		524		38400
14		-0.6092275790877331	2.475307891618067	4		0		0		0		1460		38400
15		3.4391229447224414	-4.203873738756651	5		0		0		0		1875		48000
16		-1.2297027752768435	3.746387504101193	6		0		0		0		2466		57600
17		0.6617606014931369	3.0958706356867127	5		0		0		0		710		48000
18		-4.421831371603377	0.6139681323935946	5		0		0		0		1015		48000
19		4.739584650567042	-0.4211029020691438	4		0		0		0		1596		38400
20		2.227662652436436	1.5000028993320276	7		0		0		0		1932		67200

ITEMS
Type	Length	Width	Height	Mass	Fragility	LoadBearingStrength
Bt1	80	120	244	1210	0		0
Bt2	80	120	244	1350	0		0
Bt3	80	120	244	1217	0		0
Bt4	80	120	244	1157	0		0
Bt5	80	120	244	1314	0		0
Bt6	80	120	244	1495	0		0
Bt7	80	120	244	1098	0		0
Bt8	80	120	244	1144	0		0
Bt9	80	120	244	1111	0		0
Bt10	80	120	244	1303	0		0
Bt11	80	120	244	492	0		0
Bt12	80	120	244	304	0		0
Bt13	80	120	244	131	0		0
Bt14	80	120	244	365	0		0
Bt15	80	120	244	375	0		0
Bt16	80	120	244	411	0		0
Bt17	80	120	244	142	0		0
Bt18	80	120	244	203	0		0
Bt19	80	120	244	399	0		0
Bt20	80	120	244	276	0		0

DEMANDS PER CUSTOMER
i	Type Quantity
1	Bt1 4
2	Bt2 5
3	Bt3 5
4	Bt4 7
5	Bt5 4
6	Bt6 4
7	Bt7 5
8	Bt8 5
9	Bt9 6
10	Bt10 7
11	Bt11 7
12	Bt12 6
13	Bt13 4
14	Bt14 4
15	Bt15 5
16	Bt16 6
17	Bt17 5
18	Bt18 5
19	Bt19 4
20	Bt20 7
