Name				Inst_20_2_8
Number_of_Customers		20
Number_of_Items			142
Number_of_ItemTypes		20
Number_of_Vehicles		20
TimeWindows			0

VEHICLE
Mass_Capacity			32200
CargoSpace_Length		912
CargoSpace_Width		244
CargoSpace_Height		244
Wheelbase			550
Max_Mass_FrontAxle		11600
Max_Mass_RearAxle		21000
Distance_FrontAxle_CargoSpace	-100

CUSTOMERS
i		x	y	Demand		ReadyTime	DueDate		ServiceTime	DemandedMass	DemandedVolume
0		0.13007138439956598	-0.5096518617904071	0		0		0		0		0		0
1		3.685014354803686	-4.554625814980003	2		0		0		0		2698		19200
2		5.8448550891603865	-1.6674949087152238	11		0		0		0		11902		105600
3		3.232553698612101	2.7115332815740523	15		0		0		0		16785		144000
4		-1.8143608427758244	1.9839477583453122	5		0		0		0		7375		48000
5		2.01501153183531	0.1581878028072718	1		0		0		0		1416		9600
6		-2.9130277190732605	-6.892428191900233	3		0		0		0		3975		28800
7		-1.1464310998614629	0.09889064116261179	3		0		0		0		4266		28800
8		2.6237408194953216	1.4349556269902786	13		0		0		0		15535		124800
9		-2.4824511903846544	3.8689878149795884	13		0		0		0		14066		124800
10		-2.91302771907326	-6.892428191900233	4		0		0		0		4964		38400
11		2.5643045289070425	4.596769856540134	10		0		0		0		11970		96000
12		-3.365493010059929	0.37346860236432683	12		0		0		0		15744		115200
13		4.568326920681202	-1.05871890826478	15		0		0		0		20790		144000
14		5.511020113046209	-0.7252592090998294	8		0		0		0		10728		76800
15		-6.25284393160431	2.5335396339149288	1		0		0		0		1388		9600
16		2.8986220494866846	3.654270892254082	12		0		0		0		15588		115200
17		-5.310174759665618	2.8676116562893776	4		0		0		0		5328		38400
18		-2.4228592896671057	0.7075056673671881	1		0		0		0		1492		9600
19		-3.640288184542283	-1.8454567911048554	3		0		0		0		4371		28800
20		-0.8125627437198025	-0.8436053568335912	6		0		0		0		7242		57600

ITEMS
Type	Length	Width	Height	Mass	Fragility	LoadBearingStrength
Bt1	80	120	244	1349	0		0
Bt2	80	120	244	1082	0		0
Bt3	80	120	244	1119	0		0
Bt4	80	120	244	1475	0		0
Bt5	80	120	244	1416	0		0
Bt6	80	120	244	1325	0		0
Bt7	80	120	244	1422	0		0
Bt8	80	120	244	1195	0		0
Bt9	80	120	244	1082	0		0
Bt10	80	120	244	1241	0		0
Bt11	80	120	244	1197	0		0
Bt12	80	120	244	1312	0		0
Bt13	80	120	244	1386	0		0
Bt14	80	120	244	1341	0		0
Bt15	80	120	244	1388	0		0
Bt16	80	120	244	1299	0		0
Bt17	80	120	244	1332	0		0
Bt18	80	120	244	1492	0		0
Bt19	80	120	244	1457	0		0
Bt20	80	120	244	1207	0		0

DEMANDS PER CUSTOMER
i	Type Quantity
1	Bt1 2
2	Bt2 11
3	Bt3 15
4	Bt4 5
5	Bt5 1
6	Bt6 3
7	Bt7 3
8	Bt8 13
9	Bt9 13
10	Bt10 4
11	Bt11 10
12	Bt12 12
13	Bt13 15
14	Bt14 8
15	Bt15 1
16	Bt16 12
17	Bt17 4
18	Bt18 1
19	Bt19 3
20	Bt20 6
