Name				Inst_20_1_7
Number_of_Customers		20
Number_of_Items			111
Number_of_ItemTypes		20
Number_of_Vehicles		20
TimeWindows			0

VEHICLE
Mass_Capacity			32200
CargoSpace_Length		912
CargoSpace_Width		244
CargoSpace_Height		244
Wheelbase			550
Max_Mass_FrontAxle		11600
Max_Mass_RearAxle		21000
Distance_FrontAxle_CargoSpace	-100

CUSTOMERS
i		x	y	Demand		ReadyTime	DueDate		ServiceTime	DemandedMass	DemandedVolume
0		-0.40061098970937314	0.8693236230320361	0		0		0		0		0		0
1		4.6519805045065254	1.554493379909223	5		0		0		0		5135		48000
2		1.2300833181142532	-3.857243518274977	7		0		0		0		10451		67200
3		-1.0197892041621972	-0.4020127501072223	5		0		0		0		6265		48000
4		-1.6720595745842506	1.4884203606355202	6		0		0		0		7218		57600
5		3.7071167891823746	1.2282255492533238	7		0		0		0		7077		67200
6		2.6953693867306834	7.226530396702355	5		0		0		0		6850		48000
7		1.1968683829500388	-0.6951695600716988	6		0		0		0		6108		57600
8		0.28451187581416537	-4.183628685612336	7		0		0		0		7203		67200
9		-5.779476444483766	1.1294963017151816	4		0		0		0		4396		38400
10		-2.6173207837341295	1.1624520760081725	7		0		0		0		7105		67200
11		5.011442261880676	-2.552985314022964	6		0		0		0		8148		57600
12		-6.431634554631414	3.0199904929345514	6		0		0		0		8580		57600
13		-1.9651936341443152	-0.7286339237119456	7		0		0		0		7581		67200
14		3.6738479612430868	4.390456543738534	4		0		0		0		4912		38400
15		-0.6938641034658004	-1.3477298708520522	7		0		0		0		8309		67200
16		-5.453380914505271	0.1840511724535427	4		0		0		0		5948		38400
17		5.630358267866417	-1.281369845889317	5		0		0		0		6490		48000
18		2.4681998275626653	-1.3144503533892955	5		0		0		0		7050		48000
19		-1.9322374618516873	-3.890660027275214	4		0		0		0		5076		38400
20		-2.584210910578686	-1.9995560471754186	4		0		0		0		4892		38400

ITEMS
Type	Length	Width	Height	Mass	Fragility	LoadBearingStrength
Bt1	80	120	244	1027	0		0
Bt2	80	120	244	1493	0		0
Bt3	80	120	244	1253	0		0
Bt4	80	120	244	1203	0		0
Bt5	80	120	244	1011	0		0
Bt6	80	120	244	1370	0		0
Bt7	80	120	244	1018	0		0
Bt8	80	120	244	1029	0		0
Bt9	80	120	244	1099	0		0
Bt10	80	120	244	1015	0		0
Bt11	80	120	244	1358	0		0
Bt12	80	120	244	1430	0		0
Bt13	80	120	244	1083	0		0
Bt14	80	120	244	1228	0		0
Bt15	80	120	244	1187	0		0
Bt16	80	120	244	1487	0		0
Bt17	80	120	244	1298	0		0
Bt18	80	120	244	1410	0		0
Bt19	80	120	244	1269	0		0
Bt20	80	120	244	1223	0		0

DEMANDS PER CUSTOMER
i	Type Quantity
1	Bt1 5
2	Bt2 7
3	Bt3 5
4	Bt4 6
5	Bt5 7
6	Bt6 5
7	Bt7 6
8	Bt8 7
9	Bt9 4
10	Bt10 7
11	Bt11 6
12	Bt12 6
13	Bt13 7
14	Bt14 4
15	Bt15 7
16	Bt16 4
17	Bt17 5
18	Bt18 5
19	Bt19 4
20	Bt20 4
