Name				Inst_15_1_6
Number_of_Customers		15
Number_of_Items			88
Number_of_ItemTypes		15
Number_of_Vehicles		15
TimeWindows			0

VEHICLE
Mass_Capacity			32200
CargoSpace_Length		912
CargoSpace_Width		244
CargoSpace_Height		244
Wheelbase			550
Max_Mass_FrontAxle		11600
Max_Mass_RearAxle		21000
Distance_FrontAxle_CargoSpace	-100

CUSTOMERS
i		x	y	Demand		ReadyTime	DueDate		ServiceTime	DemandedMass	DemandedVolume
0		-1.374405999086023	0.1914724554331219	0		0		0		0		0		0
1		3.558945306041065	1.0049482720103893	4		0		0		0		5264		38400
2		0.6700519373863725	3.771816780678648	6		0		0		0		8472		57600
3		-6.368796640240019	2.2054628271704195	6		0		0		0		6330		57600
4		1.3922674953711385	3.0801185694208053	7		0		0		0		8316		67200
5		-0.5303551419124722	-6.15595178104846	5		0		0		0		5905		48000
6		1.3618069989104715	4.494256700880642	5		0		0		0		5790		48000
7		-0.5609497152483938	-4.741745862402783	7		0		0		0		9492		67200
8		-2.0051505236847618	-3.358561064561526	4		0		0		0		5652		38400
9		2.23631422729585	-3.266941376586995	4		0		0		0		4848		38400
10		4.311616581904292	-1.1006032004078712	7		0		0		0		9310		67200
11		2.836760143412852	1.6967115776534434	6		0		0		0		8220		57600
12		1.4533269295921238	0.2522796613478297	7		0		0		0		9093		67200
13		5.69522068368798	0.34363078933790014	6		0		0		0		6756		57600
14		-7.752400591012143	0.7610383952156606	7		0		0		0		9184		67200
15		-4.924251692418334	0.8220672558587746	7		0		0		0		8085		67200

ITEMS
Type	Length	Width	Height	Mass	Fragility	LoadBearingStrength
Bt1	80	120	244	1316	0		0
Bt2	80	120	244	1412	0		0
Bt3	80	120	244	1055	0		0
Bt4	80	120	244	1188	0		0
Bt5	80	120	244	1181	0		0
Bt6	80	120	244	1158	0		0
Bt7	80	120	244	1356	0		0
Bt8	80	120	244	1413	0		0
Bt9	80	120	244	1212	0		0
Bt10	80	120	244	1330	0		0
Bt11	80	120	244	1370	0		0
Bt12	80	120	244	1299	0		0
Bt13	80	120	244	1126	0		0
Bt14	80	120	244	1312	0		0
Bt15	80	120	244	1155	0		0

DEMANDS PER CUSTOMER
i	Type Quantity
1	Bt1 4
2	Bt2 6
3	Bt3 6
4	Bt4 7
5	Bt5 5
6	Bt6 5
7	Bt7 7
8	Bt8 4
9	Bt9 4
10	Bt10 7
11	Bt11 6
12	Bt12 7
13	Bt13 6
14	Bt14 7
15	Bt15 7
