Name				Inst_25_1_7
Number_of_Customers		25
Number_of_Items			137
Number_of_ItemTypes		25
Number_of_Vehicles		25
TimeWindows			0

VEHICLE
Mass_Capacity			32200
CargoSpace_Length		912
CargoSpace_Width		244
CargoSpace_Height		244
Wheelbase			550
Max_Mass_FrontAxle		11600
Max_Mass_RearAxle		21000
Distance_FrontAxle_CargoSpace	-100

CUSTOMERS
i		x	y	Demand		ReadyTime	DueDate		ServiceTime	DemandedMass	DemandedVolume
0		-0.7587042023853454	0.3919708781207087	0		0		0		0		0		0
1		3.0491426787497375	1.9730670008171536	5		0		0		0		7290		48000
2		-0.3146672154911158	-2.57480868278734	4		0		0		0		5616		38400
3		0.23030484443688906	0.5401129119496183	6		0		0		0		7446		57600
4		3.6414239700112025	-1.9829483004462138	6		0		0		0		8982		57600
5		3.197230132673394	0.984205401991411	6		0		0		0		8982		57600
6		1.0713036647456453	1.6769485142441902	5		0		0		0		5715		48000
7		-1.00737540232985	-4.700899779585109	7		0		0		0		8841		67200
8		3.7420703512854656	4.099119224041032	7		0		0		0		10451		67200
9		-1.5995955744778745	-0.745001114489243	5		0		0		0		6090		48000
10		-2.440552018219245	-1.881839224376632	7		0		0		0		7658		67200
11		4.482311093372036	-0.8459192150529136	4		0		0		0		5972		38400
12		-1.303581476758208	-2.7228229230770817	4		0		0		0		4636		38400
13		-5.851492095168801	0.6407080880758848	7		0		0		0		8323		67200
14		4.18630906635149	1.1321524341754343	5		0		0		0		6860		48000
15		-0.01853941517299616	-4.552970435872091	5		0		0		0		6175		48000
16		3.7420703512854656	4.099119224041032	6		0		0		0		7416		57600
17		-5.010706619213423	1.7780287569821973	6		0		0		0		7614		57600
18		-5.158863603118229	2.766733452293332	5		0		0		0		6215		48000
19		-6.295759893036506	3.6076830860954883	7		0		0		0		9821		67200
20		2.208210021973002	0.8360901734616405	4		0		0		0		5888		38400
21		-0.31466198219035457	-2.574800478691636	4		0		0		0		4468		38400
22		-4.270570927223127	-3.1672605845536137	6		0		0		0		8310		57600
23		4.77833451586685	-2.8237022261289706	7		0		0		0		8771		67200
24		1.219166062133676	0.6881016261451341	5		0		0		0		5005		48000
25		-1.202806328099786	3.358932192626587	4		0		0		0		5224		38400

ITEMS
Type	Length	Width	Height	Mass	Fragility	LoadBearingStrength
Bt1	80	120	244	1458	0		0
Bt2	80	120	244	1404	0		0
Bt3	80	120	244	1241	0		0
Bt4	80	120	244	1497	0		0
Bt5	80	120	244	1497	0		0
Bt6	80	120	244	1143	0		0
Bt7	80	120	244	1263	0		0
Bt8	80	120	244	1493	0		0
Bt9	80	120	244	1218	0		0
Bt10	80	120	244	1094	0		0
Bt11	80	120	244	1493	0		0
Bt12	80	120	244	1159	0		0
Bt13	80	120	244	1189	0		0
Bt14	80	120	244	1372	0		0
Bt15	80	120	244	1235	0		0
Bt16	80	120	244	1236	0		0
Bt17	80	120	244	1269	0		0
Bt18	80	120	244	1243	0		0
Bt19	80	120	244	1403	0		0
Bt20	80	120	244	1472	0		0
Bt21	80	120	244	1117	0		0
Bt22	80	120	244	1385	0		0
Bt23	80	120	244	1253	0		0
Bt24	80	120	244	1001	0		0
Bt25	80	120	244	1306	0		0

DEMANDS PER CUSTOMER
i	Type Quantity
1	Bt1 5
2	Bt2 4
3	Bt3 6
4	Bt4 6
5	Bt5 6
6	Bt6 5
7	Bt7 7
8	Bt8 7
9	Bt9 5
10	Bt10 7
11	Bt11 4
12	Bt12 4
13	Bt13 7
14	Bt14 5
15	Bt15 5
16	Bt16 6
17	Bt17 6
18	Bt18 5
19	Bt19 7
20	Bt20 4
21	Bt21 4
22	Bt22 6
23	Bt23 7
24	Bt24 5
25	Bt25 4
