Name				Inst_25_2_3
Number_of_Customers		25
Number_of_Items			169
Number_of_ItemTypes		25
Number_of_Vehicles		25
TimeWindows			0

VEHICLE
Mass_Capacity			32200
CargoSpace_Length		912
CargoSpace_Width		244
CargoSpace_Height		244
Wheelbase			550
Max_Mass_FrontAxle		11600
Max_Mass_RearAxle		21000
Distance_FrontAxle_CargoSpace	-100

CUSTOMERS
i		x	y	Demand		ReadyTime	DueDate		ServiceTime	DemandedMass	DemandedVolume
0		-0.7418844376294583	0.8335977714727407	0		0		0		0		0		0
1		3.990469482773386	-1.7363372426305346	2		0		0		0		2854		19200
2		-3.950513651903302	-3.129332573087937	1		0		0		0		1392		9600
3		-1.0035994954899774	-1.9825433134289652	3		0		0		0		3732		28800
4		-0.4954975479426349	-4.160031852356341	1		0		0		0		1151		9600
5		3.220781206627414	-2.3749370782167363	8		0		0		0		11512		76800
6		2.0742871575287443	0.5721665897671928	4		0		0		0		5016		38400
7		-1.0035994954899776	-1.9825433134289658	15		0		0		0		21405		144000
8		-3.819786003773938	-1.7212820819147934	6		0		0		0		6102		57600
9		-0.6112111784357995	2.2419417437610054	6		0		0		0		6762		57600
10		-2.788764074268976	1.734128907181038	2		0		0		0		2474		19200
11		-1.0035994954899774	-1.9825433134289652	13		0		0		0		17732		124800
12		3.220781206627414	-2.374937078216736	2		0		0		0		2106		19200
13		3.990469482773386	-1.7363372426305355	8		0		0		0		11088		76800
14		-5.097374625275954	-0.182029861374991	15		0		0		0		19260		144000
15		-4.966446831144647	1.225982524186456	9		0		0		0		12177		86400
16		5.660145633142736	0.94922953228532	7		0		0		0		9618		67200
17		-4.966446831144648	1.2259825241864568	1		0		0		0		1273		9600
18		4.121273666255124	-0.3282048772270335	14		0		0		0		14476		134400
19		-5.7359034905825705	0.5871596914467228	3		0		0		0		3201		28800
20		1.5664010627175617	2.7497047035487587	7		0		0		0		7644		67200
21		0.158283471543132	2.8806087327037173	4		0		0		0		4260		38400
22		0.41984878968503686	5.6966057069565155	13		0		0		0		14339		124800
23		4.252179139401318	1.0801765846719575	11		0		0		0		15510		105600
24		-0.10327120171734297	0.06424940753346187	11		0		0		0		15180		105600
25		3.6129780612139477	1.8495254082411963	3		0		0		0		4116		28800

ITEMS
Type	Length	Width	Height	Mass	Fragility	LoadBearingStrength
Bt1	80	120	244	1427	0		0
Bt2	80	120	244	1392	0		0
Bt3	80	120	244	1244	0		0
Bt4	80	120	244	1151	0		0
Bt5	80	120	244	1439	0		0
Bt6	80	120	244	1254	0		0
Bt7	80	120	244	1427	0		0
Bt8	80	120	244	1017	0		0
Bt9	80	120	244	1127	0		0
Bt10	80	120	244	1237	0		0
Bt11	80	120	244	1364	0		0
Bt12	80	120	244	1053	0		0
Bt13	80	120	244	1386	0		0
Bt14	80	120	244	1284	0		0
Bt15	80	120	244	1353	0		0
Bt16	80	120	244	1374	0		0
Bt17	80	120	244	1273	0		0
Bt18	80	120	244	1034	0		0
Bt19	80	120	244	1067	0		0
Bt20	80	120	244	1092	0		0
Bt21	80	120	244	1065	0		0
Bt22	80	120	244	1103	0		0
Bt23	80	120	244	1410	0		0
Bt24	80	120	244	1380	0		0
Bt25	80	120	244	1372	0		0

DEMANDS PER CUSTOMER
i	Type Quantity
1	Bt1 2
2	Bt2 1
3	Bt3 3
4	Bt4 1
5	Bt5 8
6	Bt6 4
7	Bt7 15
8	Bt8 6
9	Bt9 6
10	Bt10 2
11	Bt11 13
12	Bt12 2
13	Bt13 8
14	Bt14 15
15	Bt15 9
16	Bt16 7
17	Bt17 1
18	Bt18 14
19	Bt19 3
20	Bt20 7
21	Bt21 4
22	Bt22 13
23	Bt23 11
24	Bt24 11
25	Bt25 3
