Name				Inst_10_3_6
Number_of_Customers		10
Number_of_Items			57
Number_of_ItemTypes		10
Number_of_Vehicles		10
TimeWindows			0

VEHICLE
Mass_Capacity			32200
CargoSpace_Length		912
CargoSpace_Width		244
CargoSpace_Height		244
Wheelbase			550
Max_Mass_FrontAxle		11600
Max_Mass_RearAxle		21000
Distance_FrontAxle_CargoSpace	-100

CUSTOMERS
i		x	y	Demand		ReadyTime	DueDate		ServiceTime	DemandedMass	DemandedVolume
0		-1.3409303645323651	0.6260287881512356	0		0		0		0		0		0
1		-1.040485715516632	-0.3277421978094488	7		0		0		0		8554		67200
2		-0.03418504100753955	3.134489048978314	7		0		0		0		7833		67200
3		4.329440942057516	-0.733231680516825	7		0		0		0		10269		67200
4		2.7224059138406207	-2.2878402818519725	6		0		0		0		7134		57600
5		4.6298540100589936	-1.6869698200023255	4		0		0		0		4752		38400
6		-5.757262407541932	1.3322533646073214	6		0		0		0		1338		57600
7		0.21367924840756625	-0.9811753626218707	4		0		0		0		1816		38400
8		-3.301008648832122	-3.1368105360750786	5		0		0		0		1700		48000
9		-2.9480465928528226	-0.9286219278891162	5		0		0		0		1445		48000
10		2.526538655918716	4.989620605029768	6		0		0		0		2952		57600

ITEMS
Type	Length	Width	Height	Mass	Fragility	LoadBearingStrength
Bt1	80	120	244	1222	0		0
Bt2	80	120	244	1119	0		0
Bt3	80	120	244	1467	0		0
Bt4	80	120	244	1189	0		0
Bt5	80	120	244	1188	0		0
Bt6	80	120	244	223	0		0
Bt7	80	120	244	454	0		0
Bt8	80	120	244	340	0		0
Bt9	80	120	244	289	0		0
Bt10	80	120	244	492	0		0

DEMANDS PER CUSTOMER
i	Type Quantity
1	Bt1 7
2	Bt2 7
3	Bt3 7
4	Bt4 6
5	Bt5 4
6	Bt6 6
7	Bt7 4
8	Bt8 5
9	Bt9 5
10	Bt10 6
