Name				Inst_10_4_5
Number_of_Customers		10
Number_of_Items			66
Number_of_ItemTypes		10
Number_of_Vehicles		10
TimeWindows			0

VEHICLE
Mass_Capacity			32200
CargoSpace_Length		912
CargoSpace_Width		244
CargoSpace_Height		244
Wheelbase			550
Max_Mass_FrontAxle		11600
Max_Mass_RearAxle		21000
Distance_FrontAxle_CargoSpace	-100

CUSTOMERS
i		x	y	Demand		ReadyTime	DueDate		ServiceTime	DemandedMass	DemandedVolume
0		-1.1820223769413873	0.5450664558725445	0		0		0		0		0		0
1		0.4184564158649277	-0.6544389909284339	9		0		0		0		12123		86400
2		4.0185601235927875	-0.8526775772287217	2		0		0		0		2640		19200
3		1.0182251856007427	0.1456307175671966	7		0		0		0		9037		67200
4		-4.581581236574271	-0.6563886612388838	7		0		0		0		9387		67200
5		3.617127187293094	1.946882046064396	14		0		0		0		18578		134400
6		-3.3821938895140136	0.943947114450317	3		0		0		0		528		28800
7		-4.982814536333995	2.143470143267051	9		0		0		0		3627		86400
8		1.0182251856007425	0.14563071756719656	1		0		0		0		478		9600
9		-0.3796713982211705	-5.054596523578665	4		0		0		0		1148		38400
10		4.41768933963254	1.347474558186002	10		0		0		0		2810		96000

ITEMS
Type	Length	Width	Height	Mass	Fragility	LoadBearingStrength
Bt1	80	120	244	1347	0		0
Bt2	80	120	244	1320	0		0
Bt3	80	120	244	1291	0		0
Bt4	80	120	244	1341	0		0
Bt5	80	120	244	1327	0		0
Bt6	80	120	244	176	0		0
Bt7	80	120	244	403	0		0
Bt8	80	120	244	478	0		0
Bt9	80	120	244	287	0		0
Bt10	80	120	244	281	0		0

DEMANDS PER CUSTOMER
i	Type Quantity
1	Bt1 9
2	Bt2 2
3	Bt3 7
4	Bt4 7
5	Bt5 14
6	Bt6 3
7	Bt7 9
8	Bt8 1
9	Bt9 4
10	Bt10 10
