Name				Inst_15_4_6
Number_of_Customers		15
Number_of_Items			106
Number_of_ItemTypes		15
Number_of_Vehicles		15
TimeWindows			0

VEHICLE
Mass_Capacity			32200
CargoSpace_Length		912
CargoSpace_Width		244
CargoSpace_Height		244
Wheelbase			550
Max_Mass_FrontAxle		11600
Max_Mass_RearAxle		21000
Distance_FrontAxle_CargoSpace	-100

CUSTOMERS
i		x	y	Demand		ReadyTime	DueDate		ServiceTime	DemandedMass	DemandedVolume
0		0.2586805589657951	-0.6369489647669276	0		0		0		0		0		0
1		3.6166456911917075	-3.590622347273256	6		0		0		0		6594		57600
2		-6.255268914416492	2.114388576760145	10		0		0		0		12430		96000
3		4.515035506947885	2.170909435137876	6		0		0		0		7926		57600
4		-2.897065298716249	-0.8390414408724747	10		0		0		0		14460		96000
5		1.2136129321206028	-5.645461175549612	12		0		0		0		17160		115200
6		1.1569846043392567	5.124303625338739	7		0		0		0		10479		67200
7		5.267470749748082	0.3177200056401015	2		0		0		0		2288		19200
8		-4.373893340300913	-2.518488560407939	2		0		0		0		858		19200
9		-4.025893525962685	1.940390013331391	10		0		0		0		4280		96000
10		-3.071186671326424	-3.0686972780242385	14		0		0		0		5222		134400
11		-3.099309847719478	2.3162568370302843	8		0		0		0		2880		76800
12		4.34091516841388	-0.05849573052144232	4		0		0		0		1116		38400
13		2.0833915796998137	5.500766289719875	1		0		0		0		186		9600
14		0.8372589906857656	-4.719364439586932	13		0		0		0		1937		124800
15		0.43262181632945246	1.5923851540444103	1		0		0		0		285		9600

ITEMS
Type	Length	Width	Height	Mass	Fragility	LoadBearingStrength
Bt1	80	120	244	1099	0		0
Bt2	80	120	244	1243	0		0
Bt3	80	120	244	1321	0		0
Bt4	80	120	244	1446	0		0
Bt5	80	120	244	1430	0		0
Bt6	80	120	244	1497	0		0
Bt7	80	120	244	1144	0		0
Bt8	80	120	244	429	0		0
Bt9	80	120	244	428	0		0
Bt10	80	120	244	373	0		0
Bt11	80	120	244	360	0		0
Bt12	80	120	244	279	0		0
Bt13	80	120	244	186	0		0
Bt14	80	120	244	149	0		0
Bt15	80	120	244	285	0		0

DEMANDS PER CUSTOMER
i	Type Quantity
1	Bt1 6
2	Bt2 10
3	Bt3 6
4	Bt4 10
5	Bt5 12
6	Bt6 7
7	Bt7 2
8	Bt8 2
9	Bt9 10
10	Bt10 14
11	Bt11 8
12	Bt12 4
13	Bt13 1
14	Bt14 13
15	Bt15 1
