Name				Inst_15_2_4
Number_of_Customers		15
Number_of_Items			103
Number_of_ItemTypes		15
Number_of_Vehicles		15
TimeWindows			0

VEHICLE
Mass_Capacity			32200
CargoSpace_Length		912
CargoSpace_Width		244
CargoSpace_Height		244
Wheelbase			550
Max_Mass_FrontAxle		11600
Max_Mass_RearAxle		21000
Distance_FrontAxle_CargoSpace	-100

CUSTOMERS
i		x	y	Demand		ReadyTime	DueDate		ServiceTime	DemandedMass	DemandedVolume
0		-0.22093960822580103	0.17124782163822275	0		0		0		0		0		0
1		3.5088189392549203	-1.5865567681918027	11		0		0		0		16258		105600
2		-3.1638979824576783	0.7537163718786082	10		0		0		0		11800		96000
3		1.9350411625963264	0.7638631436518782	4		0		0		0		5224		38400
4		3.8971617722049365	0.3755883515830558	9		0		0		0		11745		86400
5		2.7219023488327956	-0.4113294375439488	7		0		0		0		7532		67200
6		-4.1551851361840795	6.046922816415355	3		0		0		0		3846		28800
7		3.1205819518053874	-3.548567904675613	8		0		0		0		9048		76800
8		-4.532995935787021	-1.014198825126819	2		0		0		0		2352		19200
9		2.5175800302292655	3.706747725320965	4		0		0		0		4308		38400
10		-2.5711777969400815	-1.402521126693788	4		0		0		0		5028		38400
11		-2.7654410011241106	-2.3832927658038012	7		0		0		0		8071		67200
12		1.1482284275361718	1.9389763756077316	15		0		0		0		16455		144000
13		-4.1347206680888196	-4.151350866137904	7		0		0		0		8722		67200
14		-0.02685885248500974	1.1520845256218144	6		0		0		0		8166		57600
15		2.721902348832795	-0.4113294375439488	6		0		0		0		6954		57600

ITEMS
Type	Length	Width	Height	Mass	Fragility	LoadBearingStrength
Bt1	80	120	244	1478	0		0
Bt2	80	120	244	1180	0		0
Bt3	80	120	244	1306	0		0
Bt4	80	120	244	1305	0		0
Bt5	80	120	244	1076	0		0
Bt6	80	120	244	1282	0		0
Bt7	80	120	244	1131	0		0
Bt8	80	120	244	1176	0		0
Bt9	80	120	244	1077	0		0
Bt10	80	120	244	1257	0		0
Bt11	80	120	244	1153	0		0
Bt12	80	120	244	1097	0		0
Bt13	80	120	244	1246	0		0
Bt14	80	120	244	1361	0		0
Bt15	80	120	244	1159	0		0

DEMANDS PER CUSTOMER
i	Type Quantity
1	Bt1 11
2	Bt2 10
3	Bt3 4
4	Bt4 9
5	Bt5 7
6	Bt6 3
7	Bt7 8
8	Bt8 2
9	Bt9 4
10	Bt10 4
11	Bt11 7
12	Bt12 15
13	Bt13 7
14	Bt14 6
15	Bt15 6
