Name				Inst_15_1_7
Number_of_Customers		15
Number_of_Items			87
Number_of_ItemTypes		15
Number_of_Vehicles		15
TimeWindows			0

VEHICLE
Mass_Capacity			32200
CargoSpace_Length		912
CargoSpace_Width		244
CargoSpace_Height		244
Wheelbase			550
Max_Mass_FrontAxle		11600
Max_Mass_RearAxle		21000
Distance_FrontAxle_CargoSpace	-100

CUSTOMERS
i		x	y	Demand		ReadyTime	DueDate		ServiceTime	DemandedMass	DemandedVolume
0		0.06309475566606959	-0.8315159205578048	0		0		0		0		0		0
1		-3.098461943523909	-0.7707108145198939	5		0		0		0		6440		48000
2		3.461946804260462	-5.008395999251204	7		0		0		0		7616		67200
3		2.391736026872342	5.133262393542585	6		0		0		0		7698		57600
4		-2.7400201873174037	1.4362527609697446	7		0		0		0		8736		67200
5		-3.0984619435239087	-0.770710814519891	4		0		0		0		4444		38400
6		-2.8006082796791287	-1.7252423801322105	4		0		0		0		5016		38400
7		4.179241894192823	-0.5944668947764001	7		0		0		0		7693		67200
8		-4.947245361902626	1.7954597882219736	7		0		0		0		8204		67200
9		-0.8305623803882598	2.03227224107454	7		0		0		0		10171		67200
10		1.3763163061141883	1.673419491032083	7		0		0		0		7238		67200
11		5.729864729293379	-2.205296988007742	6		0		0		0		6744		57600
12		-1.7853651829034223	1.734277545930423	4		0		0		0		4124		38400
13		1.6743426082195052	0.7191557383565668	6		0		0		0		8166		57600
14		-4.113877084125689	-4.230386951693544	5		0		0		0		5880		48000
15		4.538059238745578	1.6126268043307694	5		0		0		0		6785		48000

ITEMS
Type	Length	Width	Height	Mass	Fragility	LoadBearingStrength
Bt1	80	120	244	1288	0		0
Bt2	80	120	244	1088	0		0
Bt3	80	120	244	1283	0		0
Bt4	80	120	244	1248	0		0
Bt5	80	120	244	1111	0		0
Bt6	80	120	244	1254	0		0
Bt7	80	120	244	1099	0		0
Bt8	80	120	244	1172	0		0
Bt9	80	120	244	1453	0		0
Bt10	80	120	244	1034	0		0
Bt11	80	120	244	1124	0		0
Bt12	80	120	244	1031	0		0
Bt13	80	120	244	1361	0		0
Bt14	80	120	244	1176	0		0
Bt15	80	120	244	1357	0		0

DEMANDS PER CUSTOMER
i	Type Quantity
1	Bt1 5
2	Bt2 7
3	Bt3 6
4	Bt4 7
5	Bt5 4
6	Bt6 4
7	Bt7 7
8	Bt8 7
9	Bt9 7
10	Bt10 7
11	Bt11 6
12	Bt12 4
13	Bt13 6
14	Bt14 5
15	Bt15 5
