Name				Inst_20_3_3
Number_of_Customers		20
Number_of_Items			118
Number_of_ItemTypes		20
Number_of_Vehicles		20
TimeWindows			0

VEHICLE
Mass_Capacity			32200
CargoSpace_Length		912
CargoSpace_Width		244
CargoSpace_Height		244
Wheelbase			550
Max_Mass_FrontAxle		11600
Max_Mass_RearAxle		21000
Distance_FrontAxle_CargoSpace	-100

CUSTOMERS
i		x	y	Demand		ReadyTime	DueDate		ServiceTime	DemandedMass	DemandedVolume
0		-0.7241260213444076	0.2925127389228874	0		0		0		0		0		0
1		-7.568000145849948	2.071663456449587	6		0		0		0		6336		57600
2		3.382026017254643	-0.7748599121710524	5		0		0		0		6395		48000
3		-2.1472974576285133	-5.182399490948744	6		0		0		0		6186		57600
4		2.218511359134821	3.1807819692914694	7		0		0		0		9310		67200
5		-2.243390834941441	2.8791590248842756	7		0		0		0		8729		67200
6		-1.640746242346283	-6.044763042495496	7		0		0		0		9177		67200
7		2.164155234305725	-2.6500114814025433	4		0		0		0		4304		38400
8		-4.022519222410357	-3.9642283660976148	6		0		0		0		8640		57600
9		5.10641411961443	0.2383861143231955	6		0		0		0		6714		57600
10		0.699130967532341	5.76774674162955	7		0		0		0		9170		67200
11		-1.5863677354720302	-0.21382752766913238	7		0		0		0		2240		67200
12		-1.9423203990141285	-1.5824685225246122	4		0		0		0		1220		38400
13		5.613149676616344	-0.6242278037796453	6		0		0		0		1998		57600
14		3.0263004581436217	-2.143312366525277	6		0		0		0		2898		57600
15		-0.5190372838118961	3.8923882863781887	6		0		0		0		1746		57600
16		-0.6698217405756254	6.123393741085785	4		0		0		0		628		38400
17		1.6575601266823219	-1.787703197740823	7		0		0		0		1666		67200
18		5.613149676616346	-0.6242278037796459	4		0		0		0		864		38400
19		-4.6797648173323445	-0.871025823297707	7		0		0		0		3101		67200
20		-1.7370057351736126	2.017023265467361	6		0		0		0		2538		57600

ITEMS
Type	Length	Width	Height	Mass	Fragility	LoadBearingStrength
Bt1	80	120	244	1056	0		0
Bt2	80	120	244	1279	0		0
Bt3	80	120	244	1031	0		0
Bt4	80	120	244	1330	0		0
Bt5	80	120	244	1247	0		0
Bt6	80	120	244	1311	0		0
Bt7	80	120	244	1076	0		0
Bt8	80	120	244	1440	0		0
Bt9	80	120	244	1119	0		0
Bt10	80	120	244	1310	0		0
Bt11	80	120	244	320	0		0
Bt12	80	120	244	305	0		0
Bt13	80	120	244	333	0		0
Bt14	80	120	244	483	0		0
Bt15	80	120	244	291	0		0
Bt16	80	120	244	157	0		0
Bt17	80	120	244	238	0		0
Bt18	80	120	244	216	0		0
Bt19	80	120	244	443	0		0
Bt20	80	120	244	423	0		0

DEMANDS PER CUSTOMER
i	Type Quantity
1	Bt1 6
2	Bt2 5
3	Bt3 6
4	Bt4 7
5	Bt5 7
6	Bt6 7
7	Bt7 4
8	Bt8 6
9	Bt9 6
10	Bt10 7
11	Bt11 7
12	Bt12 4
13	Bt13 6
14	Bt14 6
15	Bt15 6
16	Bt16 4
17	Bt17 7
18	Bt18 4
19	Bt19 7
20	Bt20 6
