Name				Inst_10_3_2
Number_of_Customers		10
Number_of_Items			53
Number_of_ItemTypes		10
Number_of_Vehicles		10
TimeWindows			0

VEHICLE
Mass_Capacity			32200
CargoSpace_Length		912
CargoSpace_Width		244
CargoSpace_Height		244
Wheelbase			550
Max_Mass_FrontAxle		11600
Max_Mass_RearAxle		21000
Distance_FrontAxle_CargoSpace	-100

CUSTOMERS
i		x	y	Demand		ReadyTime	DueDate		ServiceTime	DemandedMass	DemandedVolume
0		-0.8675844174406243	3.4036135593071664	0		0		0		0		0		0
1		-0.7328691708167248	1.4083923164889063	4		0		0		0		5652		38400
2		-4.521778842722212	-1.8542380383126733	6		0		0		0		7824		57600
3		0.3322746969739107	0.47826134599933734	6		0		0		0		6936		57600
4		-0.5982492735756854	-0.5871848142286008	5		0		0		0		7075		48000
5		-5.5194827247426295	-1.9215805309462655	4		0		0		0		5112		38400
6		4.457810128635123	-1.2482272927355988	7		0		0		0		1757		67200
7		-2.7282933338316084	1.2740719717105482	6		0		0		0		2046		57600
8		3.460042966825982	-1.315297420926104	4		0		0		0		1896		38400
9		4.457810128635123	-1.2482272927355993	7		0		0		0		1785		67200
10		2.260319842059347	1.6104161963788888	4		0		0		0		1588		38400

ITEMS
Type	Length	Width	Height	Mass	Fragility	LoadBearingStrength
Bt1	80	120	244	1413	0		0
Bt2	80	120	244	1304	0		0
Bt3	80	120	244	1156	0		0
Bt4	80	120	244	1415	0		0
Bt5	80	120	244	1278	0		0
Bt6	80	120	244	251	0		0
Bt7	80	120	244	341	0		0
Bt8	80	120	244	474	0		0
Bt9	80	120	244	255	0		0
Bt10	80	120	244	397	0		0

DEMANDS PER CUSTOMER
i	Type Quantity
1	Bt1 4
2	Bt2 6
3	Bt3 6
4	Bt4 5
5	Bt5 4
6	Bt6 7
7	Bt7 6
8	Bt8 4
9	Bt9 7
10	Bt10 4
