Name				Inst_10_3_7
Number_of_Customers		10
Number_of_Items			52
Number_of_ItemTypes		10
Number_of_Vehicles		10
TimeWindows			0

VEHICLE
Mass_Capacity			32200
CargoSpace_Length		912
CargoSpace_Width		244
CargoSpace_Height		244
Wheelbase			550
Max_Mass_FrontAxle		11600
Max_Mass_RearAxle		21000
Distance_FrontAxle_CargoSpace	-100

CUSTOMERS
i		x	y	Demand		ReadyTime	DueDate		ServiceTime	DemandedMass	DemandedVolume
0		-0.3610654200205822	0.10117369009302374	0		0		0		0		0		0
1		-1.360310671587001	6.4257353498047936	4		0		0		0		4612		38400
2		3.609631802845389	-1.0105072382579174	4		0		0		0		5536		38400
3		1.7501802864478084	-2.253680320023253	6		0		0		0		6870		57600
4		0.7599134307610381	-3.9906522698885603	6		0		0		0		8790		57600
5		3.235635777175103	0.3529720252005543	7		0		0		0		7427		67200
6		3.731003559120939	1.2221009333280124	6		0		0		0		1014		57600
7		-0.8561769155292588	-0.7675538777093934	5		0		0		0		1520		48000
8		-4.82632267636769	0.3442079172349943	6		0		0		0		1098		57600
9		-7.180885334216515	-1.7673516202156283	4		0		0		0		1860		38400
10		1.4983961613707684	1.3435554104333713	4		0		0		0		1796		38400

ITEMS
Type	Length	Width	Height	Mass	Fragility	LoadBearingStrength
Bt1	80	120	244	1153	0		0
Bt2	80	120	244	1384	0		0
Bt3	80	120	244	1145	0		0
Bt4	80	120	244	1465	0		0
Bt5	80	120	244	1061	0		0
Bt6	80	120	244	169	0		0
Bt7	80	120	244	304	0		0
Bt8	80	120	244	183	0		0
Bt9	80	120	244	465	0		0
Bt10	80	120	244	449	0		0

DEMANDS PER CUSTOMER
i	Type Quantity
1	Bt1 4
2	Bt2 4
3	Bt3 6
4	Bt4 6
5	Bt5 7
6	Bt6 6
7	Bt7 5
8	Bt8 6
9	Bt9 4
10	Bt10 4
