Name				Inst_10_2_6
Number_of_Customers		10
Number_of_Items			77
Number_of_ItemTypes		10
Number_of_Vehicles		10
TimeWindows			0

VEHICLE
Mass_Capacity			32200
CargoSpace_Length		912
CargoSpace_Width		244
CargoSpace_Height		244
Wheelbase			550
Max_Mass_FrontAxle		11600
Max_Mass_RearAxle		21000
Distance_FrontAxle_CargoSpace	-100

CUSTOMERS
i		x	y	Demand		ReadyTime	DueDate		ServiceTime	DemandedMass	DemandedVolume
0		-1.2585519184280662	0.3317205665334524	0		0		0		0		0		0
1		-3.2280794131184343	-0.01554118016729657	8		0		0		0		10464		76800
2		-1.722519039871089	-2.796018313959832	11		0		0		0		16489		105600
3		1.8694716107286944	-0.1318248174676811	10		0		0		0		12340		96000
4		1.5794292109701875	-4.244667971041977	5		0		0		0		5420		48000
5		2.1595399756061653	3.980832620120435	4		0		0		0		4012		38400
6		-6.703458729878075	2.4178487013536185	12		0		0		0		12792		115200
7		4.012612705489837	-0.7691227100018702	6		0		0		0		7656		57600
8		3.8390536715426604	0.21572925140727295	9		0		0		0		9900		86400
9		3.491759928577388	2.184932271262388	3		0		0		0		3708		28800
10		-4.039258001619266	-1.173888418038512	9		0		0		0		12348		86400

ITEMS
Type	Length	Width	Height	Mass	Fragility	LoadBearingStrength
Bt1	80	120	244	1308	0		0
Bt2	80	120	244	1499	0		0
Bt3	80	120	244	1234	0		0
Bt4	80	120	244	1084	0		0
Bt5	80	120	244	1003	0		0
Bt6	80	120	244	1066	0		0
Bt7	80	120	244	1276	0		0
Bt8	80	120	244	1100	0		0
Bt9	80	120	244	1236	0		0
Bt10	80	120	244	1372	0		0

DEMANDS PER CUSTOMER
i	Type Quantity
1	Bt1 8
2	Bt2 11
3	Bt3 10
4	Bt4 5
5	Bt5 4
6	Bt6 12
7	Bt7 6
8	Bt8 9
9	Bt9 3
10	Bt10 9
