Name				Inst_15_2_5
Number_of_Customers		15
Number_of_Items			137
Number_of_ItemTypes		15
Number_of_Vehicles		15
TimeWindows			0

VEHICLE
Mass_Capacity			32200
CargoSpace_Length		912
CargoSpace_Width		244
CargoSpace_Height		244
Wheelbase			550
Max_Mass_FrontAxle		11600
Max_Mass_RearAxle		21000
Distance_FrontAxle_CargoSpace	-100

CUSTOMERS
i		x	y	Demand		ReadyTime	DueDate		ServiceTime	DemandedMass	DemandedVolume
0		-0.3393165465814881	0.7615952720581466	0		0		0		0		0		0
1		-3.5337443832274493	-1.6463486154359601	4		0		0		0		4668		38400
2		-3.9387460571664192	0.5528671053193224	15		0		0		0		19545		144000
3		4.857106182270405	2.174578874988854	13		0		0		0		18889		124800
4		6.66307512526742	-0.22104547959551044	10		0		0		0		11050		96000
5		-3.7421372263615247	1.9532701472622989	11		0		0		0		11187		105600
6		0.2625796853855577	-0.036684564765071336	8		0		0		0		9512		76800
7		4.4638515143923945	-0.6263675694370792	5		0		0		0		6190		48000
8		-0.3269419927573391	-4.238195179384086	2		0		0		0		2530		19200
9		-0.14282700382596528	2.16213676495529	6		0		0		0		7602		57600
10		0.47151432320310904	-3.636298466225578	7		0		0		0		7056		67200
11		-0.3393165465814877	0.7615952720581465	14		0		0		0		18634		134400
12		-3.336945531669823	-0.2457111058201965	10		0		0		0		12550		96000
13		-0.5484019765657262	4.360883746031293	4		0		0		0		4924		38400
14		-0.33931654658148774	0.7615952720581466	15		0		0		0		22335		144000
15		-0.13043301920017322	-2.8378714740680127	13		0		0		0		18187		124800

ITEMS
Type	Length	Width	Height	Mass	Fragility	LoadBearingStrength
Bt1	80	120	244	1167	0		0
Bt2	80	120	244	1303	0		0
Bt3	80	120	244	1453	0		0
Bt4	80	120	244	1105	0		0
Bt5	80	120	244	1017	0		0
Bt6	80	120	244	1189	0		0
Bt7	80	120	244	1238	0		0
Bt8	80	120	244	1265	0		0
Bt9	80	120	244	1267	0		0
Bt10	80	120	244	1008	0		0
Bt11	80	120	244	1331	0		0
Bt12	80	120	244	1255	0		0
Bt13	80	120	244	1231	0		0
Bt14	80	120	244	1489	0		0
Bt15	80	120	244	1399	0		0

DEMANDS PER CUSTOMER
i	Type Quantity
1	Bt1 4
2	Bt2 15
3	Bt3 13
4	Bt4 10
5	Bt5 11
6	Bt6 8
7	Bt7 5
8	Bt8 2
9	Bt9 6
10	Bt10 7
11	Bt11 14
12	Bt12 10
13	Bt13 4
14	Bt14 15
15	Bt15 13
