Name				Inst_25_1_6
Number_of_Customers		25
Number_of_Items			139
Number_of_ItemTypes		25
Number_of_Vehicles		25
TimeWindows			0

VEHICLE
Mass_Capacity			32200
CargoSpace_Length		912
CargoSpace_Width		244
CargoSpace_Height		244
Wheelbase			550
Max_Mass_FrontAxle		11600
Max_Mass_RearAxle		21000
Distance_FrontAxle_CargoSpace	-100

CUSTOMERS
i		x	y	Demand		ReadyTime	DueDate		ServiceTime	DemandedMass	DemandedVolume
0		-0.5874826978153351	0.8388448917259019	0		0		0		0		0		0
1		2.925968451933643	1.6487272784286522	6		0		0		0		6138		57600
2		-4.226185844794042	-3.1308983854328982	4		0		0		0		5540		38400
3		-5.97172771752678	0.7362111111126404	6		0		0		0		7398		57600
4		-3.8499688371809997	6.348798837309237	5		0		0		0		6950		48000
5		2.218492675031153	-0.2218492898658794	7		0		0		0		9744		67200
6		4.922422634197458	4.101341168594949	7		0		0		0		9877		67200
7		3.279252836481761	2.5842743561478105	6		0		0		0		7446		57600
8		3.5077220115537333	0.35974634398650485	6		0		0		0		8856		57600
9		-2.0019341475237935	-2.9026854109970386	5		0		0		0		7410		48000
10		-5.743452174877341	-1.488408588674129	6		0		0		0		7848		57600
11		3.028676242346512	-3.7355504269874555	4		0		0		0		5196		38400
12		1.7396721924742196	-4.317295641309552	5		0		0		0		5700		48000
13		1.9904139290620515	2.002447483661896	7		0		0		0		9569		67200
14		3.0286762423465117	-3.735550426987455	6		0		0		0		8190		57600
15		4.0895433964072225	-0.9291680857726311	4		0		0		0		5796		38400
16		3.0286762423465117	-3.735550426987455	7		0		0		0		9170		67200
17		4.089543396407222	-0.9291680857726308	7		0		0		0		7574		67200
18		-6.09729544178733	-2.423263623214776	6		0		0		0		6960		57600
19		-3.621924652012113	4.12424619909239	5		0		0		0		5865		48000
20		4.214924216912389	2.2306807542795783	5		0		0		0		5410		48000
21		0.8043250396479192	-3.9636243378430973	5		0		0		0		5195		48000
22		0.24526825363664295	5.86933891991696	5		0		0		0		5070		48000
23		-5.743447871526606	-1.4883818583598465	4		0		0		0		5628		38400
24		-2.9373930348401647	-2.548957415682884	7		0		0		0		8652		67200
25		-2.332765340900463	4.705694659631209	4		0		0		0		4144		38400

ITEMS
Type	Length	Width	Height	Mass	Fragility	LoadBearingStrength
Bt1	80	120	244	1023	0		0
Bt2	80	120	244	1385	0		0
Bt3	80	120	244	1233	0		0
Bt4	80	120	244	1390	0		0
Bt5	80	120	244	1392	0		0
Bt6	80	120	244	1411	0		0
Bt7	80	120	244	1241	0		0
Bt8	80	120	244	1476	0		0
Bt9	80	120	244	1482	0		0
Bt10	80	120	244	1308	0		0
Bt11	80	120	244	1299	0		0
Bt12	80	120	244	1140	0		0
Bt13	80	120	244	1367	0		0
Bt14	80	120	244	1365	0		0
Bt15	80	120	244	1449	0		0
Bt16	80	120	244	1310	0		0
Bt17	80	120	244	1082	0		0
Bt18	80	120	244	1160	0		0
Bt19	80	120	244	1173	0		0
Bt20	80	120	244	1082	0		0
Bt21	80	120	244	1039	0		0
Bt22	80	120	244	1014	0		0
Bt23	80	120	244	1407	0		0
Bt24	80	120	244	1236	0		0
Bt25	80	120	244	1036	0		0

DEMANDS PER CUSTOMER
i	Type Quantity
1	Bt1 6
2	Bt2 4
3	Bt3 6
4	Bt4 5
5	Bt5 7
6	Bt6 7
7	Bt7 6
8	Bt8 6
9	Bt9 5
10	Bt10 6
11	Bt11 4
12	Bt12 5
13	Bt13 7
14	Bt14 6
15	Bt15 4
16	Bt16 7
17	Bt17 7
18	Bt18 6
19	Bt19 5
20	Bt20 5
21	Bt21 5
22	Bt22 5
23	Bt23 4
24	Bt24 7
25	Bt25 4
