Name				Inst_25_2_4
Number_of_Customers		25
Number_of_Items			241
Number_of_ItemTypes		25
Number_of_Vehicles		25
TimeWindows			0

VEHICLE
Mass_Capacity			32200
CargoSpace_Length		912
CargoSpace_Width		244
CargoSpace_Height		244
Wheelbase			550
Max_Mass_FrontAxle		11600
Max_Mass_RearAxle		21000
Distance_FrontAxle_CargoSpace	-100

CUSTOMERS
i		x	y	Demand		ReadyTime	DueDate		ServiceTime	DemandedMass	DemandedVolume
0		-0.029436569615655113	0.1693546218702534	0		0		0		0		0		0
1		-3.8425767310305114	-1.399396543869946	10		0		0		0		11540		96000
2		5.3523213927089435	-2.0742604849786717	14		0		0		0		20202		134400
3		-4.053607171092142	-2.7978481423811195	7		0		0		0		8757		67200
4		6.36886023177103	-0.08280602681685269	13		0		0		0		15873		124800
5		-1.6797196011777575	-6.017618624856238	5		0		0		0		5565		48000
6		-0.24071955444953988	-1.2288925279037624	5		0		0		0		5950		48000
7		1.750983674834221	-2.244994070516245	10		0		0		0		10230		96000
8		5.1816214060567	1.5270665666871397	14		0		0		0		15190		134400
9		-5.411342319475333	2.4136632422316064	4		0		0		0		5924		38400
10		-5.2406753287553	-1.1882349533648082	10		0		0		0		10330		96000
11		-2.6553921442869126	-3.009286980625244	1		0		0		0		1333		9600
12		-3.419341136857003	1.397176717179997	10		0		0		0		14620		96000
13		0.8164266300291833	5.762828053458017	11		0		0		0		16082		105600
14		-2.443916959818888	-1.610815506076406	7		0		0		0		7021		67200
15		0.8164266300291829	5.762828053458018	15		0		0		0		16440		144000
16		-2.996616700598105	4.193863633865725	13		0		0		0		13871		124800
17		1.3282125856125715	-5.041875243126646	11		0		0		0		14091		105600
18		-4.435873619160202	-0.5945492810353674	11		0		0		0		13211		105600
19		-4.606502336537569	3.0068637979582102	10		0		0		0		10900		96000
20		-2.232643418468762	-0.21252138188964698	5		0		0		0		6080		48000
21		4.588387756665608	2.331720443573134	15		0		0		0		20490		144000
22		4.165457874220767	-0.464838669310963	10		0		0		0		12440		96000
23		6.962326325508541	-0.8872838195330095	13		0		0		0		18252		124800
24		1.1982228684149452	3.5594845896335623	3		0		0		0		4326		28800
25		4.759116215471987	-1.2696274636307345	14		0		0		0		20790		134400

ITEMS
Type	Length	Width	Height	Mass	Fragility	LoadBearingStrength
Bt1	80	120	244	1154	0		0
Bt2	80	120	244	1443	0		0
Bt3	80	120	244	1251	0		0
Bt4	80	120	244	1221	0		0
Bt5	80	120	244	1113	0		0
Bt6	80	120	244	1190	0		0
Bt7	80	120	244	1023	0		0
Bt8	80	120	244	1085	0		0
Bt9	80	120	244	1481	0		0
Bt10	80	120	244	1033	0		0
Bt11	80	120	244	1333	0		0
Bt12	80	120	244	1462	0		0
Bt13	80	120	244	1462	0		0
Bt14	80	120	244	1003	0		0
Bt15	80	120	244	1096	0		0
Bt16	80	120	244	1067	0		0
Bt17	80	120	244	1281	0		0
Bt18	80	120	244	1201	0		0
Bt19	80	120	244	1090	0		0
Bt20	80	120	244	1216	0		0
Bt21	80	120	244	1366	0		0
Bt22	80	120	244	1244	0		0
Bt23	80	120	244	1404	0		0
Bt24	80	120	244	1442	0		0
Bt25	80	120	244	1485	0		0

DEMANDS PER CUSTOMER
i	Type Quantity
1	Bt1 10
2	Bt2 14
3	Bt3 7
4	Bt4 13
5	Bt5 5
6	Bt6 5
7	Bt7 10
8	Bt8 14
9	Bt9 4
10	Bt10 10
11	Bt11 1
12	Bt12 10
13	Bt13 11
14	Bt14 7
15	Bt15 15
16	Bt16 13
17	Bt17 11
18	Bt18 11
19	Bt19 10
20	Bt20 5
21	Bt21 15
22	Bt22 10
23	Bt23 13
24	Bt24 3
25	Bt25 14
