Name				Inst_15_1_4
Number_of_Customers		15
Number_of_Items			78
Number_of_ItemTypes		15
Number_of_Vehicles		15
TimeWindows			0

VEHICLE
Mass_Capacity			32200
CargoSpace_Length		912
CargoSpace_Width		244
CargoSpace_Height		244
Wheelbase			550
Max_Mass_FrontAxle		11600
Max_Mass_RearAxle		21000
Distance_FrontAxle_CargoSpace	-100

CUSTOMERS
i		x	y	Demand		ReadyTime	DueDate		ServiceTime	DemandedMass	DemandedVolume
0		-0.07996356119444417	0.4480249046392005	0		0		0		0		0		0
1		0.359390689311459	-0.4501947021644745	6		0		0		0		8034		57600
2		-6.329132377235246	1.8445060835261746	5		0		0		0		5695		48000
3		2.1557874033322775	0.4284527711852915	6		0		0		0		6798		57600
4		-0.499502908853203	3.582450901323526	4		0		0		0		5344		38400
5		3.9529019909314127	1.3066889568007933	5		0		0		0		7420		48000
6		-2.3354995978583095	-1.7684863023816417	5		0		0		0		5475		48000
7		5.729798636283317	-0.050602414090638585	5		0		0		0		5000		48000
8		-3.214046702203187	0.02832151555962245	6		0		0		0		7584		57600
9		0.3395202364766509	-2.6864387318176206	5		0		0		0		5325		48000
10		-2.33549959785831	-1.7684863023816417	4		0		0		0		5580		38400
11		-4.971684608718841	3.621398178097385	4		0		0		0		5908		38400
12		-0.1192871759642441	-4.023894801711861	6		0		0		0		6054		57600
13		5.2902534302371995	0.8481053373203401	6		0		0		0		6984		57600
14		-0.5779237021840494	-5.361531963619969	6		0		0		0		8154		57600
15		2.6348878454975138	4.001686569715513	5		0		0		0		5695		48000

ITEMS
Type	Length	Width	Height	Mass	Fragility	LoadBearingStrength
Bt1	80	120	244	1339	0		0
Bt2	80	120	244	1139	0		0
Bt3	80	120	244	1133	0		0
Bt4	80	120	244	1336	0		0
Bt5	80	120	244	1484	0		0
Bt6	80	120	244	1095	0		0
Bt7	80	120	244	1000	0		0
Bt8	80	120	244	1264	0		0
Bt9	80	120	244	1065	0		0
Bt10	80	120	244	1395	0		0
Bt11	80	120	244	1477	0		0
Bt12	80	120	244	1009	0		0
Bt13	80	120	244	1164	0		0
Bt14	80	120	244	1359	0		0
Bt15	80	120	244	1139	0		0

DEMANDS PER CUSTOMER
i	Type Quantity
1	Bt1 6
2	Bt2 5
3	Bt3 6
4	Bt4 4
5	Bt5 5
6	Bt6 5
7	Bt7 5
8	Bt8 6
9	Bt9 5
10	Bt10 4
11	Bt11 4
12	Bt12 6
13	Bt13 6
14	Bt14 6
15	Bt15 5
