Name				Inst_20_1_5
Number_of_Customers		20
Number_of_Items			115
Number_of_ItemTypes		20
Number_of_Vehicles		20
TimeWindows			0

VEHICLE
Mass_Capacity			32200
CargoSpace_Length		912
CargoSpace_Width		244
CargoSpace_Height		244
Wheelbase			550
Max_Mass_FrontAxle		11600
Max_Mass_RearAxle		21000
Distance_FrontAxle_CargoSpace	-100

CUSTOMERS
i		x	y	Demand		ReadyTime	DueDate		ServiceTime	DemandedMass	DemandedVolume
0		-0.45172379808667573	0.37786902749612683	0		0		0		0		0		0
1		-2.586333893228853	5.008473323421094	5		0		0		0		6465		48000
2		-1.2602649794294447	-0.21078257934153408	4		0		0		0		5948		38400
3		3.001843491744	4.1293021613851515	7		0		0		0		9744		67200
4		2.710794910140388	-2.267357617344118	7		0		0		0		9912		67200
5		0.7252975888497939	-1.2389215838715704	4		0		0		0		4220		38400
6		-1.4088372819378214	3.391897497462562	7		0		0		0		9415		67200
7		3.001843491744	4.1293021613851515	5		0		0		0		5305		48000
8		-3.9054202057778933	-3.3732491172652455	7		0		0		0		10080		67200
9		-5.082556641986438	-1.7565346162676818	4		0		0		0		4068		38400
10		0.8738762269323512	-4.84155903621921	7		0		0		0		9289		67200
11		0.5764822598289997	2.3634796206014124	7		0		0		0		8827		67200
12		-3.465675054281983	-0.5793700192667891	5		0		0		0		7080		48000
13		-4.054277699196205	0.22929731150610974	7		0		0		0		7812		67200
14		0.5054760215839549	-2.6360021603342707	7		0		0		0		7784		67200
15		4.327948303280449	-1.0903227299856848	4		0		0		0		5616		38400
16		-4.642852685367504	1.0376717963166222	6		0		0		0		7764		57600
17		-1.2602649794294465	-0.2107825793415359	7		0		0		0		7196		67200
18		1.5337712063858522	-0.6503277771325561	7		0		0		0		8330		67200
19		5.944589925877936	0.08678509844210093	4		0		0		0		4280		38400
20		4.91628379235455	-1.898868181646133	4		0		0		0		4524		38400

ITEMS
Type	Length	Width	Height	Mass	Fragility	LoadBearingStrength
Bt1	80	120	244	1293	0		0
Bt2	80	120	244	1487	0		0
Bt3	80	120	244	1392	0		0
Bt4	80	120	244	1416	0		0
Bt5	80	120	244	1055	0		0
Bt6	80	120	244	1345	0		0
Bt7	80	120	244	1061	0		0
Bt8	80	120	244	1440	0		0
Bt9	80	120	244	1017	0		0
Bt10	80	120	244	1327	0		0
Bt11	80	120	244	1261	0		0
Bt12	80	120	244	1416	0		0
Bt13	80	120	244	1116	0		0
Bt14	80	120	244	1112	0		0
Bt15	80	120	244	1404	0		0
Bt16	80	120	244	1294	0		0
Bt17	80	120	244	1028	0		0
Bt18	80	120	244	1190	0		0
Bt19	80	120	244	1070	0		0
Bt20	80	120	244	1131	0		0

DEMANDS PER CUSTOMER
i	Type Quantity
1	Bt1 5
2	Bt2 4
3	Bt3 7
4	Bt4 7
5	Bt5 4
6	Bt6 7
7	Bt7 5
8	Bt8 7
9	Bt9 4
10	Bt10 7
11	Bt11 7
12	Bt12 5
13	Bt13 7
14	Bt14 7
15	Bt15 4
16	Bt16 6
17	Bt17 7
18	Bt18 7
19	Bt19 4
20	Bt20 4
