Name				Inst_10_1_4
Number_of_Customers		10
Number_of_Items			61
Number_of_ItemTypes		10
Number_of_Vehicles		10
TimeWindows			0

VEHICLE
Mass_Capacity			32200
CargoSpace_Length		912
CargoSpace_Width		244
CargoSpace_Height		244
Wheelbase			550
Max_Mass_FrontAxle		11600
Max_Mass_RearAxle		21000
Distance_FrontAxle_CargoSpace	-100

CUSTOMERS
i		x	y	Demand		ReadyTime	DueDate		ServiceTime	DemandedMass	DemandedVolume
0		-1.2769225624285385	0.6077312164055607	0		0		0		0		0		0
1		1.5501451603682503	1.6117674499497516	7		0		0		0		9240		67200
2		-1.9286158797988865e-06	-2.0201765989031815e-05	7		0		0		0		8400		67200
3		-4.042466224826829	-3.5577953355343235	7		0		0		0		9205		67200
4		1.2153055952621874	2.5537218633522776	4		0		0		0		5632		38400
5		0.9424490466578458	0.33480342666411167	4		0		0		0		5804		38400
6		-1.8848813848192707	-0.6690886366918132	5		0		0		0		5420		48000
7		4.103964642389189	0.39588316607634266	7		0		0		0		8274		67200
8		-5.442422693961108	3.373353440852229	7		0		0		0		10038		67200
9		0.3961912455132594	-4.104152597343555	7		0		0		0		10115		67200
10		4.4386391044608935	-0.5462037919645939	6		0		0		0		8916		57600

ITEMS
Type	Length	Width	Height	Mass	Fragility	LoadBearingStrength
Bt1	80	120	244	1320	0		0
Bt2	80	120	244	1200	0		0
Bt3	80	120	244	1315	0		0
Bt4	80	120	244	1408	0		0
Bt5	80	120	244	1451	0		0
Bt6	80	120	244	1084	0		0
Bt7	80	120	244	1182	0		0
Bt8	80	120	244	1434	0		0
Bt9	80	120	244	1445	0		0
Bt10	80	120	244	1486	0		0

DEMANDS PER CUSTOMER
i	Type Quantity
1	Bt1 7
2	Bt2 7
3	Bt3 7
4	Bt4 4
5	Bt5 4
6	Bt6 5
7	Bt7 7
8	Bt8 7
9	Bt9 7
10	Bt10 6
