Name				Inst_20_4_3
Number_of_Customers		20
Number_of_Items			145
Number_of_ItemTypes		20
Number_of_Vehicles		20
TimeWindows			0

VEHICLE
Mass_Capacity			32200
CargoSpace_Length		912
CargoSpace_Width		244
CargoSpace_Height		244
Wheelbase			550
Max_Mass_FrontAxle		11600
Max_Mass_RearAxle		21000
Distance_FrontAxle_CargoSpace	-100

CUSTOMERS
i		x	y	Demand		ReadyTime	DueDate		ServiceTime	DemandedMass	DemandedVolume
0		-0.8534454279923606	0.3150429636224787	0		0		0		0		0		0
1		-4.894528318412549	3.4244967085093085	12		0		0		0		12228		115200
2		3.6069597720798328	2.5743268490719906	8		0		0		0		11480		76800
3		-0.3876070343634619	-3.2603801086032695	4		0		0		0		4360		38400
4		-4.41725330397909	-2.3868762924504154	7		0		0		0		7280		67200
5		2.7448320210514647	-3.6913575375275793	15		0		0		0		15570		144000
6		4.9464673437699265	3.0282370898227375	1		0		0		0		1350		9600
7		-0.8650011401358798	2.5511249263698903	6		0		0		0		6108		57600
8		-5.3141084196563035	-1.9444061321857855	3		0		0		0		4287		28800
9		-2.204373261841796	2.0969710378561364	12		0		0		0		13164		115200
10		1.8598635979235318	-5.484430808210246	8		0		0		0		8472		76800
11		4.50365491016891	2.131517318257872	7		0		0		0		1771		67200
12		-4.871336698930664	-1.0474882998295143	5		0		0		0		2355		48000
13		3.630107424136357	-1.897947638195391	11		0		0		0		4290		105600
14		1.4058629113041343	-4.145461953097567	11		0		0		0		1342		105600
15		3.618624427684113	0.3382039368224464	4		0		0		0		712		38400
16		0.474269161851179	3.005251467221959	3		0		0		0		492		28800
17		-4.882972339613274	1.1885617790702505	11		0		0		0		5137		105600
18		5.843125611092237	2.5860883304075752	3		0		0		0		456		28800
19		1.3940300308975846	-1.9093684576476975	10		0		0		0		4420		96000
20		-5.337171267033887	2.527894820714821	4		0		0		0		1104		38400

ITEMS
Type	Length	Width	Height	Mass	Fragility	LoadBearingStrength
Bt1	80	120	244	1019	0		0
Bt2	80	120	244	1435	0		0
Bt3	80	120	244	1090	0		0
Bt4	80	120	244	1040	0		0
Bt5	80	120	244	1038	0		0
Bt6	80	120	244	1350	0		0
Bt7	80	120	244	1018	0		0
Bt8	80	120	244	1429	0		0
Bt9	80	120	244	1097	0		0
Bt10	80	120	244	1059	0		0
Bt11	80	120	244	253	0		0
Bt12	80	120	244	471	0		0
Bt13	80	120	244	390	0		0
Bt14	80	120	244	122	0		0
Bt15	80	120	244	178	0		0
Bt16	80	120	244	164	0		0
Bt17	80	120	244	467	0		0
Bt18	80	120	244	152	0		0
Bt19	80	120	244	442	0		0
Bt20	80	120	244	276	0		0

DEMANDS PER CUSTOMER
i	Type Quantity
1	Bt1 12
2	Bt2 8
3	Bt3 4
4	Bt4 7
5	Bt5 15
6	Bt6 1
7	Bt7 6
8	Bt8 3
9	Bt9 12
10	Bt10 8
11	Bt11 7
12	Bt12 5
13	Bt13 11
14	Bt14 11
15	Bt15 4
16	Bt16 3
17	Bt17 11
18	Bt18 3
19	Bt19 10
20	Bt20 4
