Name				Inst_25_2_6
Number_of_Customers		25
Number_of_Items			181
Number_of_ItemTypes		25
Number_of_Vehicles		25
TimeWindows			0

VEHICLE
Mass_Capacity			32200
CargoSpace_Length		912
CargoSpace_Width		244
CargoSpace_Height		244
Wheelbase			550
Max_Mass_FrontAxle		11600
Max_Mass_RearAxle		21000
Distance_FrontAxle_CargoSpace	-100

CUSTOMERS
i		x	y	Demand		ReadyTime	DueDate		ServiceTime	DemandedMass	DemandedVolume
0		-0.3011856467763403	0.49364036973697073	0		0		0		0		0		0
1		-3.569413182823764	-1.8129106458558777	13		0		0		0		16263		124800
2		1.428523720947065	-1.9575431744364353	1		0		0		0		1004		9600
3		-4.241524245190209	2.608580246456556	9		0		0		0		9747		86400
4		5.273304243984354	-0.4684152645921873	1		0		0		0		1017		9600
5		2.822033802723266	-2.198087268090221	12		0		0		0		13944		115200
6		3.5436202342296825	1.9826709362284973	3		0		0		0		3954		28800
7		0.37093098883912773	-3.9276946723494457	6		0		0		0		8004		57600
8		-2.5119187533833887	0.157418268825211	1		0		0		0		1497		9600
9		0.1796513830492234	3.2808626953179507	4		0		0		0		5444		38400
10		1.7644723941908689	-4.168228304114751	5		0		0		0		5950		48000
11		-5.6353025983192	2.8490470448260714	1		0		0		0		1274		9600
12		1.0923414133711822	0.2531229955765105	14		0		0		0		19362		134400
13		-1.0225412634560702	-3.687281954069812	8		0		0		0		9248		76800
14		6.090375449014117	0.10820845821246813	2		0		0		0		2396		19200
15		4.456276825600873	-1.0450816308867859	3		0		0		0		3948		28800
16		-2.992918831007666	-2.629742034800358	8		0		0		0		11104		76800
17		6.66702252805804	-0.7089556132242704	6		0		0		0		8796		57600
18		2.390179746746129	3.616725539902518	14		0		0		0		19740		134400
19		-4.722711844473232	-0.17845758970411163	7		0		0		0		9275		67200
20		0.7564458173142621	2.4637331034945	8		0		0		0		10312		76800
21		-2.6074510283378576	3.7616452408889924	14		0		0		0		15876		134400
22		-5.539660141979136	-0.7553188842218916	10		0		0		0		13390		96000
23		2.630885250841308	5.0108516806356755	12		0		0		0		13512		115200
24		-4.38621965573308	-2.389158037920458	4		0		0		0		4612		38400
25		-1.9352166074295525	-0.6596315058353255	15		0		0		0		21960		144000

ITEMS
Type	Length	Width	Height	Mass	Fragility	LoadBearingStrength
Bt1	80	120	244	1251	0		0
Bt2	80	120	244	1004	0		0
Bt3	80	120	244	1083	0		0
Bt4	80	120	244	1017	0		0
Bt5	80	120	244	1162	0		0
Bt6	80	120	244	1318	0		0
Bt7	80	120	244	1334	0		0
Bt8	80	120	244	1497	0		0
Bt9	80	120	244	1361	0		0
Bt10	80	120	244	1190	0		0
Bt11	80	120	244	1274	0		0
Bt12	80	120	244	1383	0		0
Bt13	80	120	244	1156	0		0
Bt14	80	120	244	1198	0		0
Bt15	80	120	244	1316	0		0
Bt16	80	120	244	1388	0		0
Bt17	80	120	244	1466	0		0
Bt18	80	120	244	1410	0		0
Bt19	80	120	244	1325	0		0
Bt20	80	120	244	1289	0		0
Bt21	80	120	244	1134	0		0
Bt22	80	120	244	1339	0		0
Bt23	80	120	244	1126	0		0
Bt24	80	120	244	1153	0		0
Bt25	80	120	244	1464	0		0

DEMANDS PER CUSTOMER
i	Type Quantity
1	Bt1 13
2	Bt2 1
3	Bt3 9
4	Bt4 1
5	Bt5 12
6	Bt6 3
7	Bt7 6
8	Bt8 1
9	Bt9 4
10	Bt10 5
11	Bt11 1
12	Bt12 14
13	Bt13 8
14	Bt14 2
15	Bt15 3
16	Bt16 8
17	Bt17 6
18	Bt18 14
19	Bt19 7
20	Bt20 8
21	Bt21 14
22	Bt22 10
23	Bt23 12
24	Bt24 4
25	Bt25 15
