Name				Inst_15_3_2
Number_of_Customers		15
Number_of_Items			79
Number_of_ItemTypes		15
Number_of_Vehicles		15
TimeWindows			0

VEHICLE
Mass_Capacity			32200
CargoSpace_Length		912
CargoSpace_Width		244
CargoSpace_Height		244
Wheelbase			550
Max_Mass_FrontAxle		11600
Max_Mass_RearAxle		21000
Distance_FrontAxle_CargoSpace	-100

CUSTOMERS
i		x	y	Demand		ReadyTime	DueDate		ServiceTime	DemandedMass	DemandedVolume
0		-0.2946946449401992	0.4226972912196304	0		0		0		0		0		0
1		1.212758106999678	-0.8916085292512105	5		0		0		0		6465		48000
2		2.159462216044889	-4.3707200364531404	6		0		0		0		6048		57600
3		0.45914787542943186	-0.23447096327313846	6		0		0		0		7608		57600
4		-5.184609093150353	-0.6205121455495126	6		0		0		0		7206		57600
5		-5.0883855791272135	-2.031405537815634	6		0		0		0		8742		57600
6		-0.5844475290156277	4.655315194528968	4		0		0		0		5876		38400
7		3.841505084974898	2.123391113864714	4		0		0		0		4916		38400
8		4.595252294221422	1.4662323123312988	4		0		0		0		1168		38400
9		-3.309509126416089	3.051792491345079	5		0		0		0		1590		48000
10		4.595252294221423	1.4662323123312988	6		0		0		0		1116		57600
11		-3.9665621438459118	2.2977686448723436	7		0		0		0		1813		67200
12		-1.048530877479259	1.0800045916787613	6		0		0		0		1314		57600
13		3.377172489725435	-1.4523321352379104	6		0		0		0		1764		57600
14		-1.4159655474008788	-3.9062152472629332	4		0		0		0		1600		38400
15		0.6521541797583528	-3.056169357328612	4		0		0		0		1296		38400

ITEMS
Type	Length	Width	Height	Mass	Fragility	LoadBearingStrength
Bt1	80	120	244	1293	0		0
Bt2	80	120	244	1008	0		0
Bt3	80	120	244	1268	0		0
Bt4	80	120	244	1201	0		0
Bt5	80	120	244	1457	0		0
Bt6	80	120	244	1469	0		0
Bt7	80	120	244	1229	0		0
Bt8	80	120	244	292	0		0
Bt9	80	120	244	318	0		0
Bt10	80	120	244	186	0		0
Bt11	80	120	244	259	0		0
Bt12	80	120	244	219	0		0
Bt13	80	120	244	294	0		0
Bt14	80	120	244	400	0		0
Bt15	80	120	244	324	0		0

DEMANDS PER CUSTOMER
i	Type Quantity
1	Bt1 5
2	Bt2 6
3	Bt3 6
4	Bt4 6
5	Bt5 6
6	Bt6 4
7	Bt7 4
8	Bt8 4
9	Bt9 5
10	Bt10 6
11	Bt11 7
12	Bt12 6
13	Bt13 6
14	Bt14 4
15	Bt15 4
