Name				Inst_15_1_1
Number_of_Customers		15
Number_of_Items			76
Number_of_ItemTypes		15
Number_of_Vehicles		15
TimeWindows			0

VEHICLE
Mass_Capacity			32200
CargoSpace_Length		912
CargoSpace_Width		244
CargoSpace_Height		244
Wheelbase			550
Max_Mass_FrontAxle		11600
Max_Mass_RearAxle		21000
Distance_FrontAxle_CargoSpace	-100

CUSTOMERS
i		x	y	Demand		ReadyTime	DueDate		ServiceTime	DemandedMass	DemandedVolume
0		-0.5281655238364414	0.6891436158818163	0		0		0		0		0		0
1		4.181044094193905	3.3011406764195046	7		0		0		0		8911		67200
2		-5.7397839956036885	2.0454680476546785	4		0		0		0		4084		38400
3		1.455972359992388	0.9402701089179945	7		0		0		0		9121		67200
4		-4.119724073878058	-2.7896888313384514	4		0		0		0		4040		38400
5		2.9501990947155012	-2.902456136505759	5		0		0		0		6735		48000
6		-5.111967769054138	-2.9146373864656043	5		0		0		0		7155		48000
7		1.3301653247951293	1.9324570548086448	4		0		0		0		5144		38400
8		0.8281822773288667	5.900643573731537	6		0		0		0		8484		57600
9		-4.245519262554659	-1.797536371144275	5		0		0		0		5920		48000
10		-2.8889703145503676	3.4141951673598157	6		0		0		0		6228		57600
11		0.2125319832842492	2.7989707811161053	7		0		0		0		8547		67200
12		4.068208176989013	-3.769019741303325	4		0		0		0		5252		38400
13		1.8326693854692764	-2.0359500464802984	4		0		0		0		5800		38400
14		4.6831777990719585	-0.6672435385189809	4		0		0		0		5436		38400
15		1.0919804436370706	-4.145756974133396	4		0		0		0		4612		38400

ITEMS
Type	Length	Width	Height	Mass	Fragility	LoadBearingStrength
Bt1	80	120	244	1273	0		0
Bt2	80	120	244	1021	0		0
Bt3	80	120	244	1303	0		0
Bt4	80	120	244	1010	0		0
Bt5	80	120	244	1347	0		0
Bt6	80	120	244	1431	0		0
Bt7	80	120	244	1286	0		0
Bt8	80	120	244	1414	0		0
Bt9	80	120	244	1184	0		0
Bt10	80	120	244	1038	0		0
Bt11	80	120	244	1221	0		0
Bt12	80	120	244	1313	0		0
Bt13	80	120	244	1450	0		0
Bt14	80	120	244	1359	0		0
Bt15	80	120	244	1153	0		0

DEMANDS PER CUSTOMER
i	Type Quantity
1	Bt1 7
2	Bt2 4
3	Bt3 7
4	Bt4 4
5	Bt5 5
6	Bt6 5
7	Bt7 4
8	Bt8 6
9	Bt9 5
10	Bt10 6
11	Bt11 7
12	Bt12 4
13	Bt13 4
14	Bt14 4
15	Bt15 4
