Name				Inst_20_1_3
Number_of_Customers		20
Number_of_Items			103
Number_of_ItemTypes		20
Number_of_Vehicles		20
TimeWindows			0

VEHICLE
Mass_Capacity			32200
CargoSpace_Length		912
CargoSpace_Width		244
CargoSpace_Height		244
Wheelbase			550
Max_Mass_FrontAxle		11600
Max_Mass_RearAxle		21000
Distance_FrontAxle_CargoSpace	-100

CUSTOMERS
i		x	y	Demand		ReadyTime	DueDate		ServiceTime	DemandedMass	DemandedVolume
0		-0.30242676129020046	1.4291485300478355	0		0		0		0		0		0
1		4.3284190565723	-0.45668884178711094	4		0		0		0		4200		38400
2		5.185872988378733	0.058024231888675025	6		0		0		0		8754		57600
3		0.04040898460953967	2.801190604395513	6		0		0		0		8724		57600
4		-1.3307163750564919	-2.687136316840481	5		0		0		0		6485		48000
5		-4.074876432272864	-2.0015923924590266	4		0		0		0		4124		38400
6		-7.162832214898668	3.1428261448215644	5		0		0		0		5420		48000
7		4.671389332473905	0.9156282414196185	5		0		0		0		6745		48000
8		1.4132594594284413	-3.372382953683991	5		0		0		0		6895		48000
9		0.898758881326619	-2.515080427515422	7		0		0		0		7707		67200
10		-5.104192326775327	-0.28672616620884184	5		0		0		0		5635		48000
11		-2.0170799435850895	0.3998002706021443	4		0		0		0		5812		38400
12		4.499122773455668	3.1447409163330153	5		0		0		0		6560		48000
13		0.7267630362090187	-0.2856309703252774	4		0		0		0		4516		38400
14		5.700635508449765	-0.7994381053126144	4		0		0		0		4976		38400
15		1.0694917276420806	1.0864457123822733	4		0		0		0		5172		38400
16		-2.3608718964210467	4.858816675914951	6		0		0		0		7584		57600
17		-0.3013151416566098	-4.40177684192324	5		0		0		0		6660		48000
18		-2.0160600680323024	-5.431221074881153	7		0		0		0		7798		67200
19		-5.61875954650825	0.5706660377707072	5		0		0		0		5420		48000
20		1.7550089579507782	3.83038672536085	7		0		0		0		7476		67200

ITEMS
Type	Length	Width	Height	Mass	Fragility	LoadBearingStrength
Bt1	80	120	244	1050	0		0
Bt2	80	120	244	1459	0		0
Bt3	80	120	244	1454	0		0
Bt4	80	120	244	1297	0		0
Bt5	80	120	244	1031	0		0
Bt6	80	120	244	1084	0		0
Bt7	80	120	244	1349	0		0
Bt8	80	120	244	1379	0		0
Bt9	80	120	244	1101	0		0
Bt10	80	120	244	1127	0		0
Bt11	80	120	244	1453	0		0
Bt12	80	120	244	1312	0		0
Bt13	80	120	244	1129	0		0
Bt14	80	120	244	1244	0		0
Bt15	80	120	244	1293	0		0
Bt16	80	120	244	1264	0		0
Bt17	80	120	244	1332	0		0
Bt18	80	120	244	1114	0		0
Bt19	80	120	244	1084	0		0
Bt20	80	120	244	1068	0		0

DEMANDS PER CUSTOMER
i	Type Quantity
1	Bt1 4
2	Bt2 6
3	Bt3 6
4	Bt4 5
5	Bt5 4
6	Bt6 5
7	Bt7 5
8	Bt8 5
9	Bt9 7
10	Bt10 5
11	Bt11 4
12	Bt12 5
13	Bt13 4
14	Bt14 4
15	Bt15 4
16	Bt16 6
17	Bt17 5
18	Bt18 7
19	Bt19 5
20	Bt20 7
