Name				Inst_20_3_1
Number_of_Customers		20
Number_of_Items			107
Number_of_ItemTypes		20
Number_of_Vehicles		20
TimeWindows			0

VEHICLE
Mass_Capacity			32200
CargoSpace_Length		912
CargoSpace_Width		244
CargoSpace_Height		244
Wheelbase			550
Max_Mass_FrontAxle		11600
Max_Mass_RearAxle		21000
Distance_FrontAxle_CargoSpace	-100

CUSTOMERS
i		x	y	Demand		ReadyTime	DueDate		ServiceTime	DemandedMass	DemandedVolume
0		-0.4884068353825564	0.3004196734609089	0		0		0		0		0		0
1		2.68853407726832	2.9285068767496343	5		0		0		0		7140		48000
2		1.5466216905227315	-3.6817021371286023	6		0		0		0		6780		57600
3		-5.107502464946396	2.4598074954416047	5		0		0		0		6575		48000
4		3.32565265511023	-1.2660017670526178	4		0		0		0		5976		38400
5		3.7060423760869456	0.9373290542020202	4		0		0		0		4292		38400
6		5.697420325268081	1.9549169645212865	4		0		0		0		5284		38400
7		0.5730367050374853	-6.690456413568382	5		0		0		0		7245		48000
8		-1.4619280150341711	-2.708355187659123	7		0		0		0		8379		67200
9		-4.302330557809863	1.867058702450467	4		0		0		0		5832		38400
10		-4.8952123048771155	1.0619285705350885	4		0		0		0		5164		38400
11		2.900860487137002	1.5304165062353507	7		0		0		0		1995		67200
12		-3.8776497604408493	-0.9293828928126142	5		0		0		0		2410		48000
13		5.104615866586941	1.1495754676318104	5		0		0		0		1270		48000
14		-1.5058244923470363	2.2917585524473907	7		0		0		0		2506		67200
15		-5.7005492070660635	1.654711932876388	6		0		0		0		648		57600
16		-0.8689965206255762	-1.9030347853480793	5		0		0		0		1175		48000
17		-1.8427741668275213	-4.911451723617281	7		0		0		0		987		67200
18		0.6975436807117407	1.9108428958718335	5		0		0		0		1430		48000
19		-2.0987758285119327	1.4864428190097496	7		0		0		0		1596		67200
20		5.909622290139604	0.5566693957531684	5		0		0		0		2445		48000

ITEMS
Type	Length	Width	Height	Mass	Fragility	LoadBearingStrength
Bt1	80	120	244	1428	0		0
Bt2	80	120	244	1130	0		0
Bt3	80	120	244	1315	0		0
Bt4	80	120	244	1494	0		0
Bt5	80	120	244	1073	0		0
Bt6	80	120	244	1321	0		0
Bt7	80	120	244	1449	0		0
Bt8	80	120	244	1197	0		0
Bt9	80	120	244	1458	0		0
Bt10	80	120	244	1291	0		0
Bt11	80	120	244	285	0		0
Bt12	80	120	244	482	0		0
Bt13	80	120	244	254	0		0
Bt14	80	120	244	358	0		0
Bt15	80	120	244	108	0		0
Bt16	80	120	244	235	0		0
Bt17	80	120	244	141	0		0
Bt18	80	120	244	286	0		0
Bt19	80	120	244	228	0		0
Bt20	80	120	244	489	0		0

DEMANDS PER CUSTOMER
i	Type Quantity
1	Bt1 5
2	Bt2 6
3	Bt3 5
4	Bt4 4
5	Bt5 4
6	Bt6 4
7	Bt7 5
8	Bt8 7
9	Bt9 4
10	Bt10 4
11	Bt11 7
12	Bt12 5
13	Bt13 5
14	Bt14 7
15	Bt15 6
16	Bt16 5
17	Bt17 7
18	Bt18 5
19	Bt19 7
20	Bt20 5
