Name				Inst_15_2_8
Number_of_Customers		15
Number_of_Items			107
Number_of_ItemTypes		15
Number_of_Vehicles		15
TimeWindows			0

VEHICLE
Mass_Capacity			32200
CargoSpace_Length		912
CargoSpace_Width		244
CargoSpace_Height		244
Wheelbase			550
Max_Mass_FrontAxle		11600
Max_Mass_RearAxle		21000
Distance_FrontAxle_CargoSpace	-100

CUSTOMERS
i		x	y	Demand		ReadyTime	DueDate		ServiceTime	DemandedMass	DemandedVolume
0		-0.2773000895288977	1.2347638762828101	0		0		0		0		0		0
1		-0.03139777740434765	-0.987636579216182	10		0		0		0		10570		96000
2		0.8085640776020989	-0.44483672747129877	9		0		0		0		11151		86400
3		-4.7221854544300506	0.7428852294600067	2		0		0		0		2334		19200
4		2.7340707064954666	-1.5818322326884426	5		0		0		0		5270		48000
5		-0.08225067510455478	-4.592955313849202	6		0		0		0		7134		57600
6		5.0074989646390575	2.2695331709422164	2		0		0		0		2060		19200
7		2.785146710083817	2.023478553373274	3		0		0		0		4356		28800
8		3.276636101036726	-2.4213102361083103	2		0		0		0		2126		19200
9		3.3279098713214323	1.1836483536962132	7		0		0		0		9331		67200
10		-1.3629249108066908	2.91432412436046	9		0		0		0		13365		86400
11		-5.019119969724782	-0.6394927716970091	15		0		0		0		22305		144000
12		-2.3048827571958532	-4.838737096745151	13		0		0		0		14261		124800
13		-2.79686848437751	-0.39393136917784777	8		0		0		0		11072		76800
14		-4.670806183927347	4.348450665142243	9		0		0		0		9036		86400
15		3.3279098713214337	1.1836483536962135	7		0		0		0		8729		67200

ITEMS
Type	Length	Width	Height	Mass	Fragility	LoadBearingStrength
Bt1	80	120	244	1057	0		0
Bt2	80	120	244	1239	0		0
Bt3	80	120	244	1167	0		0
Bt4	80	120	244	1054	0		0
Bt5	80	120	244	1189	0		0
Bt6	80	120	244	1030	0		0
Bt7	80	120	244	1452	0		0
Bt8	80	120	244	1063	0		0
Bt9	80	120	244	1333	0		0
Bt10	80	120	244	1485	0		0
Bt11	80	120	244	1487	0		0
Bt12	80	120	244	1097	0		0
Bt13	80	120	244	1384	0		0
Bt14	80	120	244	1004	0		0
Bt15	80	120	244	1247	0		0

DEMANDS PER CUSTOMER
i	Type Quantity
1	Bt1 10
2	Bt2 9
3	Bt3 2
4	Bt4 5
5	Bt5 6
6	Bt6 2
7	Bt7 3
8	Bt8 2
9	Bt9 7
10	Bt10 9
11	Bt11 15
12	Bt12 13
13	Bt13 8
14	Bt14 9
15	Bt15 7
