Name				Inst_15_1_3
Number_of_Customers		15
Number_of_Items			85
Number_of_ItemTypes		15
Number_of_Vehicles		15
TimeWindows			0

VEHICLE
Mass_Capacity			32200
CargoSpace_Length		912
CargoSpace_Width		244
CargoSpace_Height		244
Wheelbase			550
Max_Mass_FrontAxle		11600
Max_Mass_RearAxle		21000
Distance_FrontAxle_CargoSpace	-100

CUSTOMERS
i		x	y	Demand		ReadyTime	DueDate		ServiceTime	DemandedMass	DemandedVolume
0		-0.5219635210048118	0.24401605618620267	0		0		0		0		0		0
1		3.4905884302502024	-4.745820045455025	6		0		0		0		7242		57600
2		2.6234264766011615	0.5692154615344704	4		0		0		0		4812		38400
3		-1.8229202479294138	3.606524268459134	6		0		0		0		7638		57600
4		-4.9686028763207375	3.2819265085914058	6		0		0		0		7548		57600
5		3.274785790575851	3.4975539571416974	7		0		0		0		7560		67200
6		-0.6312140483049175	-4.85405688165422	7		0		0		0		7140		67200
7		3.27478579057585	3.497553957141698	7		0		0		0		7028		67200
8		3.38287488548784	-0.6241639218853554	5		0		0		0		7295		48000
9		0.34502175119570866	-5.070519941377429	7		0		0		0		10360		67200
10		-3.775448903265432	4.040935911631439	6		0		0		0		7008		57600
11		3.599664273762395	0.35216642926356606	4		0		0		0		4392		38400
12		-6.488483316629298	-3.5513949128922504	4		0		0		0		5428		38400
13		3.3828748854878405	-0.6241639218853561	7		0		0		0		9100		67200
14		-5.077432721248344	-1.815954875123085	4		0		0		0		5328		38400
15		-0.0879566492338975	2.1961819503231057	5		0		0		0		6525		48000

ITEMS
Type	Length	Width	Height	Mass	Fragility	LoadBearingStrength
Bt1	80	120	244	1207	0		0
Bt2	80	120	244	1203	0		0
Bt3	80	120	244	1273	0		0
Bt4	80	120	244	1258	0		0
Bt5	80	120	244	1080	0		0
Bt6	80	120	244	1020	0		0
Bt7	80	120	244	1004	0		0
Bt8	80	120	244	1459	0		0
Bt9	80	120	244	1480	0		0
Bt10	80	120	244	1168	0		0
Bt11	80	120	244	1098	0		0
Bt12	80	120	244	1357	0		0
Bt13	80	120	244	1300	0		0
Bt14	80	120	244	1332	0		0
Bt15	80	120	244	1305	0		0

DEMANDS PER CUSTOMER
i	Type Quantity
1	Bt1 6
2	Bt2 4
3	Bt3 6
4	Bt4 6
5	Bt5 7
6	Bt6 7
7	Bt7 7
8	Bt8 5
9	Bt9 7
10	Bt10 6
11	Bt11 4
12	Bt12 4
13	Bt13 7
14	Bt14 4
15	Bt15 5
