Name				Inst_20_3_8
Number_of_Customers		20
Number_of_Items			107
Number_of_ItemTypes		20
Number_of_Vehicles		20
TimeWindows			0

VEHICLE
Mass_Capacity			32200
CargoSpace_Length		912
CargoSpace_Width		244
CargoSpace_Height		244
Wheelbase			550
Max_Mass_FrontAxle		11600
Max_Mass_RearAxle		21000
Distance_FrontAxle_CargoSpace	-100

CUSTOMERS
i		x	y	Demand		ReadyTime	DueDate		ServiceTime	DemandedMass	DemandedVolume
0		-0.277267598270566	0.9922532912235675	0		0		0		0		0		0
1		5.363924305312862	1.4159283842907846	7		0		0		0		9905		67200
2		-3.0973683598523007	0.7803659686962603	5		0		0		0		6680		48000
3		0.6927385892534846	-2.4802586922716334	4		0		0		0		5624		38400
4		1.451184168178858	-3.13296765520341	5		0		0		0		5825		48000
5		-0.929247097478148	0.23394226779347432	6		0		0		0		6966		57600
6		2.75535017430022	-1.6163644083975124	6		0		0		0		7890		57600
7		2.6493466507238708	-0.20605227289223518	4		0		0		0		4900		38400
8		1.4673310541748679	6.086948187486782	7		0		0		0		10374		67200
9		-6.676350223971225	1.2202951121121073	7		0		0		0		7595		67200
10		0.3749571161457681	1.7503719062991963	6		0		0		0		8826		57600
11		-1.7932728481145042	2.296561685919324	7		0		0		0		3486		67200
12		6.774199384968489	1.5218210253998217	4		0		0		0		468		38400
13		-1.3695598571773808	-3.3445998597889606	4		0		0		0		1916		38400
14		3.9534422741777897	1.3100202418508533	4		0		0		0		1352		38400
15		-2.445482945585626	1.5383802343761783	6		0		0		0		2070		57600
16		-6.676350223971225	1.2202951121121077	6		0		0		0		3000		57600
17		0.6927385892534847	-2.480258692271634	6		0		0		0		1908		57600
18		-2.9916863617197342	-0.6297898520720295	5		0		0		0		2475		48000
19		2.861014518468503	-3.026694981498335	4		0		0		0		1052		38400
20		-2.7796413088174887	-3.4501970031647113	4		0		0		0		540		38400

ITEMS
Type	Length	Width	Height	Mass	Fragility	LoadBearingStrength
Bt1	80	120	244	1415	0		0
Bt2	80	120	244	1336	0		0
Bt3	80	120	244	1406	0		0
Bt4	80	120	244	1165	0		0
Bt5	80	120	244	1161	0		0
Bt6	80	120	244	1315	0		0
Bt7	80	120	244	1225	0		0
Bt8	80	120	244	1482	0		0
Bt9	80	120	244	1085	0		0
Bt10	80	120	244	1471	0		0
Bt11	80	120	244	498	0		0
Bt12	80	120	244	117	0		0
Bt13	80	120	244	479	0		0
Bt14	80	120	244	338	0		0
Bt15	80	120	244	345	0		0
Bt16	80	120	244	500	0		0
Bt17	80	120	244	318	0		0
Bt18	80	120	244	495	0		0
Bt19	80	120	244	263	0		0
Bt20	80	120	244	135	0		0

DEMANDS PER CUSTOMER
i	Type Quantity
1	Bt1 7
2	Bt2 5
3	Bt3 4
4	Bt4 5
5	Bt5 6
6	Bt6 6
7	Bt7 4
8	Bt8 7
9	Bt9 7
10	Bt10 6
11	Bt11 7
12	Bt12 4
13	Bt13 4
14	Bt14 4
15	Bt15 6
16	Bt16 6
17	Bt17 6
18	Bt18 5
19	Bt19 4
20	Bt20 4
