Name				Inst_20_4_7
Number_of_Customers		20
Number_of_Items			151
Number_of_ItemTypes		20
Number_of_Vehicles		20
TimeWindows			0

VEHICLE
Mass_Capacity			32200
CargoSpace_Length		912
CargoSpace_Width		244
CargoSpace_Height		244
Wheelbase			550
Max_Mass_FrontAxle		11600
Max_Mass_RearAxle		21000
Distance_FrontAxle_CargoSpace	-100

CUSTOMERS
i		x	y	Demand		ReadyTime	DueDate		ServiceTime	DemandedMass	DemandedVolume
0		0.002178229691956419	-0.1063276846525581	0		0		0		0		0		0
1		-0.37505389109049014	-3.6921279015325856	12		0		0		0		14688		115200
2		6.2883555334632755	-1.3252481118198287	14		0		0		0		16548		134400
3		-0.5502884893006266	5.250395330612519	2		0		0		0		2828		19200
4		-5.819602782648321	0.22688116059953523	9		0		0		0		13122		86400
5		0.8001108116766016	4.829540879434042	5		0		0		0		6935		48000
6		6.288355533463281	-1.3252481118198285	10		0		0		0		13300		96000
7		3.079414416120974	2.6375766038131774	14		0		0		0		16114		134400
8		-2.321362668819031	4.321071381075545	6		0		0		0		6204		57600
9		-4.469296854605153	-0.1939225672539336	14		0		0		0		20454		134400
10		-1.3479105136500975	0.31424545131147	4		0		0		0		5084		38400
11		1.8605320135210912	-3.648392367828742	12		0		0		0		4992		115200
12		1.3083277143821908	1.7082812804669267	7		0		0		0		1351		67200
13		6.288355533463283	-1.325248111819829	4		0		0		0		952		38400
14		-1.260213634116543	-4.156978777127823	5		0		0		0		2500		48000
15		-1.2602136341165426	-4.156978777127824	5		0		0		0		1690		48000
16		3.035537960894359	4.873397616092052	5		0		0		0		865		48000
17		-1.6812832651155651	-5.507133410185161	3		0		0		0		1308		28800
18		-5.398636165868227	1.5769207074494846	8		0		0		0		2224		76800
19		-4.004769552843274	-1.0797021046587458	8		0		0		0		2216		76800
20		-0.46253629450313904	0.7789975149721029	4		0		0		0		624		38400

ITEMS
Type	Length	Width	Height	Mass	Fragility	LoadBearingStrength
Bt1	80	120	244	1224	0		0
Bt2	80	120	244	1182	0		0
Bt3	80	120	244	1414	0		0
Bt4	80	120	244	1458	0		0
Bt5	80	120	244	1387	0		0
Bt6	80	120	244	1330	0		0
Bt7	80	120	244	1151	0		0
Bt8	80	120	244	1034	0		0
Bt9	80	120	244	1461	0		0
Bt10	80	120	244	1271	0		0
Bt11	80	120	244	416	0		0
Bt12	80	120	244	193	0		0
Bt13	80	120	244	238	0		0
Bt14	80	120	244	500	0		0
Bt15	80	120	244	338	0		0
Bt16	80	120	244	173	0		0
Bt17	80	120	244	436	0		0
Bt18	80	120	244	278	0		0
Bt19	80	120	244	277	0		0
Bt20	80	120	244	156	0		0

DEMANDS PER CUSTOMER
i	Type Quantity
1	Bt1 12
2	Bt2 14
3	Bt3 2
4	Bt4 9
5	Bt5 5
6	Bt6 10
7	Bt7 14
8	Bt8 6
9	Bt9 14
10	Bt10 4
11	Bt11 12
12	Bt12 7
13	Bt13 4
14	Bt14 5
15	Bt15 5
16	Bt16 5
17	Bt17 3
18	Bt18 8
19	Bt19 8
20	Bt20 4
