Name				Inst_10_3_4
Number_of_Customers		10
Number_of_Items			53
Number_of_ItemTypes		10
Number_of_Vehicles		10
TimeWindows			0

VEHICLE
Mass_Capacity			32200
CargoSpace_Length		912
CargoSpace_Width		244
CargoSpace_Height		244
Wheelbase			550
Max_Mass_FrontAxle		11600
Max_Mass_RearAxle		21000
Distance_FrontAxle_CargoSpace	-100

CUSTOMERS
i		x	y	Demand		ReadyTime	DueDate		ServiceTime	DemandedMass	DemandedVolume
0		-0.5238253420243802	0.5365394007547989	0		0		0		0		0		0
1		0.6544252449831814	-1.3639873828048796	4		0		0		0		4604		38400
2		-1.1776729236359267	3.288020776343897	6		0		0		0		8904		57600
3		0.9811939242885808	-2.740269490882167	7		0		0		0		10283		67200
4		6.355701647487186	2.1702379644430394	5		0		0		0		5400		48000
5		0.12966895476231075	-2.2157437828160758	7		0		0		0		9492		67200
6		-0.19677606146329207	-0.8395463462615887	6		0		0		0		1500		57600
7		-3.0779759989034132	2.10994606945678	4		0		0		0		740		38400
8		0.7834773303023258	-4.967146258318956	6		0		0		0		1572		57600
9		-6.354233440800157	0.6045329492612754	4		0		0		0		900		38400
10		2.4260166650035817	3.4174161008238753	4		0		0		0		676		38400

ITEMS
Type	Length	Width	Height	Mass	Fragility	LoadBearingStrength
Bt1	80	120	244	1151	0		0
Bt2	80	120	244	1484	0		0
Bt3	80	120	244	1469	0		0
Bt4	80	120	244	1080	0		0
Bt5	80	120	244	1356	0		0
Bt6	80	120	244	250	0		0
Bt7	80	120	244	185	0		0
Bt8	80	120	244	262	0		0
Bt9	80	120	244	225	0		0
Bt10	80	120	244	169	0		0

DEMANDS PER CUSTOMER
i	Type Quantity
1	Bt1 4
2	Bt2 6
3	Bt3 7
4	Bt4 5
5	Bt5 7
6	Bt6 6
7	Bt7 4
8	Bt8 6
9	Bt9 4
10	Bt10 4
