Name				Inst_25_4_5
Number_of_Customers		25
Number_of_Items			196
Number_of_ItemTypes		25
Number_of_Vehicles		25
TimeWindows			0

VEHICLE
Mass_Capacity			32200
CargoSpace_Length		912
CargoSpace_Width		244
CargoSpace_Height		244
Wheelbase			550
Max_Mass_FrontAxle		11600
Max_Mass_RearAxle		21000
Distance_FrontAxle_CargoSpace	-100

CUSTOMERS
i		x	y	Demand		ReadyTime	DueDate		ServiceTime	DemandedMass	DemandedVolume
0		-0.9650273269778442	0.12966610932691353	0		0		0		0		0		0
1		4.305715504627784	3.76555687824692	6		0		0		0		6906		57600
2		-1.2530798096558724	-0.8279806487507947	8		0		0		0		9984		76800
3		-5.278305828568649	-3.7943669783508986	6		0		0		0		8232		57600
4		-2.210781225999125	-0.5398784999145767	4		0		0		0		5120		38400
5		5.263086059953782	3.477303984599761	5		0		0		0		6840		48000
6		0.6620199387792427	-1.404068041575838	14		0		0		0		14924		134400
7		-0.10087435744802319	3.0024136634048033	2		0		0		0		2688		19200
8		-2.0163467421832486	3.578653615435632	7		0		0		0		7441		67200
9		4.110931665444725	-0.35299776665314997	11		0		0		0		13002		105600
10		-1.6345999856421523	1.3753365025429962	14		0		0		0		14028		134400
11		-5.177108714766628	3.4854775574290153	3		0		0		0		4335		28800
12		2.3826251863431764	-6.098838012868539	12		0		0		0		14244		115200
13		-2.880213580680562	0.7056935990606814	5		0		0		0		1200		48000
14		-0.5836404040046294	-2.0736558822725195	5		0		0		0		2150		48000
15		-3.744480069569692	-2.1670142980915266	8		0		0		0		848		76800
16		-4.7021650310030285	-1.8792441288192503	6		0		0		0		1296		57600
17		1.7133551584397788	-4.852976402153666	11		0		0		0		5401		105600
18		0.18717558247555352	3.9600988397046915	15		0		0		0		2355		144000
19		3.729443104803324	1.850274539880592	9		0		0		0		1431		86400
20		3.8230041163106	-1.3105893139999198	7		0		0		0		1022		67200
21		1.7132972689222155	-4.852964948594481	1		0		0		0		224		9600
22		3.153381568861455	-0.06484577191957586	9		0		0		0		927		86400
23		2.577268105937124	-1.9802322774634857	4		0		0		0		2000		38400
24		0.1871285723331574	3.960178916815895	11		0		0		0		2376		105600
25		-3.26180875673247	2.9089987649803106	13		0		0		0		6279		124800

ITEMS
Type	Length	Width	Height	Mass	Fragility	LoadBearingStrength
Bt1	80	120	244	1151	0		0
Bt2	80	120	244	1248	0		0
Bt3	80	120	244	1372	0		0
Bt4	80	120	244	1280	0		0
Bt5	80	120	244	1368	0		0
Bt6	80	120	244	1066	0		0
Bt7	80	120	244	1344	0		0
Bt8	80	120	244	1063	0		0
Bt9	80	120	244	1182	0		0
Bt10	80	120	244	1002	0		0
Bt11	80	120	244	1445	0		0
Bt12	80	120	244	1187	0		0
Bt13	80	120	244	240	0		0
Bt14	80	120	244	430	0		0
Bt15	80	120	244	106	0		0
Bt16	80	120	244	216	0		0
Bt17	80	120	244	491	0		0
Bt18	80	120	244	157	0		0
Bt19	80	120	244	159	0		0
Bt20	80	120	244	146	0		0
Bt21	80	120	244	224	0		0
Bt22	80	120	244	103	0		0
Bt23	80	120	244	500	0		0
Bt24	80	120	244	216	0		0
Bt25	80	120	244	483	0		0

DEMANDS PER CUSTOMER
i	Type Quantity
1	Bt1 6
2	Bt2 8
3	Bt3 6
4	Bt4 4
5	Bt5 5
6	Bt6 14
7	Bt7 2
8	Bt8 7
9	Bt9 11
10	Bt10 14
11	Bt11 3
12	Bt12 12
13	Bt13 5
14	Bt14 5
15	Bt15 8
16	Bt16 6
17	Bt17 11
18	Bt18 15
19	Bt19 9
20	Bt20 7
21	Bt21 1
22	Bt22 9
23	Bt23 4
24	Bt24 11
25	Bt25 13
