Name				Inst_15_2_3
Number_of_Customers		15
Number_of_Items			109
Number_of_ItemTypes		15
Number_of_Vehicles		15
TimeWindows			0

VEHICLE
Mass_Capacity			32200
CargoSpace_Length		912
CargoSpace_Width		244
CargoSpace_Height		244
Wheelbase			550
Max_Mass_FrontAxle		11600
Max_Mass_RearAxle		21000
Distance_FrontAxle_CargoSpace	-100

CUSTOMERS
i		x	y	Demand		ReadyTime	DueDate		ServiceTime	DemandedMass	DemandedVolume
0		-0.859066268142042	0.27293450758999865	0		0		0		0		0		0
1		-1.6396709748772913	-0.35198268669282384	2		0		0		0		2020		19200
2		-3.2037080037566255	4.8011324381356815	4		0		0		0		4356		38400
3		-1.328617533219858	2.4589769780991633	13		0		0		0		18096		124800
4		3.3576731318745097	-0.1936298218457357	8		0		0		0		10480		76800
5		2.7327308272646014	0.5868275942442142	5		0		0		0		5285		48000
6		-1.6396709748772944	-0.3519826866928221	13		0		0		0		17550		124800
7		5.543950324183869	0.27568141522254414	2		0		0		0		2126		19200
8		-0.8590662681420419	0.272934507589999	9		0		0		0		12744		86400
9		4.138513802956037	0.4310259082489258	5		0		0		0		5190		48000
10		-5.0759853976086795	0.7395543627853718	11		0		0		0		11792		105600
11		-1.9508820743251745	-3.163291330005379	5		0		0		0		7320		48000
12		3.8273536747315937	-2.3799331926724343	14		0		0		0		19586		134400
13		-2.2617945890351505	-5.974759665501891	3		0		0		0		3186		28800
14		-3.045237064100428	-0.19656648170830257	3		0		0		0		4143		28800
15		2.2634773870739764	2.7730781532034867	12		0		0		0		17940		115200

ITEMS
Type	Length	Width	Height	Mass	Fragility	LoadBearingStrength
Bt1	80	120	244	1010	0		0
Bt2	80	120	244	1089	0		0
Bt3	80	120	244	1392	0		0
Bt4	80	120	244	1310	0		0
Bt5	80	120	244	1057	0		0
Bt6	80	120	244	1350	0		0
Bt7	80	120	244	1063	0		0
Bt8	80	120	244	1416	0		0
Bt9	80	120	244	1038	0		0
Bt10	80	120	244	1072	0		0
Bt11	80	120	244	1464	0		0
Bt12	80	120	244	1399	0		0
Bt13	80	120	244	1062	0		0
Bt14	80	120	244	1381	0		0
Bt15	80	120	244	1495	0		0

DEMANDS PER CUSTOMER
i	Type Quantity
1	Bt1 2
2	Bt2 4
3	Bt3 13
4	Bt4 8
5	Bt5 5
6	Bt6 13
7	Bt7 2
8	Bt8 9
9	Bt9 5
10	Bt10 11
11	Bt11 5
12	Bt12 14
13	Bt13 3
14	Bt14 3
15	Bt15 12
