Name				Inst_20_2_7
Number_of_Customers		20
Number_of_Items			173
Number_of_ItemTypes		20
Number_of_Vehicles		20
TimeWindows			0

VEHICLE
Mass_Capacity			32200
CargoSpace_Length		912
CargoSpace_Width		244
CargoSpace_Height		244
Wheelbase			550
Max_Mass_FrontAxle		11600
Max_Mass_RearAxle		21000
Distance_FrontAxle_CargoSpace	-100

CUSTOMERS
i		x	y	Demand		ReadyTime	DueDate		ServiceTime	DemandedMass	DemandedVolume
0		-0.33329544525177784	1.2857720869334015	0		0		0		0		0		0
1		-5.333217268545716	-2.714384658336318	11		0		0		0		11803		105600
2		-2.3334586207439467	-1.7142674798631226	11		0		0		0		11682		105600
3		2.6665944913154624	0.2859594008166929	15		0		0		0		21045		144000
4		0.6666223918144484	-1.714044051650373	15		0		0		0		16830		144000
5		-5.333316271202357	4.28573867007939	12		0		0		0		14556		115200
6		-3.333232413199984	-1.714393070074276	10		0		0		0		10090		96000
7		-5.333316271202357	4.28573867007939	12		0		0		0		13332		115200
8		4.666428705136123	1.2859118048451064	15		0		0		0		17460		144000
9		3.666986244180277	2.285471877788356	7		0		0		0		7350		67200
10		-5.3332042029984	-1.7142871974318536	2		0		0		0		2380		19200
11		2.666848311071921	-3.714548515928282	1		0		0		0		1478		9600
12		2.666632759824849	1.285679563557389	6		0		0		0		8910		57600
13		4.666428705136122	1.2859118048451064	7		0		0		0		10052		67200
14		-0.3333788759060127	-0.7142870398764629	6		0		0		0		8970		57600
15		1.6668660296429938	-1.714673571549229	3		0		0		0		3105		28800
16		2.666606729246351	-1.7143516751538617	3		0		0		0		3495		28800
17		-1.3333768169290932	0.28560185660254817	4		0		0		0		4308		38400
18		-0.33349192215393336	-1.7140890322627131	7		0		0		0		10164		67200
19		0.6667191258348419	0.28575229962404214	11		0		0		0		13167		105600
20		2.6665546149301864	2.2857882569550636	15		0		0		0		22140		144000

ITEMS
Type	Length	Width	Height	Mass	Fragility	LoadBearingStrength
Bt1	80	120	244	1073	0		0
Bt2	80	120	244	1062	0		0
Bt3	80	120	244	1403	0		0
Bt4	80	120	244	1122	0		0
Bt5	80	120	244	1213	0		0
Bt6	80	120	244	1009	0		0
Bt7	80	120	244	1111	0		0
Bt8	80	120	244	1164	0		0
Bt9	80	120	244	1050	0		0
Bt10	80	120	244	1190	0		0
Bt11	80	120	244	1478	0		0
Bt12	80	120	244	1485	0		0
Bt13	80	120	244	1436	0		0
Bt14	80	120	244	1495	0		0
Bt15	80	120	244	1035	0		0
Bt16	80	120	244	1165	0		0
Bt17	80	120	244	1077	0		0
Bt18	80	120	244	1452	0		0
Bt19	80	120	244	1197	0		0
Bt20	80	120	244	1476	0		0

DEMANDS PER CUSTOMER
i	Type Quantity
1	Bt1 11
2	Bt2 11
3	Bt3 15
4	Bt4 15
5	Bt5 12
6	Bt6 10
7	Bt7 12
8	Bt8 15
9	Bt9 7
10	Bt10 2
11	Bt11 1
12	Bt12 6
13	Bt13 7
14	Bt14 6
15	Bt15 3
16	Bt16 3
17	Bt17 4
18	Bt18 7
19	Bt19 11
20	Bt20 15
