Name				Inst_25_2_1
Number_of_Customers		25
Number_of_Items			225
Number_of_ItemTypes		25
Number_of_Vehicles		25
TimeWindows			0

VEHICLE
Mass_Capacity			32200
CargoSpace_Length		912
CargoSpace_Width		244
CargoSpace_Height		244
Wheelbase			550
Max_Mass_FrontAxle		11600
Max_Mass_RearAxle		21000
Distance_FrontAxle_CargoSpace	-100

CUSTOMERS
i		x	y	Demand		ReadyTime	DueDate		ServiceTime	DemandedMass	DemandedVolume
0		-0.7673823600852996	0.49241735919835355	0		0		0		0		0		0
1		4.388985421924357	2.045107612947503	5		0		0		0		6110		48000
2		3.3051861717823625	1.137142354420377	3		0		0		0		4182		28800
3		3.7738033779661517	-4.927567845484377	8		0		0		0		9048		76800
4		3.7738033779661513	-4.927567845484377	13		0		0		0		17407		124800
5		-6.099673543526242	-3.0526424715820384	2		0		0		0		2058		19200
6		1.4007328371187469	2.308964033422719	7		0		0		0		9667		67200
7		-2.935365283110017	-1.3240570124773203	2		0		0		0		2334		19200
8		-0.2105513163244538	-4.576211511944425	15		0		0		0		18510		144000
9		-0.3278008628589558	5.472944440116497	6		0		0		0		7254		57600
10		2.308795279069025	1.225027799811658	3		0		0		0		4464		28800
11		-5.923633267815164	-1.0605111403778837	12		0		0		0		17604		115200
12		-1.4999595683796187	3.568577677558594	14		0		0		0		19250		134400
13		-3.6678464210071664	1.7521792386264259	7		0		0		0		8939		67200
14		-4.400628675134499	4.828622626833289	9		0		0		0		12528		86400
15		-0.7673823600852993	0.4924173591983529	13		0		0		0		14274		124800
16		1.137005645971446	-0.6794689510088148	15		0		0		0		22230		144000
17		0.9611884450866677	-2.671787219974662	13		0		0		0		14326		124800
18		0.4044704549621493	2.3967412504423953	14		0		0		0		15918		134400
19		4.03753242799449	-1.9392505924893695	4		0		0		0		5932		38400
20		3.9496947586848123	-2.935370332580846	15		0		0		0		16620		144000
21		-6.099700061687278	-3.0526760616411694	2		0		0		0		2306		19200
22		4.564760739892337	4.037545348287385	15		0		0		0		19740		144000
23		1.4006785157109982	2.308957177397757	6		0		0		0		8748		57600
24		-2.11511173494882	-3.404070635935338	11		0		0		0		14102		105600
25		-0.5916019991668869	2.4845373427193076	11		0		0		0		13904		105600

ITEMS
Type	Length	Width	Height	Mass	Fragility	LoadBearingStrength
Bt1	80	120	244	1222	0		0
Bt2	80	120	244	1394	0		0
Bt3	80	120	244	1131	0		0
Bt4	80	120	244	1339	0		0
Bt5	80	120	244	1029	0		0
Bt6	80	120	244	1381	0		0
Bt7	80	120	244	1167	0		0
Bt8	80	120	244	1234	0		0
Bt9	80	120	244	1209	0		0
Bt10	80	120	244	1488	0		0
Bt11	80	120	244	1467	0		0
Bt12	80	120	244	1375	0		0
Bt13	80	120	244	1277	0		0
Bt14	80	120	244	1392	0		0
Bt15	80	120	244	1098	0		0
Bt16	80	120	244	1482	0		0
Bt17	80	120	244	1102	0		0
Bt18	80	120	244	1137	0		0
Bt19	80	120	244	1483	0		0
Bt20	80	120	244	1108	0		0
Bt21	80	120	244	1153	0		0
Bt22	80	120	244	1316	0		0
Bt23	80	120	244	1458	0		0
Bt24	80	120	244	1282	0		0
Bt25	80	120	244	1264	0		0

DEMANDS PER CUSTOMER
i	Type Quantity
1	Bt1 5
2	Bt2 3
3	Bt3 8
4	Bt4 13
5	Bt5 2
6	Bt6 7
7	Bt7 2
8	Bt8 15
9	Bt9 6
10	Bt10 3
11	Bt11 12
12	Bt12 14
13	Bt13 7
14	Bt14 9
15	Bt15 13
16	Bt16 15
17	Bt17 13
18	Bt18 14
19	Bt19 4
20	Bt20 15
21	Bt21 2
22	Bt22 15
23	Bt23 6
24	Bt24 11
25	Bt25 11
