Name				Inst_10_3_1
Number_of_Customers		10
Number_of_Items			54
Number_of_ItemTypes		10
Number_of_Vehicles		10
TimeWindows			0

VEHICLE
Mass_Capacity			32200
CargoSpace_Length		912
CargoSpace_Width		244
CargoSpace_Height		244
Wheelbase			550
Max_Mass_FrontAxle		11600
Max_Mass_RearAxle		21000
Distance_FrontAxle_CargoSpace	-100

CUSTOMERS
i		x	y	Demand		ReadyTime	DueDate		ServiceTime	DemandedMass	DemandedVolume
0		-0.5955051157932606	0.35310215797118366	0		0		0		0		0		0
1		1.0198390079251658	1.532603704182502	7		0		0		0		10080		67200
2		-2.64664076749119	-3.6209325645409365	4		0		0		0		4116		38400
3		4.622123873346833	1.6863662912085124	5		0		0		0		5310		48000
4		-3.1721196953886177	2.1862831677410095	4		0		0		0		5636		38400
5		-5.005497736958198	-0.39023373966867925	5		0		0		0		5555		48000
6		-5.5951927803232335	0.41727489807296536	6		0		0		0		2214		57600
7		3.9682431730176884	-2.505775888256816	4		0		0		0		1248		38400
8		1.609420477938121	0.7249666349101993	7		0		0		0		3234		67200
9		3.1603850663601505	-3.0953159797864407	5		0		0		0		1470		48000
10		2.6349444973665364	2.711661318166496	7		0		0		0		1512		67200

ITEMS
Type	Length	Width	Height	Mass	Fragility	LoadBearingStrength
Bt1	80	120	244	1440	0		0
Bt2	80	120	244	1029	0		0
Bt3	80	120	244	1062	0		0
Bt4	80	120	244	1409	0		0
Bt5	80	120	244	1111	0		0
Bt6	80	120	244	369	0		0
Bt7	80	120	244	312	0		0
Bt8	80	120	244	462	0		0
Bt9	80	120	244	294	0		0
Bt10	80	120	244	216	0		0

DEMANDS PER CUSTOMER
i	Type Quantity
1	Bt1 7
2	Bt2 4
3	Bt3 5
4	Bt4 4
5	Bt5 5
6	Bt6 6
7	Bt7 4
8	Bt8 7
9	Bt9 5
10	Bt10 7
