Name				Inst_20_2_2
Number_of_Customers		20
Number_of_Items			161
Number_of_ItemTypes		20
Number_of_Vehicles		20
TimeWindows			0

VEHICLE
Mass_Capacity			32200
CargoSpace_Length		912
CargoSpace_Width		244
CargoSpace_Height		244
Wheelbase			550
Max_Mass_FrontAxle		11600
Max_Mass_RearAxle		21000
Distance_FrontAxle_CargoSpace	-100

CUSTOMERS
i		x	y	Demand		ReadyTime	DueDate		ServiceTime	DemandedMass	DemandedVolume
0		-0.30588817867968016	0.14080361888091286	0		0		0		0		0		0
1		-5.537729674107555	-2.4338212241695745	3		0		0		0		4137		28800
2		4.384071666408589	1.8749094456805506	1		0		0		0		1119		9600
3		4.139437634137864	-0.34777343292731455	11		0		0		0		16269		105600
4		3.3528834608455216	-3.4107409491785092	13		0		0		0		13832		124800
5		-1.7421147641111854	3.4480360850754312	11		0		0		0		11517		105600
6		-1.9864460692402193	1.2252199420533714	13		0		0		0		13949		124800
7		-6.37809988510925	-1.8913643411944265	10		0		0		0		11720		96000
8		3.3528834608455207	-3.4107409491785092	4		0		0		0		5540		38400
9		-7.218043547843644	-1.3493412801818183	2		0		0		0		2012		19200
10		-1.1460773663257233	0.6830698717179459	6		0		0		0		7242		57600
11		5.522099891668157	-0.04959372005813927	3		0		0		0		3213		28800
12		1.6724949644684248	-2.326129292026985	7		0		0		0		8491		67200
13		-4.751351250878937	0.6289839864950044	8		0		0		0		9376		76800
14		0.7246429404388304	5.4266322824784305	13		0		0		0		18629		124800
15		1.618819168017347	1.27888659436647	11		0		0		0		11550		105600
16		5.522099891668157	-0.04959372005813938	8		0		0		0		8288		76800
17		-2.8265102955384953	1.7673210137356867	11		0		0		0		13904		105600
18		0.7784753195080898	1.8211000498218477	8		0		0		0		8720		76800
19		0.8860531667386949	-5.389211709818071	11		0		0		0		12089		105600
20		-0.061700532910512904	2.3633477284858357	7		0		0		0		8351		67200

ITEMS
Type	Length	Width	Height	Mass	Fragility	LoadBearingStrength
Bt1	80	120	244	1379	0		0
Bt2	80	120	244	1119	0		0
Bt3	80	120	244	1479	0		0
Bt4	80	120	244	1064	0		0
Bt5	80	120	244	1047	0		0
Bt6	80	120	244	1073	0		0
Bt7	80	120	244	1172	0		0
Bt8	80	120	244	1385	0		0
Bt9	80	120	244	1006	0		0
Bt10	80	120	244	1207	0		0
Bt11	80	120	244	1071	0		0
Bt12	80	120	244	1213	0		0
Bt13	80	120	244	1172	0		0
Bt14	80	120	244	1433	0		0
Bt15	80	120	244	1050	0		0
Bt16	80	120	244	1036	0		0
Bt17	80	120	244	1264	0		0
Bt18	80	120	244	1090	0		0
Bt19	80	120	244	1099	0		0
Bt20	80	120	244	1193	0		0

DEMANDS PER CUSTOMER
i	Type Quantity
1	Bt1 3
2	Bt2 1
3	Bt3 11
4	Bt4 13
5	Bt5 11
6	Bt6 13
7	Bt7 10
8	Bt8 4
9	Bt9 2
10	Bt10 6
11	Bt11 3
12	Bt12 7
13	Bt13 8
14	Bt14 13
15	Bt15 11
16	Bt16 8
17	Bt17 11
18	Bt18 8
19	Bt19 11
20	Bt20 7
