Name				Inst_25_2_8
Number_of_Customers		25
Number_of_Items			210
Number_of_ItemTypes		25
Number_of_Vehicles		25
TimeWindows			0

VEHICLE
Mass_Capacity			32200
CargoSpace_Length		912
CargoSpace_Width		244
CargoSpace_Height		244
Wheelbase			550
Max_Mass_FrontAxle		11600
Max_Mass_RearAxle		21000
Distance_FrontAxle_CargoSpace	-100

CUSTOMERS
i		x	y	Demand		ReadyTime	DueDate		ServiceTime	DemandedMass	DemandedVolume
0		0.005247179848939129	-0.535742463380332	0		0		0		0		0		0
1		-4.091845046081266	-0.07283564833975371	14		0		0		0		20860		134400
2		0.479065584268748	-4.982554916879054	15		0		0		0		16890		144000
3		6.438537768577293	2.3992488462067914	3		0		0		0		4302		28800
4		-1.0557501781916916	5.198208665473492	8		0		0		0		8768		76800
5		-3.0422173563716877	2.737432531585537	15		0		0		0		21750		144000
6		-2.3310823610992863	-3.932935479774708	7		0		0		0		9100		67200
7		2.228794241308147	-0.2986666982791116	11		0		0		0		14289		105600
8		1.9916717840188856	1.9247440743389894	14		0		0		0		17192		134400
9		-2.45515096998744	1.4507740569280374	8		0		0		0		8032		76800
10		1.416025117550498	-5.332687493714506	15		0		0		0		20040		144000
11		4.802079824539161	0.8749939349168274	1		0		0		0		1190		9600
12		0.8178697414088139	4.4982491957449176	8		0		0		0		10264		76800
13		4.802079824539162	0.8749939349168274	5		0		0		0		5650		48000
14		-3.61801254025907	-4.519956793575809	15		0		0		0		17715		144000
15		3.4024211099500574	-2.87205898977245	7		0		0		0		7210		67200
16		-1.7555126540019421	3.324315382623048	7		0		0		0		8890		67200
17		1.1790196581159527	-3.108985717364198	8		0		0		0		10672		76800
18		4.215040705130856	2.1617521359602407	10		0		0		0		10320		96000
19		-4.678598039691993	1.2136940732920143	1		0		0		0		1033		9600
20		-4.678598039691992	1.2136940732920147	12		0		0		0		16464		115200
21		3.1654115501564015	-0.6486406172297446	2		0		0		0		2918		19200
22		0.592201843505835	-1.8223548027559193	7		0		0		0		8645		67200
23		0.0052168236410107096	-0.5357487903830279	2		0		0		0		2420		19200
24		-3.5048522902299255	-1.359450110532069	9		0		0		0		10935		86400
25		-4.329063280953465	2.1505176167019426	6		0		0		0		7476		57600

ITEMS
Type	Length	Width	Height	Mass	Fragility	LoadBearingStrength
Bt1	80	120	244	1490	0		0
Bt2	80	120	244	1126	0		0
Bt3	80	120	244	1434	0		0
Bt4	80	120	244	1096	0		0
Bt5	80	120	244	1450	0		0
Bt6	80	120	244	1300	0		0
Bt7	80	120	244	1299	0		0
Bt8	80	120	244	1228	0		0
Bt9	80	120	244	1004	0		0
Bt10	80	120	244	1336	0		0
Bt11	80	120	244	1190	0		0
Bt12	80	120	244	1283	0		0
Bt13	80	120	244	1130	0		0
Bt14	80	120	244	1181	0		0
Bt15	80	120	244	1030	0		0
Bt16	80	120	244	1270	0		0
Bt17	80	120	244	1334	0		0
Bt18	80	120	244	1032	0		0
Bt19	80	120	244	1033	0		0
Bt20	80	120	244	1372	0		0
Bt21	80	120	244	1459	0		0
Bt22	80	120	244	1235	0		0
Bt23	80	120	244	1210	0		0
Bt24	80	120	244	1215	0		0
Bt25	80	120	244	1246	0		0

DEMANDS PER CUSTOMER
i	Type Quantity
1	Bt1 14
2	Bt2 15
3	Bt3 3
4	Bt4 8
5	Bt5 15
6	Bt6 7
7	Bt7 11
8	Bt8 14
9	Bt9 8
10	Bt10 15
11	Bt11 1
12	Bt12 8
13	Bt13 5
14	Bt14 15
15	Bt15 7
16	Bt16 7
17	Bt17 8
18	Bt18 10
19	Bt19 1
20	Bt20 12
21	Bt21 2
22	Bt22 7
23	Bt23 2
24	Bt24 9
25	Bt25 6
