Name				Inst_20_4_1
Number_of_Customers		20
Number_of_Items			125
Number_of_ItemTypes		20
Number_of_Vehicles		20
TimeWindows			0

VEHICLE
Mass_Capacity			32200
CargoSpace_Length		912
CargoSpace_Width		244
CargoSpace_Height		244
Wheelbase			550
Max_Mass_FrontAxle		11600
Max_Mass_RearAxle		21000
Distance_FrontAxle_CargoSpace	-100

CUSTOMERS
i		x	y	Demand		ReadyTime	DueDate		ServiceTime	DemandedMass	DemandedVolume
0		-0.35128833112056895	1.0896060464170143	0		0		0		0		0		0
1		3.1838780399096036	4.764185245854998	8		0		0		0		11208		76800
2		3.5042057189636915	2.5511755554376636	4		0		0		0		5260		38400
3		3.3233514162863598	-2.445463089874439	10		0		0		0		13030		96000
4		-5.598491212227388	-0.12136400491095052	11		0		0		0		15609		105600
5		-3.8864411323203343	-2.585167303835541	1		0		0		0		1448		9600
6		2.3626385495666593	4.193541021246769	12		0		0		0		13716		115200
7		1.680938153255301	-3.586752939544567	7		0		0		0		7511		67200
8		-5.028014138778375	-0.9426992729769738	12		0		0		0		14592		115200
9		-1.4229302082109854	-0.8729491793106577	2		0		0		0		2316		19200
10		-0.6018326930702741	-0.3023381097881892	3		0		0		0		3909		28800
11		2.6827989493536646	1.9805688168316533	10		0		0		0		2200		96000
12		5.786921119438947	-0.7335518914959426	8		0		0		0		1888		76800
13		-1.993635732723593	-0.05183090869501563	1		0		0		0		100		9600
14		-2.88450694850017	2.9822443144302775	1		0		0		0		258		9600
15		-5.9189995384944885	2.091906265837049	13		0		0		0		6474		124800
16		4.144411845651996	-1.874929020932025	6		0		0		0		2736		57600
17		-2.564204702318262	0.7693488741911914	9		0		0		0		2331		86400
18		4.965455786254911	-1.3043481250361788	2		0		0		0		818		19200
19		0.8597926344493698	-4.1576535119042966	3		0		0		0		1110		28800
20		-2.2440475753660634	-1.4435287819418405	2		0		0		0		482		19200

ITEMS
Type	Length	Width	Height	Mass	Fragility	LoadBearingStrength
Bt1	80	120	244	1401	0		0
Bt2	80	120	244	1315	0		0
Bt3	80	120	244	1303	0		0
Bt4	80	120	244	1419	0		0
Bt5	80	120	244	1448	0		0
Bt6	80	120	244	1143	0		0
Bt7	80	120	244	1073	0		0
Bt8	80	120	244	1216	0		0
Bt9	80	120	244	1158	0		0
Bt10	80	120	244	1303	0		0
Bt11	80	120	244	220	0		0
Bt12	80	120	244	236	0		0
Bt13	80	120	244	100	0		0
Bt14	80	120	244	258	0		0
Bt15	80	120	244	498	0		0
Bt16	80	120	244	456	0		0
Bt17	80	120	244	259	0		0
Bt18	80	120	244	409	0		0
Bt19	80	120	244	370	0		0
Bt20	80	120	244	241	0		0

DEMANDS PER CUSTOMER
i	Type Quantity
1	Bt1 8
2	Bt2 4
3	Bt3 10
4	Bt4 11
5	Bt5 1
6	Bt6 12
7	Bt7 7
8	Bt8 12
9	Bt9 2
10	Bt10 3
11	Bt11 10
12	Bt12 8
13	Bt13 1
14	Bt14 1
15	Bt15 13
16	Bt16 6
17	Bt17 9
18	Bt18 2
19	Bt19 3
20	Bt20 2
