Name				Inst_20_2_3
Number_of_Customers		20
Number_of_Items			175
Number_of_ItemTypes		20
Number_of_Vehicles		20
TimeWindows			0

VEHICLE
Mass_Capacity			32200
CargoSpace_Length		912
CargoSpace_Width		244
CargoSpace_Height		244
Wheelbase			550
Max_Mass_FrontAxle		11600
Max_Mass_RearAxle		21000
Distance_FrontAxle_CargoSpace	-100

CUSTOMERS
i		x	y	Demand		ReadyTime	DueDate		ServiceTime	DemandedMass	DemandedVolume
0		-0.21830840615062796	0.30100956050339156	0		0		0		0		0		0
1		3.5711587292092544	-2.9604635365102965	15		0		0		0		17745		144000
2		4.971686829461617	2.9588103222267517	12		0		0		0		12936		115200
3		1.7100129327310936	-0.8309204042424833	3		0		0		0		3897		28800
4		-4.142476899423278	1.567012491776554	2		0		0		0		2118		19200
5		1.0477673408742478	4.224956180074509	8		0		0		0		11864		76800
6		-3.9410342402728515	4.56067157872337	7		0		0		0		10038		67200
7		5.105746799180776	4.954355953003526	13		0		0		0		18499		124800
8		0.4439267134793219	-4.754688749298078	11		0		0		0		14388		105600
9		-3.480073479493224	-3.4887367034889736	10		0		0		0		10190		96000
10		4.636206011346058	-2.0299765159718848	14		0		0		0		18410		134400
11		-3.3457280007539327	-1.4931616259139193	13		0		0		0		13832		124800
12		-5.139902837123788	1.6343390035835414	1		0		0		0		1113		9600
13		3.4373113556490646	-4.956259712013543	6		0		0		0		6576		57600
14		-4.477881206984419	-3.4216072529130677	12		0		0		0		15120		115200
15		-2.9431221081418966	4.493328734891064	14		0		0		0		20664		134400
16		4.7033419393160205	-1.0322790970471347	12		0		0		0		16440		115200
17		-5.408465812412724	-2.3565201393537034	1		0		0		0		1288		9600
18		0.6451290871922571	-1.7614359471992485	9		0		0		0		11646		86400
19		-0.017103892329373795	3.2941357248011345	9		0		0		0		11286		86400
20		2.84180914464639	1.0974301343684851	3		0		0		0		3138		28800

ITEMS
Type	Length	Width	Height	Mass	Fragility	LoadBearingStrength
Bt1	80	120	244	1183	0		0
Bt2	80	120	244	1078	0		0
Bt3	80	120	244	1299	0		0
Bt4	80	120	244	1059	0		0
Bt5	80	120	244	1483	0		0
Bt6	80	120	244	1434	0		0
Bt7	80	120	244	1423	0		0
Bt8	80	120	244	1308	0		0
Bt9	80	120	244	1019	0		0
Bt10	80	120	244	1315	0		0
Bt11	80	120	244	1064	0		0
Bt12	80	120	244	1113	0		0
Bt13	80	120	244	1096	0		0
Bt14	80	120	244	1260	0		0
Bt15	80	120	244	1476	0		0
Bt16	80	120	244	1370	0		0
Bt17	80	120	244	1288	0		0
Bt18	80	120	244	1294	0		0
Bt19	80	120	244	1254	0		0
Bt20	80	120	244	1046	0		0

DEMANDS PER CUSTOMER
i	Type Quantity
1	Bt1 15
2	Bt2 12
3	Bt3 3
4	Bt4 2
5	Bt5 8
6	Bt6 7
7	Bt7 13
8	Bt8 11
9	Bt9 10
10	Bt10 14
11	Bt11 13
12	Bt12 1
13	Bt13 6
14	Bt14 12
15	Bt15 14
16	Bt16 12
17	Bt17 1
18	Bt18 9
19	Bt19 9
20	Bt20 3
