Name				Inst_20_3_2
Number_of_Customers		20
Number_of_Items			105
Number_of_ItemTypes		20
Number_of_Vehicles		20
TimeWindows			0

VEHICLE
Mass_Capacity			32200
CargoSpace_Length		912
CargoSpace_Width		244
CargoSpace_Height		244
Wheelbase			550
Max_Mass_FrontAxle		11600
Max_Mass_RearAxle		21000
Distance_FrontAxle_CargoSpace	-100

CUSTOMERS
i		x	y	Demand		ReadyTime	DueDate		ServiceTime	DemandedMass	DemandedVolume
0		-0.5622988730260056	0.9398054457689211	0		0		0		0		0		0
1		-3.8187848928560495	2.48705761216712	6		0		0		0		8982		57600
2		2.187766541796634	6.081541195315054	6		0		0		0		7692		57600
3		-5.366190359326668	-0.7692444145482781	6		0		0		0		8850		57600
4		-0.39365825874915095	-1.2897943796093774	6		0		0		0		8508		57600
5		-3.13660057616842	-0.6006012842803997	5		0		0		0		6210		48000
6		2.004937349995453	-3.3506712314153386	6		0		0		0		7170		57600
7		-0.7381710170889505	-2.6615684455127218	5		0		0		0		5510		48000
8		5.781832326781578	0.0746428061664649	7		0		0		0		7602		67200
9		4.579418189713826	-1.8103797909272652	4		0		0		0		5964		38400
10		-4.1638113840702005	1.1157668599819468	7		0		0		0		9639		67200
11		1.8431466611713505	4.709708864572724	4		0		0		0		1892		38400
12		-0.5693377295248047	-4.891104445680992	5		0		0		0		1145		48000
13		4.754879193044629	1.791101113559487	6		0		0		0		1002		57600
14		-1.2515767428494884	-1.8032621993416944	4		0		0		0		436		38400
15		-2.616205578511944	4.372405311064994	5		0		0		0		1770		48000
16		-4.8528870934134405	-1.6275348823378344	4		0		0		0		508		38400
17		-1.2515767428494882	-1.8032621993416948	4		0		0		0		1448		38400
18		4.579418189713827	-1.8103797909272654	4		0		0		0		968		38400
19		-0.21776573740175392	2.3115723905056287	7		0		0		0		3157		67200
20		3.207466533619063	-1.4657985351794782	4		0		0		0		1024		38400

ITEMS
Type	Length	Width	Height	Mass	Fragility	LoadBearingStrength
Bt1	80	120	244	1497	0		0
Bt2	80	120	244	1282	0		0
Bt3	80	120	244	1475	0		0
Bt4	80	120	244	1418	0		0
Bt5	80	120	244	1242	0		0
Bt6	80	120	244	1195	0		0
Bt7	80	120	244	1102	0		0
Bt8	80	120	244	1086	0		0
Bt9	80	120	244	1491	0		0
Bt10	80	120	244	1377	0		0
Bt11	80	120	244	473	0		0
Bt12	80	120	244	229	0		0
Bt13	80	120	244	167	0		0
Bt14	80	120	244	109	0		0
Bt15	80	120	244	354	0		0
Bt16	80	120	244	127	0		0
Bt17	80	120	244	362	0		0
Bt18	80	120	244	242	0		0
Bt19	80	120	244	451	0		0
Bt20	80	120	244	256	0		0

DEMANDS PER CUSTOMER
i	Type Quantity
1	Bt1 6
2	Bt2 6
3	Bt3 6
4	Bt4 6
5	Bt5 5
6	Bt6 6
7	Bt7 5
8	Bt8 7
9	Bt9 4
10	Bt10 7
11	Bt11 4
12	Bt12 5
13	Bt13 6
14	Bt14 4
15	Bt15 5
16	Bt16 4
17	Bt17 4
18	Bt18 4
19	Bt19 7
20	Bt20 4
