Name				Inst_25_4_6
Number_of_Customers		25
Number_of_Items			196
Number_of_ItemTypes		25
Number_of_Vehicles		25
TimeWindows			0

VEHICLE
Mass_Capacity			32200
CargoSpace_Length		912
CargoSpace_Width		244
CargoSpace_Height		244
Wheelbase			550
Max_Mass_FrontAxle		11600
Max_Mass_RearAxle		21000
Distance_FrontAxle_CargoSpace	-100

CUSTOMERS
i		x	y	Demand		ReadyTime	DueDate		ServiceTime	DemandedMass	DemandedVolume
0		-0.33077924236750794	0.0032550329103359127	0		0		0		0		0		0
1		2.208198443629311	-1.8817489054312089	1		0		0		0		1364		9600
2		1.7158089947558652	-4.667215157165716	6		0		0		0		7728		57600
3		0.32311570090295	-4.420755274001028	10		0		0		0		14480		96000
4		-1.477212628297565	1.6421277473490388	1		0		0		0		1024		9600
5		-3.688992497108238	1.314972342924047	3		0		0		0		3837		28800
6		6.059001096418436	-0.40805586981027414	2		0		0		0		2986		19200
7		-0.08468666376037823	1.3959385315754829	12		0		0		0		17100		115200
8		-0.6578312896840504	2.215222472738173	8		0		0		0		9024		76800
9		2.7005069081978763	0.9035259765007163	14		0		0		0		14574		134400
10		-1.8044079792019543	3.854125280377685	15		0		0		0		19800		144000
11		-3.035244139287998	-3.1090761889362346	13		0		0		0		17602		124800
12		4.666431893121103	-0.16218661376188348	10		0		0		0		13710		96000
13		4.6664318931211035	-0.16218661376188404	11		0		0		0		4268		105600
14		1.4732447185081359	6.147029651184848	1		0		0		0		361		9600
15		-1.1502242017447701	-0.5698951061566898	13		0		0		0		4914		124800
16		-5.001031094517104	-2.0433048971912116	11		0		0		0		1518		105600
17		-0.08468666376037812	1.3959385315754826	10		0		0		0		3390		96000
18		-1.6425943911063121	-3.3551300492355725	2		0		0		0		406		19200
19		-2.623587640906405	3.2806862717945733	10		0		0		0		3100		96000
20		-2.462162940842601	-3.9284316271078765	3		0		0		0		1167		28800
21		4.093208632469633	0.6572932403634721	3		0		0		0		507		28800
22		-0.003836440738413823	-2.2088143499568216	13		0		0		0		4667		124800
23		-5.328138653202882	0.16871830671544105	2		0		0		0		888		19200
24		3.273858026106403	0.0838795277937726	11		0		0		0		4851		105600
25		-1.8043898407042558	3.8540877387133303	11		0		0		0		3751		105600

ITEMS
Type	Length	Width	Height	Mass	Fragility	LoadBearingStrength
Bt1	80	120	244	1364	0		0
Bt2	80	120	244	1288	0		0
Bt3	80	120	244	1448	0		0
Bt4	80	120	244	1024	0		0
Bt5	80	120	244	1279	0		0
Bt6	80	120	244	1493	0		0
Bt7	80	120	244	1425	0		0
Bt8	80	120	244	1128	0		0
Bt9	80	120	244	1041	0		0
Bt10	80	120	244	1320	0		0
Bt11	80	120	244	1354	0		0
Bt12	80	120	244	1371	0		0
Bt13	80	120	244	388	0		0
Bt14	80	120	244	361	0		0
Bt15	80	120	244	378	0		0
Bt16	80	120	244	138	0		0
Bt17	80	120	244	339	0		0
Bt18	80	120	244	203	0		0
Bt19	80	120	244	310	0		0
Bt20	80	120	244	389	0		0
Bt21	80	120	244	169	0		0
Bt22	80	120	244	359	0		0
Bt23	80	120	244	444	0		0
Bt24	80	120	244	441	0		0
Bt25	80	120	244	341	0		0

DEMANDS PER CUSTOMER
i	Type Quantity
1	Bt1 1
2	Bt2 6
3	Bt3 10
4	Bt4 1
5	Bt5 3
6	Bt6 2
7	Bt7 12
8	Bt8 8
9	Bt9 14
10	Bt10 15
11	Bt11 13
12	Bt12 10
13	Bt13 11
14	Bt14 1
15	Bt15 13
16	Bt16 11
17	Bt17 10
18	Bt18 2
19	Bt19 10
20	Bt20 3
21	Bt21 3
22	Bt22 13
23	Bt23 2
24	Bt24 11
25	Bt25 11
