Name				Inst_10_1_8
Number_of_Customers		10
Number_of_Items			55
Number_of_ItemTypes		10
Number_of_Vehicles		10
TimeWindows			0

VEHICLE
Mass_Capacity			32200
CargoSpace_Length		912
CargoSpace_Width		244
CargoSpace_Height		244
Wheelbase			550
Max_Mass_FrontAxle		11600
Max_Mass_RearAxle		21000
Distance_FrontAxle_CargoSpace	-100

CUSTOMERS
i		x	y	Demand		ReadyTime	DueDate		ServiceTime	DemandedMass	DemandedVolume
0		-1.0487124128373737	0.4055736949966237	0		0		0		0		0		0
1		0.6880153704486072	-1.8265216075300241	6		0		0		0		8304		57600
2		-6.257905958114094	-0.9589726816986337	5		0		0		0		6925		48000
3		1.9280720349027591	0.03377462113532326	6		0		0		0		6084		57600
4		-4.646270701939404	3.8782571446961835	5		0		0		0		6165		48000
5		-6.1338836610658385	0.03305271058145861	7		0		0		0		7259		67200
6		3.665164800916233	-2.198379371398919	4		0		0		0		5144		38400
7		2.9206152202013107	-0.08973937509869052	5		0		0		0		5265		48000
8		4.284299933339966	2.7632020073633	5		0		0		0		6125		48000
9		0.3163054408078728	-4.803449150409924	7		0		0		0		9709		67200
10		4.284299933339967	2.7632020073633003	5		0		0		0		7390		48000

ITEMS
Type	Length	Width	Height	Mass	Fragility	LoadBearingStrength
Bt1	80	120	244	1384	0		0
Bt2	80	120	244	1385	0		0
Bt3	80	120	244	1014	0		0
Bt4	80	120	244	1233	0		0
Bt5	80	120	244	1037	0		0
Bt6	80	120	244	1286	0		0
Bt7	80	120	244	1053	0		0
Bt8	80	120	244	1225	0		0
Bt9	80	120	244	1387	0		0
Bt10	80	120	244	1478	0		0

DEMANDS PER CUSTOMER
i	Type Quantity
1	Bt1 6
2	Bt2 5
3	Bt3 6
4	Bt4 5
5	Bt5 7
6	Bt6 4
7	Bt7 5
8	Bt8 5
9	Bt9 7
10	Bt10 5
