Name				Inst_20_2_5
Number_of_Customers		20
Number_of_Items			169
Number_of_ItemTypes		20
Number_of_Vehicles		20
TimeWindows			0

VEHICLE
Mass_Capacity			32200
CargoSpace_Length		912
CargoSpace_Width		244
CargoSpace_Height		244
Wheelbase			550
Max_Mass_FrontAxle		11600
Max_Mass_RearAxle		21000
Distance_FrontAxle_CargoSpace	-100

CUSTOMERS
i		x	y	Demand		ReadyTime	DueDate		ServiceTime	DemandedMass	DemandedVolume
0		-0.4152453323483402	0.3193526115337142	0		0		0		0		0		0
1		2.3892162863535473	0.68563057249737	5		0		0		0		7035		48000
2		-1.8776695342599343	-4.863340344836298	1		0		0		0		1443		9600
3		4.767469372104439	-1.142918312220571	3		0		0		0		3360		28800
4		1.0469093760735577	5.501978123128557	9		0		0		0		10683		86400
5		0.803935936393849	1.9048109007223217	15		0		0		0		20775		144000
6		4.76746937210444	-1.142918312220571	8		0		0		0		11768		76800
7		-2.427140382096048	-0.6565658576454613	6		0		0		0		8940		57600
8		-3.646173181927525	-2.242171602641897	13		0		0		0		16991		124800
9		-4.195806157201165	1.9648566389890254	3		0		0		0		4383		28800
10		6.596577856535229	1.2349674372502055	7		0		0		0		7224		67200
11		5.1940586211955235	1.0520417690199164	11		0		0		0		12078		105600
12		2.938872999718317	-3.5214824228569697	13		0		0		0		15314		124800
13		-2.1837357852667427	2.940630918466327	14		0		0		0		19194		134400
14		-5.598096409036352	1.7815993266462773	4		0		0		0		5280		38400
15		-1.0247484008039007	-0.47364012453668963	12		0		0		0		12744		115200
16		-0.658471337851395	-3.2778834817002194	9		0		0		0		11871		86400
17		-4.439110992023604	-1.6324965580220894	8		0		0		0		9240		76800
18		-1.7573923163856078	5.1358231704298545	4		0		0		0		4300		38400
19		3.3652531906492427	-1.326102849360909	13		0		0		0		17498		124800
20		-3.646173181927525	-2.242171602641897	11		0		0		0		14718		105600

ITEMS
Type	Length	Width	Height	Mass	Fragility	LoadBearingStrength
Bt1	80	120	244	1407	0		0
Bt2	80	120	244	1443	0		0
Bt3	80	120	244	1120	0		0
Bt4	80	120	244	1187	0		0
Bt5	80	120	244	1385	0		0
Bt6	80	120	244	1471	0		0
Bt7	80	120	244	1490	0		0
Bt8	80	120	244	1307	0		0
Bt9	80	120	244	1461	0		0
Bt10	80	120	244	1032	0		0
Bt11	80	120	244	1098	0		0
Bt12	80	120	244	1178	0		0
Bt13	80	120	244	1371	0		0
Bt14	80	120	244	1320	0		0
Bt15	80	120	244	1062	0		0
Bt16	80	120	244	1319	0		0
Bt17	80	120	244	1155	0		0
Bt18	80	120	244	1075	0		0
Bt19	80	120	244	1346	0		0
Bt20	80	120	244	1338	0		0

DEMANDS PER CUSTOMER
i	Type Quantity
1	Bt1 5
2	Bt2 1
3	Bt3 3
4	Bt4 9
5	Bt5 15
6	Bt6 8
7	Bt7 6
8	Bt8 13
9	Bt9 3
10	Bt10 7
11	Bt11 11
12	Bt12 13
13	Bt13 14
14	Bt14 4
15	Bt15 12
16	Bt16 9
17	Bt17 8
18	Bt18 4
19	Bt19 13
20	Bt20 11
