Name				Inst_15_4_5
Number_of_Customers		15
Number_of_Items			113
Number_of_ItemTypes		15
Number_of_Vehicles		15
TimeWindows			0

VEHICLE
Mass_Capacity			32200
CargoSpace_Length		912
CargoSpace_Width		244
CargoSpace_Height		244
Wheelbase			550
Max_Mass_FrontAxle		11600
Max_Mass_RearAxle		21000
Distance_FrontAxle_CargoSpace	-100

CUSTOMERS
i		x	y	Demand		ReadyTime	DueDate		ServiceTime	DemandedMass	DemandedVolume
0		-1.326099761121112	1.3270215992999117	0		0		0		0		0		0
1		1.4055491996127047	-1.5948571637097726	10		0		0		0		12470		96000
2		-0.6433237670788514	0.5964486887956936	10		0		0		0		12360		96000
3		2.1362324413481666	-0.9122190668387874	14		0		0		0		17570		134400
4		5.058050910993824	1.8198606752684305	2		0		0		0		2544		19200
5		-4.295411019913982	-2.817970719041916	1		0		0		0		1268		9600
6		-2.6920669325147144	2.788169674277683	7		0		0		0		7574		67200
7		-4.248085918286328	-1.404777021897588	8		0		0		0		9120		76800
8		2.866431946469566	-0.22909228852042057	11		0		0		0		2508		105600
9		-5.51876828019386	2.8828772194356747	6		0		0		0		2874		57600
10		2.866431946469566	-0.22909228852042085	15		0		0		0		3135		144000
11		3.596960068869017	0.4537971255497276	4		0		0		0		1440		38400
12		-7.027463509843603	0.10307398665871895	6		0		0		0		1524		57600
13		1.3579625645830886	-3.0082439323155943	9		0		0		0		3879		86400
14		1.4055491996127023	-1.5948571637097708	5		0		0		0		2325		48000
15		5.058050910993824	1.8198606752684294	5		0		0		0		1465		48000

ITEMS
Type	Length	Width	Height	Mass	Fragility	LoadBearingStrength
Bt1	80	120	244	1247	0		0
Bt2	80	120	244	1236	0		0
Bt3	80	120	244	1255	0		0
Bt4	80	120	244	1272	0		0
Bt5	80	120	244	1268	0		0
Bt6	80	120	244	1082	0		0
Bt7	80	120	244	1140	0		0
Bt8	80	120	244	228	0		0
Bt9	80	120	244	479	0		0
Bt10	80	120	244	209	0		0
Bt11	80	120	244	360	0		0
Bt12	80	120	244	254	0		0
Bt13	80	120	244	431	0		0
Bt14	80	120	244	465	0		0
Bt15	80	120	244	293	0		0

DEMANDS PER CUSTOMER
i	Type Quantity
1	Bt1 10
2	Bt2 10
3	Bt3 14
4	Bt4 2
5	Bt5 1
6	Bt6 7
7	Bt7 8
8	Bt8 11
9	Bt9 6
10	Bt10 15
11	Bt11 4
12	Bt12 6
13	Bt13 9
14	Bt14 5
15	Bt15 5
