Name				Inst_25_2_7
Number_of_Customers		25
Number_of_Items			211
Number_of_ItemTypes		25
Number_of_Vehicles		25
TimeWindows			0

VEHICLE
Mass_Capacity			32200
CargoSpace_Length		912
CargoSpace_Width		244
CargoSpace_Height		244
Wheelbase			550
Max_Mass_FrontAxle		11600
Max_Mass_RearAxle		21000
Distance_FrontAxle_CargoSpace	-100

CUSTOMERS
i		x	y	Demand		ReadyTime	DueDate		ServiceTime	DemandedMass	DemandedVolume
0		-0.9973592703520641	0.1908865878335541	0		0		0		0		0		0
1		2.126464294239841	-3.8392095922030607	3		0		0		0		4176		28800
2		2.5794208831675802	-0.2621945396733263	4		0		0		0		5252		38400
3		-0.09860860983849444	2.872575668484261	3		0		0		0		3096		28800
4		-2.7875640020940673	-0.7005857059564127	13		0		0		0		17550		124800
5		3.9204945175593227	-0.7117710615696263	4		0		0		0		4976		38400
6		5.707359293937494	-2.056486666352502	7		0		0		0		9422		67200
7		-2.3495659881706366	-6.067919027508071	9		0		0		0		9693		86400
8		3.4785020195249627	2.4196467699556323	12		0		0		0		12216		115200
9		3.0327234197066364	3.314748980461671	6		0		0		0		7986		57600
10		-1.4540102135221262	-5.622246095749802	10		0		0		0		10660		96000
11		-5.465633867269845	2.43426525017958	8		0		0		0		11200		76800
12		4.3665544996239944	-1.606946678862392	10		0		0		0		12260		96000
13		-4.121162981451145	4.220860551280302	15		0		0		0		18780		144000
14		-1.4540102135221262	-5.622246095749802	6		0		0		0		6198		57600
15		3.9242072513199484	1.5243205446454395	8		0		0		0		9424		76800
16		0.7928951954317517	1.0822951541896508	14		0		0		0		16730		134400
17		1.6809113048977242	-2.944066054690223	5		0		0		0		5515		48000
18		-7.256162317193976	1.5431101991011438	10		0		0		0		12820		96000
19		-1.4468272879429633	-1.1500600015184244	15		0		0		0		18600		144000
20		-4.581568623866681	-3.828045630931349	8		0		0		0		8544		76800
21		-6.806846353310034	2.8837464478738735	3		0		0		0		3471		28800
22		3.029012336260513	1.078482307540606	11		0		0		0		11528		105600
23		1.6956790931389463	6.000334117690538	11		0		0		0		15939		105600
24		2.137734468866726	2.869144673012921	2		0		0		0		2654		19200
25		0.34736115085871483	1.9773598985158154	14		0		0		0		16324		134400

ITEMS
Type	Length	Width	Height	Mass	Fragility	LoadBearingStrength
Bt1	80	120	244	1392	0		0
Bt2	80	120	244	1313	0		0
Bt3	80	120	244	1032	0		0
Bt4	80	120	244	1350	0		0
Bt5	80	120	244	1244	0		0
Bt6	80	120	244	1346	0		0
Bt7	80	120	244	1077	0		0
Bt8	80	120	244	1018	0		0
Bt9	80	120	244	1331	0		0
Bt10	80	120	244	1066	0		0
Bt11	80	120	244	1400	0		0
Bt12	80	120	244	1226	0		0
Bt13	80	120	244	1252	0		0
Bt14	80	120	244	1033	0		0
Bt15	80	120	244	1178	0		0
Bt16	80	120	244	1195	0		0
Bt17	80	120	244	1103	0		0
Bt18	80	120	244	1282	0		0
Bt19	80	120	244	1240	0		0
Bt20	80	120	244	1068	0		0
Bt21	80	120	244	1157	0		0
Bt22	80	120	244	1048	0		0
Bt23	80	120	244	1449	0		0
Bt24	80	120	244	1327	0		0
Bt25	80	120	244	1166	0		0

DEMANDS PER CUSTOMER
i	Type Quantity
1	Bt1 3
2	Bt2 4
3	Bt3 3
4	Bt4 13
5	Bt5 4
6	Bt6 7
7	Bt7 9
8	Bt8 12
9	Bt9 6
10	Bt10 10
11	Bt11 8
12	Bt12 10
13	Bt13 15
14	Bt14 6
15	Bt15 8
16	Bt16 14
17	Bt17 5
18	Bt18 10
19	Bt19 15
20	Bt20 8
21	Bt21 3
22	Bt22 11
23	Bt23 11
24	Bt24 2
25	Bt25 14
