Name				Inst_25_1_3
Number_of_Customers		25
Number_of_Items			129
Number_of_ItemTypes		25
Number_of_Vehicles		25
TimeWindows			0

VEHICLE
Mass_Capacity			32200
CargoSpace_Length		912
CargoSpace_Width		244
CargoSpace_Height		244
Wheelbase			550
Max_Mass_FrontAxle		11600
Max_Mass_RearAxle		21000
Distance_FrontAxle_CargoSpace	-100

CUSTOMERS
i		x	y	Demand		ReadyTime	DueDate		ServiceTime	DemandedMass	DemandedVolume
0		-0.4868166824194923	0.5157107826291455	0		0		0		0		0		0
1		1.9967940246606155	-1.1670528770644997	7		0		0		0		9450		67200
2		-0.5137992030451837	-3.0897321037175915	6		0		0		0		7488		57600
3		-1.8755484705489365	0.24869500054868207	6		0		0		0		7554		57600
4		-5.214194801425139	-1.1131895434397856	6		0		0		0		8670		57600
5		0.9019011669095239	0.7826153443156298	4		0		0		0		4920		38400
6		-3.8250933762844435	-0.8461203790537414	4		0		0		0		4356		38400
7		-4.947237859385195	-2.5021033471718566	4		0		0		0		4876		38400
8		1.4088511611257495	-5.600405942435897	4		0		0		0		5120		38400
9		-2.169509574956344	-1.9680453613417876	4		0		0		0		5812		38400
10		1.9967940246606155	-1.1670528770644988	4		0		0		0		4528		38400
11		-5.481221893374772	0.2756583067827874	6		0		0		0		8598		57600
12		2.2904953748148213	1.049651908897381	7		0		0		0		7735		67200
13		-4.626223555890872	3.3202850637730283	7		0		0		0		10458		67200
14		1.7567027869844107	3.8272620131073722	5		0		0		0		6110		48000
15		-0.7269156585977355	5.509788940128127	4		0		0		0		4144		38400
16		3.4126444012040307	2.7053926890072524	6		0		0		0		7344		57600
17		1.1420490693429846	-4.211280756925581	4		0		0		0		4056		38400
18		2.824678863909216	-1.7279746303049723	5		0		0		0		5740		48000
19		1.756702786984411	3.8272620131073722	4		0		0		0		4812		38400
20		3.946732737111982	-0.0720838763446365	5		0		0		0		5505		48000
21		-5.748108894207911	1.664275593559656	5		0		0		0		6080		48000
22		1.1688725092628025	-0.6060326247288738	5		0		0		0		5340		48000
23		5.896138946992789	1.0227863860455095	6		0		0		0		7380		57600
24		2.0235813857519824	2.4384533638013197	7		0		0		0		9681		67200
25		3.0917307304200863	-3.1167630861095432	4		0		0		0		4016		38400

ITEMS
Type	Length	Width	Height	Mass	Fragility	LoadBearingStrength
Bt1	80	120	244	1350	0		0
Bt2	80	120	244	1248	0		0
Bt3	80	120	244	1259	0		0
Bt4	80	120	244	1445	0		0
Bt5	80	120	244	1230	0		0
Bt6	80	120	244	1089	0		0
Bt7	80	120	244	1219	0		0
Bt8	80	120	244	1280	0		0
Bt9	80	120	244	1453	0		0
Bt10	80	120	244	1132	0		0
Bt11	80	120	244	1433	0		0
Bt12	80	120	244	1105	0		0
Bt13	80	120	244	1494	0		0
Bt14	80	120	244	1222	0		0
Bt15	80	120	244	1036	0		0
Bt16	80	120	244	1224	0		0
Bt17	80	120	244	1014	0		0
Bt18	80	120	244	1148	0		0
Bt19	80	120	244	1203	0		0
Bt20	80	120	244	1101	0		0
Bt21	80	120	244	1216	0		0
Bt22	80	120	244	1068	0		0
Bt23	80	120	244	1230	0		0
Bt24	80	120	244	1383	0		0
Bt25	80	120	244	1004	0		0

DEMANDS PER CUSTOMER
i	Type Quantity
1	Bt1 7
2	Bt2 6
3	Bt3 6
4	Bt4 6
5	Bt5 4
6	Bt6 4
7	Bt7 4
8	Bt8 4
9	Bt9 4
10	Bt10 4
11	Bt11 6
12	Bt12 7
13	Bt13 7
14	Bt14 5
15	Bt15 4
16	Bt16 6
17	Bt17 4
18	Bt18 5
19	Bt19 4
20	Bt20 5
21	Bt21 5
22	Bt22 5
23	Bt23 6
24	Bt24 7
25	Bt25 4
