Name				Inst_20_2_4
Number_of_Customers		20
Number_of_Items			181
Number_of_ItemTypes		20
Number_of_Vehicles		20
TimeWindows			0

VEHICLE
Mass_Capacity			32200
CargoSpace_Length		912
CargoSpace_Width		244
CargoSpace_Height		244
Wheelbase			550
Max_Mass_FrontAxle		11600
Max_Mass_RearAxle		21000
Distance_FrontAxle_CargoSpace	-100

CUSTOMERS
i		x	y	Demand		ReadyTime	DueDate		ServiceTime	DemandedMass	DemandedVolume
0		-0.2913873871273889	0.23115942847660853	0		0		0		0		0		0
1		0.6118784829627176	4.253855208090564	12		0		0		0		17568		115200
2		2.8043241112524506	-3.6953717500809877	11		0		0		0		11539		105600
3		3.6833782485382724	1.3274704219405566	4		0		0		0		4720		38400
4		-2.2183058050631725	-2.816260027909597	13		0		0		0		18252		124800
5		-5.2657286040358	-0.8893600934763862	8		0		0		0		8632		76800
6		-2.3148712607758113	1.1823997340734758	11		0		0		0		12177		105600
7		2.6594968775518493	2.3030694173999233	4		0		0		0		5500		38400
8		3.755746521538577	-1.6718117496929281	2		0		0		0		2128		19200
9		3.635037062607477	3.3268284438317983	5		0		0		0		5980		48000
10		1.8286155190354674	-4.718998110317	3		0		0		0		3879		28800
11		-5.33808253495646	2.1098398215474603	12		0		0		0		15696		115200
12		3.755746521538576	-1.6718117496929275	14		0		0		0		14658		134400
13		-4.1937874124912256	-3.864214184120287	15		0		0		0		16155		144000
14		2.683490388498428	1.303148477412969	11		0		0		0		12782		105600
15		-1.3393754932070847	2.2064529006293765	15		0		0		0		17010		144000
16		-5.386514935819105	4.109644602451035	1		0		0		0		1042		9600
17		0.7324515605501967	-0.744372911231804	6		0		0		0		7554		57600
18		-5.241656956089572	-1.888920333312779	6		0		0		0		7776		57600
19		0.7565170811600718	-1.7442038291706254	15		0		0		0		15765		144000
20		4.683028014331538	1.351456283151559	13		0		0		0		16185		124800

ITEMS
Type	Length	Width	Height	Mass	Fragility	LoadBearingStrength
Bt1	80	120	244	1464	0		0
Bt2	80	120	244	1049	0		0
Bt3	80	120	244	1180	0		0
Bt4	80	120	244	1404	0		0
Bt5	80	120	244	1079	0		0
Bt6	80	120	244	1107	0		0
Bt7	80	120	244	1375	0		0
Bt8	80	120	244	1064	0		0
Bt9	80	120	244	1196	0		0
Bt10	80	120	244	1293	0		0
Bt11	80	120	244	1308	0		0
Bt12	80	120	244	1047	0		0
Bt13	80	120	244	1077	0		0
Bt14	80	120	244	1162	0		0
Bt15	80	120	244	1134	0		0
Bt16	80	120	244	1042	0		0
Bt17	80	120	244	1259	0		0
Bt18	80	120	244	1296	0		0
Bt19	80	120	244	1051	0		0
Bt20	80	120	244	1245	0		0

DEMANDS PER CUSTOMER
i	Type Quantity
1	Bt1 12
2	Bt2 11
3	Bt3 4
4	Bt4 13
5	Bt5 8
6	Bt6 11
7	Bt7 4
8	Bt8 2
9	Bt9 5
10	Bt10 3
11	Bt11 12
12	Bt12 14
13	Bt13 15
14	Bt14 11
15	Bt15 15
16	Bt16 1
17	Bt17 6
18	Bt18 6
19	Bt19 15
20	Bt20 13
