Name				Inst_25_3_3
Number_of_Customers		25
Number_of_Items			139
Number_of_ItemTypes		25
Number_of_Vehicles		25
TimeWindows			0

VEHICLE
Mass_Capacity			32200
CargoSpace_Length		912
CargoSpace_Width		244
CargoSpace_Height		244
Wheelbase			550
Max_Mass_FrontAxle		11600
Max_Mass_RearAxle		21000
Distance_FrontAxle_CargoSpace	-100

CUSTOMERS
i		x	y	Demand		ReadyTime	DueDate		ServiceTime	DemandedMass	DemandedVolume
0		-0.8231330577239904	0.6435588128520225	0		0		0		0		0		0
1		0.6067905714300382	-0.7547681931408523	6		0		0		0		6876		57600
2		0.6541855059432887	-4.9971441452271135	6		0		0		0		7650		57600
3		-3.6829803155101404	3.440212824677863	5		0		0		0		5630		48000
4		-2.2688549980658195	3.4560111361090464	7		0		0		0		9709		67200
5		3.4350412066107094	-0.7231715697126886	5		0		0		0		5090		48000
6		-3.6355853809385112	-0.8021631276325746	4		0		0		0		4132		38400
7		2.6884827688751476	2.804242567908354	7		0		0		0		7343		67200
8		3.3876462705119574	3.5192043825259893	6		0		0		0		6306		57600
9		-1.4591033150972705	-5.727904271679081	4		0		0		0		4664		38400
10		-3.6355853809385112	-0.8021631276325742	4		0		0		0		5300		38400
11		4.150003019918065	-1.4223350727941055	6		0		0		0		8598		57600
12		2.751676014846176	-2.8522587015803755	6		0		0		0		8748		57600
13		3.3876462705119574	3.5192043825259898	7		0		0		0		3038		67200
14		-3.667182004109676	2.0260875070299464	7		0		0		0		2968		67200
15		2.0525125118157765	-3.5672205161290296	7		0		0		0		1057		67200
16		-1.5696914952698502	4.1709729505646	4		0		0		0		1032		38400
17		2.7200793916303794	-0.02400806685318015	4		0		0		0		1960		38400
18		-1.5538931838235706	2.756847632998335	6		0		0		0		1554		57600
19		-6.463836014152952	-0.8337597494390323	7		0		0		0		3038		67200
20		2.005117577450428	0.6751554359588929	4		0		0		0		1440		38400
21		-0.12396955485707226	1.3585206272486683	5		0		0		0		2200		48000
22		1.3059540743293137	-0.039806378711766933	5		0		0		0		1610		48000
23		2.704281080162321	1.3901172503485546	5		0		0		0		1480		48000
24		-3.6039887580066785	-3.6304137625008575	5		0		0		0		1425		48000
25		0.6383871944584831	-3.583018827715037	7		0		0		0		2604		67200

ITEMS
Type	Length	Width	Height	Mass	Fragility	LoadBearingStrength
Bt1	80	120	244	1146	0		0
Bt2	80	120	244	1275	0		0
Bt3	80	120	244	1126	0		0
Bt4	80	120	244	1387	0		0
Bt5	80	120	244	1018	0		0
Bt6	80	120	244	1033	0		0
Bt7	80	120	244	1049	0		0
Bt8	80	120	244	1051	0		0
Bt9	80	120	244	1166	0		0
Bt10	80	120	244	1325	0		0
Bt11	80	120	244	1433	0		0
Bt12	80	120	244	1458	0		0
Bt13	80	120	244	434	0		0
Bt14	80	120	244	424	0		0
Bt15	80	120	244	151	0		0
Bt16	80	120	244	258	0		0
Bt17	80	120	244	490	0		0
Bt18	80	120	244	259	0		0
Bt19	80	120	244	434	0		0
Bt20	80	120	244	360	0		0
Bt21	80	120	244	440	0		0
Bt22	80	120	244	322	0		0
Bt23	80	120	244	296	0		0
Bt24	80	120	244	285	0		0
Bt25	80	120	244	372	0		0

DEMANDS PER CUSTOMER
i	Type Quantity
1	Bt1 6
2	Bt2 6
3	Bt3 5
4	Bt4 7
5	Bt5 5
6	Bt6 4
7	Bt7 7
8	Bt8 6
9	Bt9 4
10	Bt10 4
11	Bt11 6
12	Bt12 6
13	Bt13 7
14	Bt14 7
15	Bt15 7
16	Bt16 4
17	Bt17 4
18	Bt18 6
19	Bt19 7
20	Bt20 4
21	Bt21 5
22	Bt22 5
23	Bt23 5
24	Bt24 5
25	Bt25 7
