Name				Inst_10_2_2
Number_of_Customers		10
Number_of_Items			82
Number_of_ItemTypes		10
Number_of_Vehicles		10
TimeWindows			0

VEHICLE
Mass_Capacity			32200
CargoSpace_Length		912
CargoSpace_Width		244
CargoSpace_Height		244
Wheelbase			550
Max_Mass_FrontAxle		11600
Max_Mass_RearAxle		21000
Distance_FrontAxle_CargoSpace	-100

CUSTOMERS
i		x	y	Demand		ReadyTime	DueDate		ServiceTime	DemandedMass	DemandedVolume
0		-0.8828008063679841	0.34845721177641936	0		0		0		0		0		0
1		2.378297043508398	2.871570178573376	13		0		0		0		13910		124800
2		-3.4058596515272765	3.609215882221511	4		0		0		0		4704		38400
3		-0.7162811858052418	-1.0560319017848308	4		0		0		0		5208		38400
4		-3.239447674825656	2.204950684528403	14		0		0		0		20300		134400
5		4.1157362827774255	0.22947826989744374	6		0		0		0		7236		57600
6		2.0924141457573735	-0.7231425675021528	7		0		0		0		7714		67200
7		4.2823484463978785	-1.174552074703445	6		0		0		0		8916		57600
8		1.3070001415671693	-0.10402518947596591	7		0		0		0		7322		67200
9		-4.762938270696394	-2.9601256438270807	6		0		0		0		8940		57600
10		-1.1684684707856863	-3.2457948497036755	15		0		0		0		20160		144000

ITEMS
Type	Length	Width	Height	Mass	Fragility	LoadBearingStrength
Bt1	80	120	244	1070	0		0
Bt2	80	120	244	1176	0		0
Bt3	80	120	244	1302	0		0
Bt4	80	120	244	1450	0		0
Bt5	80	120	244	1206	0		0
Bt6	80	120	244	1102	0		0
Bt7	80	120	244	1486	0		0
Bt8	80	120	244	1046	0		0
Bt9	80	120	244	1490	0		0
Bt10	80	120	244	1344	0		0

DEMANDS PER CUSTOMER
i	Type Quantity
1	Bt1 13
2	Bt2 4
3	Bt3 4
4	Bt4 14
5	Bt5 6
6	Bt6 7
7	Bt7 6
8	Bt8 7
9	Bt9 6
10	Bt10 15
