Name				Inst_15_4_4
Number_of_Customers		15
Number_of_Items			139
Number_of_ItemTypes		15
Number_of_Vehicles		15
TimeWindows			0

VEHICLE
Mass_Capacity			32200
CargoSpace_Length		912
CargoSpace_Width		244
CargoSpace_Height		244
Wheelbase			550
Max_Mass_FrontAxle		11600
Max_Mass_RearAxle		21000
Distance_FrontAxle_CargoSpace	-100

CUSTOMERS
i		x	y	Demand		ReadyTime	DueDate		ServiceTime	DemandedMass	DemandedVolume
0		-0.2651424096019914	5.239071956046966e-05	0		0		0		0		0		0
1		-7.336167163089346	0.00032125441664216173	12		0		0		0		14136		115200
2		-0.2651424096019914	5.239071956091842e-05	9		0		0		0		10395		86400
3		-2.386777324061476	-4.949660402835832	9		0		0		0		10818		86400
4		0.44175858495427994	-3.53545771466121	12		0		0		0		13236		115200
5		5.391943352859696	0.00010330484707331726	4		0		0		0		5940		38400
6		2.563256645295816	1.4139520638801641	8		0		0		0		9152		76800
7		1.1491124052091841	2.8282856509557486	12		0		0		0		14964		115200
8		2.5630463882145813	-0.0001336330979891995	6		0		0		0		2388		57600
9		-0.9720781516121401	4.9498165327618215	1		0		0		0		105		9600
10		-5.921926184501842	1.4144065477312477	14		0		0		0		2968		134400
11		-3.800517014685766	2.1213702243407564	13		0		0		0		4589		124800
12		1.8559286999057887	-4.94985570693179	9		0		0		0		2862		86400
13		3.9776893504651114	2.8282527479352897	14		0		0		0		5334		134400
14		2.5632566452958154	1.4139520638801644	1		0		0		0		351		9600
15		0.44175858495428016	-3.5354577146612103	15		0		0		0		2655		144000

ITEMS
Type	Length	Width	Height	Mass	Fragility	LoadBearingStrength
Bt1	80	120	244	1178	0		0
Bt2	80	120	244	1155	0		0
Bt3	80	120	244	1202	0		0
Bt4	80	120	244	1103	0		0
Bt5	80	120	244	1485	0		0
Bt6	80	120	244	1144	0		0
Bt7	80	120	244	1247	0		0
Bt8	80	120	244	398	0		0
Bt9	80	120	244	105	0		0
Bt10	80	120	244	212	0		0
Bt11	80	120	244	353	0		0
Bt12	80	120	244	318	0		0
Bt13	80	120	244	381	0		0
Bt14	80	120	244	351	0		0
Bt15	80	120	244	177	0		0

DEMANDS PER CUSTOMER
i	Type Quantity
1	Bt1 12
2	Bt2 9
3	Bt3 9
4	Bt4 12
5	Bt5 4
6	Bt6 8
7	Bt7 12
8	Bt8 6
9	Bt9 1
10	Bt10 14
11	Bt11 13
12	Bt12 9
13	Bt13 14
14	Bt14 1
15	Bt15 15
