Name				Inst_10_4_8
Number_of_Customers		10
Number_of_Items			99
Number_of_ItemTypes		10
Number_of_Vehicles		10
TimeWindows			0

VEHICLE
Mass_Capacity			32200
CargoSpace_Length		912
CargoSpace_Width		244
CargoSpace_Height		244
Wheelbase			550
Max_Mass_FrontAxle		11600
Max_Mass_RearAxle		21000
Distance_FrontAxle_CargoSpace	-100

CUSTOMERS
i		x	y	Demand		ReadyTime	DueDate		ServiceTime	DemandedMass	DemandedVolume
0		-1.489710438767777	1.0304010467002198	0		0		0		0		0		0
1		2.1068167491893743	1.2886778643381434	12		0		0		0		16452		115200
2		-2.1024640279465863	1.8207602462136636	14		0		0		0		17094		134400
3		0.7848118458003506	-3.5333757357000204	6		0		0		0		8256		57600
4		-4.214743522556502	-3.6141637069719463	14		0		0		0		15932		134400
5		0.8807573870147251	2.86910372431994	5		0		0		0		6600		48000
6		4.735462642345838	-0.46843046310472497	10		0		0		0		4170		96000
7		-1.3125639567357126	2.433675183179576	4		0		0		0		1628		38400
8		0.34896749345638545	-1.3400101624386025	11		0		0		0		4466		105600
9		-3.682599953981342	0.594992476132617	13		0		0		0		3250		124800
10		3.945265782181251	-1.0816304726688621	10		0		0		0		3920		96000

ITEMS
Type	Length	Width	Height	Mass	Fragility	LoadBearingStrength
Bt1	80	120	244	1371	0		0
Bt2	80	120	244	1221	0		0
Bt3	80	120	244	1376	0		0
Bt4	80	120	244	1138	0		0
Bt5	80	120	244	1320	0		0
Bt6	80	120	244	417	0		0
Bt7	80	120	244	407	0		0
Bt8	80	120	244	406	0		0
Bt9	80	120	244	250	0		0
Bt10	80	120	244	392	0		0

DEMANDS PER CUSTOMER
i	Type Quantity
1	Bt1 12
2	Bt2 14
3	Bt3 6
4	Bt4 14
5	Bt5 5
6	Bt6 10
7	Bt7 4
8	Bt8 11
9	Bt9 13
10	Bt10 10
