Name				Inst_10_3_8
Number_of_Customers		10
Number_of_Items			52
Number_of_ItemTypes		10
Number_of_Vehicles		10
TimeWindows			0

VEHICLE
Mass_Capacity			32200
CargoSpace_Length		912
CargoSpace_Width		244
CargoSpace_Height		244
Wheelbase			550
Max_Mass_FrontAxle		11600
Max_Mass_RearAxle		21000
Distance_FrontAxle_CargoSpace	-100

CUSTOMERS
i		x	y	Demand		ReadyTime	DueDate		ServiceTime	DemandedMass	DemandedVolume
0		-0.07587551285147472	0.16520734693153075	0		0		0		0		0		0
1		3.6329548594813788	4.069359401768345	7		0		0		0		9674		67200
2		-4.619547137978977	-1.921759421990581	4		0		0		0		4832		38400
3		0.19363800763919886	-5.213019453100818	5		0		0		0		5690		48000
4		-3.2193159333259596	-0.1780995827854444	7		0		0		0		7952		67200
5		1.2501801374463781	-0.3261007685010567	7		0		0		0		10430		67200
6		3.828293380756323	-3.54392586323616	5		0		0		0		1395		48000
7		0.4154286064394897	1.4913864401282815	4		0		0		0		1380		38400
8		5.302549040459883	0.4348092858404979	4		0		0		0		1712		38400
9		-0.41915122185457776	3.3086691318070405	5		0		0		0		1255		48000
10		-6.289154226211665	1.7134734831383625	4		0		0		0		1156		38400

ITEMS
Type	Length	Width	Height	Mass	Fragility	LoadBearingStrength
Bt1	80	120	244	1382	0		0
Bt2	80	120	244	1208	0		0
Bt3	80	120	244	1138	0		0
Bt4	80	120	244	1136	0		0
Bt5	80	120	244	1490	0		0
Bt6	80	120	244	279	0		0
Bt7	80	120	244	345	0		0
Bt8	80	120	244	428	0		0
Bt9	80	120	244	251	0		0
Bt10	80	120	244	289	0		0

DEMANDS PER CUSTOMER
i	Type Quantity
1	Bt1 7
2	Bt2 4
3	Bt3 5
4	Bt4 7
5	Bt5 7
6	Bt6 5
7	Bt7 4
8	Bt8 4
9	Bt9 5
10	Bt10 4
