Name				Inst_15_1_8
Number_of_Customers		15
Number_of_Items			78
Number_of_ItemTypes		15
Number_of_Vehicles		15
TimeWindows			0

VEHICLE
Mass_Capacity			32200
CargoSpace_Length		912
CargoSpace_Width		244
CargoSpace_Height		244
Wheelbase			550
Max_Mass_FrontAxle		11600
Max_Mass_RearAxle		21000
Distance_FrontAxle_CargoSpace	-100

CUSTOMERS
i		x	y	Demand		ReadyTime	DueDate		ServiceTime	DemandedMass	DemandedVolume
0		-0.24778532297120395	0.3816782608910561	0		0		0		0		0		0
1		3.5001123883478753	-1.6067566002756253	5		0		0		0		6370		48000
2		-4.071993887840547	-0.7914565815101954	4		0		0		0		5672		38400
3		-2.8987081681784077	-4.615776986011034	4		0		0		0		5236		38400
4		5.042910832074223	-3.2255300735521844	5		0		0		0		6655		48000
5		2.326787894603501	2.21731096000062	4		0		0		0		4068		38400
6		-4.148229553577339	-3.952691907796663	7		0		0		0		10122		67200
7		1.664359728546336	0.9681921902577413	7		0		0		0		9681		67200
8		-0.24778532297120398	0.38167826089105594	4		0		0		0		5072		38400
9		-5.907851555096051	1.783208770078052	4		0		0		0		4444		38400
10		-1.4210337707788114	4.205466183789297	5		0		0		0		5640		48000
11		3.2831783508116072	2.5106838981721866	7		0		0		0		9534		67200
12		1.9574785288835215	0.012170312956220918	6		0		0		0		6054		57600
13		-3.626032361475007	4.575449684737326	5		0		0		0		7440		48000
14		0.26250311649648855	-4.691702659225545	7		0		0		0		7420		67200
15		4.532089103125017	1.8480762865976836	4		0		0		0		4952		38400

ITEMS
Type	Length	Width	Height	Mass	Fragility	LoadBearingStrength
Bt1	80	120	244	1274	0		0
Bt2	80	120	244	1418	0		0
Bt3	80	120	244	1309	0		0
Bt4	80	120	244	1331	0		0
Bt5	80	120	244	1017	0		0
Bt6	80	120	244	1446	0		0
Bt7	80	120	244	1383	0		0
Bt8	80	120	244	1268	0		0
Bt9	80	120	244	1111	0		0
Bt10	80	120	244	1128	0		0
Bt11	80	120	244	1362	0		0
Bt12	80	120	244	1009	0		0
Bt13	80	120	244	1488	0		0
Bt14	80	120	244	1060	0		0
Bt15	80	120	244	1238	0		0

DEMANDS PER CUSTOMER
i	Type Quantity
1	Bt1 5
2	Bt2 4
3	Bt3 4
4	Bt4 5
5	Bt5 4
6	Bt6 7
7	Bt7 7
8	Bt8 4
9	Bt9 4
10	Bt10 5
11	Bt11 7
12	Bt12 6
13	Bt13 5
14	Bt14 7
15	Bt15 4
