Name				Inst_10_2_7
Number_of_Customers		10
Number_of_Items			97
Number_of_ItemTypes		10
Number_of_Vehicles		10
TimeWindows			0

VEHICLE
Mass_Capacity			32200
CargoSpace_Length		912
CargoSpace_Width		244
CargoSpace_Height		244
Wheelbase			550
Max_Mass_FrontAxle		11600
Max_Mass_RearAxle		21000
Distance_FrontAxle_CargoSpace	-100

CUSTOMERS
i		x	y	Demand		ReadyTime	DueDate		ServiceTime	DemandedMass	DemandedVolume
0		-1.870130653121454	0.5807830050204577	0		0		0		0		0		0
1		-5.943530612755246	-1.2653117849880835	8		0		0		0		8976		76800
2		-4.683227772968759	0.28819225335436105	4		0		0		0		4668		38400
3		0.9430672020296975	0.8736912481252455	14		0		0		0		18438		134400
4		2.642567171361707	-1.7929915619469692	15		0		0		0		15120		144000
5		1.426684111742743	3.0567475865407427	15		0		0		0		16620		144000
6		1.0895458500486186	-0.5329089614175279	11		0		0		0		14234		105600
7		5.162912386258451	1.313185329166291	1		0		0		0		1361		9600
8		0.12236014518388345	-4.899238892258109	13		0		0		0		13611		124800
9		2.6425671713617063	-1.7929915619469696	3		0		0		0		4269		28800
10		-1.532814999141355	4.170843340350561	13		0		0		0		16354		124800

ITEMS
Type	Length	Width	Height	Mass	Fragility	LoadBearingStrength
Bt1	80	120	244	1122	0		0
Bt2	80	120	244	1167	0		0
Bt3	80	120	244	1317	0		0
Bt4	80	120	244	1008	0		0
Bt5	80	120	244	1108	0		0
Bt6	80	120	244	1294	0		0
Bt7	80	120	244	1361	0		0
Bt8	80	120	244	1047	0		0
Bt9	80	120	244	1423	0		0
Bt10	80	120	244	1258	0		0

DEMANDS PER CUSTOMER
i	Type Quantity
1	Bt1 8
2	Bt2 4
3	Bt3 14
4	Bt4 15
5	Bt5 15
6	Bt6 11
7	Bt7 1
8	Bt8 13
9	Bt9 3
10	Bt10 13
