Name				Inst_15_3_4
Number_of_Customers		15
Number_of_Items			77
Number_of_ItemTypes		15
Number_of_Vehicles		15
TimeWindows			0

VEHICLE
Mass_Capacity			32200
CargoSpace_Length		912
CargoSpace_Width		244
CargoSpace_Height		244
Wheelbase			550
Max_Mass_FrontAxle		11600
Max_Mass_RearAxle		21000
Distance_FrontAxle_CargoSpace	-100

CUSTOMERS
i		x	y	Demand		ReadyTime	DueDate		ServiceTime	DemandedMass	DemandedVolume
0		-0.4732861882953681	1.0673457532167328	0		0		0		0		0		0
1		-2.2920201495515538	-3.0181753457142504	4		0		0		0		4880		38400
2		0.4359068633459841	3.1101061110119903	7		0		0		0		9590		67200
3		3.475089077567754	-2.1588273764290684	7		0		0		0		7973		67200
4		5.020051588241251	-0.8886645399304768	4		0		0		0		4192		38400
5		4.658689803649175	2.69903880368257	6		0		0		0		8340		57600
6		0.9341987271534987	0.9303884218043756	4		0		0		0		4296		38400
7		-4.334744803564905	-2.10899254231774	6		0		0		0		6132		57600
8		0.5232711432382853	-3.292444591203871	4		0		0		0		532		38400
9		-0.24936834353311546	-3.927431312330759	4		0		0		0		604		38400
10		-6.738983162358704	2.387731891802231	5		0		0		0		705		48000
11		5.1571902059154136	0.5190501918691215	4		0		0		0		844		38400
12		-3.923644090090938	2.113913025543204	4		0		0		0		1036		38400
13		-2.2420821069453933	4.791838499365434	4		0		0		0		544		38400
14		1.8435507727122753	2.9731113238505955	7		0		0		0		2709		67200
15		-1.793819337483651	-5.197988314220088	7		0		0		0		1918		67200

ITEMS
Type	Length	Width	Height	Mass	Fragility	LoadBearingStrength
Bt1	80	120	244	1220	0		0
Bt2	80	120	244	1370	0		0
Bt3	80	120	244	1139	0		0
Bt4	80	120	244	1048	0		0
Bt5	80	120	244	1390	0		0
Bt6	80	120	244	1074	0		0
Bt7	80	120	244	1022	0		0
Bt8	80	120	244	133	0		0
Bt9	80	120	244	151	0		0
Bt10	80	120	244	141	0		0
Bt11	80	120	244	211	0		0
Bt12	80	120	244	259	0		0
Bt13	80	120	244	136	0		0
Bt14	80	120	244	387	0		0
Bt15	80	120	244	274	0		0

DEMANDS PER CUSTOMER
i	Type Quantity
1	Bt1 4
2	Bt2 7
3	Bt3 7
4	Bt4 4
5	Bt5 6
6	Bt6 4
7	Bt7 6
8	Bt8 4
9	Bt9 4
10	Bt10 5
11	Bt11 4
12	Bt12 4
13	Bt13 4
14	Bt14 7
15	Bt15 7
