Name				Inst_15_3_5
Number_of_Customers		15
Number_of_Items			79
Number_of_ItemTypes		15
Number_of_Vehicles		15
TimeWindows			0

VEHICLE
Mass_Capacity			32200
CargoSpace_Length		912
CargoSpace_Width		244
CargoSpace_Height		244
Wheelbase			550
Max_Mass_FrontAxle		11600
Max_Mass_RearAxle		21000
Distance_FrontAxle_CargoSpace	-100

CUSTOMERS
i		x	y	Demand		ReadyTime	DueDate		ServiceTime	DemandedMass	DemandedVolume
0		-0.03622284997714236	0.2772395987085824	0		0		0		0		0		0
1		-4.7605351177714565	1.914288175604065	5		0		0		0		6770		48000
2		-5.088244402916358	0.9692417558116571	6		0		0		0		7296		57600
3		2.470822488552258	-1.6500432192971282	7		0		0		0		8995		67200
4		5.670206889802901	1.4747007522772337	5		0		0		0		6750		48000
5		-5.415473775815929	0.02469225792710223	7		0		0		0		7343		67200
6		2.4336790915173654	-4.812143244318236	5		0		0		0		6425		48000
7		-1.0184146522550643	-2.5573281845934943	7		0		0		0		9044		67200
8		-2.9082721803668163	-1.9027308319341818	5		0		0		0		2455		48000
9		0.8713155815261574	-3.212214179148682	4		0		0		0		1372		38400
10		0.543698581585567	-4.157494144757294	6		0		0		0		2928		57600
11		-2.8334397628438723	4.42140501409484	4		0		0		0		1484		38400
12		4.070744702380393	-0.08760392232701113	6		0		0		0		1968		57600
13		5.380553412875641	3.6918887432858165	4		0		0		0		1376		38400
14		3.49042996531649	4.346659667996883	4		0		0		0		1144		38400
15		-2.8708479716101363	1.2594417606698498	4		0		0		0		944		38400

ITEMS
Type	Length	Width	Height	Mass	Fragility	LoadBearingStrength
Bt1	80	120	244	1354	0		0
Bt2	80	120	244	1216	0		0
Bt3	80	120	244	1285	0		0
Bt4	80	120	244	1350	0		0
Bt5	80	120	244	1049	0		0
Bt6	80	120	244	1285	0		0
Bt7	80	120	244	1292	0		0
Bt8	80	120	244	491	0		0
Bt9	80	120	244	343	0		0
Bt10	80	120	244	488	0		0
Bt11	80	120	244	371	0		0
Bt12	80	120	244	328	0		0
Bt13	80	120	244	344	0		0
Bt14	80	120	244	286	0		0
Bt15	80	120	244	236	0		0

DEMANDS PER CUSTOMER
i	Type Quantity
1	Bt1 5
2	Bt2 6
3	Bt3 7
4	Bt4 5
5	Bt5 7
6	Bt6 5
7	Bt7 7
8	Bt8 5
9	Bt9 4
10	Bt10 6
11	Bt11 4
12	Bt12 6
13	Bt13 4
14	Bt14 4
15	Bt15 4
