Name				Inst_25_4_1
Number_of_Customers		25
Number_of_Items			200
Number_of_ItemTypes		25
Number_of_Vehicles		25
TimeWindows			0

VEHICLE
Mass_Capacity			32200
CargoSpace_Length		912
CargoSpace_Width		244
CargoSpace_Height		244
Wheelbase			550
Max_Mass_FrontAxle		11600
Max_Mass_RearAxle		21000
Distance_FrontAxle_CargoSpace	-100

CUSTOMERS
i		x	y	Demand		ReadyTime	DueDate		ServiceTime	DemandedMass	DemandedVolume
0		-0.27780823776294267	0.5056785168317862	0		0		0		0		0		0
1		0.7197602428934109	-2.1411734834419134	1		0		0		0		1105		9600
2		-1.9268295026223288	-3.138671758602022	5		0		0		0		6450		48000
3		-5.159061495465574	-0.5783662700912757	6		0		0		0		7368		57600
4		5.015648562282967	2.500749990317395	13		0		0		0		14703		124800
5		5.0156485622829665	2.500749990317395	11		0		0		0		15994		105600
6		-0.9495599990709762	6.297741968154373	15		0		0		0		21615		144000
7		-4.008633322275388	4.388983331161835	3		0		0		0		4158		28800
8		3.8651783602141574	-2.466605696277927	5		0		0		0		6355		48000
9		-1.4279628356684209	-4.461984333778269	15		0		0		0		21480		144000
10		4.6897237658337545	-0.6445332819705203	10		0		0		0		13940		96000
11		0.30740631224489107	-3.0518665687276036	4		0		0		0		4656		38400
12		-1.5144561878117977	-2.2274257995798203	7		0		0		0		9905		67200
13		2.368851977342983	1.5033128066649435	6		0		0		0		2628		57600
14		-1.5144561878117977	-2.227425799579821	3		0		0		0		1356		28800
15		5.92645679039024	2.0885887939772028	14		0		0		0		4186		134400
16		6.338909889298655	2.999717067690359	2		0		0		0		316		19200
17		2.129776136592353	-3.8767336827093457	1		0		0		0		374		9600
18		-1.1022476497927942	-1.3164330798402932	13		0		0		0		3796		124800
19		-1.0157857298708963	-3.5508912789778897	11		0		0		0		1133		105600
20		3.8651783602141574	-2.466605696277927	3		0		0		0		1188		28800
21		-3.423104919187766	0.8314450396302275	15		0		0		0		5520		144000
22		-3.8355557298492395	-0.07979505907593633	13		0		0		0		6058		124800
23		-4.420830904399556	3.478027798572034	5		0		0		0		1975		48000
24		-6.482205562007758	-1.0776814919288875	10		0		0		0		4120		96000
25		-3.184040695993301	6.211197977541901	9		0		0		0		1503		86400

ITEMS
Type	Length	Width	Height	Mass	Fragility	LoadBearingStrength
Bt1	80	120	244	1105	0		0
Bt2	80	120	244	1290	0		0
Bt3	80	120	244	1228	0		0
Bt4	80	120	244	1131	0		0
Bt5	80	120	244	1454	0		0
Bt6	80	120	244	1441	0		0
Bt7	80	120	244	1386	0		0
Bt8	80	120	244	1271	0		0
Bt9	80	120	244	1432	0		0
Bt10	80	120	244	1394	0		0
Bt11	80	120	244	1164	0		0
Bt12	80	120	244	1415	0		0
Bt13	80	120	244	438	0		0
Bt14	80	120	244	452	0		0
Bt15	80	120	244	299	0		0
Bt16	80	120	244	158	0		0
Bt17	80	120	244	374	0		0
Bt18	80	120	244	292	0		0
Bt19	80	120	244	103	0		0
Bt20	80	120	244	396	0		0
Bt21	80	120	244	368	0		0
Bt22	80	120	244	466	0		0
Bt23	80	120	244	395	0		0
Bt24	80	120	244	412	0		0
Bt25	80	120	244	167	0		0

DEMANDS PER CUSTOMER
i	Type Quantity
1	Bt1 1
2	Bt2 5
3	Bt3 6
4	Bt4 13
5	Bt5 11
6	Bt6 15
7	Bt7 3
8	Bt8 5
9	Bt9 15
10	Bt10 10
11	Bt11 4
12	Bt12 7
13	Bt13 6
14	Bt14 3
15	Bt15 14
16	Bt16 2
17	Bt17 1
18	Bt18 13
19	Bt19 11
20	Bt20 3
21	Bt21 15
22	Bt22 13
23	Bt23 5
24	Bt24 10
25	Bt25 9
