Name				Inst_20_1_2
Number_of_Customers		20
Number_of_Items			100
Number_of_ItemTypes		20
Number_of_Vehicles		20
TimeWindows			0

VEHICLE
Mass_Capacity			32200
CargoSpace_Length		912
CargoSpace_Width		244
CargoSpace_Height		244
Wheelbase			550
Max_Mass_FrontAxle		11600
Max_Mass_RearAxle		21000
Distance_FrontAxle_CargoSpace	-100

CUSTOMERS
i		x	y	Demand		ReadyTime	DueDate		ServiceTime	DemandedMass	DemandedVolume
0		-0.549947417165289	0.8132446054387015	0		0		0		0		0		0
1		2.255176442118262	-2.2090434380318937	5		0		0		0		0		48000
2		4.1845855249663435	-1.0790403954154035	6		0		0		0		0		57600
3		-1.3503007635487156	-2.2458378877837495	4		0		0		0		0		38400
4		-0.5499474171652893	0.8132446054387019	5		0		0		0		0		48000
5		3.855634826930044	3.9098853087274446	7		0		0		0		0		67200
6		-6.9230487107040934	0.19194957979973704	5		0		0		0		0		48000
7		-4.192821029597783	4.3812525304259236	4		0		0		0		0		38400
8		-1.0960566471627178	-0.02450731098430872	6		0		0		0		0		57600
9		4.43944363156067	1.1422707884232959	5		0		0		0		0		48000
10		5.531326999899725	2.8176556981902303	5		0		0		0		0		48000
11		-4.117785556035239	-2.8293755571889054	6		0		0		0		0		57600
12		-6.376998561723248	1.0302538947734627	4		0		0		0		0		38400
13		0.3250667674660408	-3.3380460857854706	5		0		0		0		0		48000
14		5.277055687532956	0.5962399578370808	4		0		0		0		0		38400
15		-0.5125564417384925	-2.792125438429317	5		0		0		0		0		48000
16		-3.063125885902812	2.451222394981702	4		0		0		0		0		38400
17		0.8711684461680353	-2.500609819421227	4		0		0		0		0		38400
18		-0.33296133379344667	6.640353939346138	7		0		0		0		0		67200
19		0.07091499577678617	-5.559943932310245	5		0		0		0		0		48000
20		2.255176442118263	-2.209043438031896	4		0		0		0		0		38400

ITEMS
Type	Length	Width	Height	Mass	Fragility	LoadBearingStrength
Bt1	80	120	244	0	0		0
Bt2	80	120	244	0	0		0
Bt3	80	120	244	0	0		0
Bt4	80	120	244	0	0		0
Bt5	80	120	244	0	0		0
Bt6	80	120	244	0	0		0
Bt7	80	120	244	0	0		0
Bt8	80	120	244	0	0		0
Bt9	80	120	244	0	0		0
Bt10	80	120	244	0	0		0
Bt11	80	120	244	0	0		0
Bt12	80	120	244	0	0		0
Bt13	80	120	244	0	0		0
Bt14	80	120	244	0	0		0
Bt15	80	120	244	0	0		0
Bt16	80	120	244	0	0		0
Bt17	80	120	244	0	0		0
Bt18	80	120	244	0	0		0
Bt19	80	120	244	0	0		0
Bt20	80	120	244	0	0		0

DEMANDS PER CUSTOMER
i	Type Quantity
1	Bt1 5
2	Bt2 6
3	Bt3 4
4	Bt4 5
5	Bt5 7
6	Bt6 5
7	Bt7 4
8	Bt8 6
9	Bt9 5
10	Bt10 5
11	Bt11 6
12	Bt12 4
13	Bt13 5
14	Bt14 4
15	Bt15 5
16	Bt16 4
17	Bt17 4
18	Bt18 7
19	Bt19 5
20	Bt20 4
