Name				Inst_25_3_5
Number_of_Customers		25
Number_of_Items			141
Number_of_ItemTypes		25
Number_of_Vehicles		25
TimeWindows			0

VEHICLE
Mass_Capacity			32200
CargoSpace_Length		912
CargoSpace_Width		244
CargoSpace_Height		244
Wheelbase			550
Max_Mass_FrontAxle		11600
Max_Mass_RearAxle		21000
Distance_FrontAxle_CargoSpace	-100

CUSTOMERS
i		x	y	Demand		ReadyTime	DueDate		ServiceTime	DemandedMass	DemandedVolume
0		-0.2021683090756378	0.2783364333028607	0		0		0		0		0		0
1		-0.1336945460509963	4.749948149884285	6		0		0		0		6618		57600
2		1.180399463454521	2.9407613343024326	7		0		0		0		7315		67200
3		3.3819684403204757	0.6707185945813743	4		0		0		0		5700		38400
4		3.8085874831060367	-0.6776122967592477	5		0		0		0		6205		48000
5		-1.123880157692723	-1.4966135008313612	7		0		0		0		8792		67200
6		4.6960624495815155	-1.138468221332693	6		0		0		0		7218		57600
7		-4.247160983100781	-1.0015206952678444	7		0		0		0		8372		67200
8		-1.9771182431397416	1.200048281790048	6		0		0		0		6204		57600
9		4.269443407186654	0.20986267024241942	4		0		0		0		4868		38400
10		0.616832894609817	-4.6541312076600265	7		0		0		0		8414		67200
11		1.5385447431751456	-2.87918127370318	5		0		0		0		5225		48000
12		-5.168872831182797	-2.776470628677835	6		0		0		0		7362		57600
13		3.3819684403204757	0.6707185945813755	6		0		0		0		2562		57600
14		-3.820541940237817	-2.3498515863967007	7		0		0		0		1596		67200
15		1.5727816248332531	-0.6433754151670619	4		0		0		0		1952		38400
16		-4.673780025676314	0.3468101963851957	6		0		0		0		1356		57600
17		-4.178687219869897	3.4700910212932747	4		0		0		0		1884		38400
18		-6.022110916140405	-0.07980884634576513	7		0		0		0		1386		67200
19		-2.86459321004682	1.6609042061427457	7		0		0		0		1351		67200
20		4.235206526183907	-2.0259431881024432	4		0		0		0		1604		38400
21		-2.4379741674840845	0.31257331488218276	6		0		0		0		798		57600
22		3.3477315588452643	-1.5650872638005293	4		0		0		0		1032		38400
23		-5.561254994477359	0.807666119785027	4		0		0		0		976		38400
24		5.191155256279153	1.9848126034357314	6		0		0		0		816		57600
25		5.1911552562791545	1.9848126034357316	6		0		0		0		1254		57600

ITEMS
Type	Length	Width	Height	Mass	Fragility	LoadBearingStrength
Bt1	80	120	244	1103	0		0
Bt2	80	120	244	1045	0		0
Bt3	80	120	244	1425	0		0
Bt4	80	120	244	1241	0		0
Bt5	80	120	244	1256	0		0
Bt6	80	120	244	1203	0		0
Bt7	80	120	244	1196	0		0
Bt8	80	120	244	1034	0		0
Bt9	80	120	244	1217	0		0
Bt10	80	120	244	1202	0		0
Bt11	80	120	244	1045	0		0
Bt12	80	120	244	1227	0		0
Bt13	80	120	244	427	0		0
Bt14	80	120	244	228	0		0
Bt15	80	120	244	488	0		0
Bt16	80	120	244	226	0		0
Bt17	80	120	244	471	0		0
Bt18	80	120	244	198	0		0
Bt19	80	120	244	193	0		0
Bt20	80	120	244	401	0		0
Bt21	80	120	244	133	0		0
Bt22	80	120	244	258	0		0
Bt23	80	120	244	244	0		0
Bt24	80	120	244	136	0		0
Bt25	80	120	244	209	0		0

DEMANDS PER CUSTOMER
i	Type Quantity
1	Bt1 6
2	Bt2 7
3	Bt3 4
4	Bt4 5
5	Bt5 7
6	Bt6 6
7	Bt7 7
8	Bt8 6
9	Bt9 4
10	Bt10 7
11	Bt11 5
12	Bt12 6
13	Bt13 6
14	Bt14 7
15	Bt15 4
16	Bt16 6
17	Bt17 4
18	Bt18 7
19	Bt19 7
20	Bt20 4
21	Bt21 6
22	Bt22 4
23	Bt23 4
24	Bt24 6
25	Bt25 6
