Name				Inst_25_1_8
Number_of_Customers		25
Number_of_Items			125
Number_of_ItemTypes		25
Number_of_Vehicles		25
TimeWindows			0

VEHICLE
Mass_Capacity			32200
CargoSpace_Length		912
CargoSpace_Width		244
CargoSpace_Height		244
Wheelbase			550
Max_Mass_FrontAxle		11600
Max_Mass_RearAxle		21000
Distance_FrontAxle_CargoSpace	-100

CUSTOMERS
i		x	y	Demand		ReadyTime	DueDate		ServiceTime	DemandedMass	DemandedVolume
0		0.003738213867192599	-0.4385845673522398	0		0		0		0		0		0
1		2.6498069624176726	-2.1699696922288707	5		0		0		0		6115		48000
2		-2.439656331008514	-1.8629080550047659	5		0		0		0		5855		48000
3		-4.628846951675819	-2.320464364039993	4		0		0		0		4172		38400
4		0.20636866869607276	-3.594062550221739	5		0		0		0		5405		48000
5		-5.595549148059584	-2.065357350859667	4		0		0		0		4872		38400
6		5.603188027982593	1.1883493411039348	4		0		0		0		5188		38400
7		-3.557213139494913	5.670532592555886	7		0		0		0		9065		67200
8		-0.7084606168538878	0.7832058350064909	5		0		0		0		5455		48000
9		4.838552181829244	-1.7124596182944676	4		0		0		0		4024		38400
10		0.46120821361902814	-2.6273351665454303	4		0		0		0		4920		38400
11		2.395056035486693	-3.1368129821178923	4		0		0		0		5168		38400
12		-1.1657547596895452	2.9720570851749475	7		0		0		0		9261		67200
13		4.636328274215752	1.4432037451481514	6		0		0		0		6936		57600
14		0.055979445451590365	3.6843700506436536	7		0		0		0		7889		67200
15		-6.105149050043142	-3.999525392081482	5		0		0		0		7495		48000
16		-2.1326913710919824	3.2268410459121024	5		0		0		0		7030		48000
17		-1.8778504465694317	4.193913519177819	4		0		0		0		5476		38400
18		-4.066750562935222	3.7365500870109676	4		0		0		0		5196		38400
19		5.0934893417618925	-0.7453020575222974	4		0		0		0		5428		38400
20		1.225512949472787	0.2735039451377393	6		0		0		0		8688		57600
21		2.5978921622784723	-6.292906473262845	7		0		0		0		7112		67200
22		-2.6423663172133036	1.2929469090760595	5		0		0		0		6635		48000
23		-4.628722992938872	-2.3203200859484583	4		0		0		0		5500		38400
24		3.6692482629216263	1.6981929178843536	6		0		0		0		8868		57600
25		6.112642947573594	3.1223412816480463	4		0		0		0		5664		38400

ITEMS
Type	Length	Width	Height	Mass	Fragility	LoadBearingStrength
Bt1	80	120	244	1223	0		0
Bt2	80	120	244	1171	0		0
Bt3	80	120	244	1043	0		0
Bt4	80	120	244	1081	0		0
Bt5	80	120	244	1218	0		0
Bt6	80	120	244	1297	0		0
Bt7	80	120	244	1295	0		0
Bt8	80	120	244	1091	0		0
Bt9	80	120	244	1006	0		0
Bt10	80	120	244	1230	0		0
Bt11	80	120	244	1292	0		0
Bt12	80	120	244	1323	0		0
Bt13	80	120	244	1156	0		0
Bt14	80	120	244	1127	0		0
Bt15	80	120	244	1499	0		0
Bt16	80	120	244	1406	0		0
Bt17	80	120	244	1369	0		0
Bt18	80	120	244	1299	0		0
Bt19	80	120	244	1357	0		0
Bt20	80	120	244	1448	0		0
Bt21	80	120	244	1016	0		0
Bt22	80	120	244	1327	0		0
Bt23	80	120	244	1375	0		0
Bt24	80	120	244	1478	0		0
Bt25	80	120	244	1416	0		0

DEMANDS PER CUSTOMER
i	Type Quantity
1	Bt1 5
2	Bt2 5
3	Bt3 4
4	Bt4 5
5	Bt5 4
6	Bt6 4
7	Bt7 7
8	Bt8 5
9	Bt9 4
10	Bt10 4
11	Bt11 4
12	Bt12 7
13	Bt13 6
14	Bt14 7
15	Bt15 5
16	Bt16 5
17	Bt17 4
18	Bt18 4
19	Bt19 4
20	Bt20 6
21	Bt21 7
22	Bt22 5
23	Bt23 4
24	Bt24 6
25	Bt25 4
