Name				Inst_10_2_8
Number_of_Customers		10
Number_of_Items			62
Number_of_ItemTypes		10
Number_of_Vehicles		10
TimeWindows			0

VEHICLE
Mass_Capacity			32200
CargoSpace_Length		912
CargoSpace_Width		244
CargoSpace_Height		244
Wheelbase			550
Max_Mass_FrontAxle		11600
Max_Mass_RearAxle		21000
Distance_FrontAxle_CargoSpace	-100

CUSTOMERS
i		x	y	Demand		ReadyTime	DueDate		ServiceTime	DemandedMass	DemandedVolume
0		-0.145975613072524	0.24764549949016357	0		0		0		0		0		0
1		-2.1015176867149994	-0.17131830978930274	8		0		0		0		9304		76800
2		2.9968261139636043	-0.10215250575833869	5		0		0		0		6680		48000
3		2.7874958896981674	0.8756994347667879	5		0		0		0		7285		48000
4		-1.4735099661204778	-3.1045085256594547	1		0		0		0		1471		9600
5		2.1595007403902677	3.8090421326580457	12		0		0		0		12816		115200
6		5.790118404842683	-3.594750950755523	4		0		0		0		4900		38400
7		-4.266852912717335	0.38824558954029825	5		0		0		0		6600		48000
8		-4.057558942374155	-0.5897450663742486	5		0		0		0		6705		48000
9		1.3910017199099658	2.6221960727823364	14		0		0		0		15806		134400
10		-3.0795277478051966	-0.38035337090075627	3		0		0		0		4212		28800

ITEMS
Type	Length	Width	Height	Mass	Fragility	LoadBearingStrength
Bt1	80	120	244	1163	0		0
Bt2	80	120	244	1336	0		0
Bt3	80	120	244	1457	0		0
Bt4	80	120	244	1471	0		0
Bt5	80	120	244	1068	0		0
Bt6	80	120	244	1225	0		0
Bt7	80	120	244	1320	0		0
Bt8	80	120	244	1341	0		0
Bt9	80	120	244	1129	0		0
Bt10	80	120	244	1404	0		0

DEMANDS PER CUSTOMER
i	Type Quantity
1	Bt1 8
2	Bt2 5
3	Bt3 5
4	Bt4 1
5	Bt5 12
6	Bt6 4
7	Bt7 5
8	Bt8 5
9	Bt9 14
10	Bt10 3
