Name				Inst_15_1_5
Number_of_Customers		15
Number_of_Items			77
Number_of_ItemTypes		15
Number_of_Vehicles		15
TimeWindows			0

VEHICLE
Mass_Capacity			32200
CargoSpace_Length		912
CargoSpace_Width		244
CargoSpace_Height		244
Wheelbase			550
Max_Mass_FrontAxle		11600
Max_Mass_RearAxle		21000
Distance_FrontAxle_CargoSpace	-100

CUSTOMERS
i		x	y	Demand		ReadyTime	DueDate		ServiceTime	DemandedMass	DemandedVolume
0		0.23583992640143248	-0.754614761588567	0		0		0		0		0		0
1		2.536569586122608	4.603164405159006	4		0		0		0		4180		38400
2		-6.744233479526589	0.3763375164066958	5		0		0		0		5425		48000
3		-0.7078020835409382	2.263628419315408	7		0		0		0		9765		67200
4		3.6126846039280895	-2.0178811204678118	4		0		0		0		5020		38400
5		-4.1781869235579245	-1.4719510224051546	6		0		0		0		8244		57600
6		-3.5935264162515907	-2.2834862635690625	5		0		0		0		5060		48000
7		4.650109230353333	-0.03687744722018917	5		0		0		0		7060		48000
8		4.876362399074601	1.3592441452623636	6		0		0		0		6300		57600
9		0.14271075247786358	-5.753654500781713	5		0		0		0		6865		48000
10		-2.688583526765504	3.3010647380581633	5		0		0		0		5985		48000
11		1.9908104085782568	-3.187741829849789	5		0		0		0		6005		48000
12		0.9536172757049425	-5.168734514406692	5		0		0		0		5640		48000
13		1.1403451290647668	4.829413195340395	6		0		0		0		8160		57600
14		-0.12294312327983505	1.4524247013182894	4		0		0		0		4612		38400
15		-2.103773758783514	2.489664339428654	5		0		0		0		7035		48000

ITEMS
Type	Length	Width	Height	Mass	Fragility	LoadBearingStrength
Bt1	80	120	244	1045	0		0
Bt2	80	120	244	1085	0		0
Bt3	80	120	244	1395	0		0
Bt4	80	120	244	1255	0		0
Bt5	80	120	244	1374	0		0
Bt6	80	120	244	1012	0		0
Bt7	80	120	244	1412	0		0
Bt8	80	120	244	1050	0		0
Bt9	80	120	244	1373	0		0
Bt10	80	120	244	1197	0		0
Bt11	80	120	244	1201	0		0
Bt12	80	120	244	1128	0		0
Bt13	80	120	244	1360	0		0
Bt14	80	120	244	1153	0		0
Bt15	80	120	244	1407	0		0

DEMANDS PER CUSTOMER
i	Type Quantity
1	Bt1 4
2	Bt2 5
3	Bt3 7
4	Bt4 4
5	Bt5 6
6	Bt6 5
7	Bt7 5
8	Bt8 6
9	Bt9 5
10	Bt10 5
11	Bt11 5
12	Bt12 5
13	Bt13 6
14	Bt14 4
15	Bt15 5
