Name				Inst_15_3_1
Number_of_Customers		15
Number_of_Items			81
Number_of_ItemTypes		15
Number_of_Vehicles		15
TimeWindows			0

VEHICLE
Mass_Capacity			32200
CargoSpace_Length		912
CargoSpace_Width		244
CargoSpace_Height		244
Wheelbase			550
Max_Mass_FrontAxle		11600
Max_Mass_RearAxle		21000
Distance_FrontAxle_CargoSpace	-100

CUSTOMERS
i		x	y	Demand		ReadyTime	DueDate		ServiceTime	DemandedMass	DemandedVolume
0		-0.8166469470037472	1.844693269422497	0		0		0		0		0		0
1		4.80742794007863	-2.441118862514268	6		0		0		0		6252		57600
2		2.825322828262905	-2.7091136231286135	6		0		0		0		6996		57600
3		0.5758181238592922	-0.9942884176822704	6		0		0		0		8280		57600
4		2.5576020258584844	-0.7268971931987886	6		0		0		0		7800		57600
5		1.1651624439775385	2.11233630101785	5		0		0		0		6200		48000
6		3.54884027701131	-0.5928209761373683	7		0		0		0		10031		67200
7		-1.272526789792371	-2.253134224858336	6		0		0		0		6750		57600
8		-4.057160776457694	3.4255830830853635	5		0		0		0		995		48000
9		-4.379450298407132	-1.6631417809267028	4		0		0		0		1664		38400
10		1.8887774431316917	4.228037297634025	6		0		0		0		1470		57600
11		0.4418880611575354	-0.0034040578202512856	4		0		0		0		1156		38400
12		-0.5490641473287281	-0.1371828280586515	5		0		0		0		720		48000
13		-3.789723526385109	1.4432470929664267	6		0		0		0		828		57600
14		-5.1028412137347505	-3.7789704331847958	4		0		0		0		1924		38400
15		2.156574555772145	2.246175353383881	5		0		0		0		1000		48000

ITEMS
Type	Length	Width	Height	Mass	Fragility	LoadBearingStrength
Bt1	80	120	244	1042	0		0
Bt2	80	120	244	1166	0		0
Bt3	80	120	244	1380	0		0
Bt4	80	120	244	1300	0		0
Bt5	80	120	244	1240	0		0
Bt6	80	120	244	1433	0		0
Bt7	80	120	244	1125	0		0
Bt8	80	120	244	199	0		0
Bt9	80	120	244	416	0		0
Bt10	80	120	244	245	0		0
Bt11	80	120	244	289	0		0
Bt12	80	120	244	144	0		0
Bt13	80	120	244	138	0		0
Bt14	80	120	244	481	0		0
Bt15	80	120	244	200	0		0

DEMANDS PER CUSTOMER
i	Type Quantity
1	Bt1 6
2	Bt2 6
3	Bt3 6
4	Bt4 6
5	Bt5 5
6	Bt6 7
7	Bt7 6
8	Bt8 5
9	Bt9 4
10	Bt10 6
11	Bt11 4
12	Bt12 5
13	Bt13 6
14	Bt14 4
15	Bt15 5
