Name				Inst_10_1_1
Number_of_Customers		10
Number_of_Items			52
Number_of_ItemTypes		10
Number_of_Vehicles		10
TimeWindows			0

VEHICLE
Mass_Capacity			32200
CargoSpace_Length		912
CargoSpace_Width		244
CargoSpace_Height		244
Wheelbase			550
Max_Mass_FrontAxle		11600
Max_Mass_RearAxle		21000
Distance_FrontAxle_CargoSpace	-100

CUSTOMERS
i		x	y	Demand		ReadyTime	DueDate		ServiceTime	DemandedMass	DemandedVolume
0		-0.30298525833009	1.1813522766028857	0		0		0		0		0		0
1		-0.9359999116267836	-1.7511669060548545	6		0		0		0		8700		57600
2		3.7401824834478803	-3.78373534758176	5		0		0		0		7460		48000
3		5.006719512807418	2.081304096131219	4		0		0		0		5448		38400
4		2.207502504994099	-1.4066915052983595	7		0		0		0		8918		67200
5		1.4409749320180196	-0.21798316026112619	5		0		0		0		6780		48000
6		-0.7249757731750431	-0.7733852701258576	4		0		0		0		5088		38400
7		-4.423980895703324	1.0481847434130334	5		0		0		0		7065		48000
8		-3.4464051655935526	0.8372592082355383	6		0		0		0		6198		57600
9		2.2849328687466017	3.69195014197494	6		0		0		0		7914		57600
10		-4.845965297585225	-0.9070882770356563	4		0		0		0		4004		38400

ITEMS
Type	Length	Width	Height	Mass	Fragility	LoadBearingStrength
Bt1	80	120	244	1450	0		0
Bt2	80	120	244	1492	0		0
Bt3	80	120	244	1362	0		0
Bt4	80	120	244	1274	0		0
Bt5	80	120	244	1356	0		0
Bt6	80	120	244	1272	0		0
Bt7	80	120	244	1413	0		0
Bt8	80	120	244	1033	0		0
Bt9	80	120	244	1319	0		0
Bt10	80	120	244	1001	0		0

DEMANDS PER CUSTOMER
i	Type Quantity
1	Bt1 6
2	Bt2 5
3	Bt3 4
4	Bt4 7
5	Bt5 5
6	Bt6 4
7	Bt7 5
8	Bt8 6
9	Bt9 6
10	Bt10 4
