Name				Inst_15_3_6
Number_of_Customers		15
Number_of_Items			84
Number_of_ItemTypes		15
Number_of_Vehicles		15
TimeWindows			0

VEHICLE
Mass_Capacity			32200
CargoSpace_Length		912
CargoSpace_Width		244
CargoSpace_Height		244
Wheelbase			550
Max_Mass_FrontAxle		11600
Max_Mass_RearAxle		21000
Distance_FrontAxle_CargoSpace	-100

CUSTOMERS
i		x	y	Demand		ReadyTime	DueDate		ServiceTime	DemandedMass	DemandedVolume
0		-0.9266474301277052	0.34325694879741764	0		0		0		0		0		0
1		1.1054033130295051	1.2766811906114506	5		0		0		0		6030		48000
2		3.4445064981173554	-0.6016948887704684	4		0		0		0		5232		38400
3		0.006634093657541726	-1.6888046428520351	6		0		0		0		7152		57600
4		-5.924055674295234	0.5086709355152338	5		0		0		0		6115		48000
5		1.8847502405280445	0.6504926996425173	7		0		0		0		8022		67200
6		4.22445306761057	-1.2277560218314787	4		0		0		0		5892		38400
7		-5.297763084006107	1.2882573292380135	6		0		0		0		6138		57600
8		3.4445064981173554	-0.601694888770468	5		0		0		0		1850		48000
9		0.3139787557425331	-4.500257175531963	6		0		0		0		1026		57600
10		-7.956002424338074	-0.42446201628869545	7		0		0		0		3178		67200
11		2.983580611009148	3.6160201882715217	4		0		0		0		1380		38400
12		1.1054033130295056	1.2766811906114506	6		0		0		0		2850		57600
13		6.102645503932082	1.111135707071978	7		0		0		0		2702		67200
14		-3.8919944542042866	1.441880269151008	7		0		0		0		777		67200
15		-0.6193988278022345	-2.4684068248654816	5		0		0		0		1315		48000

ITEMS
Type	Length	Width	Height	Mass	Fragility	LoadBearingStrength
Bt1	80	120	244	1206	0		0
Bt2	80	120	244	1308	0		0
Bt3	80	120	244	1192	0		0
Bt4	80	120	244	1223	0		0
Bt5	80	120	244	1146	0		0
Bt6	80	120	244	1473	0		0
Bt7	80	120	244	1023	0		0
Bt8	80	120	244	370	0		0
Bt9	80	120	244	171	0		0
Bt10	80	120	244	454	0		0
Bt11	80	120	244	345	0		0
Bt12	80	120	244	475	0		0
Bt13	80	120	244	386	0		0
Bt14	80	120	244	111	0		0
Bt15	80	120	244	263	0		0

DEMANDS PER CUSTOMER
i	Type Quantity
1	Bt1 5
2	Bt2 4
3	Bt3 6
4	Bt4 5
5	Bt5 7
6	Bt6 4
7	Bt7 6
8	Bt8 5
9	Bt9 6
10	Bt10 7
11	Bt11 4
12	Bt12 6
13	Bt13 7
14	Bt14 7
15	Bt15 5
