Name				Inst_20_4_2
Number_of_Customers		20
Number_of_Items			125
Number_of_ItemTypes		20
Number_of_Vehicles		20
TimeWindows			0

VEHICLE
Mass_Capacity			32200
CargoSpace_Length		912
CargoSpace_Width		244
CargoSpace_Height		244
Wheelbase			550
Max_Mass_FrontAxle		11600
Max_Mass_RearAxle		21000
Distance_FrontAxle_CargoSpace	-100

CUSTOMERS
i		x	y	Demand		ReadyTime	DueDate		ServiceTime	DemandedMass	DemandedVolume
0		0.15682163191567144	-0.7456373560594209	0		0		0		0		0		0
1		3.4543593361064096	3.0127906110786538	6		0		0		0		6930		57600
2		-2.0063457302754744	-0.1783765937133318	15		0		0		0		18630		144000
3		-3.807137794312064	3.53060626081643	7		0		0		0		8883		67200
4		1.3409734400996673	-1.5186181817224014	4		0		0		0		4152		38400
5		2.5250649984684412	-2.291633346132215	1		0		0		0		1385		9600
6		-1.644533041098153	2.9631082807029436	6		0		0		0		7920		57600
7		4.844084095831391	1.2613153784172126	11		0		0		0		12991		105600
8		-1.0276824519706633	0.027387123334923734	3		0		0		0		3171		28800
9		0.15682163191567136	-0.7456373560594215	6		0		0		0		6414		57600
10		-2.417550610334602	1.7789971337846868	9		0		0		0		10980		86400
11		-0.6162591527495748	-1.9300024217553602	4		0		0		0		1888		38400
12		-2.0063457302754757	-0.17837659371333167	13		0		0		0		1846		124800
13		-2.1622488354860483	-4.298567324641072	5		0		0		0		2365		48000
14		3.8654619465564766	1.055413385061605	1		0		0		0		286		9600
15		-0.0490461001478982	0.23311379986340622	15		0		0		0		1890		144000
16		4.482279460252678	-1.880127886868998	1		0		0		0		274		9600
17		-3.1904010344798097	0.5947446095535157	9		0		0		0		1098		86400
18		-1.9564443808982337	-5.276852266372938	1		0		0		0		234		9600
19		0.7240089947142018	1.4173115999263837	7		0		0		0		1393		67200
20		-0.6658806738326113	3.169041144498732	1		0		0		0		313		9600

ITEMS
Type	Length	Width	Height	Mass	Fragility	LoadBearingStrength
Bt1	80	120	244	1155	0		0
Bt2	80	120	244	1242	0		0
Bt3	80	120	244	1269	0		0
Bt4	80	120	244	1038	0		0
Bt5	80	120	244	1385	0		0
Bt6	80	120	244	1320	0		0
Bt7	80	120	244	1181	0		0
Bt8	80	120	244	1057	0		0
Bt9	80	120	244	1069	0		0
Bt10	80	120	244	1220	0		0
Bt11	80	120	244	472	0		0
Bt12	80	120	244	142	0		0
Bt13	80	120	244	473	0		0
Bt14	80	120	244	286	0		0
Bt15	80	120	244	126	0		0
Bt16	80	120	244	274	0		0
Bt17	80	120	244	122	0		0
Bt18	80	120	244	234	0		0
Bt19	80	120	244	199	0		0
Bt20	80	120	244	313	0		0

DEMANDS PER CUSTOMER
i	Type Quantity
1	Bt1 6
2	Bt2 15
3	Bt3 7
4	Bt4 4
5	Bt5 1
6	Bt6 6
7	Bt7 11
8	Bt8 3
9	Bt9 6
10	Bt10 9
11	Bt11 4
12	Bt12 13
13	Bt13 5
14	Bt14 1
15	Bt15 15
16	Bt16 1
17	Bt17 9
18	Bt18 1
19	Bt19 7
20	Bt20 1
