Name				Inst_20_4_5
Number_of_Customers		20
Number_of_Items			184
Number_of_ItemTypes		20
Number_of_Vehicles		20
TimeWindows			0

VEHICLE
Mass_Capacity			32200
CargoSpace_Length		912
CargoSpace_Width		244
CargoSpace_Height		244
Wheelbase			550
Max_Mass_FrontAxle		11600
Max_Mass_RearAxle		21000
Distance_FrontAxle_CargoSpace	-100

CUSTOMERS
i		x	y	Demand		ReadyTime	DueDate		ServiceTime	DemandedMass	DemandedVolume
0		-0.3775226208618791	0.06935144921712302	0		0		0		0		0		0
1		-0.3775226208618825	0.0693514492171245	12		0		0		0		12684		115200
2		-1.54834876872606	-2.868062586549791	9		0		0		0		12627		86400
3		-0.5457196106410107	-6.331265983330753	3		0		0		0		3072		28800
4		6.668208278672056	0.665368703346469	11		0		0		0		13145		105600
5		2.8474092764048518	3.8901888002992355	8		0		0		0		11240		76800
6		1.7957421065419314	-0.4563435381263985	3		0		0		0		3882		28800
7		-6.133359586229254	1.001905862952552	3		0		0		0		4368		28800
8		0.9124695631012442	1.5977684825589307	7		0		0		0		7952		67200
9		-1.1417779950398361	0.7145144690546065	4		0		0		0		4992		38400
10		-1.3801484240083872	3.5325400997490943	11		0		0		0		14707		105600
11		4.08827310507153	-2.39116101131972	14		0		0		0		5894		134400
12		-3.9601471171794227	0.47614143628684596	13		0		0		0		2522		124800
13		0.2674030510228714	0.8336760740835109	14		0		0		0		6314		134400
14		4.088273105071529	-2.39116101131972	12		0		0		0		3480		115200
15		-0.13930736202475055	-2.7488720815345298	15		0		0		0		5130		144000
16		-1.2608855261035856	2.1236217426129054	7		0		0		0		2912		67200
17		-2.1443164544095064	4.177638416329756	7		0		0		0		3171		67200
18		3.611473474887877	3.245271067232259	9		0		0		0		1152		86400
19		0.6248310647477834	-3.394017372415587	12		0		0		0		3936		115200
20		-5.895026939436104	-1.81645446834392	10		0		0		0		3770		96000

ITEMS
Type	Length	Width	Height	Mass	Fragility	LoadBearingStrength
Bt1	80	120	244	1057	0		0
Bt2	80	120	244	1403	0		0
Bt3	80	120	244	1024	0		0
Bt4	80	120	244	1195	0		0
Bt5	80	120	244	1405	0		0
Bt6	80	120	244	1294	0		0
Bt7	80	120	244	1456	0		0
Bt8	80	120	244	1136	0		0
Bt9	80	120	244	1248	0		0
Bt10	80	120	244	1337	0		0
Bt11	80	120	244	421	0		0
Bt12	80	120	244	194	0		0
Bt13	80	120	244	451	0		0
Bt14	80	120	244	290	0		0
Bt15	80	120	244	342	0		0
Bt16	80	120	244	416	0		0
Bt17	80	120	244	453	0		0
Bt18	80	120	244	128	0		0
Bt19	80	120	244	328	0		0
Bt20	80	120	244	377	0		0

DEMANDS PER CUSTOMER
i	Type Quantity
1	Bt1 12
2	Bt2 9
3	Bt3 3
4	Bt4 11
5	Bt5 8
6	Bt6 3
7	Bt7 3
8	Bt8 7
9	Bt9 4
10	Bt10 11
11	Bt11 14
12	Bt12 13
13	Bt13 14
14	Bt14 12
15	Bt15 15
16	Bt16 7
17	Bt17 7
18	Bt18 9
19	Bt19 12
20	Bt20 10
