Name				Inst_15_1_2
Number_of_Customers		15
Number_of_Items			79
Number_of_ItemTypes		15
Number_of_Vehicles		15
TimeWindows			0

VEHICLE
Mass_Capacity			32200
CargoSpace_Length		912
CargoSpace_Width		244
CargoSpace_Height		244
Wheelbase			550
Max_Mass_FrontAxle		11600
Max_Mass_RearAxle		21000
Distance_FrontAxle_CargoSpace	-100

CUSTOMERS
i		x	y	Demand		ReadyTime	DueDate		ServiceTime	DemandedMass	DemandedVolume
0		-0.774756937409669	0.2446214817185875	0		0		0		0		0		0
1		-0.2955896321472265	-5.391853919764995	6		0		0		0		8256		57600
2		1.6383169886748319	-3.098438326697758	4		0		0		0		4404		38400
3		-5.766643556977936	0.5296282028016608	5		0		0		0		7160		48000
4		-5.122202619957115	1.2939753594101833	5		0		0		0		6590		48000
5		4.2171510653579745	-0.040565532563915464	6		0		0		0		7962		57600
6		1.159172081050747	2.5379924172632817	6		0		0		0		7632		57600
7		-0.48964569756972637	5.2364349376007375	7		0		0		0		10052		67200
8		-3.0682082856041784	2.178428081371786	6		0		0		0		7416		57600
9		2.163231919558442	-0.9249622238948179	5		0		0		0		6665		48000
10		-4.237600384365559	-0.7592988251137458	6		0		0		0		6672		57600
11		5.626153752203099	0.0791072247742598	5		0		0		0		6695		48000
12		3.9775066667759686	2.777909076280898	4		0		0		0		4628		38400
13		-4.882437569495339	-1.5238138390560096	4		0		0		0		5324		38400
14		4.861715258012418	0.7239354202481445	4		0		0		0		5676		38400
15		0.9938369518932728	-3.8630995343782977	6		0		0		0		7158		57600

ITEMS
Type	Length	Width	Height	Mass	Fragility	LoadBearingStrength
Bt1	80	120	244	1376	0		0
Bt2	80	120	244	1101	0		0
Bt3	80	120	244	1432	0		0
Bt4	80	120	244	1318	0		0
Bt5	80	120	244	1327	0		0
Bt6	80	120	244	1272	0		0
Bt7	80	120	244	1436	0		0
Bt8	80	120	244	1236	0		0
Bt9	80	120	244	1333	0		0
Bt10	80	120	244	1112	0		0
Bt11	80	120	244	1339	0		0
Bt12	80	120	244	1157	0		0
Bt13	80	120	244	1331	0		0
Bt14	80	120	244	1419	0		0
Bt15	80	120	244	1193	0		0

DEMANDS PER CUSTOMER
i	Type Quantity
1	Bt1 6
2	Bt2 4
3	Bt3 5
4	Bt4 5
5	Bt5 6
6	Bt6 6
7	Bt7 7
8	Bt8 6
9	Bt9 5
10	Bt10 6
11	Bt11 5
12	Bt12 4
13	Bt13 4
14	Bt14 4
15	Bt15 6
