Name				Inst_15_2_2
Number_of_Customers		15
Number_of_Items			129
Number_of_ItemTypes		15
Number_of_Vehicles		15
TimeWindows			0

VEHICLE
Mass_Capacity			32200
CargoSpace_Length		912
CargoSpace_Width		244
CargoSpace_Height		244
Wheelbase			550
Max_Mass_FrontAxle		11600
Max_Mass_RearAxle		21000
Distance_FrontAxle_CargoSpace	-100

CUSTOMERS
i		x	y	Demand		ReadyTime	DueDate		ServiceTime	DemandedMass	DemandedVolume
0		-1.2892944308275274	0.35612107516316016	0		0		0		0		0		0
1		-3.680253615372954	-1.4556979924810125	6		0		0		0		8172		57600
2		-1.6755015583664354	-2.44586789871015	13		0		0		0		13507		124800
3		-1.2644333362895286	-4.643671576568233	2		0		0		0		2294		19200
4		3.71063296496852	0.3810066960371641	12		0		0		0		14832		115200
5		-1.5071490492994688	3.9548071681854027	13		0		0		0		14534		124800
6		-6.095986759719124	1.7324832976637827	14		0		0		0		14812		134400
7		2.091788516847081	4.173099294377827	4		0		0		0		4052		38400
8		4.314690089308047	-0.4159570228672526	14		0		0		0		16282		134400
9		-1.2644333362895284	-4.643671576568233	6		0		0		0		8874		57600
10		1.5126846291918135	-0.03007494549402496	2		0		0		0		2886		19200
11		4.507688844594234	0.9848155216580633	15		0		0		0		20670		144000
12		3.7106329649685206	0.3810066960371643	13		0		0		0		14989		124800
13		-1.2892944308275271	0.3561210751631602	3		0		0		0		3540		28800
14		-7.497571796008431	1.9248294888187967	9		0		0		0		9936		86400
15		5.7158003031223075	-0.6093493004156161	3		0		0		0		3873		28800

ITEMS
Type	Length	Width	Height	Mass	Fragility	LoadBearingStrength
Bt1	80	120	244	1362	0		0
Bt2	80	120	244	1039	0		0
Bt3	80	120	244	1147	0		0
Bt4	80	120	244	1236	0		0
Bt5	80	120	244	1118	0		0
Bt6	80	120	244	1058	0		0
Bt7	80	120	244	1013	0		0
Bt8	80	120	244	1163	0		0
Bt9	80	120	244	1479	0		0
Bt10	80	120	244	1443	0		0
Bt11	80	120	244	1378	0		0
Bt12	80	120	244	1153	0		0
Bt13	80	120	244	1180	0		0
Bt14	80	120	244	1104	0		0
Bt15	80	120	244	1291	0		0

DEMANDS PER CUSTOMER
i	Type Quantity
1	Bt1 6
2	Bt2 13
3	Bt3 2
4	Bt4 12
5	Bt5 13
6	Bt6 14
7	Bt7 4
8	Bt8 14
9	Bt9 6
10	Bt10 2
11	Bt11 15
12	Bt12 13
13	Bt13 3
14	Bt14 9
15	Bt15 3
