Name				Inst_15_3_7
Number_of_Customers		15
Number_of_Items			82
Number_of_ItemTypes		15
Number_of_Vehicles		15
TimeWindows			0

VEHICLE
Mass_Capacity			32200
CargoSpace_Length		912
CargoSpace_Width		244
CargoSpace_Height		244
Wheelbase			550
Max_Mass_FrontAxle		11600
Max_Mass_RearAxle		21000
Distance_FrontAxle_CargoSpace	-100

CUSTOMERS
i		x	y	Demand		ReadyTime	DueDate		ServiceTime	DemandedMass	DemandedVolume
0		-1.7937431304772002	1.2504855178820566	0		0		0		0		0		0
1		2.196934468596742	0.9771581188693094	6		0		0		0		6786		57600
2		-2.586509267962747	4.311717674930168	6		0		0		0		7686		57600
3		3.331412968165708	2.9042153482555153	4		0		0		0		5600		38400
4		3.1259151684743602	-0.08877259109637621	6		0		0		0		6450		57600
5		2.989699024131088	-2.0839300879532536	5		0		0		0		6580		48000
6		-7.055387442949905	-2.39858239778302	6		0		0		0		7152		57600
7		2.2651855544268584	1.974994990472281	6		0		0		0		7404		57600
8		2.853114763053553	-4.079531971035658	6		0		0		0		2520		57600
9		1.855163548263293	-4.011112003207236	5		0		0		0		1875		48000
10		-1.5888917007300858	4.243263616967027	7		0		0		0		2338		67200
11		-0.07163844611029024	-2.876844917185637	4		0		0		0		692		38400
12		0.0649887240110625	-0.8814045367979867	6		0		0		0		810		57600
13		-5.784509451585573	1.5237237420010576	6		0		0		0		1836		57600
14		3.331412968165708	2.9042153482555166	4		0		0		0		1904		38400
15		-3.133147747472569	-3.669595852573761	5		0		0		0		655		48000

ITEMS
Type	Length	Width	Height	Mass	Fragility	LoadBearingStrength
Bt1	80	120	244	1131	0		0
Bt2	80	120	244	1281	0		0
Bt3	80	120	244	1400	0		0
Bt4	80	120	244	1075	0		0
Bt5	80	120	244	1316	0		0
Bt6	80	120	244	1192	0		0
Bt7	80	120	244	1234	0		0
Bt8	80	120	244	420	0		0
Bt9	80	120	244	375	0		0
Bt10	80	120	244	334	0		0
Bt11	80	120	244	173	0		0
Bt12	80	120	244	135	0		0
Bt13	80	120	244	306	0		0
Bt14	80	120	244	476	0		0
Bt15	80	120	244	131	0		0

DEMANDS PER CUSTOMER
i	Type Quantity
1	Bt1 6
2	Bt2 6
3	Bt3 4
4	Bt4 6
5	Bt5 5
6	Bt6 6
7	Bt7 6
8	Bt8 6
9	Bt9 5
10	Bt10 7
11	Bt11 4
12	Bt12 6
13	Bt13 6
14	Bt14 4
15	Bt15 5
