Name				Inst_20_2_6
Number_of_Customers		20
Number_of_Items			163
Number_of_ItemTypes		20
Number_of_Vehicles		20
TimeWindows			0

VEHICLE
Mass_Capacity			32200
CargoSpace_Length		912
CargoSpace_Width		244
CargoSpace_Height		244
Wheelbase			550
Max_Mass_FrontAxle		11600
Max_Mass_RearAxle		21000
Distance_FrontAxle_CargoSpace	-100

CUSTOMERS
i		x	y	Demand		ReadyTime	DueDate		ServiceTime	DemandedMass	DemandedVolume
0		0.1428943258633857	-0.579312084781326	0		0		0		0		0		0
1		0.8035451047297439	-5.92376676516579	14		0		0		0		17556		134400
2		0.19455078020643715	3.5434349728864047	10		0		0		0		12710		96000
3		-1.4845916980575418	5.019917629521748	2		0		0		0		2034		19200
4		0.09118014758202819	-4.702189555737652	11		0		0		0		15477		105600
5		-4.43765857110866	1.6612866022253507	15		0		0		0		20715		144000
6		5.2326263507557025	-0.8857051959380517	6		0		0		0		7032		57600
7		5.996473253297522	2.0155252085065727	3		0		0		0		3009		28800
8		-4.692299877269811	0.6939499354382473	7		0		0		0		8358		67200
9		-0.6210872292782352	-3.480264090566412	3		0		0		0		3678		28800
10		-0.5176724555684731	4.765028801599974	8		0		0		0		8472		76800
11		-2.4519600452324477	5.274619031945283	11		0		0		0		11836		105600
12		-1.3333935769842806	-2.2586398315463487	9		0		0		0		9252		86400
13		-4.946888364573033	-0.2730551624859934	10		0		0		0		14860		96000
14		3.756380907178368	-2.565029509297112	7		0		0		0		10416		67200
15		5.232626350755704	-0.8857051959380511	11		0		0		0		12507		105600
16		-5.710779891255639	-3.1740186245934856	10		0		0		0		12680		96000
17		5.284595155332618	3.237110604762817	6		0		0		0		6534		57600
18		-3.777133278967904	-3.6832355665188614	7		0		0		0		10493		67200
19		5.232626350755704	-0.8857051959380511	1		0		0		0		1102		9600
20		-1.9940337381611921	3.0857539916207357	12		0		0		0		17712		115200

ITEMS
Type	Length	Width	Height	Mass	Fragility	LoadBearingStrength
Bt1	80	120	244	1254	0		0
Bt2	80	120	244	1271	0		0
Bt3	80	120	244	1017	0		0
Bt4	80	120	244	1407	0		0
Bt5	80	120	244	1381	0		0
Bt6	80	120	244	1172	0		0
Bt7	80	120	244	1003	0		0
Bt8	80	120	244	1194	0		0
Bt9	80	120	244	1226	0		0
Bt10	80	120	244	1059	0		0
Bt11	80	120	244	1076	0		0
Bt12	80	120	244	1028	0		0
Bt13	80	120	244	1486	0		0
Bt14	80	120	244	1488	0		0
Bt15	80	120	244	1137	0		0
Bt16	80	120	244	1268	0		0
Bt17	80	120	244	1089	0		0
Bt18	80	120	244	1499	0		0
Bt19	80	120	244	1102	0		0
Bt20	80	120	244	1476	0		0

DEMANDS PER CUSTOMER
i	Type Quantity
1	Bt1 14
2	Bt2 10
3	Bt3 2
4	Bt4 11
5	Bt5 15
6	Bt6 6
7	Bt7 3
8	Bt8 7
9	Bt9 3
10	Bt10 8
11	Bt11 11
12	Bt12 9
13	Bt13 10
14	Bt14 7
15	Bt15 11
16	Bt16 10
17	Bt17 6
18	Bt18 7
19	Bt19 1
20	Bt20 12
