Name				Inst_10_1_5
Number_of_Customers		10
Number_of_Items			55
Number_of_ItemTypes		10
Number_of_Vehicles		10
TimeWindows			0

VEHICLE
Mass_Capacity			32200
CargoSpace_Length		912
CargoSpace_Width		244
CargoSpace_Height		244
Wheelbase			550
Max_Mass_FrontAxle		11600
Max_Mass_RearAxle		21000
Distance_FrontAxle_CargoSpace	-100

CUSTOMERS
i		x	y	Demand		ReadyTime	DueDate		ServiceTime	DemandedMass	DemandedVolume
0		-0.45411438968805606	0.020904386560615478	0		0		0		0		0		0
1		4.675737868454184	-1.6176471594240363	6		0		0		0		6954		57600
2		4.039404032810902	-2.3891104913043533	4		0		0		0		4216		38400
3		5.041905168142101	1.9690309281217955	4		0		0		0		5564		38400
4		1.7249102155778857	-0.4802206669733779	4		0		0		0		4952		38400
5		-1.9968253473227953	1.2935363765683532	5		0		0		0		5285		48000
6		-1.1292130882837426	7.059762996277986	5		0		0		0		6275		48000
7		-5.448699901015641	0.25258964237607134	6		0		0		0		6294		57600
8		2.3615114851847667	0.2909757993131823	7		0		0		0		8309		67200
9		-6.7217331463381935	-1.2906980067392493	7		0		0		0		10290		67200
10		-2.09288289752141	-5.109123804776985	7		0		0		0		9709		67200

ITEMS
Type	Length	Width	Height	Mass	Fragility	LoadBearingStrength
Bt1	80	120	244	1159	0		0
Bt2	80	120	244	1054	0		0
Bt3	80	120	244	1391	0		0
Bt4	80	120	244	1238	0		0
Bt5	80	120	244	1057	0		0
Bt6	80	120	244	1255	0		0
Bt7	80	120	244	1049	0		0
Bt8	80	120	244	1187	0		0
Bt9	80	120	244	1470	0		0
Bt10	80	120	244	1387	0		0

DEMANDS PER CUSTOMER
i	Type Quantity
1	Bt1 6
2	Bt2 4
3	Bt3 4
4	Bt4 4
5	Bt5 5
6	Bt6 5
7	Bt7 6
8	Bt8 7
9	Bt9 7
10	Bt10 7
