Name				Inst_15_2_7
Number_of_Customers		15
Number_of_Items			98
Number_of_ItemTypes		15
Number_of_Vehicles		15
TimeWindows			0

VEHICLE
Mass_Capacity			32200
CargoSpace_Length		912
CargoSpace_Width		244
CargoSpace_Height		244
Wheelbase			550
Max_Mass_FrontAxle		11600
Max_Mass_RearAxle		21000
Distance_FrontAxle_CargoSpace	-100

CUSTOMERS
i		x	y	Demand		ReadyTime	DueDate		ServiceTime	DemandedMass	DemandedVolume
0		-0.40921348299775506	1.1217568923328987	0		0		0		0		0		0
1		-2.2260120445818607	-1.9925565112411687	8		0		0		0		12000		76800
2		-3.5634644217573106	-1.5332985628343963	3		0		0		0		3246		28800
3		0.9682204802299706	5.134673677046406	8		0		0		0		9696		76800
4		4.502072879741865	0.18301374495554598	5		0		0		0		6345		48000
5		-7.097393878431141	3.4174372526404584	4		0		0		0		4344		38400
6		4.06280964408456	1.0815041588118797	8		0		0		0		9624		76800
7		0.02991327670701946	0.2234694253002749	1		0		0		0		1316		9600
8		3.623595300387781	1.9799390891197204	4		0		0		0		5280		38400
9		-1.7866944975466117	-2.890970556840227	8		0		0		0		10400		76800
10		6.2785702089094775	-1.1736270386480776	11		0		0		0		13123		105600
11		0.009828082575595488	-2.0124078390305256	11		0		0		0		12639		105600
12		4.502072879741864	0.18301374495554523	8		0		0		0		8264		76800
13		0.009828082575595698	-2.0124078390305256	4		0		0		0		5548		38400
14		-2.685272026584848	-3.3304087588226423	12		0		0		0		14016		115200
15		-6.218860483054203	1.620869121284829	3		0		0		0		4236		28800

ITEMS
Type	Length	Width	Height	Mass	Fragility	LoadBearingStrength
Bt1	80	120	244	1500	0		0
Bt2	80	120	244	1082	0		0
Bt3	80	120	244	1212	0		0
Bt4	80	120	244	1269	0		0
Bt5	80	120	244	1086	0		0
Bt6	80	120	244	1203	0		0
Bt7	80	120	244	1316	0		0
Bt8	80	120	244	1320	0		0
Bt9	80	120	244	1300	0		0
Bt10	80	120	244	1193	0		0
Bt11	80	120	244	1149	0		0
Bt12	80	120	244	1033	0		0
Bt13	80	120	244	1387	0		0
Bt14	80	120	244	1168	0		0
Bt15	80	120	244	1412	0		0

DEMANDS PER CUSTOMER
i	Type Quantity
1	Bt1 8
2	Bt2 3
3	Bt3 8
4	Bt4 5
5	Bt5 4
6	Bt6 8
7	Bt7 1
8	Bt8 4
9	Bt9 8
10	Bt10 11
11	Bt11 11
12	Bt12 8
13	Bt13 4
14	Bt14 12
15	Bt15 3
