Name				Inst_20_4_8
Number_of_Customers		20
Number_of_Items			161
Number_of_ItemTypes		20
Number_of_Vehicles		20
TimeWindows			0

VEHICLE
Mass_Capacity			32200
CargoSpace_Length		912
CargoSpace_Width		244
CargoSpace_Height		244
Wheelbase			550
Max_Mass_FrontAxle		11600
Max_Mass_RearAxle		21000
Distance_FrontAxle_CargoSpace	-100

CUSTOMERS
i		x	y	Demand		ReadyTime	DueDate		ServiceTime	DemandedMass	DemandedVolume
0		0.03216885449177445	-0.24064683016535576	0		0		0		0		0		0
1		-4.828884391673637	2.0766834550420796	10		0		0		0		13750		96000
2		3.347453778120858	4.556253171480551	12		0		0		0		15120		115200
3		-3.63817252860318	5.00605140015102	14		0		0		0		20244		134400
4		-0.09643433103623275	-2.2363449278405803	3		0		0		0		3420		28800
5		-0.9656672127405744	-0.17640292397124732	15		0		0		0		15840		144000
6		-3.218818261146307	-4.0395180359414695	6		0		0		0		8352		57600
7		5.21477010049166	2.4314715519858647	2		0		0		0		2058		19200
8		0.9658306812132045	-1.302815760999551	2		0		0		0		2018		19200
9		0.1607671322652459	1.755155685164954	15		0		0		0		18285		144000
10		3.0258913506786196	-0.43348245977751954	2		0		0		0		2116		19200
11		-3.7667222819594426	3.0103937999933494	11		0		0		0		4411		105600
12		-1.2229617688556322	-4.1683207089066245	6		0		0		0		1344		57600
13		5.086143169383905	0.4357679841529508	8		0		0		0		3696		76800
14		-0.9014329027845652	0.8213891138763684	6		0		0		0		2112		57600
15		-5.085899812037862	-1.9149984132734572	1		0		0		0		242		9600
16		4.345571627899318	4.492018440679711	7		0		0		0		826		67200
17		-1.8349922281705284	1.8838620793853667	13		0		0		0		3302		124800
18		-3.02572368455241	-1.045817790428004	6		0		0		0		1878		57600
19		2.7045264312252453	-5.423223509163059	14		0		0		0		1484		134400
20		3.7025862777905387	-5.487475321445354	8		0		0		0		2344		76800

ITEMS
Type	Length	Width	Height	Mass	Fragility	LoadBearingStrength
Bt1	80	120	244	1375	0		0
Bt2	80	120	244	1260	0		0
Bt3	80	120	244	1446	0		0
Bt4	80	120	244	1140	0		0
Bt5	80	120	244	1056	0		0
Bt6	80	120	244	1392	0		0
Bt7	80	120	244	1029	0		0
Bt8	80	120	244	1009	0		0
Bt9	80	120	244	1219	0		0
Bt10	80	120	244	1058	0		0
Bt11	80	120	244	401	0		0
Bt12	80	120	244	224	0		0
Bt13	80	120	244	462	0		0
Bt14	80	120	244	352	0		0
Bt15	80	120	244	242	0		0
Bt16	80	120	244	118	0		0
Bt17	80	120	244	254	0		0
Bt18	80	120	244	313	0		0
Bt19	80	120	244	106	0		0
Bt20	80	120	244	293	0		0

DEMANDS PER CUSTOMER
i	Type Quantity
1	Bt1 10
2	Bt2 12
3	Bt3 14
4	Bt4 3
5	Bt5 15
6	Bt6 6
7	Bt7 2
8	Bt8 2
9	Bt9 15
10	Bt10 2
11	Bt11 11
12	Bt12 6
13	Bt13 8
14	Bt14 6
15	Bt15 1
16	Bt16 7
17	Bt17 13
18	Bt18 6
19	Bt19 14
20	Bt20 8
