Name				Inst_25_1_4
Number_of_Customers		25
Number_of_Items			141
Number_of_ItemTypes		25
Number_of_Vehicles		25
TimeWindows			0

VEHICLE
Mass_Capacity			32200
CargoSpace_Length		912
CargoSpace_Width		244
CargoSpace_Height		244
Wheelbase			550
Max_Mass_FrontAxle		11600
Max_Mass_RearAxle		21000
Distance_FrontAxle_CargoSpace	-100

CUSTOMERS
i		x	y	Demand		ReadyTime	DueDate		ServiceTime	DemandedMass	DemandedVolume
0		-0.44824903748052813	0.24968547689025106	0		0		0		0		0		0
1		-3.059562510206952	-4.129995584978663	6		0		0		0		7866		57600
2		-3.9435638941527906	-0.6344903815381009	7		0		0		0		10276		67200
3		1.106380243255855	-2.5038948140512045	4		0		0		0		5892		38400
4		2.2341878977892393	3.216766236225085	6		0		0		0		8250		57600
5		-3.9435638941527906	-0.6344903815381026	5		0		0		0		5095		48000
6		2.589921523675922	-3.8449927253268603	6		0		0		0		6864		57600
7		5.201620861687079	0.5343994280267336	6		0		0		0		7302		57600
8		-1.3324710721317814	3.7451657643894016	5		0		0		0		6530		48000
9		-4.543298865378726	-2.7885619647369686	5		0		0		0		7305		48000
10		-1.4746612445244205	6.570098301518285	6		0		0		0		6426		57600
11		-4.756857566360832	1.4486800912266693	6		0		0		0		7962		57600
12		-2.8159640304502043	5.086463280908435	4		0		0		0		5176		38400
13		-1.3324710721317807	3.7451657643894016	6		0		0		0		6186		57600
14		5.943328883059764	-0.13607243127434562	7		0		0		0		7952		67200
15		3.8601459268990204	-0.9493266784324818	7		0		0		0		9506		67200
16		6.6137018920642365	0.6055042650791145	5		0		0		0		5710		48000
17		0.22230718684548095	0.99157113594444	4		0		0		0		5200		38400
18		0.5783468312116452	-6.070513330446976	6		0		0		0		8832		57600
19		-1.1189097033911728	-0.4921255867688343	6		0		0		0		6768		57600
20		1.0352727885908324	-1.0914581899992732	5		0		0		0		7475		48000
21		-7.510458188038271	-0.10618569010380252	7		0		0		0		7028		67200
22		4.530692452637624	-0.20720149609833524	4		0		0		0		5680		38400
23		1.7058544997597582	-0.34974108857483305	7		0		0		0		8260		67200
24		4.459666778207657	1.204956946146788	5		0		0		0		5420		48000
25		-3.8013966872838694	-3.4594063468758187	6		0		0		0		6360		57600

ITEMS
Type	Length	Width	Height	Mass	Fragility	LoadBearingStrength
Bt1	80	120	244	1311	0		0
Bt2	80	120	244	1468	0		0
Bt3	80	120	244	1473	0		0
Bt4	80	120	244	1375	0		0
Bt5	80	120	244	1019	0		0
Bt6	80	120	244	1144	0		0
Bt7	80	120	244	1217	0		0
Bt8	80	120	244	1306	0		0
Bt9	80	120	244	1461	0		0
Bt10	80	120	244	1071	0		0
Bt11	80	120	244	1327	0		0
Bt12	80	120	244	1294	0		0
Bt13	80	120	244	1031	0		0
Bt14	80	120	244	1136	0		0
Bt15	80	120	244	1358	0		0
Bt16	80	120	244	1142	0		0
Bt17	80	120	244	1300	0		0
Bt18	80	120	244	1472	0		0
Bt19	80	120	244	1128	0		0
Bt20	80	120	244	1495	0		0
Bt21	80	120	244	1004	0		0
Bt22	80	120	244	1420	0		0
Bt23	80	120	244	1180	0		0
Bt24	80	120	244	1084	0		0
Bt25	80	120	244	1060	0		0

DEMANDS PER CUSTOMER
i	Type Quantity
1	Bt1 6
2	Bt2 7
3	Bt3 4
4	Bt4 6
5	Bt5 5
6	Bt6 6
7	Bt7 6
8	Bt8 5
9	Bt9 5
10	Bt10 6
11	Bt11 6
12	Bt12 4
13	Bt13 6
14	Bt14 7
15	Bt15 7
16	Bt16 5
17	Bt17 4
18	Bt18 6
19	Bt19 6
20	Bt20 5
21	Bt21 7
22	Bt22 4
23	Bt23 7
24	Bt24 5
25	Bt25 6
