Name				Inst_10_4_2
Number_of_Customers		10
Number_of_Items			83
Number_of_ItemTypes		10
Number_of_Vehicles		10
TimeWindows			0

VEHICLE
Mass_Capacity			32200
CargoSpace_Length		912
CargoSpace_Width		244
CargoSpace_Height		244
Wheelbase			550
Max_Mass_FrontAxle		11600
Max_Mass_RearAxle		21000
Distance_FrontAxle_CargoSpace	-100

CUSTOMERS
i		x	y	Demand		ReadyTime	DueDate		ServiceTime	DemandedMass	DemandedVolume
0		-0.09230788710876967	0.5058528860646755	0		0		0		0		0		0
1		0.730145009923081	-0.06300896365875712	3		0		0		0		3726		28800
2		2.9439787948911755	-0.3776630768901384	15		0		0		0		22200		144000
3		-1.168502420586383	2.465781407063438	2		0		0		0		2688		19200
4		-2.367406149542218	-2.784095111288862	5		0		0		0		6120		48000
5		-4.0120774828201675	-1.6465844645668097	11		0		0		0		15367		105600
6		-4.773424681793258	2.5272696039442564	8		0		0		0		1688		76800
7		4.081399510429745	1.2674449903112883	12		0		0		0		5004		115200
8		4.335327680720292	-0.1246111047125681	15		0		0		0		5925		144000
9		-2.0522809057264317	-0.5701811933106176	7		0		0		0		2793		67200
10		2.375148531612934	-1.2002049729559086	5		0		0		0		2375		48000

ITEMS
Type	Length	Width	Height	Mass	Fragility	LoadBearingStrength
Bt1	80	120	244	1242	0		0
Bt2	80	120	244	1480	0		0
Bt3	80	120	244	1344	0		0
Bt4	80	120	244	1224	0		0
Bt5	80	120	244	1397	0		0
Bt6	80	120	244	211	0		0
Bt7	80	120	244	417	0		0
Bt8	80	120	244	395	0		0
Bt9	80	120	244	399	0		0
Bt10	80	120	244	475	0		0

DEMANDS PER CUSTOMER
i	Type Quantity
1	Bt1 3
2	Bt2 15
3	Bt3 2
4	Bt4 5
5	Bt5 11
6	Bt6 8
7	Bt7 12
8	Bt8 15
9	Bt9 7
10	Bt10 5
