Name				Inst_25_2_2
Number_of_Customers		25
Number_of_Items			218
Number_of_ItemTypes		25
Number_of_Vehicles		25
TimeWindows			0

VEHICLE
Mass_Capacity			32200
CargoSpace_Length		912
CargoSpace_Width		244
CargoSpace_Height		244
Wheelbase			550
Max_Mass_FrontAxle		11600
Max_Mass_RearAxle		21000
Distance_FrontAxle_CargoSpace	-100

CUSTOMERS
i		x	y	Demand		ReadyTime	DueDate		ServiceTime	DemandedMass	DemandedVolume
0		-0.017638310616475795	0.6725410636778841	0		0		0		0		0		0
1		-1.474927277956228	-2.6253638863280093	6		0		0		0		7680		57600
2		-4.772899486032283	-1.1680278984893724	12		0		0		0		17004		115200
3		4.200603396778417	3.356983180124019	1		0		0		0		1046		9600
4		0.21225880481834303	-1.5516583173676592	10		0		0		0		12200		96000
5		3.356941514069656	2.8198464698524757	11		0		0		0		11396		105600
6		1.5928519332008912	-1.858470803684909	5		0		0		0		6350		48000
7		-1.0913916354768392	2.3599732288963544	10		0		0		0		13310		96000
8		-3.6991477414238423	-2.8553856649458877	1		0		0		0		1485		9600
9		-1.9350428049670674	1.8228061331166912	7		0		0		0		10353		67200
10		2.4364824867587775	-1.3214512095174484	14		0		0		0		18816		134400
11		-1.705052589667732	-0.4011284631811972	11		0		0		0		12309		105600
12		4.123794128480741	-0.24785844429918671	9		0		0		0		11097		86400
13		1.592851933200891	-1.8584708036849091	13		0		0		0		14976		124800
14		1.286183117334842	-3.239023373650407	8		0		0		0		10544		76800
15		-5.539841085771123	1.8997451283245057	12		0		0		0		13956		115200
16		6.04151780317009	-1.3981750728916333	9		0		0		0		12870		86400
17		-4.159246878921837	1.592786465736387	7		0		0		0		7980		67200
18		4.200603396778418	3.356983180124019	3		0		0		0		3081		28800
19		-3.622225060748879	0.7494379604210993	6		0		0		0		7080		57600
20		1.286183117334842	-3.2390233736504075	10		0		0		0		10760		96000
21		-3.392401387827633	-1.4748839648434373	5		0		0		0		5715		48000
22		2.513234325305933	2.283291112849643	15		0		0		0		22155		144000
23		3.2802289566157734	-0.784964034676327	11		0		0		0		14223		105600
24		-6.92044727149308	2.2067856698469615	13		0		0		0		19292		124800
25		2.2065266170554025	0.902705718240748	9		0		0		0		13131		86400

ITEMS
Type	Length	Width	Height	Mass	Fragility	LoadBearingStrength
Bt1	80	120	244	1280	0		0
Bt2	80	120	244	1417	0		0
Bt3	80	120	244	1046	0		0
Bt4	80	120	244	1220	0		0
Bt5	80	120	244	1036	0		0
Bt6	80	120	244	1270	0		0
Bt7	80	120	244	1331	0		0
Bt8	80	120	244	1485	0		0
Bt9	80	120	244	1479	0		0
Bt10	80	120	244	1344	0		0
Bt11	80	120	244	1119	0		0
Bt12	80	120	244	1233	0		0
Bt13	80	120	244	1152	0		0
Bt14	80	120	244	1318	0		0
Bt15	80	120	244	1163	0		0
Bt16	80	120	244	1430	0		0
Bt17	80	120	244	1140	0		0
Bt18	80	120	244	1027	0		0
Bt19	80	120	244	1180	0		0
Bt20	80	120	244	1076	0		0
Bt21	80	120	244	1143	0		0
Bt22	80	120	244	1477	0		0
Bt23	80	120	244	1293	0		0
Bt24	80	120	244	1484	0		0
Bt25	80	120	244	1459	0		0

DEMANDS PER CUSTOMER
i	Type Quantity
1	Bt1 6
2	Bt2 12
3	Bt3 1
4	Bt4 10
5	Bt5 11
6	Bt6 5
7	Bt7 10
8	Bt8 1
9	Bt9 7
10	Bt10 14
11	Bt11 11
12	Bt12 9
13	Bt13 13
14	Bt14 8
15	Bt15 12
16	Bt16 9
17	Bt17 7
18	Bt18 3
19	Bt19 6
20	Bt20 10
21	Bt21 5
22	Bt22 15
23	Bt23 11
24	Bt24 13
25	Bt25 9
