Name				Inst_25_3_1
Number_of_Customers		25
Number_of_Items			141
Number_of_ItemTypes		25
Number_of_Vehicles		25
TimeWindows			0

VEHICLE
Mass_Capacity			32200
CargoSpace_Length		912
CargoSpace_Width		244
CargoSpace_Height		244
Wheelbase			550
Max_Mass_FrontAxle		11600
Max_Mass_RearAxle		21000
Distance_FrontAxle_CargoSpace	-100

CUSTOMERS
i		x	y	Demand		ReadyTime	DueDate		ServiceTime	DemandedMass	DemandedVolume
0		0.09415623755031073	-0.612984492134077	0		0		0		0		0		0
1		-2.387385130048637	-6.515691705229002	4		0		0		0		5288		38400
2		1.1871437507719675	-4.460760251353819	5		0		0		0		5135		48000
3		-4.988810341121472	-1.0172749444644495	6		0		0		0		6822		57600
4		4.35738217993236	2.6771377791168782	7		0		0		0		10325		67200
5		0.5096064205203864	1.5841502659786897	6		0		0		0		8100		57600
6		4.072975569847289	-3.6410196160584554	7		0		0		0		8239		67200
7		-2.23402209422364	3.923488328885796	4		0		0		0		5188		38400
8		-6.081797854228522	2.830500815588131	7		0		0		0		7588		67200
9		3.8108884230272997	4.601025658872341	5		0		0		0		6495		48000
10		0.09415623755031075	-0.6129844921340771	7		0		0		0		9289		67200
11		1.0561001773017975	-0.33973761367881383	4		0		0		0		4772		38400
12		3.8108884230272997	4.60102565887234	7		0		0		0		10017		67200
13		3.2532349355103145	-0.7551877970014313	4		0		0		0		1724		38400
14		2.564537874181538	-1.9903786151259975	4		0		0		0		1016		38400
15		-0.3101342142820802	4.469982086388392	5		0		0		0		540		48000
16		0.7828532988343001	0.6222063260516414	7		0		0		0		1967		67200
17		5.177122814911779	-0.20869404025668342	7		0		0		0		3157		67200
18		-1.6986880691430886	-5.280500887027782	6		0		0		0		2358		57600
19		-5.119853914560811	3.103747694171189	7		0		0		0		1540		67200
20		-5.535304095579185	0.9066129355404811	5		0		0		0		2040		48000
21		3.253234935510314	-0.7551877970014313	7		0		0		0		2674		67200
22		-0.5945408242067908	-1.8481753102662526	6		0		0		0		858		57600
23		-5.535304095579186	0.9066129355404811	6		0		0		0		2262		57600
24		0.9250566041581895	3.7812850250125485	4		0		0		0		1384		38400
25		-0.46349724966204314	-5.969197948286636	4		0		0		0		512		38400

ITEMS
Type	Length	Width	Height	Mass	Fragility	LoadBearingStrength
Bt1	80	120	244	1322	0		0
Bt2	80	120	244	1027	0		0
Bt3	80	120	244	1137	0		0
Bt4	80	120	244	1475	0		0
Bt5	80	120	244	1350	0		0
Bt6	80	120	244	1177	0		0
Bt7	80	120	244	1297	0		0
Bt8	80	120	244	1084	0		0
Bt9	80	120	244	1299	0		0
Bt10	80	120	244	1327	0		0
Bt11	80	120	244	1193	0		0
Bt12	80	120	244	1431	0		0
Bt13	80	120	244	431	0		0
Bt14	80	120	244	254	0		0
Bt15	80	120	244	108	0		0
Bt16	80	120	244	281	0		0
Bt17	80	120	244	451	0		0
Bt18	80	120	244	393	0		0
Bt19	80	120	244	220	0		0
Bt20	80	120	244	408	0		0
Bt21	80	120	244	382	0		0
Bt22	80	120	244	143	0		0
Bt23	80	120	244	377	0		0
Bt24	80	120	244	346	0		0
Bt25	80	120	244	128	0		0

DEMANDS PER CUSTOMER
i	Type Quantity
1	Bt1 4
2	Bt2 5
3	Bt3 6
4	Bt4 7
5	Bt5 6
6	Bt6 7
7	Bt7 4
8	Bt8 7
9	Bt9 5
10	Bt10 7
11	Bt11 4
12	Bt12 7
13	Bt13 4
14	Bt14 4
15	Bt15 5
16	Bt16 7
17	Bt17 7
18	Bt18 6
19	Bt19 7
20	Bt20 5
21	Bt21 7
22	Bt22 6
23	Bt23 6
24	Bt24 4
25	Bt25 4
