Name				Inst_10_4_6
Number_of_Customers		10
Number_of_Items			54
Number_of_ItemTypes		10
Number_of_Vehicles		10
TimeWindows			0

VEHICLE
Mass_Capacity			32200
CargoSpace_Length		912
CargoSpace_Width		244
CargoSpace_Height		244
Wheelbase			550
Max_Mass_FrontAxle		11600
Max_Mass_RearAxle		21000
Distance_FrontAxle_CargoSpace	-100

CUSTOMERS
i		x	y	Demand		ReadyTime	DueDate		ServiceTime	DemandedMass	DemandedVolume
0		-0.998074162520016	0.192126015750259	0		0		0		0		0		0
1		-7.106387458524484	-1.7285159966336512	2		0		0		0		2550		19200
2		-0.7889081335496118	-2.0339080560577516	6		0		0		0		7512		57600
3		-5.089024870008397	0.70655212042412	10		0		0		0		14590		96000
4		3.6630936399795537	-1.6161553419046297	5		0		0		0		5145		48000
5		2.522252779563677	0.971565178785954	7		0		0		0		8253		67200
6		2.160524402005655	0.03950565312213354	4		0		0		0		704		38400
7		0.2958077521802308	0.7626529546519177	7		0		0		0		812		67200
8		5.472171021509316	3.0452734768477376	2		0		0		0		824		19200
9		2.2167257521291965	-5.345679258669308	10		0		0		0		4870		96000
10		-2.348180722765122	5.006583253683217	1		0		0		0		360		9600

ITEMS
Type	Length	Width	Height	Mass	Fragility	LoadBearingStrength
Bt1	80	120	244	1275	0		0
Bt2	80	120	244	1252	0		0
Bt3	80	120	244	1459	0		0
Bt4	80	120	244	1029	0		0
Bt5	80	120	244	1179	0		0
Bt6	80	120	244	176	0		0
Bt7	80	120	244	116	0		0
Bt8	80	120	244	412	0		0
Bt9	80	120	244	487	0		0
Bt10	80	120	244	360	0		0

DEMANDS PER CUSTOMER
i	Type Quantity
1	Bt1 2
2	Bt2 6
3	Bt3 10
4	Bt4 5
5	Bt5 7
6	Bt6 4
7	Bt7 7
8	Bt8 2
9	Bt9 10
10	Bt10 1
