Name				Inst_10_3_3
Number_of_Customers		10
Number_of_Items			59
Number_of_ItemTypes		10
Number_of_Vehicles		10
TimeWindows			0

VEHICLE
Mass_Capacity			32200
CargoSpace_Length		912
CargoSpace_Width		244
CargoSpace_Height		244
Wheelbase			550
Max_Mass_FrontAxle		11600
Max_Mass_RearAxle		21000
Distance_FrontAxle_CargoSpace	-100

CUSTOMERS
i		x	y	Demand		ReadyTime	DueDate		ServiceTime	DemandedMass	DemandedVolume
0		-1.2195921306807347	1.02081834963317	0		0		0		0		0		0
1		-3.1462070643895514	3.5278474069033403	4		0		0		0		4664		38400
2		-4.054172260474503	0.038419847760172085	5		0		0		0		5730		48000
3		-4.3071786780466095	-5.340403198678955	7		0		0		0		7994		67200
4		2.2701618618044948	0.11302760479747131	6		0		0		0		6294		57600
5		3.8692859218541376	-1.4498203608395006	6		0		0		0		7950		57600
6		2.2701618618044956	0.11302760479747175	7		0		0		0		1428		67200
7		1.3252103533768975	-0.21425140632554057	7		0		0		0		2128		67200
8		0.015192170823194658	3.5650569383703634	5		0		0		0		580		48000
9		0.052637225333651394	0.4032857118938991	6		0		0		0		942		57600
10		2.9245007385945248	-1.7770084983118897	6		0		0		0		2544		57600

ITEMS
Type	Length	Width	Height	Mass	Fragility	LoadBearingStrength
Bt1	80	120	244	1166	0		0
Bt2	80	120	244	1146	0		0
Bt3	80	120	244	1142	0		0
Bt4	80	120	244	1049	0		0
Bt5	80	120	244	1325	0		0
Bt6	80	120	244	204	0		0
Bt7	80	120	244	304	0		0
Bt8	80	120	244	116	0		0
Bt9	80	120	244	157	0		0
Bt10	80	120	244	424	0		0

DEMANDS PER CUSTOMER
i	Type Quantity
1	Bt1 4
2	Bt2 5
3	Bt3 7
4	Bt4 6
5	Bt5 6
6	Bt6 7
7	Bt7 7
8	Bt8 5
9	Bt9 6
10	Bt10 6
