Name				Inst_25_4_7
Number_of_Customers		25
Number_of_Items			221
Number_of_ItemTypes		25
Number_of_Vehicles		25
TimeWindows			0

VEHICLE
Mass_Capacity			32200
CargoSpace_Length		912
CargoSpace_Width		244
CargoSpace_Height		244
Wheelbase			550
Max_Mass_FrontAxle		11600
Max_Mass_RearAxle		21000
Distance_FrontAxle_CargoSpace	-100

CUSTOMERS
i		x	y	Demand		ReadyTime	DueDate		ServiceTime	DemandedMass	DemandedVolume
0		-0.5964345092131703	1.360679981384786	0		0		0		0		0		0
1		6.474895224174507	1.3505444011897259	10		0		0		0		12780		96000
2		-4.128920307944692	3.487120257382381	15		0		0		0		22095		144000
3		5.058442585674987	-0.06174152723887289	8		0		0		0		8232		76800
4		-2.0125549838057095	-0.05155399479517054	4		0		0		0		4520		38400
5		2.2279410024460664	-1.4717382714692568	6		0		0		0		6912		57600
6		-5.547177897144303	0.6606859391585567	11		0		0		0		15246		105600
7		-3.424583444767956	1.3649429246360105	3		0		0		0		3465		28800
8		0.8117132439078354	-2.8837836562033474	10		0		0		0		13330		96000
9		-0.6044371621882564	-4.296255520546184	5		0		0		0		6195		48000
10		-3.426716986176838	-0.04958609433502431	10		0		0		0		11010		96000
11		-6.961575290359596	0.6626694423203581	8		0		0		0		11008		76800
12		0.11579120916114435	4.895213738632392	12		0		0		0		15576		115200
13		-2.722722382121795	-2.171844178645208	11		0		0		0		4884		105600
14		2.935959554441877	-0.7657156802681668	6		0		0		0		780		57600
15		-2.0167405190612233	-2.879763952750646	6		0		0		0		1914		57600
16		0.10769189879777812	-0.7615997065386692	15		0		0		0		4530		144000
17		3.6423375230274524	-1.4740181739477576	12		0		0		0		2640		115200
18		2.230082844191012	-0.057637079263226934	1		0		0		0		298		9600
19		-1.3106838574928583	-3.588092870263993	3		0		0		0		1359		28800
20		0.8240036817470201	5.601209214054197	11		0		0		0		1232		105600
21		3.6462609334498093	1.3545614674492152	6		0		0		0		618		57600
22		2.230092364051633	-0.05760027050743932	13		0		0		0		3640		124800
23		0.10573757808403385	-2.1758157836057945	13		0		0		0		3367		124800
24		0.8136114688044999	-1.469778255829525	10		0		0		0		3800		96000
25		1.5279862283167336	3.4788976500006674	12		0		0		0		4848		115200

ITEMS
Type	Length	Width	Height	Mass	Fragility	LoadBearingStrength
Bt1	80	120	244	1278	0		0
Bt2	80	120	244	1473	0		0
Bt3	80	120	244	1029	0		0
Bt4	80	120	244	1130	0		0
Bt5	80	120	244	1152	0		0
Bt6	80	120	244	1386	0		0
Bt7	80	120	244	1155	0		0
Bt8	80	120	244	1333	0		0
Bt9	80	120	244	1239	0		0
Bt10	80	120	244	1101	0		0
Bt11	80	120	244	1376	0		0
Bt12	80	120	244	1298	0		0
Bt13	80	120	244	444	0		0
Bt14	80	120	244	130	0		0
Bt15	80	120	244	319	0		0
Bt16	80	120	244	302	0		0
Bt17	80	120	244	220	0		0
Bt18	80	120	244	298	0		0
Bt19	80	120	244	453	0		0
Bt20	80	120	244	112	0		0
Bt21	80	120	244	103	0		0
Bt22	80	120	244	280	0		0
Bt23	80	120	244	259	0		0
Bt24	80	120	244	380	0		0
Bt25	80	120	244	404	0		0

DEMANDS PER CUSTOMER
i	Type Quantity
1	Bt1 10
2	Bt2 15
3	Bt3 8
4	Bt4 4
5	Bt5 6
6	Bt6 11
7	Bt7 3
8	Bt8 10
9	Bt9 5
10	Bt10 10
11	Bt11 8
12	Bt12 12
13	Bt13 11
14	Bt14 6
15	Bt15 6
16	Bt16 15
17	Bt17 12
18	Bt18 1
19	Bt19 3
20	Bt20 11
21	Bt21 6
22	Bt22 13
23	Bt23 13
24	Bt24 10
25	Bt25 12
