Name				Inst_25_3_2
Number_of_Customers		25
Number_of_Items			139
Number_of_ItemTypes		25
Number_of_Vehicles		25
TimeWindows			0

VEHICLE
Mass_Capacity			32200
CargoSpace_Length		912
CargoSpace_Width		244
CargoSpace_Height		244
Wheelbase			550
Max_Mass_FrontAxle		11600
Max_Mass_RearAxle		21000
Distance_FrontAxle_CargoSpace	-100

CUSTOMERS
i		x	y	Demand		ReadyTime	DueDate		ServiceTime	DemandedMass	DemandedVolume
0		-0.13605469376961973	0.13590941389848013	0		0		0		0		0		0
1		-2.9637259595143455	-1.279814857779985	6		0		0		0		8796		57600
2		-1.5517789654544807	2.963580679527765	5		0		0		0		5080		48000
3		2.6908611161073845	2.9658470459822635	7		0		0		0		8344		67200
4		1.278158666644172	0.13666486951630233	5		0		0		0		5850		48000
5		-2.9644814148780605	0.13439850270814518	7		0		0		0		9653		67200
6		3.399856435326905	-0.5693086274317778	6		0		0		0		8616		57600
7		-0.13832106046456766	4.378549495070594	6		0		0		0		7224		57600
8		1.2758923002838658	4.379304952263836	5		0		0		0		6440		48000
9		5.520798748509565	0.13893123605171073	5		0		0		0		5115		48000
10		-3.6712103674727397	-0.5730859053513122	7		0		0		0		7826		67200
11		-3.6727212789443375	2.2553408162334385	4		0		0		0		5676		38400
12		4.813314340330312	0.8456601885926539	5		0		0		0		5530		48000
13		-2.9637259595143415	-1.2798148577799893	4		0		0		0		664		38400
14		4.814825251614581	-1.9827665323823025	7		0		0		0		1722		67200
15		-0.1322774158040172	-6.935157388833416	4		0		0		0		1304		38400
16		-2.257752462680858	0.8418829108561524	4		0		0		0		1664		38400
17		-2.2569970069859484	-0.5723304496069973	6		0		0		0		858		57600
18		-1.5495125987218288	-1.2790594021855075	7		0		0		0		3255		67200
19		0.5699188031955035	2.257607182643395	6		0		0		0		960		57600
20		-2.257752462680858	0.8418829108561525	7		0		0		0		2870		67200
21		4.81482525161458	-1.9827665323823025	5		0		0		0		2255		48000
22		0.5714297141174094	-0.5708195387412188	5		0		0		0		785		48000
23		0.5706742585980018	0.8433938222495109	5		0		0		0		1230		48000
24		-2.9644814148780605	0.13439850270814488	5		0		0		0		2095		48000
25		-0.83976182457822	-6.228428436683736	6		0		0		0		2436		57600

ITEMS
Type	Length	Width	Height	Mass	Fragility	LoadBearingStrength
Bt1	80	120	244	1466	0		0
Bt2	80	120	244	1016	0		0
Bt3	80	120	244	1192	0		0
Bt4	80	120	244	1170	0		0
Bt5	80	120	244	1379	0		0
Bt6	80	120	244	1436	0		0
Bt7	80	120	244	1204	0		0
Bt8	80	120	244	1288	0		0
Bt9	80	120	244	1023	0		0
Bt10	80	120	244	1118	0		0
Bt11	80	120	244	1419	0		0
Bt12	80	120	244	1106	0		0
Bt13	80	120	244	166	0		0
Bt14	80	120	244	246	0		0
Bt15	80	120	244	326	0		0
Bt16	80	120	244	416	0		0
Bt17	80	120	244	143	0		0
Bt18	80	120	244	465	0		0
Bt19	80	120	244	160	0		0
Bt20	80	120	244	410	0		0
Bt21	80	120	244	451	0		0
Bt22	80	120	244	157	0		0
Bt23	80	120	244	246	0		0
Bt24	80	120	244	419	0		0
Bt25	80	120	244	406	0		0

DEMANDS PER CUSTOMER
i	Type Quantity
1	Bt1 6
2	Bt2 5
3	Bt3 7
4	Bt4 5
5	Bt5 7
6	Bt6 6
7	Bt7 6
8	Bt8 5
9	Bt9 5
10	Bt10 7
11	Bt11 4
12	Bt12 5
13	Bt13 4
14	Bt14 7
15	Bt15 4
16	Bt16 4
17	Bt17 6
18	Bt18 7
19	Bt19 6
20	Bt20 7
21	Bt21 5
22	Bt22 5
23	Bt23 5
24	Bt24 5
25	Bt25 6
