Name				Inst_15_3_3
Number_of_Customers		15
Number_of_Items			79
Number_of_ItemTypes		15
Number_of_Vehicles		15
TimeWindows			0

VEHICLE
Mass_Capacity			32200
CargoSpace_Length		912
CargoSpace_Width		244
CargoSpace_Height		244
Wheelbase			550
Max_Mass_FrontAxle		11600
Max_Mass_RearAxle		21000
Distance_FrontAxle_CargoSpace	-100

CUSTOMERS
i		x	y	Demand		ReadyTime	DueDate		ServiceTime	DemandedMass	DemandedVolume
0		-0.4697331151081965	0.2123595747008917	0		0		0		0		0		0
1		5.312899883993128	-0.5378128740667149	7		0		0		0		10094		67200
2		0.6420288551084601	-3.217723961215486	4		0		0		0		4172		38400
3		2.9602385317685735	1.3236998177624593	4		0		0		0		4328		38400
4		5.769728645994171	1.6513921201610229	4		0		0		0		5532		38400
5		-3.8996969623977438	-0.8994921867882043	5		0		0		0		6530		48000
6		0.021321335414472804	-4.001737249737643	4		0		0		0		4548		38400
7		-2.986122053830196	3.4785456999629476	6		0		0		0		8826		57600
8		-1.2193669902160231	-5.570576584551388	4		0		0		0		1136		38400
9		-3.4428678619978115	1.289558996353196	7		0		0		0		1351		67200
10		-1.9085144844546593	6.45168304687342	7		0		0		0		1673		67200
11		-3.279114031336153	-0.11522603569546204	6		0		0		0		1710		57600
12		2.3397079830241374	0.5395410698294496	5		0		0		0		2360		48000
13		-1.0901748360151444	-0.5719202423110258	4		0		0		0		752		38400
14		2.9602385317685735	1.32369981776246	7		0		0		0		2296		67200
15		-1.7105734317155858	-1.3559910090399272	5		0		0		0		565		48000

ITEMS
Type	Length	Width	Height	Mass	Fragility	LoadBearingStrength
Bt1	80	120	244	1442	0		0
Bt2	80	120	244	1043	0		0
Bt3	80	120	244	1082	0		0
Bt4	80	120	244	1383	0		0
Bt5	80	120	244	1306	0		0
Bt6	80	120	244	1137	0		0
Bt7	80	120	244	1471	0		0
Bt8	80	120	244	284	0		0
Bt9	80	120	244	193	0		0
Bt10	80	120	244	239	0		0
Bt11	80	120	244	285	0		0
Bt12	80	120	244	472	0		0
Bt13	80	120	244	188	0		0
Bt14	80	120	244	328	0		0
Bt15	80	120	244	113	0		0

DEMANDS PER CUSTOMER
i	Type Quantity
1	Bt1 7
2	Bt2 4
3	Bt3 4
4	Bt4 4
5	Bt5 5
6	Bt6 4
7	Bt7 6
8	Bt8 4
9	Bt9 7
10	Bt10 7
11	Bt11 6
12	Bt12 5
13	Bt13 4
14	Bt14 7
15	Bt15 5
