Name				Inst_25_1_5
Number_of_Customers		25
Number_of_Items			134
Number_of_ItemTypes		25
Number_of_Vehicles		25
TimeWindows			0

VEHICLE
Mass_Capacity			32200
CargoSpace_Length		912
CargoSpace_Width		244
CargoSpace_Height		244
Wheelbase			550
Max_Mass_FrontAxle		11600
Max_Mass_RearAxle		21000
Distance_FrontAxle_CargoSpace	-100

CUSTOMERS
i		x	y	Demand		ReadyTime	DueDate		ServiceTime	DemandedMass	DemandedVolume
0		-1.333753563035156	0.06039951484626869	0		0		0		0		0		0
1		-7.685636434023577	-0.7473802961757761	5		0		0		0		7305		48000
2		-7.708141454270513	0.6662422809969453	6		0		0		0		7932		57600
3		-0.5706504221455191	-3.4633127939498136	7		0		0		0		8372		67200
4		5.018216862400001	0.8685363002961286	4		0		0		0		5084		38400
5		5.040724530120891	-0.5453673317518163	6		0		0		0		7350		57600
6		-6.990151731285857	-0.02953394105219516	6		0		0		0		6978		57600
7		5.018216862400002	0.8685363002961286	5		0		0		0		6095		48000
8		5.040724530120892	-0.5453673317518162	7		0		0		0		7126		67200
9		-1.2887660308232223	-2.7677209476840896	6		0		0		0		7416		57600
10		2.9307293785691	-1.2863296474852375	5		0		0		0		6245		48000
11		-0.570650422145519	-3.463312793949815	5		0		0		0		5340		48000
12		2.190089419116925	0.8235847417164365	5		0		0		0		5065		48000
13		-1.4011456567935812	4.302523197840301	5		0		0		0		6910		48000
14		0.708734855124618	5.042912211481722	6		0		0		0		7920		57600
15		4.322592479585108	0.15044412144140062	4		0		0		0		5096		38400
16		3.626596088199723	-0.5681332941374012	4		0		0		0		4552		38400
17		2.1900894191169247	0.8235847417164365	5		0		0		0		6545		48000
18		2.212690441904241	-0.5906060836013571	6		0		0		0		8934		57600
19		-3.488395014326202	2.147926664914828	6		0		0		0		8730		57600
20		-4.902571976826824	2.125203824354552	6		0		0		0		7800		57600
21		0.8659492068123557	-4.85487042821487	5		0		0		0		6950		48000
22		3.6266179358681714	-0.5681415232132931	5		0		0		0		6915		48000
23		1.4268080870647126	4.347468053647621	4		0		0		0		5888		38400
24		-6.967627672259536	-1.4436756163504214	4		0		0		0		5044		38400
25		-1.311289718468159	-1.3536099242308688	7		0		0		0		9184		67200

ITEMS
Type	Length	Width	Height	Mass	Fragility	LoadBearingStrength
Bt1	80	120	244	1461	0		0
Bt2	80	120	244	1322	0		0
Bt3	80	120	244	1196	0		0
Bt4	80	120	244	1271	0		0
Bt5	80	120	244	1225	0		0
Bt6	80	120	244	1163	0		0
Bt7	80	120	244	1219	0		0
Bt8	80	120	244	1018	0		0
Bt9	80	120	244	1236	0		0
Bt10	80	120	244	1249	0		0
Bt11	80	120	244	1068	0		0
Bt12	80	120	244	1013	0		0
Bt13	80	120	244	1382	0		0
Bt14	80	120	244	1320	0		0
Bt15	80	120	244	1274	0		0
Bt16	80	120	244	1138	0		0
Bt17	80	120	244	1309	0		0
Bt18	80	120	244	1489	0		0
Bt19	80	120	244	1455	0		0
Bt20	80	120	244	1300	0		0
Bt21	80	120	244	1390	0		0
Bt22	80	120	244	1383	0		0
Bt23	80	120	244	1472	0		0
Bt24	80	120	244	1261	0		0
Bt25	80	120	244	1312	0		0

DEMANDS PER CUSTOMER
i	Type Quantity
1	Bt1 5
2	Bt2 6
3	Bt3 7
4	Bt4 4
5	Bt5 6
6	Bt6 6
7	Bt7 5
8	Bt8 7
9	Bt9 6
10	Bt10 5
11	Bt11 5
12	Bt12 5
13	Bt13 5
14	Bt14 6
15	Bt15 4
16	Bt16 4
17	Bt17 5
18	Bt18 6
19	Bt19 6
20	Bt20 6
21	Bt21 5
22	Bt22 5
23	Bt23 4
24	Bt24 4
25	Bt25 7
