Name				Inst_20_4_6
Number_of_Customers		20
Number_of_Items			176
Number_of_ItemTypes		20
Number_of_Vehicles		20
TimeWindows			0

VEHICLE
Mass_Capacity			32200
CargoSpace_Length		912
CargoSpace_Width		244
CargoSpace_Height		244
Wheelbase			550
Max_Mass_FrontAxle		11600
Max_Mass_RearAxle		21000
Distance_FrontAxle_CargoSpace	-100

CUSTOMERS
i		x	y	Demand		ReadyTime	DueDate		ServiceTime	DemandedMass	DemandedVolume
0		-0.5217752245161129	0.737526259260581	0		0		0		0		0		0
1		2.9167730525258495	-3.027331543500438	12		0		0		0		17664		115200
2		5.875815696369714	1.0029751725104046	12		0		0		0		13020		115200
3		-3.9604214362959715	4.502706646477931	8		0		0		0		9368		76800
4		-3.6951087107470073	-1.8949843928271835	12		0		0		0		13956		115200
5		-4.123613362075321	0.9007465772173123	12		0		0		0		12384		115200
6		-3.909200729777355	-0.49712211600939277	3		0		0		0		4350		28800
7		0.9270848830437387	-4.047880477009417	5		0		0		0		5930		48000
8		4.10053500827762	-1.4152558216986113	13		0		0		0		18902		124800
9		3.294335862986041	-0.823503508379005	15		0		0		0		17085		144000
10		-4.929870857623264	1.4924888333527768	3		0		0		0		3999		28800
11		5.6614333650800095	2.4009184796965135	15		0		0		0		1560		144000
12		1.6309021036960523	5.359785516839753	1		0		0		0		421		9600
13		0.5496314210158194	-6.2518917431203	9		0		0		0		1431		86400
14		-6.705203139865623	-0.9257184539226402	6		0		0		0		1446		57600
15		0.9270848830437386	-4.047880477009418	12		0		0		0		3384		115200
16		2.6513821822259755	3.3703876827317094	6		0		0		0		1290		57600
17		5.875815696369711	1.0029751725104008	13		0		0		0		6435		124800
18		-0.3587594478603566	4.339173292610246	13		0		0		0		4134		124800
19		-0.09315884742322023	-2.0582033025887734	5		0		0		0		1835		48000
20		-6.113682398450046	-0.11991179714244017	1		0		0		0		453		9600

ITEMS
Type	Length	Width	Height	Mass	Fragility	LoadBearingStrength
Bt1	80	120	244	1472	0		0
Bt2	80	120	244	1085	0		0
Bt3	80	120	244	1171	0		0
Bt4	80	120	244	1163	0		0
Bt5	80	120	244	1032	0		0
Bt6	80	120	244	1450	0		0
Bt7	80	120	244	1186	0		0
Bt8	80	120	244	1454	0		0
Bt9	80	120	244	1139	0		0
Bt10	80	120	244	1333	0		0
Bt11	80	120	244	104	0		0
Bt12	80	120	244	421	0		0
Bt13	80	120	244	159	0		0
Bt14	80	120	244	241	0		0
Bt15	80	120	244	282	0		0
Bt16	80	120	244	215	0		0
Bt17	80	120	244	495	0		0
Bt18	80	120	244	318	0		0
Bt19	80	120	244	367	0		0
Bt20	80	120	244	453	0		0

DEMANDS PER CUSTOMER
i	Type Quantity
1	Bt1 12
2	Bt2 12
3	Bt3 8
4	Bt4 12
5	Bt5 12
6	Bt6 3
7	Bt7 5
8	Bt8 13
9	Bt9 15
10	Bt10 3
11	Bt11 15
12	Bt12 1
13	Bt13 9
14	Bt14 6
15	Bt15 12
16	Bt16 6
17	Bt17 13
18	Bt18 13
19	Bt19 5
20	Bt20 1
