Nr		Name			No_of_Customers	No_of_Items	Time_Windows
1		Inst_10_1_1		10		10		0
2		Inst_10_1_2		10		10		0
3		Inst_10_1_3		10		10		0
4		Inst_10_1_4		10		10		0
5		Inst_10_1_5		10		10		0
6		Inst_10_1_6		10		10		0
7		Inst_10_1_7		10		10		0
8		Inst_10_1_8		10		10		0
9		Inst_10_2_1		10		10		0
10		Inst_10_2_2		10		10		0
11		Inst_10_2_3		10		10		0
12		Inst_10_2_4		10		10		0
13		Inst_10_2_5		10		10		0
14		Inst_10_2_6		10		10		0
15		Inst_10_2_7		10		10		0
16		Inst_10_2_8		10		10		0
17		Inst_10_3_1		10		10		0
18		Inst_10_3_2		10		10		0
19		Inst_10_3_3		10		10		0
20		Inst_10_3_4		10		10		0
21		Inst_10_3_5		10		10		0
22		Inst_10_3_6		10		10		0
23		Inst_10_3_7		10		10		0
24		Inst_10_3_8		10		10		0
25		Inst_10_4_1		10		10		0
26		Inst_10_4_2		10		10		0
27		Inst_10_4_3		10		10		0
28		Inst_10_4_4		10		10		0
29		Inst_10_4_5		10		10		0
30		Inst_10_4_6		10		10		0
31		Inst_10_4_7		10		10		0
32		Inst_10_4_8		10		10		0
33		Inst_15_1_1		15		15		0
34		Inst_15_1_2		15		15		0
35		Inst_15_1_3		15		15		0
36		Inst_15_1_4		15		15		0
37		Inst_15_1_5		15		15		0
38		Inst_15_1_6		15		15		0
39		Inst_15_1_7		15		15		0
40		Inst_15_1_8		15		15		0
41		Inst_15_2_1		15		15		0
42		Inst_15_2_2		15		15		0
43		Inst_15_2_3		15		15		0
44		Inst_15_2_4		15		15		0
45		Inst_15_2_5		15		15		0
46		Inst_15_2_6		15		15		0
47		Inst_15_2_7		15		15		0
48		Inst_15_2_8		15		15		0
49		Inst_15_3_1		15		15		0
50		Inst_15_3_2		15		15		0
51		Inst_15_3_3		15		15		0
52		Inst_15_3_4		15		15		0
53		Inst_15_3_5		15		15		0
54		Inst_15_3_6		15		15		0
55		Inst_15_3_7		15		15		0
56		Inst_15_3_8		15		15		0
57		Inst_15_4_1		15		15		0
58		Inst_15_4_2		15		15		0
59		Inst_15_4_3		15		15		0
60		Inst_15_4_4		15		15		0
61		Inst_15_4_5		15		15		0
62		Inst_15_4_6		15		15		0
63		Inst_15_4_7		15		15		0
64		Inst_15_4_8		15		15		0
65		Inst_20_1_1		20		20		0
66		Inst_20_1_2		20		20		0
67		Inst_20_1_3		20		20		0
68		Inst_20_1_4		20		20		0
69		Inst_20_1_5		20		20		0
70		Inst_20_1_6		20		20		0
71		Inst_20_1_7		20		20		0
72		Inst_20_1_8		20		20		0
73		Inst_20_2_1		20		20		0
74		Inst_20_2_2		20		20		0
75		Inst_20_2_3		20		20		0
76		Inst_20_2_4		20		20		0
77		Inst_20_2_5		20		20		0
78		Inst_20_2_6		20		20		0
79		Inst_20_2_7		20		20		0
80		Inst_20_2_8		20		20		0
81		Inst_20_3_1		20		20		0
82		Inst_20_3_2		20		20		0
83		Inst_20_3_3		20		20		0
84		Inst_20_3_4		20		20		0
85		Inst_20_3_5		20		20		0
86		Inst_20_3_6		20		20		0
87		Inst_20_3_7		20		20		0
88		Inst_20_3_8		20		20		0
89		Inst_20_4_1		20		20		0
90		Inst_20_4_2		20		20		0
91		Inst_20_4_3		20		20		0
92		Inst_20_4_4		20		20		0
93		Inst_20_4_5		20		20		0
94		Inst_20_4_6		20		20		0
95		Inst_20_4_7		20		20		0
96		Inst_20_4_8		20		20		0
97		Inst_25_1_1		25		25		0
98		Inst_25_1_2		25		25		0
99		Inst_25_1_3		25		25		0
100		Inst_25_1_4		25		25		0
101		Inst_25_1_5		25		25		0
102		Inst_25_1_6		25		25		0
103		Inst_25_1_7		25		25		0
104		Inst_25_1_8		25		25		0
105		Inst_25_2_1		25		25		0
106		Inst_25_2_2		25		25		0
107		Inst_25_2_3		25		25		0
108		Inst_25_2_4		25		25		0
109		Inst_25_2_5		25		25		0
110		Inst_25_2_6		25		25		0
111		Inst_25_2_7		25		25		0
112		Inst_25_2_8		25		25		0
113		Inst_25_3_1		25		25		0
114		Inst_25_3_2		25		25		0
115		Inst_25_3_3		25		25		0
116		Inst_25_3_4		25		25		0
117		Inst_25_3_5		25		25		0
118		Inst_25_3_6		25		25		0
119		Inst_25_3_7		25		25		0
120		Inst_25_3_8		25		25		0
121		Inst_25_4_1		25		25		0
122		Inst_25_4_2		25		25		0
123		Inst_25_4_3		25		25		0
124		Inst_25_4_4		25		25		0
125		Inst_25_4_5		25		25		0
126		Inst_25_4_6		25		25		0
127		Inst_25_4_7		25		25		0
128		Inst_25_4_8		25		25		0
