Name				SD-CSS12
Number_of_Customers		129
Number_of_Items			745
Number_of_ItemTypes		10
Number_of_Vehicles		50
TimeWindows			0

VEHICLE
Mass_Capacity			28000
CargoSpace_Length		1360
CargoSpace_Width		255
CargoSpace_Height		285
Wheelbase			600
Max_Mass_FrontAxle		16000
Max_Mass_RearAxle		26000
Distance_FrontAxle_CargoSpace	76

CUSTOMERS
i		x		y		Demand		ReadyTime	DueDate		ServiceTime	DemandedMass	DemandedVolume
0		0		0		0		0		0		0		0		0
1		-148		-460		7		0		0		0		3711		29954572
2		219		-327		6		0		0		0		2557		18964280
3		-301		-73		3		0		0		0		1448		10555240
4		-172		-308		9		0		0		0		4413		34715080
5		-181		-456		9		0		0		0		5921		42704240
6		132		-53		4		0		0		0		2399		16640840
7		401		-120		8		0		0		0		3238		26237120
8		120		-56		6		0		0		0		3061		23444812
9		288		-378		5		0		0		0		2903		23503344
10		319		-33		6		0		0		0		2163		19852212
11		235		-156		6		0		0		0		3113		25223172
12		17		161		6		0		0		0		2868		19999280
13		-242		-175		5		0		0		0		2488		19906584
14		-19		110		4		0		0		0		1735		14251640
15		-134		-301		7		0		0		0		3307		28342984
16		284		65		4		0		0		0		2022		16477600
17		127		-389		4		0		0		0		2742		20734800
18		-344		279		3		0		0		0		1113		10711200
19		370		289		3		0		0		0		1529		12334600
20		-275		270		11		0		0		0		4136		36703996
21		-332		346		8		0		0		0		2578		27553424
22		-77		203		10		0		0		0		5005		41023812
23		-124		441		5		0		0		0		2010		19535400
24		-136		-274		4		0		0		0		1180		11465612
25		-459		123		5		0		0		0		2338		20223372
26		52		22		5		0		0		0		2843		22797772
27		-267		418		8		0		0		0		4896		37420772
28		-17		-152		8		0		0		0		2684		24254680
29		-373		-260		4		0		0		0		2228		15706640
30		-206		-216		7		0		0		0		2503		24571172
31		-428		-257		9		0		0		0		3608		26376360
32		-320		121		7		0		0		0		3318		28936372
33		261		57		3		0		0		0		1489		12670600
34		61		-375		1		0		0		0		382		3914372
35		283		102		7		0		0		0		2259		21586384
36		248		-166		2		0		0		0		809		7888772
37		-249		346		4		0		0		0		1495		14625572
38		-306		-376		6		0		0		0		3181		25998372
39		475		-11		5		0		0		0		1500		14086440
40		153		-19		5		0		0		0		1526		13483452
41		-265		87		10		0		0		0		5316		42058812
42		223		-175		3		0		0		0		1407		12620172
43		234		420		6		0		0		0		2583		23777772
44		-117		415		6		0		0		0		1856		18232452
45		40		-356		5		0		0		0		2784		20296040
46		-29		-400		11		0		0		0		3182		30350492
47		-231		-247		5		0		0		0		2883		22529000
48		88		327		7		0		0		0		2209		20479424
49		74		367		8		0		0		0		3784		30859652
50		-380		48		7		0		0		0		3859		30861240
51		-144		29		6		0		0		0		1901		17604840
52		40		-492		7		0		0		0		2863		21318120
53		95		233		6		0		0		0		790		9247560
54		-399		-171		3		0		0		0		336		3306480
55		153		-16		5		0		0		0		1830		19703372
56		-257		-307		7		0		0		0		3735		28763612
57		129		215		7		0		0		0		2257		20280280
58		-206		399		7		0		0		0		2949		23603480
59		416		56		6		0		0		0		756		7251360
60		-105		-4		5		0		0		0		1991		17469040
61		-138		-470		5		0		0		0		2311		17383240
62		17		218		6		0		0		0		1105		12407520
63		60		-444		10		0		0		0		4796		37696452
64		227		70		4		0		0		0		868		8046480
65		333		-178		7		0		0		0		1529		16641092
66		-197		434		5		0		0		0		1683		18618572
67		151		457		6		0		0		0		3257		26714600
68		-83		395		6		0		0		0		1210		13173120
69		109		-57		9		0		0		0		2325		22660864
70		444		77		4		0		0		0		1825		14140812
71		-60		360		6		0		0		0		1780		17728480
72		-368		-237		3		0		0		0		1452		12680200
73		274		28		8		0		0		0		4341		35145184
74		259		184		4		0		0		0		1979		17091400
75		-3		-380		7		0		0		0		2466		19231520
76		339		-227		8		0		0		0		4532		39814172
77		-430		66		5		0		0		0		1792		14458424
78		337		39		6		0		0		0		2395		23859612
79		-397		-246		3		0		0		0		724		9041012
80		-67		-248		6		0		0		0		3446		27857972
81		-200		-458		6		0		0		0		3633		28674000
82		195		-256		5		0		0		0		1566		13214680
83		119		-365		3		0		0		0		1868		14480800
84		-397		252		2		0		0		0		710		5545840
85		-102		378		4		0		0		0		1816		16208200
86		-221		-344		10		0		0		0		4780		37753024
87		62		277		6		0		0		0		3103		23764012
88		-224		-224		4		0		0		0		1630		16209000
89		290		-385		4		0		0		0		1665		12998440
90		50		361		4		0		0		0		2151		16052240
91		181		-107		5		0		0		0		1986		17140240
92		264		68		8		0		0		0		3390		29248212
93		40		100		7		0		0		0		4003		33264200
94		-394		143		9		0		0		0		3551		28642892
95		354		40		4		0		0		0		1840		15017240
96		82		90		6		0		0		0		2865		23723040
97		-103		-299		8		0		0		0		3722		32993212
98		226		1		6		0		0		0		3628		28455172
99		-121		-268		7		0		0		0		4064		31308772
100		-221		441		2		0		0		0		1717		12029000
101		-492		55		6		0		0		0		1152		11244092
102		-284		299		3		0		0		0		798		7551240
103		171		266		10		0		0		0		5006		39227652
104		159		-149		3		0		0		0		2035		13112840
105		-341		-77		3		0		0		0		756		7232040
106		420		199		6		0		0		0		1557		15927452
107		-158		377		8		0		0		0		3672		32604384
108		67		-263		6		0		0		0		1902		18975156
109		328		-73		10		0		0		0		4747		36653880
110		-150		53		2		0		0		0		1067		9025000
111		429		-197		6		0		0		0		1830		16305880
112		176		-193		7		0		0		0		1895		16472320
113		35		455		6		0		0		0		2855		23175412
114		-253		44		4		0		0		0		1354		11963440
115		10		-36		4		0		0		0		940		7372080
116		-158		-320		10		0		0		0		5622		44576440
117		32		-111		5		0		0		0		1537		14076840
118		-76		-48		5		0		0		0		2888		22857800
119		-412		-53		2		0		0		0		329		3257640
120		-21		-69		6		0		0		0		1000		11641920
121		-177		-455		6		0		0		0		2760		22957440
122		168		-147		5		0		0		0		1462		10652920
123		-306		-4		7		0		0		0		2873		23817640
124		280		44		2		0		0		0		791		7502400
125		-452		208		6		0		0		0		1893		16752280
126		347		225		3		0		0		0		816		7937612
127		-485		-118		10		0		0		0		3288		32411624
128		180		-238		3		0		0		0		1068		10651172
129		227		-232		7		0		0		0		3683		29708212

ITEMS
Type		Length		Width		Height		Mass		Fragility	LoadBearingStrength
Bt1		37		40		33		7		0		0.0094600
Bt2		100		230		239		703		0		0.0918000
Bt3		100		230		284		1014		0		0.3527000
Bt4		120		140		217		422		0		0.1005000
Bt5		120		140		191		322		0		0.2876800
Bt6		120		140		216		504		1		0.0000000
Bt7		120		138		240		427		0		0.0515900
Bt8		120		140		210		364		0		0.2605700
Bt9		142		154		179		382		0		0.0875500
Bt10		155		168		195		335		0		0.1932600

DEMANDS PER CUSTOMER
i	Type Quantity
1	Bt2 1	Bt3 1	Bt4 1	Bt5 1	Bt6 1	Bt8 1	Bt9 1	
2	Bt1 2	Bt2 1	Bt3 1	Bt5 1	Bt6 1	
3	Bt1 1	Bt3 1	Bt7 1	
4	Bt1 2	Bt2 3	Bt3 1	Bt4 1	Bt7 2	
5	Bt1 1	Bt2 1	Bt3 4	Bt7 1	Bt8 2	
6	Bt1 1	Bt3 2	Bt8 1	
7	Bt1 3	Bt3 2	Bt7 2	Bt10 1	
8	Bt1 1	Bt3 2	Bt5 2	Bt9 1	
9	Bt2 1	Bt3 1	Bt4 1	Bt9 2	
10	Bt1 1	Bt2 1	Bt5 2	Bt7 1	Bt9 1	
11	Bt3 1	Bt4 1	Bt6 1	Bt7 1	Bt8 1	Bt9 1	
12	Bt1 2	Bt3 2	Bt5 1	Bt6 1	
13	Bt1 1	Bt2 1	Bt3 1	Bt9 2	
14	Bt1 1	Bt2 2	Bt5 1	
15	Bt1 1	Bt2 3	Bt7 1	Bt9 2	
16	Bt3 1	Bt5 2	Bt8 1	
17	Bt2 2	Bt3 1	Bt5 1	
18	Bt5 1	Bt7 1	Bt8 1	
19	Bt2 1	Bt5 1	Bt6 1	
20	Bt1 2	Bt3 1	Bt4 1	Bt5 1	Bt7 2	Bt8 1	Bt9 3	
21	Bt1 2	Bt2 1	Bt7 1	Bt9 2	Bt10 2	
22	Bt1 1	Bt2 3	Bt3 1	Bt4 1	Bt5 2	Bt7 1	Bt9 1	
23	Bt4 1	Bt5 1	Bt6 1	Bt7 1	Bt10 1	
24	Bt1 1	Bt7 1	Bt8 1	Bt9 1	
25	Bt2 1	Bt5 1	Bt6 1	Bt7 1	Bt9 1	
26	Bt2 1	Bt3 1	Bt4 1	Bt5 1	Bt9 1	
27	Bt3 3	Bt4 1	Bt5 1	Bt8 2	Bt9 1	
28	Bt1 2	Bt2 1	Bt5 1	Bt7 3	Bt8 1	
29	Bt1 1	Bt2 1	Bt3 1	Bt6 1	
30	Bt5 3	Bt7 1	Bt8 2	Bt9 1	
31	Bt1 4	Bt2 1	Bt3 2	Bt4 1	Bt7 1	
32	Bt2 2	Bt4 2	Bt5 1	Bt8 1	Bt9 1	
33	Bt2 1	Bt4 1	Bt8 1	
34	Bt9 1	
35	Bt1 1	Bt4 2	Bt5 2	Bt9 2	
36	Bt7 1	Bt9 1	
37	Bt5 1	Bt7 1	Bt8 1	Bt9 1	
38	Bt3 1	Bt6 1	Bt7 3	Bt9 1	
39	Bt1 1	Bt4 1	Bt5 2	Bt7 1	
40	Bt1 2	Bt2 1	Bt7 1	Bt9 1	
41	Bt1 1	Bt2 2	Bt3 2	Bt4 1	Bt5 2	Bt7 1	Bt9 1	
42	Bt2 1	Bt5 1	Bt9 1	
43	Bt2 1	Bt5 2	Bt7 2	Bt9 1	
44	Bt1 2	Bt2 1	Bt4 1	Bt9 1	Bt10 1	
45	Bt1 1	Bt3 2	Bt5 1	Bt7 1	
46	Bt1 3	Bt5 2	Bt7 5	Bt9 1	
47	Bt2 1	Bt3 1	Bt4 2	Bt5 1	
48	Bt1 2	Bt2 1	Bt8 2	Bt9 2	
49	Bt1 2	Bt2 1	Bt3 2	Bt5 1	Bt9 1	Bt10 1	
50	Bt1 1	Bt2 1	Bt3 2	Bt4 1	Bt8 1	Bt10 1	
51	Bt1 1	Bt4 2	Bt5 1	Bt8 2	
52	Bt1 3	Bt2 2	Bt3 1	Bt4 1	
53	Bt1 4	Bt7 1	Bt10 1	
54	Bt1 2	Bt5 1	
55	Bt5 1	Bt7 1	Bt8 1	Bt9 1	Bt10 1	
56	Bt1 1	Bt2 2	Bt3 1	Bt4 1	Bt6 1	Bt9 1	
57	Bt1 2	Bt2 1	Bt5 1	Bt7 2	Bt8 1	
58	Bt1 2	Bt2 1	Bt3 1	Bt7 2	Bt8 1	
59	Bt1 4	Bt8 2	
60	Bt1 1	Bt2 1	Bt7 3	
61	Bt1 1	Bt3 1	Bt4 1	Bt6 1	Bt8 1	
62	Bt1 3	Bt5 1	Bt7 1	Bt10 1	
63	Bt1 2	Bt2 2	Bt3 2	Bt5 3	Bt9 1	
64	Bt1 2	Bt7 2	
65	Bt1 3	Bt7 1	Bt8 1	Bt9 1	Bt10 1	
66	Bt5 3	Bt9 1	Bt10 1	
67	Bt2 1	Bt3 1	Bt5 1	Bt7 2	Bt8 1	
68	Bt1 3	Bt7 2	Bt10 1	
69	Bt1 3	Bt5 1	Bt7 2	Bt8 1	Bt9 2	
70	Bt1 1	Bt3 1	Bt4 1	Bt9 1	
71	Bt1 2	Bt2 1	Bt8 2	Bt10 1	
72	Bt2 1	Bt5 1	Bt7 1	
73	Bt1 1	Bt2 1	Bt3 2	Bt6 1	Bt9 2	Bt10 1	
74	Bt2 1	Bt4 1	Bt7 2	
75	Bt1 3	Bt2 1	Bt3 1	Bt8 2	
76	Bt2 1	Bt3 2	Bt5 1	Bt7 1	Bt9 1	Bt10 2	
77	Bt1 2	Bt3 1	Bt9 2	
78	Bt1 1	Bt3 1	Bt5 1	Bt9 1	Bt10 2	
79	Bt1 1	Bt9 1	Bt10 1	
80	Bt2 2	Bt3 1	Bt5 2	Bt9 1	
81	Bt2 2	Bt3 1	Bt4 1	Bt7 1	Bt8 1	
82	Bt1 2	Bt2 1	Bt4 1	Bt7 1	
83	Bt3 1	Bt7 2	
84	Bt1 1	Bt2 1	
85	Bt2 1	Bt5 1	Bt7 1	Bt8 1	
86	Bt1 2	Bt2 1	Bt3 2	Bt4 2	Bt7 1	Bt9 2	
87	Bt1 1	Bt3 2	Bt5 1	Bt8 1	Bt9 1	
88	Bt6 1	Bt7 1	Bt8 1	Bt10 1	
89	Bt1 1	Bt3 1	Bt5 2	
90	Bt1 1	Bt2 1	Bt3 1	Bt7 1	
91	Bt1 1	Bt2 1	Bt4 1	Bt7 2	
92	Bt1 1	Bt3 1	Bt5 2	Bt6 2	Bt9 1	Bt10 1	
93	Bt3 2	Bt4 1	Bt7 2	Bt8 1	Bt10 1	
94	Bt1 3	Bt2 2	Bt3 1	Bt8 2	Bt9 1	
95	Bt1 1	Bt2 2	Bt7 1	
96	Bt1 1	Bt2 3	Bt5 1	Bt7 1	
97	Bt1 1	Bt2 1	Bt3 1	Bt7 3	Bt9 1	Bt10 1	
98	Bt3 2	Bt7 2	Bt8 1	Bt9 1	
99	Bt3 2	Bt4 1	Bt6 1	Bt8 2	Bt9 1	
100	Bt2 1	Bt3 1	
101	Bt1 3	Bt5 1	Bt7 1	Bt9 1	
102	Bt1 1	Bt7 1	Bt8 1	
103	Bt1 2	Bt2 2	Bt3 2	Bt5 1	Bt7 2	Bt9 1	
104	Bt1 1	Bt3 2	
105	Bt1 1	Bt5 1	Bt7 1	
106	Bt1 2	Bt5 1	Bt6 1	Bt9 1	Bt10 1	
107	Bt1 1	Bt2 1	Bt3 1	Bt4 1	Bt7 1	Bt9 2	Bt10 1	
108	Bt1 1	Bt5 1	Bt7 1	Bt9 3	
109	Bt1 2	Bt2 1	Bt3 2	Bt5 2	Bt6 1	Bt7 2	
110	Bt2 1	Bt8 1	
111	Bt1 2	Bt2 1	Bt5 1	Bt7 1	Bt8 1	
112	Bt1 3	Bt2 1	Bt4 1	Bt5 1	Bt7 1	
113	Bt1 1	Bt2 1	Bt3 1	Bt5 1	Bt7 1	Bt9 1	
114	Bt1 1	Bt2 1	Bt5 2	
115	Bt1 2	Bt4 1	Bt6 1	
116	Bt1 1	Bt2 1	Bt3 3	Bt4 1	Bt5 1	Bt7 1	Bt8 1	Bt10 1	
117	Bt1 1	Bt4 2	Bt5 1	Bt8 1	
118	Bt2 1	Bt3 1	Bt4 1	Bt5 1	Bt7 1	
119	Bt1 1	Bt5 1	
120	Bt1 3	Bt5 2	Bt10 1	
121	Bt1 1	Bt2 3	Bt5 2	
122	Bt1 3	Bt3 1	Bt7 1	
123	Bt1 1	Bt3 1	Bt4 2	Bt5 2	Bt8 1	
124	Bt7 1	Bt8 1	
125	Bt1 2	Bt2 1	Bt5 1	Bt7 2	
126	Bt1 1	Bt7 1	Bt9 1	
127	Bt1 2	Bt2 1	Bt4 1	Bt5 1	Bt8 2	Bt9 2	Bt10 1	
128	Bt5 1	Bt8 1	Bt9 1	
129	Bt1 1	Bt3 2	Bt6 1	Bt7 1	Bt9 1	Bt10 1	