Name					26_TruckTrailer_n60_m200_bt100_1
Number_of_Customers			60
Number_of_Items				200
Number_of_ItemTypes			100
Number_of_Vehicles			6
TimeWindows				0

VEHICLE
Mass_Capacity				25950
CargoSpace_Length			136
CargoSpace_Width			25
CargoSpace_Height			30
Wheelbase				36
Max_Mass_FrontAxle			10000
Max_Mass_RearAxle			11500
Max_Mass_TrailerAxle			24000
Distance_Kingpin_RearAxle		6
Distance_Kingpin_TrailerAxle		76
Distance_CargoSpace_TrailerAxle		92
Distance_Mass_Tractor_RearAxle		25
Distance_Mass_Trailer_TrailerAxle	16
Mass_Tractor				7300
Mass_Trailer				6750

CUSTOMERS
i		x		y		Demand		ReadyTime	DueDate		ServiceTime	DemandedMass	DemandedVolume
0		35		35		0		0		0		0		0		0
1		6		57		2		0		0		0		643.835		3409
2		58		51		8		0		0		0		1744.17		10058
3		63		66		2		0		0		0		308.009		1873
4		19		65		4		0		0		0		467.961		3096
5		43		64		3		0		0		0		448.125		2384
6		44		20		4		0		0		0		863.352		4960
7		28		4		4		0		0		0		625.432		3596
8		4		47		2		0		0		0		156.739		952
9		38		25		3		0		0		0		569.086		4065
10		16		56		1		0		0		0		331.238		1452
11		47		38		5		0		0		0		1355.68		7988
12		5		39		4		0		0		0		1261.34		6389
13		66		37		2		0		0		0		146.797		1160
14		46		28		3		0		0		0		912.256		4704
15		12		23		2		0		0		0		776.11		3980
16		0		49		2		0		0		0		255.204		2144
17		16		2		5		0		0		0		1391.34		6815
18		36		24		6		0		0		0		734.703		5408
19		9		63		6		0		0		0		959.373		5927
20		46		2		1		0		0		0		874.965		3850
21		27		52		5		0		0		0		896.708		6331
22		20		30		2		0		0		0		1002.88		4662
23		14		64		5		0		0		0		1143.1		6096
24		9		9		3		0		0		0		966.724		4893
25		40		56		2		0		0		0		313.461		2292
26		38		34		4		0		0		0		1039.26		5306
27		9		36		2		0		0		0		608.654		2888
28		37		4		4		0		0		0		1195.4		8154
29		41		63		5		0		0		0		950.128		5790
30		0		70		2		0		0		0		193.169		1356
31		20		18		4		0		0		0		948.578		5583
32		33		12		5		0		0		0		1011.05		6734
33		35		65		3		0		0		0		1500.4		7769
34		40		26		3		0		0		0		571.005		3543
35		2		61		2		0		0		0		537.308		2772
36		7		41		2		0		0		0		325.609		2356
37		59		7		4		0		0		0		1800.33		9190
38		20		23		3		0		0		0		554.804		3403
39		49		55		1		0		0		0		771.697		3150
40		36		5		2		0		0		0		855.859		4634
41		49		30		4		0		0		0		767.472		4459
42		9		11		4		0		0		0		511.289		3536
43		70		53		5		0		0		0		880.894		5056
44		53		38		2		0		0		0		673.958		5200
45		12		47		5		0		0		0		913.958		5028
46		53		5		2		0		0		0		701.506		3078
47		65		5		1		0		0		0		236.082		1216
48		4		68		3		0		0		0		890.73		5441
49		54		27		2		0		0		0		235.453		2222
50		10		62		4		0		0		0		997.348		5692
51		35		22		6		0		0		0		1189.13		7361
52		39		69		7		0		0		0		1411.35		7444
53		65		20		2		0		0		0		686.002		3152
54		57		19		4		0		0		0		1227.1		7002
55		6		53		3		0		0		0		260.843		1783
56		34		35		2		0		0		0		344.536		2172
57		51		47		2		0		0		0		100.657		792
58		18		21		2		0		0		0		776.519		3763
59		50		61		5		0		0		0		1763.02		10027
60		7		65		3		0		0		0		810.812		5109

ITEMS
Type		Length		Width		Height		Mass		Fragility	LoadBearingStrength
Bt1		16		10		11		234.62		0		7.3319481
Bt2		16		12		6		283.96		0		7.3948095
Bt3		19		8		6		121.12		0		3.9842806
Bt4		22		10		10		429.09		1		1.9504156
Bt5		7		10		8		69.60		0		4.9714979
Bt6		22		11		6		331.24		1		1.3687534
Bt7		18		10		10		344.80		0		9.5777926
Bt8		24		8		10		422.25		0		10.9962112
Bt9		22		7		8		134.08		0		4.3533127
Bt10		6		6		8		29.05		0		4.0345433
Bt11		25		11		14		874.97		0		15.9084617
Bt12		25		9		14		771.70		0		17.1488309
Bt13		23		10		14		670.15		0		14.5684480
Bt14		6		8		7		36.38		0		3.7893245
Bt15		18		8		15		349.22		0		12.1255214
Bt16		8		12		7		94.06		1		0.9798271
Bt17		19		9		8		210.08		0		6.1427827
Bt18		6		11		12		124.10		1		1.8802650
Bt19		7		9		12		155.97		0		12.3786674
Bt20		7		8		8		55.30		0		4.9377226
Bt21		25		8		7		199.95		0		4.9988397
Bt22		13		9		8		180.15		0		7.6988993
Bt23		25		12		12		504.32		0		8.4053387
Bt24		9		9		6		85.10		0		5.2533662
Bt25		8		7		11		145.14		0		12.9587081
Bt26		16		12		7		237.21		0		6.1773833
Bt27		23		8		9		324.61		0		8.8209046
Bt28		16		7		15		381.55		0		17.0334388
Bt29		7		12		7		137.08		0		8.1595576
Bt30		7		7		7		70.01		0		7.1438721
Bt31		17		12		6		275.49		0		6.7521638
Bt32		19		6		6		113.03		0		4.9574105
Bt33		20		8		10		169.64		1		1.0602348
Bt34		12		11		9		152.68		0		5.7834691
Bt35		17		7		7		92.81		0		3.8995854
Bt36		13		7		11		168.36		0		9.2504244
Bt37		10		9		11		101.37		1		1.1263413
Bt38		25		10		8		467.39		0		9.3478743
Bt39		21		9		10		322.09		0		8.5208938
Bt40		6		6		6		27.70		0		3.8473824
Bt41		21		11		14		655.91		0		14.1970798
Bt42		17		7		9		215.93		0		9.0727090
Bt43		19		9		6		142.02		0		4.1526665
Bt44		8		12		6		72.96		0		3.7997686
Bt45		19		12		9		262.05		0		5.7466262
Bt46		6		9		14		85.60		0		7.9263663
Bt47		6		6		8		33.07		0		4.5936605
Bt48		17		9		6		162.00		0		5.2942704
Bt49		13		9		12		327.22		0		13.9839684
Bt50		7		7		7		80.98		1		1.6526622
Bt51		11		7		15		154.70		0		10.0455435
Bt52		25		7		7		241.27		0		6.8935002
Bt53		15		10		13		276.75		0		9.2249795
Bt54		18		7		12		303.73		0		12.0529292
Bt55		19		6		9		165.41		0		7.2548131
Bt56		9		11		15		223.68		0		11.2969582
Bt57		14		8		15		230.98		1		2.0622979
Bt58		25		8		12		311.64		0		7.7910996
Bt59		18		6		10		260.73		0		12.0708818
Bt60		8		7		7		56.46		1		1.0082203
Bt61		25		9		15		679.87		0		15.1081150
Bt62		9		6		12		84.87		1		1.5716569
Bt63		15		8		11		157.93		0		6.5803863
Bt64		6		8		15		164.41		0		17.1263046
Bt65		6		12		12		103.40		0		7.1805301
Bt66		24		6		8		211.75		0		7.3526009
Bt67		18		11		8		207.45		0		5.2387620
Bt68		19		12		15		706.51		0		15.4936086
Bt69		22		8		7		284.04		0		8.0694560
Bt70		7		8		6		50.67		0		4.5244838
Bt71		17		11		14		333.51		0		8.9174075
Bt72		23		10		13		493.31		0		10.7241122
Bt73		6		10		6		37.93		1		0.6320982
Bt74		24		9		12		616.40		1		2.8537094
Bt75		8		10		15		182.47		0		11.4041367
Bt76		21		8		13		402.56		0		11.9810385
Bt77		7		12		14		177.62		0		10.5727409
Bt78		19		8		8		236.08		0		7.7658424
Bt79		19		6		6		99.11		0		4.3467214
Bt80		8		8		7		80.11		0		6.2587066
Bt81		9		9		7		96.72		0		5.9706779
Bt82		11		11		6		128.91		0		5.3267986
Bt83		8		12		10		137.64		0		7.1685279
Bt84		8		8		13		94.84		0		7.4092678
Bt85		9		8		9		66.74		0		4.6344463
Bt86		24		11		14		808.14		0		15.3056198
Bt87		19		7		11		244.22		0		9.1810358
Bt88		9		8		12		158.72		0		11.0220043
Bt89		18		8		14		399.66		0		13.8772402
Bt90		6		8		8		39.30		1		0.8187433
Bt91		12		11		11		146.54		1		1.1101818
Bt92		12		11		11		322.17		1		2.4406883
Bt93		7		6		10		68.34		0		8.1352559
Bt94		10		12		8		200.69		0		8.3620615
Bt95		8		8		12		90.34		0		7.0575707
Bt96		14		10		10		246.85		0		8.8160591
Bt97		9		12		14		231.19		0		10.7030530
Bt98		12		7		13		131.00		0		7.7973306
Bt99		15		8		13		193.96		0		8.0818347
Bt100		7		8		7		87.14		0		7.7801607

DEMANDS PER CUSTOMER
i	Type Quantity
1	Bt52 1	Bt76 1	
2	Bt2 1	Bt6 1	Bt14 1	Bt20 1	Bt26 1	Bt58 1	Bt87 2	
3	Bt52 1	Bt85 1	
4	Bt3 1	Bt10 1	Bt22 1	Bt83 1	
5	Bt14 1	Bt27 1	Bt100 1	
6	Bt4 1	Bt62 1	Bt66 1	Bt83 1	
7	Bt14 1	Bt42 1	Bt82 1	Bt87 1	
8	Bt5 1	Bt100 1	
9	Bt51 1	Bt53 1	Bt83 1	
10	Bt6 1	
11	Bt1 1	Bt31 1	Bt58 1	Bt66 1	Bt92 1	
12	Bt7 1	Bt13 1	Bt50 1	Bt55 1	
13	Bt60 1	Bt95 1	
14	Bt8 1	Bt89 1	Bt95 1	
15	Bt5 1	Bt68 1	
16	Bt3 1	Bt9 1	
17	Bt8 1	Bt13 1	Bt19 1	Bt30 1	Bt44 1	
18	Bt9 1	Bt10 1	Bt26 1	Bt32 1	Bt95 1	Bt98 1	
19	Bt19 1	Bt24 1	Bt72 1	Bt73 1	Bt81 1	Bt95 1	
20	Bt11 1	
21	Bt33 1	Bt51 1	Bt75 1	Bt88 1	Bt97 1	
22	Bt12 1	Bt97 1	
23	Bt4 1	Bt21 1	Bt25 1	Bt62 1	Bt69 1	
24	Bt13 1	Bt20 1	Bt52 1	
25	Bt75 1	Bt98 1	
26	Bt11 1	Bt14 1	Bt47 1	Bt84 1	
27	Bt27 1	Bt69 1	
28	Bt15 1	Bt39 1	Bt45 2	
29	Bt8 1	Bt63 1	Bt65 1	Bt82 1	Bt83 1	
30	Bt16 1	Bt79 1	
31	Bt4 1	Bt83 2	Bt87 1	
32	Bt3 1	Bt17 1	Bt46 1	Bt59 1	Bt71 1	
33	Bt49 1	Bt61 1	Bt72 1	
34	Bt18 1	Bt42 1	Bt57 1	
35	Bt17 1	Bt49 1	
36	Bt19 1	Bt33 1	
37	Bt2 1	Bt11 1	Bt23 1	Bt29 1	
38	Bt7 1	Bt20 1	Bt51 1	
39	Bt12 1	
40	Bt21 1	Bt41 1	
41	Bt44 1	Bt51 1	Bt54 1	Bt78 1	
42	Bt9 1	Bt18 1	Bt22 1	Bt44 1	
43	Bt4 1	Bt18 1	Bt44 1	Bt64 1	Bt95 1	
44	Bt23 1	Bt33 1	
45	Bt3 1	Bt47 1	Bt73 1	Bt89 1	Bt92 1	
46	Bt24 1	Bt74 1	
47	Bt78 1	
48	Bt23 1	Bt25 1	Bt52 1	
49	Bt9 1	Bt37 1	
50	Bt4 1	Bt26 1	Bt29 1	Bt99 1	
51	Bt27 1	Bt34 1	Bt35 1	Bt59 1	Bt66 1	Bt91 1	
52	Bt10 1	Bt27 1	Bt34 1	Bt41 1	Bt50 2	Bt100 1	
53	Bt5 1	Bt74 1	
54	Bt8 1	Bt28 1	Bt53 1	Bt91 1	
55	Bt18 1	Bt30 1	Bt85 1	
56	Bt29 1	Bt67 1	
57	Bt40 1	Bt44 1	
58	Bt30 1	Bt68 1	
59	Bt45 1	Bt61 1	Bt75 1	Bt76 1	Bt78 1	
60	Bt31 1	Bt56 1	Bt58 1	