Name					27_TruckTrailer_n60_m200_bt100_2
Number_of_Customers			60
Number_of_Items				200
Number_of_ItemTypes			100
Number_of_Vehicles			6
TimeWindows				0

VEHICLE
Mass_Capacity				25950
CargoSpace_Length			136
CargoSpace_Width			25
CargoSpace_Height			30
Wheelbase				36
Max_Mass_FrontAxle			10000
Max_Mass_RearAxle			11500
Max_Mass_TrailerAxle			24000
Distance_Kingpin_RearAxle		6
Distance_Kingpin_TrailerAxle		76
Distance_CargoSpace_TrailerAxle		92
Distance_Mass_Tractor_RearAxle		25
Distance_Mass_Trailer_TrailerAxle	16
Mass_Tractor				7300
Mass_Trailer				6750

CUSTOMERS
i		x		y		Demand		ReadyTime	DueDate		ServiceTime	DemandedMass	DemandedVolume
0		35		35		0		0		0		0		0		0
1		7		10		7		0		0		0		1366.58		6723
2		29		12		3		0		0		0		449.349		3378
3		41		66		4		0		0		0		815.22		4480
4		6		10		6		0		0		0		2006.85		9752
5		45		57		2		0		0		0		222.494		1596
6		33		24		3		0		0		0		1536.44		7731
7		53		52		5		0		0		0		1302.31		7576
8		19		47		1		0		0		0		121.893		792
9		2		2		2		0		0		0		305.659		2916
10		66		36		5		0		0		0		995.841		7131
11		66		44		4		0		0		0		899.652		4815
12		67		9		6		0		0		0		1718.34		9488
13		25		6		1		0		0		0		186.272		924
14		58		19		1		0		0		0		74.9987		504
15		20		25		4		0		0		0		1307.81		7082
16		16		16		4		0		0		0		1105.94		5747
17		15		58		4		0		0		0		685.783		3728
18		18		25		2		0		0		0		142.532		728
19		49		52		3		0		0		0		1315.14		6888
20		66		33		6		0		0		0		912.561		4936
21		22		10		3		0		0		0		361.341		2842
22		15		13		8		0		0		0		1953.95		11637
23		70		53		4		0		0		0		1243.89		7064
24		57		19		3		0		0		0		953.5		6724
25		60		49		6		0		0		0		906.977		6244
26		21		59		3		0		0		0		1238.1		6480
27		2		1		3		0		0		0		1176.63		6058
28		60		15		4		0		0		0		464.744		3144
29		48		45		5		0		0		0		1841.41		9634
30		38		54		5		0		0		0		1972.21		10580
31		23		53		3		0		0		0		698.031		4624
32		4		43		7		0		0		0		1899.27		11334
33		39		57		2		0		0		0		452.795		3080
34		53		68		5		0		0		0		1320.86		8460
35		46		17		1		0		0		0		97.0099		512
36		10		69		4		0		0		0		768.108		6122
37		46		35		4		0		0		0		824.471		5054
38		67		47		4		0		0		0		682.608		4392
39		44		1		2		0		0		0		390.352		2800
40		69		43		5		0		0		0		636.691		3684
41		11		39		2		0		0		0		453.407		2104
42		54		57		2		0		0		0		389.09		2622
43		62		27		2		0		0		0		347.457		1767
44		64		36		3		0		0		0		1085.5		5106
45		47		25		4		0		0		0		1433.53		7112
46		6		5		1		0		0		0		179.434		1620
47		27		15		1		0		0		0		236.156		1176
48		57		44		2		0		0		0		518.45		3419
49		26		0		4		0		0		0		877.653		6834
50		47		7		2		0		0		0		379.537		2290
51		39		25		1		0		0		0		212.941		1152
52		68		38		1		0		0		0		549.798		2640
53		3		3		2		0		0		0		317.551		2086
54		31		28		3		0		0		0		872.626		4050
55		5		10		1		0		0		0		644.115		3240
56		34		3		3		0		0		0		1017.92		5310
57		19		52		2		0		0		0		603.844		3668
58		37		62		2		0		0		0		239.389		1710
59		11		52		3		0		0		0		1159.01		6238
60		18		7		5		0		0		0		1091		6370

ITEMS
Type		Length		Width		Height		Mass		Fragility	LoadBearingStrength
Bt1		25		7		8		194.04		0		5.5439450
Bt2		25		8		6		184.12		0		4.6029560
Bt3		20		8		13		472.23		0		14.7572737
Bt4		22		10		11		604.29		1		2.7467593
Bt5		9		8		11		121.89		0		8.4648121
Bt6		25		8		15		327.37		0		8.1841589
Bt7		15		10		15		562.40		0		18.7465148
Bt8		6		12		7		75.00		0		5.2082407
Bt9		13		11		13		314.90		0		11.0106024
Bt10		7		6		8		83.63		0		9.9560548
Bt11		25		12		8		492.43		0		8.2072165
Bt12		20		10		14		367.49		0		9.1872845
Bt13		21		12		13		525.19		0		10.4204838
Bt14		24		7		15		413.14		0		12.2958134
Bt15		17		6		7		148.82		1		1.4590235
Bt16		18		12		15		644.11		0		14.9100613
Bt17		12		6		8		117.86		1		1.6368849
Bt18		7		10		6		99.40		0		7.0999730
Bt19		11		8		7		103.21		0		5.8639656
Bt20		6		6		6		45.73		1		1.2701430
Bt21		18		9		6		203.01		0		6.2657008
Bt22		25		11		6		186.08		0		3.3832985
Bt23		24		12		11		703.07		0		12.2060330
Bt24		12		9		15		179.43		0		8.3071454
Bt25		7		11		7		110.15		0		7.1525487
Bt26		6		9		10		97.59		0		9.0358172
Bt27		20		12		11		549.80		0		11.4541216
Bt28		18		8		7		246.74		0		8.5674914
Bt29		18		6		13		319.82		0		14.8062805
Bt30		6		8		8		44.26		0		4.6106840
Bt31		18		6		15		355.08		0		16.4386840
Bt32		25		7		9		363.12		0		10.3749876
Bt33		7		10		8		98.68		0		7.0488931
Bt34		10		6		9		66.16		0		5.5131348
Bt35		25		8		11		350.92		0		8.7731190
Bt36		16		12		6		239.51		0		6.2372246
Bt37		11		11		14		291.44		0		12.0427971
Bt38		12		12		8		212.94		1		1.4787588
Bt39		10		7		15		154.48		0		11.0344283
Bt40		8		6		6		38.25		0		3.9844154
Bt41		21		11		13		505.73		0		10.9465952
Bt42		17		6		15		318.68		0		15.6215974
Bt43		10		11		14		225.41		0		10.2460615
Bt44		17		8		9		233.62		0		8.5888061
Bt45		18		9		9		152.83		0		4.7169666
Bt46		13		11		8		130.45		0		4.5611879
Bt47		24		7		7		236.16		0		7.0284604
Bt48		8		11		12		133.15		0		7.5656076
Bt49		17		6		13		195.13		0		9.5650217
Bt50		6		6		7		30.37		0		4.2174592
Bt51		25		7		10		281.95		0		8.0557117
Bt52		25		12		8		317.13		0		5.2854698
Bt53		20		11		11		473.66		0		10.7650160
Bt54		23		7		10		262.86		0		8.1634978
Bt55		19		10		10		367.87		0		9.6808285
Bt56		6		7		15		104.34		0		12.4211632
Bt57		19		12		15		741.11		0		16.2524484
Bt58		12		10		14		415.64		0		17.3184832
Bt59		17		11		10		271.83		1		1.4536140
Bt60		7		7		6		32.61		0		3.3273337
Bt61		14		11		8		143.23		0		4.6503823
Bt62		8		7		8		100.94		0		9.0125943
Bt63		16		7		15		280.69		0		12.5306007
Bt64		18		12		11		505.52		0		11.7017991
Bt65		10		7		15		108.40		0		7.7430305
Bt66		12		9		9		196.18		0		9.0823527
Bt67		17		11		13		523.85		0		14.0067791
Bt68		14		9		13		306.07		0		12.1454900
Bt69		16		7		6		89.72		0		4.0054378
Bt70		7		6		8		65.88		0		7.8423338
Bt71		20		12		12		408.30		1		1.7012552
Bt72		10		6		8		94.31		0		7.8591224
Bt73		14		6		7		115.38		0		6.8680397
Bt74		18		11		7		143.34		1		0.7239278
Bt75		24		8		12		357.17		0		9.3013600
Bt76		23		7		8		243.22		0		7.5533099
Bt77		8		7		14		184.42		0		16.4658066
Bt78		25		12		12		560.38		0		9.3397038
Bt79		11		9		13		253.15		0		12.7852105
Bt80		7		8		7		73.90		0		6.5984476
Bt81		13		8		8		190.09		0		9.1390414
Bt82		17		6		15		192.59		0		9.4406541
Bt83		16		8		10		227.54		0		8.8881272
Bt84		10		11		12		231.53		0		10.5242655
Bt85		14		10		10		292.14		0		10.4336667
Bt86		16		11		14		324.44		0		9.2169611
Bt87		25		9		8		225.26		0		5.0057494
Bt88		9		12		9		240.24		1		2.2244249
Bt89		12		7		11		186.27		1		2.2175208
Bt90		7		7		8		58.90		1		1.2020562
Bt91		25		10		10		481.82		0		9.6364343
Bt92		23		12		11		442.68		0		8.0195670
Bt93		19		11		14		324.78		0		7.7697641
Bt94		8		12		9		136.45		0		7.1066814
Bt95		8		10		14		194.20		0		12.1373928
Bt96		22		10		6		268.99		0		6.1134153
Bt97		12		11		10		294.94		0		11.1721432
Bt98		9		6		10		89.34		0		8.2721889
Bt99		7		8		7		78.65		0		7.0224292
Bt100		8		8		8		97.01		0		7.5789003

DEMANDS PER CUSTOMER
i	Type Quantity
1	Bt18 1	Bt20 1	Bt29 1	Bt33 1	Bt34 1	Bt38 1	Bt67 1	
2	Bt2 1	Bt5 1	Bt74 1	
3	Bt21 1	Bt42 1	Bt62 1	Bt82 1	
4	Bt3 1	Bt21 1	Bt53 2	Bt97 1	Bt98 1	
5	Bt48 1	Bt98 1	
6	Bt4 1	Bt67 1	Bt71 1	
7	Bt38 2	Bt55 1	Bt70 1	Bt92 1	
8	Bt5 1	
9	Bt45 2	
10	Bt5 1	Bt6 1	Bt25 1	Bt39 1	Bt51 1	
11	Bt14 1	Bt25 1	Bt81 1	Bt89 1	
12	Bt7 1	Bt12 1	Bt35 1	Bt40 1	Bt56 1	Bt97 1	
13	Bt89 1	
14	Bt8 1	
15	Bt4 1	Bt21 1	Bt74 1	Bt75 1	
16	Bt9 1	Bt64 1	Bt66 1	Bt98 1	
17	Bt19 1	Bt84 1	Bt85 1	Bt90 1	
18	Bt10 1	Bt90 1	
19	Bt23 1	Bt52 1	Bt97 1	
20	Bt8 1	Bt11 1	Bt17 1	Bt69 1	Bt90 1	Bt99 1	
21	Bt1 1	Bt65 1	Bt90 1	
22	Bt12 1	Bt32 1	Bt43 2	Bt56 1	Bt91 1	Bt98 1	Bt100 1	
23	Bt19 1	Bt32 1	Bt41 1	Bt59 1	
24	Bt6 1	Bt13 1	Bt62 1	
25	Bt21 1	Bt45 1	Bt48 1	Bt65 1	Bt73 1	Bt95 1	
26	Bt5 1	Bt14 1	Bt23 1	
27	Bt7 1	Bt12 1	Bt28 1	
28	Bt8 1	Bt15 1	Bt26 1	Bt74 1	
29	Bt12 1	Bt29 1	Bt42 1	Bt57 1	Bt72 1	
30	Bt16 1	Bt37 1	Bt49 1	Bt53 1	Bt55 1	
31	Bt44 1	Bt59 1	Bt82 1	
32	Bt14 1	Bt17 1	Bt33 1	Bt41 1	Bt79 1	Bt86 1	Bt89 1	
33	Bt83 1	Bt87 1	
34	Bt15 1	Bt18 1	Bt49 1	Bt52 1	Bt78 1	
35	Bt100 1	
36	Bt6 1	Bt19 1	Bt74 1	Bt95 1	
37	Bt10 1	Bt37 1	Bt68 1	Bt74 1	
38	Bt20 1	Bt40 2	Bt78 1	
39	Bt51 1	Bt65 1	
40	Bt2 1	Bt21 1	Bt62 1	Bt69 1	Bt90 1	
41	Bt77 1	Bt96 1	
42	Bt21 1	Bt22 1	
43	Bt72 1	Bt79 1	
44	Bt15 1	Bt23 1	Bt44 1	
45	Bt55 1	Bt57 1	Bt83 1	Bt100 1	
46	Bt24 1	
47	Bt47 1	
48	Bt25 1	Bt71 1	
49	Bt6 1	Bt8 1	Bt60 1	Bt92 1	
50	Bt26 1	Bt51 1	
51	Bt38 1	
52	Bt27 1	
53	Bt20 1	Bt59 1	
54	Bt28 1	Bt29 1	Bt68 1	
55	Bt16 1	
56	Bt29 1	Bt64 1	Bt82 1	
57	Bt13 1	Bt99 1	
58	Bt30 1	Bt49 1	
59	Bt2 1	Bt23 1	Bt59 1	
60	Bt31 1	Bt59 1	Bt61 1	Bt77 1	Bt94 1	