Name					28_TruckTrailer_n60_m200_bt100_3
Number_of_Customers			60
Number_of_Items				200
Number_of_ItemTypes			100
Number_of_Vehicles			5
TimeWindows				0

VEHICLE
Mass_Capacity				25950
CargoSpace_Length			136
CargoSpace_Width			25
CargoSpace_Height			30
Wheelbase				36
Max_Mass_FrontAxle			10000
Max_Mass_RearAxle			11500
Max_Mass_TrailerAxle			24000
Distance_Kingpin_RearAxle		6
Distance_Kingpin_TrailerAxle		76
Distance_CargoSpace_TrailerAxle		92
Distance_Mass_Tractor_RearAxle		25
Distance_Mass_Trailer_TrailerAxle	16
Mass_Tractor				7300
Mass_Trailer				6750

CUSTOMERS
i		x		y		Demand		ReadyTime	DueDate		ServiceTime	DemandedMass	DemandedVolume
0		35		35		0		0		0		0		0		0
1		11		51		4		0		0		0		1122.87		5840
2		61		28		4		0		0		0		630.152		4160
3		42		69		5		0		0		0		1491.46		9218
4		66		9		2		0		0		0		321.867		2502
5		53		38		7		0		0		0		2361.51		11548
6		44		53		2		0		0		0		213.64		960
7		1		14		5		0		0		0		1040.58		5248
8		47		37		3		0		0		0		1172.98		5414
9		64		8		3		0		0		0		408.891		2841
10		26		56		3		0		0		0		412.042		3163
11		69		64		3		0		0		0		603.933		3582
12		37		53		3		0		0		0		771.24		3642
13		42		37		5		0		0		0		1487.23		7694
14		52		24		4		0		0		0		1217.14		6748
15		56		30		1		0		0		0		530.652		2240
16		54		63		4		0		0		0		413.957		2632
17		32		54		5		0		0		0		1379.83		10432
18		37		8		3		0		0		0		253.125		1792
19		50		31		2		0		0		0		340.053		1764
20		31		48		2		0		0		0		1080.66		5526
21		59		54		3		0		0		0		926.039		6968
22		53		25		4		0		0		0		1441.79		9312
23		66		0		1		0		0		0		45.6558		288
24		20		30		3		0		0		0		301.609		1732
25		31		69		5		0		0		0		592.067		3712
26		13		52		1		0		0		0		107.616		588
27		24		51		2		0		0		0		204.08		1368
28		39		15		3		0		0		0		869.484		4980
29		27		46		4		0		0		0		632.763		3598
30		1		65		4		0		0		0		1039.2		7228
31		27		26		4		0		0		0		960.179		4536
32		26		22		3		0		0		0		966.521		5506
33		0		4		2		0		0		0		994.722		4218
34		45		42		3		0		0		0		397.699		3306
35		64		68		7		0		0		0		1567.32		8604
36		32		20		5		0		0		0		910.975		5444
37		5		46		4		0		0		0		844.306		4164
38		33		56		4		0		0		0		450.164		2572
39		10		23		3		0		0		0		735.89		3756
40		52		22		2		0		0		0		224.174		1124
41		44		36		3		0		0		0		751.981		4872
42		37		17		3		0		0		0		187.624		1092
43		52		37		2		0		0		0		289.103		2232
44		41		19		4		0		0		0		648.305		3584
45		67		37		3		0		0		0		814.33		3996
46		54		57		6		0		0		0		2018.81		9910
47		28		55		4		0		0		0		933.705		5454
48		0		15		2		0		0		0		871.789		5208
49		50		1		6		0		0		0		750.979		4014
50		38		63		4		0		0		0		517.578		3746
51		12		60		2		0		0		0		297.367		2430
52		60		49		3		0		0		0		1052.22		5097
53		11		1		1		0		0		0		223.046		1320
54		2		8		4		0		0		0		689.554		4120
55		50		49		4		0		0		0		907.48		4932
56		70		32		2		0		0		0		218.108		1368
57		24		32		3		0		0		0		765.056		3987
58		32		61		3		0		0		0		542.579		3344
59		19		58		1		0		0		0		579.029		3388
60		57		23		3		0		0		0		373.557		2838

ITEMS
Type		Length		Width		Height		Mass		Fragility	LoadBearingStrength
Bt1		14		9		13		344.54		1		2.7344260
Bt2		20		8		8		284.52		0		8.8912448
Bt3		19		9		10		225.36		0		6.5895180
Bt4		7		8		8		105.72		0		9.4388497
Bt5		25		10		11		659.61		0		13.1921165
Bt6		17		9		11		194.80		0		6.3659864
Bt7		11		6		14		157.42		0		11.9254104
Bt8		14		10		13		292.76		1		2.0911422
Bt9		16		6		6		94.80		0		4.9372504
Bt10		7		8		6		48.86		0		4.3624460
Bt11		18		12		11		326.70		0		7.5624166
Bt12		20		11		9		419.86		0		9.5422705
Bt13		9		6		6		39.17		0		3.6265109
Bt14		14		7		6		107.62		0		5.4906367
Bt15		8		9		12		154.78		0		10.7487000
Bt16		23		12		12		346.51		0		6.2773337
Bt17		23		6		15		454.61		0		16.4713865
Bt18		22		8		9		188.37		0		5.3513469
Bt19		10		12		8		193.73		0		8.0722833
Bt20		6		6		8		45.66		0		6.3410825
Bt21		8		10		10		185.01		0		11.5629789
Bt22		8		10		6		102.80		0		6.4251222
Bt23		13		9		12		248.70		0		10.6280593
Bt24		20		10		6		299.31		0		7.4826611
Bt25		22		11		14		579.03		0		11.9634176
Bt26		8		7		6		47.39		1		0.8461667
Bt27		23		9		13		563.58		0		13.6129891
Bt28		11		8		9		109.28		0		6.2093532
Bt29		18		6		6		100.74		0		4.6636771
Bt30		8		8		8		107.92		0		8.4316355
Bt31		8		6		13		77.90		0		8.1145959
Bt32		20		8		14		515.41		0		16.1064708
Bt33		12		7		7		123.61		0		7.3576951
Bt34		13		10		14		307.64		0		11.8323757
Bt35		6		11		14		183.40		1		2.7787944
Bt36		17		6		9		209.75		0		10.2817796
Bt37		18		7		13		200.86		0		7.9706947
Bt38		14		10		6		182.64		0		6.5227541
Bt39		15		11		8		223.05		1		1.3517920
Bt40		8		6		6		30.99		0		3.2285372
Bt41		20		11		12		375.58		0		8.5358026
Bt42		13		8		8		141.51		0		6.8032374
Bt43		12		11		6		96.51		0		3.6555284
Bt44		6		9		11		143.71		0		13.3067295
Bt45		11		7		7		68.05		0		4.4188727
Bt46		24		11		8		435.12		0		8.2408536
Bt47		22		11		8		334.31		0		6.9073265
Bt48		18		9		8		279.98		0		8.6414994
Bt49		13		8		6		137.86		0		6.6279588
Bt50		8		7		8		68.71		0		6.1346061
Bt51		12		11		15		479.29		0		18.1550735
Bt52		6		12		15		269.29		0		18.7004764
Bt53		18		8		14		235.40		0		8.1735876
Bt54		8		12		6		80.24		0		4.1793048
Bt55		25		10		14		672.25		0		13.4450405
Bt56		16		6		7		123.58		0		6.4363437
Bt57		23		12		11		445.42		0		8.0691365
Bt58		7		11		8		62.46		0		4.0559734
Bt59		18		7		13		309.06		0		12.2643216
Bt60		7		7		8		87.41		0		8.9195608
Bt61		21		10		13		402.31		0		9.5788792
Bt62		8		6		10		79.97		0		8.3298409
Bt63		22		10		14		484.74		0		11.0167073
Bt64		17		10		13		284.30		0		8.3617642
Bt65		11		10		14		157.35		0		7.1524185
Bt66		12		9		7		118.74		0		5.4973587
Bt67		21		10		15		753.97		0		17.9516267
Bt68		13		12		14		508.58		0		16.3007349
Bt69		20		10		8		263.27		0		6.5818142
Bt70		6		7		6		48.10		0		5.7263981
Bt71		20		8		14		530.65		0		16.5828671
Bt72		15		9		12		323.05		0		11.9648423
Bt73		21		10		6		241.01		0		5.7382162
Bt74		11		8		10		124.02		0		7.0467350
Bt75		11		7		15		229.37		0		14.8939393
Bt76		10		12		10		145.65		0		6.0686709
Bt77		7		12		7		71.53		0		4.2577277
Bt78		10		6		14		135.91		0		11.3257515
Bt79		10		10		15		177.60		1		1.7759622
Bt80		7		6		7		59.31		0		7.0607859
Bt81		24		8		7		290.33		0		7.5607174
Bt82		22		11		10		412.15		0		8.5154637
Bt83		17		8		15		469.89		0		17.2755304
Bt84		18		10		6		116.05		0		3.2234892
Bt85		10		8		11		90.09		0		5.6306336
Bt86		11		9		14		145.16		0		7.3311015
Bt87		6		12		10		105.93		0		7.3560011
Bt88		16		8		6		159.48		0		6.2297674
Bt89		14		7		12		204.78		0		10.4481495
Bt90		8		6		7		64.18		0		6.6849592
Bt91		13		9		13		278.78		0		11.9138739
Bt92		21		10		8		407.44		0		9.7008507
Bt93		16		12		11		328.73		0		8.5606051
Bt94		25		12		11		784.97		0		13.0828877
Bt95		24		7		9		170.77		0		5.0825468
Bt96		12		6		6		59.64		0		4.1415944
Bt97		12		6		10		117.37		0		8.1508784
Bt98		19		9		15		429.07		0		12.5460308
Bt99		12		8		15		242.67		0		12.6390573
Bt100		8		6		7		34.03		0		3.5445871

DEMANDS PER CUSTOMER
i	Type Quantity
1	Bt5 1	Bt14 1	Bt15 1	Bt37 1	
2	Bt2 1	Bt43 1	Bt77 1	Bt79 1	
3	Bt17 1	Bt41 1	Bt77 1	Bt79 1	Bt82 1	
4	Bt3 1	Bt43 1	
5	Bt2 1	Bt8 1	Bt18 1	Bt19 1	Bt49 1	Bt51 1	Bt94 1	
6	Bt4 1	Bt30 1	
7	Bt10 1	Bt34 1	Bt51 1	Bt60 1	Bt97 1	
8	Bt5 1	Bt39 1	Bt81 1	
9	Bt6 1	Bt15 1	Bt80 1	
10	Bt6 1	Bt15 1	Bt58 1	
11	Bt3 1	Bt28 1	Bt52 1	
12	Bt1 1	Bt7 1	Bt52 1	
13	Bt9 1	Bt17 1	Bt20 1	Bt63 1	Bt92 1	
14	Bt8 1	Bt32 1	Bt54 1	Bt93 1	
15	Bt71 1	
16	Bt9 1	Bt33 1	Bt74 1	Bt77 1	
17	Bt16 1	Bt25 1	Bt79 1	Bt87 1	Bt95 1	
18	Bt10 1	Bt54 1	Bt74 1	
19	Bt7 1	Bt38 1	
20	Bt11 1	Bt67 1	
21	Bt9 1	Bt16 1	Bt63 1	
22	Bt12 1	Bt16 1	Bt69 1	Bt82 1	
23	Bt20 1	
24	Bt13 1	Bt19 1	Bt50 1	
25	Bt26 1	Bt62 1	Bt74 1	Bt78 1	Bt89 1	
26	Bt14 1	
27	Bt9 1	Bt28 1	
28	Bt15 1	Bt52 1	Bt57 1	
29	Bt21 1	Bt37 1	Bt60 1	Bt88 1	
30	Bt16 1	Bt47 1	Bt73 1	Bt97 1	
31	Bt38 1	Bt68 1	Bt89 1	Bt90 1	
32	Bt17 1	Bt47 1	Bt79 1	
33	Bt36 1	Bt94 1	
34	Bt18 1	Bt86 1	Bt90 1	
35	Bt32 1	Bt47 1	Bt66 1	Bt89 1	Bt97 1	Bt99 1	Bt100 1	
36	Bt19 1	Bt33 1	Bt43 1	Bt45 1	Bt98 1	
37	Bt13 1	Bt29 1	Bt46 1	Bt52 1	
38	Bt9 1	Bt20 1	Bt50 1	Bt73 1	
39	Bt35 1	Bt46 1	Bt97 1	
40	Bt13 1	Bt21 1	
41	Bt58 1	Bt63 1	Bt89 1	
42	Bt13 1	Bt20 1	Bt22 1	
43	Bt18 1	Bt29 1	
44	Bt7 1	Bt15 1	Bt23 1	Bt60 1	
45	Bt7 1	Bt32 1	Bt42 1	
46	Bt24 1	Bt36 1	Bt42 1	Bt49 1	Bt57 1	Bt94 1	
47	Bt10 1	Bt61 1	Bt72 1	Bt88 1	
48	Bt8 1	Bt25 1	
49	Bt22 1	Bt44 1	Bt54 1	Bt56 1	Bt73 1	Bt96 1	
50	Bt26 1	Bt62 1	Bt64 1	Bt87 1	
51	Bt37 1	Bt43 1	
52	Bt17 1	Bt27 1	Bt100 1	
53	Bt39 1	
54	Bt24 1	Bt28 1	Bt33 1	Bt65 1	
55	Bt7 1	Bt24 1	Bt48 1	Bt95 1	
56	Bt29 1	Bt97 1	
57	Bt27 1	Bt31 1	Bt56 1	
58	Bt30 1	Bt87 1	Bt93 1	
59	Bt25 1	
60	Bt9 1	Bt31 1	Bt37 1	