Name					37_TruckTrailer_n60_m400_bt100_2
Number_of_Customers			60
Number_of_Items				400
Number_of_ItemTypes			100
Number_of_Vehicles			9
TimeWindows				0

VEHICLE
Mass_Capacity				25950
CargoSpace_Length			136
CargoSpace_Width			25
CargoSpace_Height			30
Wheelbase				36
Max_Mass_FrontAxle			10000
Max_Mass_RearAxle			11500
Max_Mass_TrailerAxle			24000
Distance_Kingpin_RearAxle		6
Distance_Kingpin_TrailerAxle		76
Distance_CargoSpace_TrailerAxle		92
Distance_Mass_Tractor_RearAxle		25
Distance_Mass_Trailer_TrailerAxle	16
Mass_Tractor				7300
Mass_Trailer				6750

CUSTOMERS
i		x		y		Demand		ReadyTime	DueDate		ServiceTime	DemandedMass	DemandedVolume
0		35		35		0		0		0		0		0		0
1		24		10		7		0		0		0		1531.47		9818
2		6		30		9		0		0		0		1875.15		10332
3		56		61		6		0		0		0		1642.29		8564
4		69		15		4		0		0		0		722.417		4072
5		6		36		9		0		0		0		2808.77		14005
6		55		33		6		0		0		0		843.364		3935
7		68		35		10		0		0		0		1564.99		9048
8		30		27		6		0		0		0		1386.54		7507
9		62		6		6		0		0		0		1677.26		9360
10		60		61		5		0		0		0		853.657		5116
11		38		10		8		0		0		0		1978.65		10558
12		60		28		9		0		0		0		1803.07		9724
13		54		16		5		0		0		0		1239.04		7200
14		34		49		8		0		0		0		1500.82		9379
15		48		1		5		0		0		0		1037.81		7627
16		6		9		6		0		0		0		1054.8		7078
17		0		67		5		0		0		0		351.507		2150
18		17		1		8		0		0		0		1933.11		10445
19		48		23		4		0		0		0		829.329		5724
20		5		55		7		0		0		0		1519.72		7942
21		45		35		10		0		0		0		2255.2		14063
22		46		53		4		0		0		0		1072.82		5263
23		7		59		8		0		0		0		1413.33		9398
24		20		34		3		0		0		0		669.713		2904
25		41		35		4		0		0		0		452.708		2423
26		67		32		10		0		0		0		2434.99		11630
27		25		12		9		0		0		0		2581.25		14930
28		60		68		6		0		0		0		1652.06		8891
29		22		41		11		0		0		0		2072.52		12387
30		16		37		9		0		0		0		2093.72		9913
31		6		23		4		0		0		0		584.478		3455
32		34		38		7		0		0		0		1343.93		7716
33		20		68		5		0		0		0		556.085		4296
34		19		55		6		0		0		0		848.923		4967
35		3		22		6		0		0		0		908.116		4209
36		39		49		4		0		0		0		464.401		2514
37		67		33		5		0		0		0		674.81		3803
38		26		34		9		0		0		0		1404.78		8735
39		44		35		7		0		0		0		1538.98		8454
40		10		35		2		0		0		0		447.746		2586
41		10		70		13		0		0		0		2004.15		12416
42		9		38		9		0		0		0		2647.6		15750
43		28		19		10		0		0		0		2484.41		14752
44		47		60		7		0		0		0		1778.37		9617
45		17		18		7		0		0		0		1798.45		9198
46		47		6		4		0		0		0		888.855		4960
47		26		6		9		0		0		0		1485.82		8071
48		19		51		7		0		0		0		1101.9		5641
49		60		20		11		0		0		0		2064.06		12988
50		9		63		3		0		0		0		369.382		1755
51		36		56		6		0		0		0		1267.41		6998
52		44		53		6		0		0		0		713.413		4776
53		43		7		8		0		0		0		1883.54		10497
54		62		27		4		0		0		0		681.019		3406
55		19		58		4		0		0		0		628.988		3899
56		50		10		3		0		0		0		346.419		2232
57		0		15		9		0		0		0		1816.04		10034
58		46		4		7		0		0		0		924.803		5189
59		38		34		5		0		0		0		771.272		5208
60		31		39		6		0		0		0		826.209		6260

ITEMS
Type		Length		Width		Height		Mass		Fragility	LoadBearingStrength
Bt1		13		10		9		179.86		0		6.9178420
Bt2		14		10		8		213.43		0		7.6225720
Bt3		25		7		15		510.37		1		2.9163881
Bt4		10		7		13		118.68		0		8.4771039
Bt5		13		10		11		182.07		0		7.0027686
Bt6		18		10		10		439.36		0		12.2045388
Bt7		15		12		11		489.17		0		13.5880067
Bt8		20		11		7		360.30		0		8.1885707
Bt9		12		8		10		102.01		0		5.3129421
Bt10		6		8		6		56.55		0		5.8902452
Bt11		25		10		9		390.50		0		7.8099195
Bt12		22		11		7		421.26		0		8.7038027
Bt13		7		11		12		199.44		0		12.9505050
Bt14		6		7		12		76.78		0		9.1406506
Bt15		6		7		8		69.49		0		8.2728092
Bt16		17		11		12		277.82		0		7.4282176
Bt17		8		10		10		161.57		0		10.0978146
Bt18		16		9		7		198.58		0		6.8951541
Bt19		14		11		7		181.35		0		5.8881014
Bt20		6		8		8		46.81		0		4.8759092
Bt21		14		9		10		159.27		0		6.3201986
Bt22		11		10		14		349.29		0		15.8768169
Bt23		12		8		15		351.39		0		18.3014255
Bt24		7		11		14		206.04		0		13.3793185
Bt25		6		9		9		117.80		0		10.9075528
Bt26		11		8		13		194.95		0		11.0768196
Bt27		15		8		9		243.13		0		10.1302209
Bt28		20		8		12		432.00		0		13.5001190
Bt29		22		11		13		622.72		0		12.8661399
Bt30		8		7		7		68.40		0		6.1072854
Bt31		13		10		12		207.73		0		7.9896487
Bt32		9		8		15		124.38		0		8.6373900
Bt33		13		9		8		108.12		0		4.6206185
Bt34		8		12		7		75.01		0		3.9066188
Bt35		18		9		8		262.08		0		8.0889962
Bt36		9		8		8		59.86		0		4.1570325
Bt37		11		6		15		213.66		0		16.1862549
Bt38		22		10		6		159.99		0		3.6361675
Bt39		12		8		12		239.04		0		12.4499839
Bt40		8		7		7		68.37		0		6.1045466
Bt41		18		12		15		390.83		0		9.0470660
Bt42		9		9		6		55.47		0		3.4243340
Bt43		16		6		10		105.19		0		5.4788631
Bt44		14		8		9		217.29		0		9.7005141
Bt45		25		11		9		370.65		0		6.7390398
Bt46		17		9		10		367.96		0		12.0248855
Bt47		24		12		9		273.69		0		4.7516226
Bt48		9		7		11		157.10		0		12.4686254
Bt49		8		6		7		54.79		1		1.1415280
Bt50		6		7		8		57.25		0		6.8154411
Bt51		20		6		15		368.31		0		15.3460957
Bt52		21		11		13		646.62		0		13.9961017
Bt53		17		6		8		168.69		0		8.2690207
Bt54		6		7		11		64.60		0		7.6901571
Bt55		9		8		8		116.94		1		1.6241160
Bt56		24		10		8		348.46		1		1.4519184
Bt57		8		6		11		89.31		0		9.3034120
Bt58		14		7		6		138.70		0		7.0763868
Bt59		11		7		6		114.91		0		7.4620103
Bt60		8		6		7		77.06		0		8.0267101
Bt61		12		10		11		312.84		0		13.0348802
Bt62		15		9		10		140.82		0		5.2154337
Bt63		7		12		7		141.57		0		8.4267350
Bt64		11		9		9		139.74		0		7.0577479
Bt65		20		6		6		152.99		0		6.3746535
Bt66		6		10		7		49.35		0		4.1126335
Bt67		12		8		13		200.02		0		10.4176389
Bt68		22		11		7		303.82		0		6.2773650
Bt69		9		10		13		251.75		1		2.7972431
Bt70		8		8		6		84.23		0		6.5808011
Bt71		19		10		14		555.77		0		14.6254517
Bt72		6		9		11		61.24		1		1.1340185
Bt73		16		9		7		104.59		0		3.6316903
Bt74		10		6		9		54.05		0		4.5044567
Bt75		20		10		13		364.50		0		9.1125727
Bt76		6		11		15		102.03		0		7.7292662
Bt77		12		10		14		204.19		0		8.5080251
Bt78		14		9		7		218.46		0		8.6691801
Bt79		8		12		7		85.93		0		4.4755628
Bt80		8		6		7		53.77		0		5.6011654
Bt81		22		12		8		275.79		0		5.2232787
Bt82		12		8		10		129.09		0		6.7235104
Bt83		9		6		6		73.22		0		6.7800221
Bt84		6		10		10		107.32		0		8.9433922
Bt85		11		7		11		103.66		1		1.3461727
Bt86		15		12		15		629.03		1		3.4945989
Bt87		18		6		10		200.69		0		9.2912230
Bt88		20		7		7		212.12		0		7.5756736
Bt89		22		9		8		203.04		0		5.1272030
Bt90		6		6		6		46.05		0		6.3961592
Bt91		25		7		15		306.85		0		8.7672402
Bt92		14		12		6		183.57		0		5.4634337
Bt93		18		12		9		413.31		0		9.5673269
Bt94		7		7		9		82.50		0		8.4183354
Bt95		14		7		7		160.72		0		8.2001796
Bt96		19		10		14		377.57		0		9.9360131
Bt97		23		12		10		384.24		0		6.9608548
Bt98		19		12		11		558.00		0		12.2367542
Bt99		22		11		8		284.82		0		5.8847619
Bt100		6		6		7		53.80		0		7.4727419

DEMANDS PER CUSTOMER
i	Type Quantity
1	Bt6 1	Bt10 1	Bt38 1	Bt62 1	Bt65 1	Bt77 1	Bt96 1	
2	Bt6 1	Bt13 1	Bt27 1	Bt30 1	Bt38 1	Bt82 1	Bt88 1	Bt90 1	Bt96 1	
3	Bt8 1	Bt26 1	Bt67 1	Bt77 1	Bt86 1	Bt100 1	
4	Bt2 1	Bt33 1	Bt44 1	Bt92 1	
5	Bt3 1	Bt8 1	Bt9 1	Bt24 1	Bt30 1	Bt44 1	Bt52 1	Bt64 1	Bt98 1	
6	Bt17 1	Bt39 1	Bt48 1	Bt55 1	Bt59 1	Bt100 1	
7	Bt19 1	Bt24 1	Bt33 1	Bt36 1	Bt57 1	Bt59 1	Bt72 1	Bt85 1	Bt94 1	Bt98 1	
8	Bt3 1	Bt18 1	Bt26 1	Bt39 1	Bt63 1	Bt76 1	
9	Bt5 1	Bt46 1	Bt54 1	Bt68 1	Bt71 1	Bt89 1	
10	Bt24 1	Bt32 1	Bt36 1	Bt56 1	Bt59 1	
11	Bt26 1	Bt27 1	Bt47 1	Bt58 1	Bt61 1	Bt78 1	Bt92 1	Bt93 1	
12	Bt4 1	Bt20 1	Bt22 1	Bt29 1	Bt43 1	Bt49 1	Bt58 1	Bt61 1	Bt74 1	
13	Bt7 1	Bt41 1	Bt69 1	Bt72 1	Bt90 1	
14	Bt25 1	Bt28 1	Bt37 1	Bt43 1	Bt47 1	Bt49 1	Bt67 1	Bt85 1	
15	Bt13 1	Bt14 1	Bt47 1	Bt85 1	Bt97 1	
16	Bt5 1	Bt25 1	Bt42 1	Bt44 1	Bt73 1	Bt96 1	
17	Bt20 1	Bt40 1	Bt49 1	Bt54 1	Bt55 1	
18	Bt17 1	Bt21 1	Bt22 1	Bt23 1	Bt30 1	Bt45 1	Bt46 1	Bt73 1	
19	Bt26 1	Bt80 1	Bt89 1	Bt96 1	
20	Bt6 1	Bt8 1	Bt11 1	Bt30 1	Bt34 1	Bt85 1	Bt94 1	
21	Bt5 1	Bt16 1	Bt21 1	Bt23 1	Bt31 1	Bt48 1	Bt53 1	Bt61 1	Bt74 1	Bt97 1	
22	Bt4 1	Bt39 1	Bt48 1	Bt98 1	
23	Bt9 1	Bt14 1	Bt23 1	Bt32 1	Bt55 1	Bt72 1	Bt89 1	Bt96 1	
24	Bt7 1	Bt83 1	Bt84 1	
25	Bt49 1	Bt64 1	Bt88 1	Bt90 1	
26	Bt6 1	Bt8 1	Bt12 1	Bt25 1	Bt35 1	Bt60 1	Bt78 1	Bt80 1	Bt84 1	Bt96 1	
27	Bt1 1	Bt8 1	Bt10 1	Bt11 1	Bt31 1	Bt38 1	Bt68 1	Bt75 1	Bt98 1	
28	Bt8 1	Bt22 1	Bt45 1	Bt49 1	Bt61 1	Bt77 1	
29	Bt1 1	Bt17 1	Bt21 1	Bt22 1	Bt27 1	Bt34 1	Bt48 1	Bt59 1	Bt62 1	Bt84 1	Bt97 1	
30	Bt2 1	Bt12 1	Bt30 2	Bt39 1	Bt44 1	Bt61 1	Bt64 1	Bt93 1	
31	Bt5 1	Bt14 1	Bt27 1	Bt94 1	
32	Bt6 1	Bt9 1	Bt11 1	Bt42 1	Bt63 1	Bt79 1	Bt82 1	
33	Bt20 1	Bt59 1	Bt62 1	Bt66 1	Bt77 1	
34	Bt27 1	Bt40 1	Bt49 1	Bt58 1	Bt64 1	Bt77 1	
35	Bt18 1	Bt48 1	Bt57 1	Bt60 1	Bt61 1	Bt83 1	
36	Bt4 1	Bt10 1	Bt60 1	Bt88 1	
37	Bt10 1	Bt17 1	Bt55 1	Bt64 1	Bt67 1	
38	Bt15 1	Bt27 1	Bt60 1	Bt72 1	Bt76 1	Bt87 1	Bt91 1	Bt92 1	Bt95 1	
39	Bt3 1	Bt13 1	Bt35 1	Bt45 1	Bt49 1	Bt54 1	Bt60 1	
40	Bt11 1	Bt50 1	
41	Bt9 1	Bt24 1	Bt30 1	Bt36 1	Bt37 2	Bt38 1	Bt59 1	Bt60 1	Bt65 1	Bt77 1	Bt96 1	Bt100 1	
42	Bt5 1	Bt14 1	Bt35 1	Bt47 1	Bt63 1	Bt86 1	Bt93 1	Bt97 1	Bt99 1	
43	Bt3 1	Bt21 1	Bt30 1	Bt60 1	Bt69 1	Bt82 1	Bt90 1	Bt91 1	Bt96 1	Bt98 1	
44	Bt1 1	Bt3 1	Bt12 1	Bt17 1	Bt26 1	Bt84 1	Bt89 1	
45	Bt4 1	Bt10 1	Bt12 1	Bt28 1	Bt56 1	Bt78 1	Bt89 1	
46	Bt6 1	Bt10 1	Bt33 1	Bt99 1	
47	Bt2 1	Bt10 1	Bt20 1	Bt21 1	Bt46 2	Bt57 1	Bt76 1	Bt94 1	
48	Bt13 1	Bt15 1	Bt21 1	Bt22 1	Bt53 1	Bt83 1	Bt94 1	
49	Bt26 1	Bt41 1	Bt45 1	Bt59 1	Bt63 2	Bt64 1	Bt69 1	Bt72 1	Bt89 1	Bt100 1	
50	Bt37 1	Bt83 1	Bt94 1	
51	Bt5 1	Bt7 1	Bt31 1	Bt36 1	Bt37 1	Bt59 1	
52	Bt14 1	Bt44 1	Bt54 1	Bt57 1	Bt72 1	Bt77 1	
53	Bt4 1	Bt23 1	Bt29 1	Bt76 1	Bt77 1	Bt78 1	Bt92 1	Bt94 1	
54	Bt14 1	Bt20 1	Bt23 1	Bt24 1	
55	Bt33 1	Bt48 1	Bt89 1	Bt95 1	
56	Bt15 1	Bt38 1	Bt55 1	
57	Bt5 1	Bt14 1	Bt21 1	Bt67 1	Bt83 1	Bt84 1	Bt90 1	Bt93 1	Bt98 1	
58	Bt8 1	Bt14 1	Bt34 1	Bt37 1	Bt66 1	Bt85 1	Bt90 1	
59	Bt14 1	Bt47 1	Bt65 1	Bt70 1	Bt92 1	
60	Bt5 1	Bt16 1	Bt50 1	Bt65 1	Bt74 1	Bt76 1	