Name					39_TruckTrailer_n60_m400_bt100_4
Number_of_Customers			60
Number_of_Items				400
Number_of_ItemTypes			100
Number_of_Vehicles			11
TimeWindows				0

VEHICLE
Mass_Capacity				25950
CargoSpace_Length			136
CargoSpace_Width			25
CargoSpace_Height			30
Wheelbase				36
Max_Mass_FrontAxle			10000
Max_Mass_RearAxle			11500
Max_Mass_TrailerAxle			24000
Distance_Kingpin_RearAxle		6
Distance_Kingpin_TrailerAxle		76
Distance_CargoSpace_TrailerAxle		92
Distance_Mass_Tractor_RearAxle		25
Distance_Mass_Trailer_TrailerAxle	16
Mass_Tractor				7300
Mass_Trailer				6750

CUSTOMERS
i		x		y		Demand		ReadyTime	DueDate		ServiceTime	DemandedMass	DemandedVolume
0		35		35		0		0		0		0		0		0
1		19		68		8		0		0		0		1104.86		6114
2		42		34		5		0		0		0		1499.36		9268
3		19		20		4		0		0		0		831.143		4936
4		45		24		6		0		0		0		589.665		3493
5		67		22		3		0		0		0		613.382		3852
6		47		11		6		0		0		0		2130.79		11367
7		69		47		7		0		0		0		2811.77		15236
8		26		51		6		0		0		0		1626.27		9639
9		38		2		10		0		0		0		1736.83		9828
10		54		28		5		0		0		0		1290.2		6144
11		39		17		7		0		0		0		1969.24		11032
12		29		46		6		0		0		0		1792.76		9890
13		40		56		5		0		0		0		1759.74		9264
14		4		68		6		0		0		0		1366.58		8214
15		48		52		6		0		0		0		2040.64		11082
16		66		66		7		0		0		0		1741.59		9442
17		47		4		7		0		0		0		1191.44		7699
18		18		2		3		0		0		0		1018.33		6036
19		44		35		7		0		0		0		1674.54		9576
20		10		63		7		0		0		0		1335.99		8145
21		56		57		12		0		0		0		3679.79		20075
22		62		41		6		0		0		0		1525.61		8790
23		37		34		6		0		0		0		1050.19		6958
24		30		36		6		0		0		0		2152.81		12169
25		28		58		3		0		0		0		757.518		5730
26		23		65		6		0		0		0		866.017		5012
27		23		40		6		0		0		0		1307.8		6170
28		66		24		5		0		0		0		1772.09		8676
29		29		50		9		0		0		0		1534		8302
30		64		3		11		0		0		0		2162.2		10926
31		6		51		9		0		0		0		1925.78		11103
32		7		67		5		0		0		0		1618.63		8430
33		63		5		9		0		0		0		3101.26		14860
34		53		3		8		0		0		0		1952.52		10152
35		9		39		8		0		0		0		2135.23		13062
36		36		1		7		0		0		0		2292.94		12576
37		60		59		9		0		0		0		2268.96		13824
38		69		49		5		0		0		0		582.822		3409
39		49		54		11		0		0		0		2814.15		13714
40		14		26		10		0		0		0		2356.82		13315
41		48		38		4		0		0		0		1711.53		9135
42		41		41		3		0		0		0		1371.32		7042
43		38		35		4		0		0		0		649.592		4300
44		43		36		8		0		0		0		1503.04		9198
45		43		56		6		0		0		0		2179.82		9720
46		16		4		10		0		0		0		2468.12		13492
47		48		31		3		0		0		0		972.599		6188
48		19		47		3		0		0		0		972.019		5492
49		59		3		9		0		0		0		2555.05		13518
50		29		58		8		0		0		0		2347.31		11788
51		30		15		7		0		0		0		1489.53		8958
52		23		64		2		0		0		0		1009.93		4188
53		67		25		8		0		0		0		1612.3		9840
54		45		36		8		0		0		0		1611.41		10321
55		30		45		8		0		0		0		2155.34		10824
56		14		7		5		0		0		0		1301.75		8054
57		54		43		10		0		0		0		2287.65		12447
58		66		49		10		0		0		0		2094.84		13034
59		26		23		5		0		0		0		1295.1		7924
60		32		6		7		0		0		0		1616.19		9020

ITEMS
Type		Length		Width		Height		Mass		Fragility	LoadBearingStrength
Bt1		19		7		6		104.86		0		3.9421895
Bt2		13		7		8		154.47		1		1.6974513
Bt3		17		9		11		281.56		0		9.2012277
Bt4		9		7		10		79.85		0		6.3373450
Bt5		22		8		8		321.46		0		9.1324503
Bt6		11		6		14		116.61		0		8.8344527
Bt7		14		12		15		592.63		0		17.6378052
Bt8		15		10		12		421.17		0		14.0389420
Bt9		14		11		8		289.19		0		9.3892049
Bt10		8		6		6		44.78		0		4.6644907
Bt11		9		11		12		137.91		0		6.9649954
Bt12		14		12		13		369.88		0		11.0083701
Bt13		22		10		9		256.08		0		5.8199973
Bt14		7		9		12		158.01		0		12.5408194
Bt15		20		8		9		193.52		1		1.2095000
Bt16		24		11		13		851.92		0		16.1347767
Bt17		14		11		8		130.98		0		4.2524536
Bt18		8		10		15		299.10		0		18.6937357
Bt19		14		10		14		354.28		0		12.6530071
Bt20		7		8		8		47.97		0		4.2833442
Bt21		17		10		13		371.60		0		10.9294762
Bt22		22		6		9		249.68		1		1.8915363
Bt23		18		9		8		223.40		0		6.8951947
Bt24		20		9		14		575.08		0		15.9745815
Bt25		22		11		9		301.51		0		6.2294633
Bt26		7		9		14		190.02		0		15.0807493
Bt27		18		9		15		359.95		0		11.1097139
Bt28		25		11		13		569.78		0		10.3596533
Bt29		17		10		12		505.66		0		14.8722713
Bt30		7		8		8		49.70		0		4.4375275
Bt31		21		10		12		332.48		0		7.9162551
Bt32		6		7		8		37.91		0		4.5130522
Bt33		23		10		9		499.14		0		10.8508054
Bt34		11		12		15		303.31		0		11.4889187
Bt35		21		8		12		383.39		0		11.4102734
Bt36		14		9		14		215.51		0		8.5518265
Bt37		16		8		8		195.16		0		7.6234483
Bt38		8		10		14		165.01		0		10.3131546
Bt39		10		10		12		257.83		0		12.8916558
Bt40		8		7		6		71.81		0		6.4112762
Bt41		22		10		7		361.94		0		8.2259875
Bt42		9		7		15		235.64		1		3.7402395
Bt43		14		7		8		138.66		0		7.0746991
Bt44		20		7		11		179.62		0		6.4150132
Bt45		8		10		12		207.60		0		12.9749391
Bt46		6		6		9		57.66		0		8.0085717
Bt47		14		10		11		313.69		0		11.2030572
Bt48		7		8		12		82.60		1		1.4750727
Bt49		23		10		15		679.97		0		14.7820590
Bt50		7		8		6		78.55		0		7.0131650
Bt51		6		9		9		65.82		0		6.0946405
Bt52		9		8		14		237.49		0		16.4926768
Bt53		6		9		13		151.75		0		14.0512074
Bt54		10		11		15		251.88		0		11.4488918
Bt55		15		6		10		155.57		0		8.6429946
Bt56		19		8		14		428.67		0		14.1009488
Bt57		7		12		11		188.59		0		11.2256040
Bt58		17		9		7		141.19		0		4.6141057
Bt59		15		8		13		310.54		0		12.9391256
Bt60		7		8		6		67.46		0		6.0229253
Bt61		14		11		6		215.55		0		6.9984979
Bt62		18		8		12		332.25		0		11.5364694
Bt63		12		8		6		102.27		0		5.3264167
Bt64		15		12		7		179.11		1		0.9950809
Bt65		7		9		12		114.19		0		9.0627906
Bt66		20		7		10		219.31		0		7.8326502
Bt67		19		12		10		426.75		0		9.3585802
Bt68		21		7		10		289.89		0		9.8600718
Bt69		9		12		15		212.04		0		9.8167468
Bt70		8		7		6		75.38		0		6.7302260
Bt71		7		8		7		56.34		0		5.0306935
Bt72		6		9		14		97.23		1		1.8006183
Bt73		21		6		13		360.85		0		14.3193307
Bt74		7		9		10		83.40		0		6.6188498
Bt75		21		12		15		544.62		0		10.8058687
Bt76		7		10		11		102.09		0		7.2922950
Bt77		19		7		7		202.69		0		7.6199918
Bt78		20		12		8		315.81		0		6.5794222
Bt79		23		7		15		399.87		0		12.4183508
Bt80		7		6		6		34.90		0		4.1544149
Bt81		17		6		13		188.96		0		9.2628861
Bt82		14		11		6		183.88		0		5.9701995
Bt83		16		7		15		371.45		0		16.5826039
Bt84		8		12		9		89.52		0		4.6626546
Bt85		22		8		9		298.12		0		8.4694135
Bt86		12		7		12		208.67		0		12.4207911
Bt87		8		8		11		94.44		0		7.3780697
Bt88		20		11		12		353.05		0		8.0238348
Bt89		24		10		12		384.83		0		8.0173922
Bt90		6		6		8		38.34		0		5.3244103
Bt91		12		11		7		145.98		0		5.5296390
Bt92		13		12		14		428.90		0		13.7468200
Bt93		23		10		6		337.55		0		7.3380219
Bt94		8		10		14		164.20		0		10.2622396
Bt95		10		9		12		214.05		0		11.8918767
Bt96		8		7		7		55.42		0		4.9483931
Bt97		16		12		8		187.41		0		4.8804795
Bt98		22		9		15		473.05		0		11.9456378
Bt99		10		9		15		227.15		0		12.6194910
Bt100		6		8		7		79.26		0		8.2566333

DEMANDS PER CUSTOMER
i	Type Quantity
1	Bt1 1	Bt32 1	Bt35 1	Bt45 1	Bt63 1	Bt65 1	Bt70 1	Bt100 1	
2	Bt13 1	Bt31 1	Bt35 1	Bt37 1	Bt62 1	
3	Bt23 1	Bt36 1	Bt47 1	Bt50 1	
4	Bt2 1	Bt4 1	Bt50 1	Bt58 1	Bt71 1	Bt100 1	
5	Bt10 1	Bt61 1	Bt88 1	
6	Bt28 1	Bt33 1	Bt56 1	Bt73 1	Bt74 1	Bt81 1	
7	Bt12 1	Bt19 1	Bt29 1	Bt56 1	Bt59 1	Bt75 1	Bt85 1	
8	Bt3 1	Bt31 1	Bt55 1	Bt56 1	Bt66 1	Bt86 1	
9	Bt31 1	Bt37 1	Bt43 1	Bt46 2	Bt47 1	Bt48 1	Bt70 1	Bt91 1	Bt93 1	
10	Bt5 1	Bt9 1	Bt35 1	Bt39 1	Bt90 1	
11	Bt31 1	Bt37 1	Bt55 2	Bt62 1	Bt67 1	Bt83 1	
12	Bt4 1	Bt24 1	Bt55 1	Bt66 1	Bt68 1	Bt98 1	
13	Bt24 1	Bt35 1	Bt68 1	Bt90 1	Bt98 1	
14	Bt30 1	Bt41 1	Bt51 1	Bt54 1	Bt94 1	Bt98 1	
15	Bt24 1	Bt27 1	Bt33 1	Bt34 1	Bt65 1	Bt81 1	
16	Bt5 1	Bt25 1	Bt50 1	Bt57 1	Bt59 1	Bt65 1	Bt67 1	
17	Bt14 1	Bt17 1	Bt20 1	Bt37 1	Bt38 1	Bt79 1	Bt87 1	
18	Bt63 1	Bt75 1	Bt83 1	
19	Bt6 1	Bt17 1	Bt35 1	Bt40 1	Bt56 1	Bt65 1	Bt92 1	
20	Bt4 1	Bt6 1	Bt18 1	Bt21 1	Bt43 1	Bt58 1	Bt81 1	
21	Bt5 1	Bt6 1	Bt23 1	Bt28 1	Bt34 1	Bt59 1	Bt62 1	Bt64 1	Bt66 1	Bt92 1	Bt93 2	
22	Bt1 1	Bt6 1	Bt7 1	Bt11 1	Bt19 1	Bt66 1	
23	Bt15 1	Bt21 1	Bt22 1	Bt71 1	Bt84 2	
24	Bt7 1	Bt11 1	Bt41 1	Bt79 1	Bt97 1	Bt98 1	
25	Bt36 1	Bt81 1	Bt88 1	
26	Bt20 1	Bt47 1	Bt55 1	Bt70 1	Bt82 1	Bt84 1	
27	Bt2 1	Bt5 1	Bt26 1	Bt71 1	Bt83 1	Bt95 1	
28	Bt5 1	Bt8 2	Bt44 1	Bt56 1	
29	Bt22 2	Bt34 1	Bt46 1	Bt53 1	Bt55 1	Bt61 1	Bt71 1	Bt87 1	
30	Bt14 1	Bt32 1	Bt55 1	Bt61 1	Bt62 1	Bt63 1	Bt64 1	Bt93 2	Bt99 1	Bt100 1	
31	Bt11 1	Bt14 1	Bt17 1	Bt28 1	Bt37 1	Bt39 1	Bt41 1	Bt80 1	Bt100 1	
32	Bt4 1	Bt5 1	Bt9 1	Bt24 1	Bt88 1	
33	Bt7 1	Bt24 1	Bt38 1	Bt42 1	Bt59 1	Bt66 1	Bt77 1	Bt83 1	Bt92 1	
34	Bt5 1	Bt6 1	Bt14 1	Bt33 1	Bt47 1	Bt68 1	Bt84 1	Bt94 1	
35	Bt6 1	Bt21 1	Bt32 1	Bt56 1	Bt57 1	Bt67 1	Bt69 1	Bt88 1	
36	Bt10 1	Bt13 1	Bt18 1	Bt27 1	Bt33 1	Bt73 1	Bt98 1	
37	Bt6 1	Bt27 1	Bt46 2	Bt61 1	Bt67 1	Bt86 1	Bt88 1	Bt98 1	
38	Bt38 1	Bt70 1	Bt71 1	Bt74 1	Bt77 1	
39	Bt8 1	Bt22 1	Bt24 1	Bt39 1	Bt45 2	Bt53 1	Bt72 1	Bt82 1	Bt85 1	Bt94 1	
40	Bt5 1	Bt11 1	Bt21 1	Bt23 1	Bt27 1	Bt51 1	Bt70 1	Bt77 1	Bt83 1	Bt99 1	
41	Bt8 1	Bt29 1	Bt79 1	Bt89 1	
42	Bt5 1	Bt12 1	Bt49 1	
43	Bt44 1	Bt57 1	Bt63 1	Bt64 1	
44	Bt12 1	Bt20 1	Bt25 1	Bt39 1	Bt60 1	Bt61 1	Bt96 1	Bt97 1	
45	Bt5 1	Bt7 1	Bt8 1	Bt24 1	Bt95 1	Bt96 1	
46	Bt10 1	Bt13 1	Bt16 1	Bt34 1	Bt43 1	Bt63 1	Bt64 1	Bt71 1	Bt83 1	Bt94 1	
47	Bt66 1	Bt75 1	Bt86 1	
48	Bt9 1	Bt13 1	Bt67 1	
49	Bt7 1	Bt18 1	Bt33 1	Bt63 1	Bt66 1	Bt69 1	Bt76 1	Bt96 1	Bt98 1	
50	Bt29 1	Bt37 1	Bt49 1	Bt51 1	Bt52 1	Bt56 1	Bt64 1	Bt96 1	
51	Bt2 1	Bt44 1	Bt81 1	Bt85 1	Bt95 1	Bt99 2	
52	Bt14 1	Bt16 1	
53	Bt20 1	Bt29 1	Bt74 1	Bt80 1	Bt89 1	Bt94 2	Bt99 1	
54	Bt11 1	Bt25 1	Bt30 1	Bt48 1	Bt67 1	Bt77 1	Bt78 1	Bt87 1	
55	Bt6 1	Bt10 1	Bt16 1	Bt27 1	Bt45 1	Bt53 1	Bt86 1	Bt95 1	
56	Bt15 1	Bt79 2	Bt87 1	Bt95 1	
57	Bt2 2	Bt3 1	Bt30 1	Bt31 1	Bt47 1	Bt55 1	Bt92 1	Bt93 1	Bt100 1	
58	Bt13 1	Bt14 1	Bt15 2	Bt18 1	Bt69 1	Bt83 1	Bt84 1	Bt87 1	Bt99 1	
59	Bt23 1	Bt31 1	Bt56 1	Bt74 1	Bt99 1	
60	Bt13 1	Bt15 1	Bt16 1	Bt60 1	Bt63 1	Bt84 1	Bt96 1	