Name					40_TruckTrailer_n60_m400_bt100_5
Number_of_Customers			60
Number_of_Items				400
Number_of_ItemTypes			100
Number_of_Vehicles			10
TimeWindows				0

VEHICLE
Mass_Capacity				25950
CargoSpace_Length			136
CargoSpace_Width			25
CargoSpace_Height			30
Wheelbase				36
Max_Mass_FrontAxle			10000
Max_Mass_RearAxle			11500
Max_Mass_TrailerAxle			24000
Distance_Kingpin_RearAxle		6
Distance_Kingpin_TrailerAxle		76
Distance_CargoSpace_TrailerAxle		92
Distance_Mass_Tractor_RearAxle		25
Distance_Mass_Trailer_TrailerAxle	16
Mass_Tractor				7300
Mass_Trailer				6750

CUSTOMERS
i		x		y		Demand		ReadyTime	DueDate		ServiceTime	DemandedMass	DemandedVolume
0		35		35		0		0		0		0		0		0
1		6		64		5		0		0		0		780.617		4704
2		39		26		6		0		0		0		1470.79		7513
3		37		69		7		0		0		0		1580.27		9316
4		18		13		8		0		0		0		2327.61		11487
5		20		6		6		0		0		0		971.062		5292
6		9		56		8		0		0		0		1802.5		9918
7		4		21		5		0		0		0		910.081		5137
8		51		52		5		0		0		0		1129.8		5760
9		51		13		12		0		0		0		3135.05		17062
10		53		0		4		0		0		0		585.696		3248
11		25		10		6		0		0		0		1139.61		6992
12		46		10		4		0		0		0		1312.41		6120
13		51		57		7		0		0		0		1695.58		9637
14		16		20		9		0		0		0		2276.75		11436
15		1		28		3		0		0		0		1012.12		4668
16		18		25		9		0		0		0		2604.35		14310
17		0		19		8		0		0		0		1831.86		11731
18		37		30		6		0		0		0		1689.67		9351
19		57		58		6		0		0		0		1233.61		6758
20		6		37		8		0		0		0		1602.63		8748
21		64		21		7		0		0		0		1177.1		7115
22		20		65		5		0		0		0		1238.26		6483
23		56		21		6		0		0		0		1595.57		8778
24		55		26		9		0		0		0		1733.31		10418
25		27		2		6		0		0		0		1111.05		6726
26		52		60		8		0		0		0		2246.99		11856
27		1		9		5		0		0		0		1584.52		8548
28		28		44		10		0		0		0		1831.17		10098
29		4		15		4		0		0		0		584.502		3465
30		30		46		4		0		0		0		1083.69		5515
31		5		4		7		0		0		0		1525.25		8908
32		4		44		6		0		0		0		1522.31		8462
33		47		55		6		0		0		0		1592.94		8105
34		48		44		6		0		0		0		838.192		4720
35		60		6		5		0		0		0		1438.04		6690
36		40		10		6		0		0		0		1154.1		6296
37		21		50		7		0		0		0		1178.98		7867
38		3		23		10		0		0		0		2238.75		12377
39		20		64		5		0		0		0		1112.71		5504
40		57		0		5		0		0		0		817.872		4636
41		34		58		8		0		0		0		1892.37		9594
42		22		63		9		0		0		0		1549.68		10117
43		19		58		5		0		0		0		1187.91		6772
44		40		66		6		0		0		0		2368.31		12888
45		54		4		10		0		0		0		2267.81		14430
46		17		43		8		0		0		0		2116.7		11268
47		62		55		10		0		0		0		2298.28		12380
48		48		64		5		0		0		0		1504.48		8579
49		68		4		6		0		0		0		1187.29		5972
50		57		38		10		0		0		0		1401.69		8646
51		56		37		6		0		0		0		1621.62		8058
52		16		40		5		0		0		0		1387.44		7496
53		5		48		5		0		0		0		1270.29		5664
54		13		33		3		0		0		0		799.772		4521
55		65		51		7		0		0		0		2336.88		12032
56		45		44		4		0		0		0		1074.88		5100
57		6		40		8		0		0		0		1710.01		8342
58		32		36		12		0		0		0		2034.43		11285
59		66		69		6		0		0		0		1046.08		6073
60		52		65		8		0		0		0		1555.09		8982

ITEMS
Type		Length		Width		Height		Mass		Fragility	LoadBearingStrength
Bt1		14		7		8		149.55		1		1.5259937
Bt2		24		9		11		494.56		0		11.4482007
Bt3		18		8		14		428.67		0		14.8842889
Bt4		22		7		6		151.49		0		4.9184527
Bt5		16		9		13		368.09		0		12.7810672
Bt6		17		12		6		199.76		0		4.8960073
Bt7		7		12		12		182.18		0		10.8441519
Bt8		23		7		8		250.99		0		7.7947992
Bt9		21		6		10		270.31		0		10.7265413
Bt10		7		7		8		48.16		0		4.9141150
Bt11		6		11		8		94.06		0		7.1259461
Bt12		15		12		13		279.98		0		7.7773003
Bt13		12		8		11		131.08		0		6.8273254
Bt14		19		7		13		240.88		0		9.0555880
Bt15		21		11		8		293.99		0		6.3634588
Bt16		15		8		6		135.36		0		5.6401916
Bt17		9		7		9		116.09		0		9.2131885
Bt18		15		6		8		116.98		0		6.4987981
Bt19		20		12		9		406.10		0		8.4604977
Bt20		8		8		7		110.68		0		8.6469841
Bt21		12		9		12		185.01		0		8.5650620
Bt22		8		6		9		74.80		0		7.7920905
Bt23		23		11		10		471.55		0		9.3192582
Bt24		7		9		15		149.35		0		11.8528548
Bt25		9		9		8		153.34		0		9.4651783
Bt26		18		11		6		290.53		0		7.3365318
Bt27		12		10		14		388.74		1		3.2394927
Bt28		6		11		13		193.44		0		14.6548939
Bt29		8		11		12		201.31		0		11.4382485
Bt30		6		6		7		49.84		0		6.9220666
Bt31		14		10		9		249.64		0		8.9156536
Bt32		13		9		11		186.35		0		7.9637733
Bt33		17		8		8		223.37		1		1.6423919
Bt34		8		7		12		72.53		0		6.4754955
Bt35		15		7		12		195.67		1		1.8635573
Bt36		21		8		11		299.71		0		8.9198317
Bt37		16		9		8		133.85		0		4.6475506
Bt38		13		12		13		324.39		0		10.3970189
Bt39		11		8		8		106.04		0		6.0251903
Bt40		6		8		6		56.18		1		1.1704259
Bt41		7		8		6		59.61		0		5.3220654
Bt42		25		7		8		257.97		0		7.3705916
Bt43		12		7		12		238.44		0		14.1930913
Bt44		12		11		10		315.49		0		11.9503069
Bt45		9		6		15		127.97		0		11.8493767
Bt46		19		11		7		253.06		0		6.0540561
Bt47		14		9		6		112.12		0		4.4491919
Bt48		6		6		14		108.85		0		15.1185558
Bt49		17		9		12		379.34		0		12.3968087
Bt50		7		6		6		43.02		0		5.1219082
Bt51		23		7		11		287.48		0		8.9280150
Bt52		13		8		14		350.36		0		16.8441168
Bt53		8		7		8		93.15		0		8.3169720
Bt54		14		6		13		177.29		1		2.1105564
Bt55		24		6		12		400.92		1		2.7841331
Bt56		17		10		12		332.79		0		9.7879298
Bt57		16		10		8		285.69		0		8.9277609
Bt58		23		11		12		704.52		0		13.9232699
Bt59		19		7		13		299.88		0		11.2738328
Bt60		6		7		8		75.53		0		8.9915215
Bt61		14		6		14		270.94		0		16.1272839
Bt62		23		8		14		453.97		0		12.3360605
Bt63		16		11		14		526.23		0		14.9495811
Bt64		22		7		6		196.84		0		6.3908180
Bt65		23		8		14		372.72		1		2.0256668
Bt66		17		11		12		432.16		1		2.3110105
Bt67		11		11		14		178.75		0		7.3864304
Bt68		14		6		13		120.77		0		7.1887441
Bt69		25		7		9		307.38		0		8.7824204
Bt70		8		6		7		55.45		0		5.7757563
Bt71		10		7		9		70.08		0		5.0054836
Bt72		8		11		10		99.43		0		5.6494032
Bt73		23		9		11		495.16		0		11.9603704
Bt74		15		9		14		252.68		0		9.3585894
Bt75		16		6		6		110.39		0		5.7494135
Bt76		24		7		8		249.55		0		7.4269950
Bt77		22		8		6		251.92		0		7.1568636
Bt78		6		10		9		99.97		0		8.3305707
Bt79		15		11		6		177.56		0		5.3805264
Bt80		8		8		7		55.56		1		0.8681983
Bt81		11		9		11		234.47		0		11.8419717
Bt82		8		8		7		96.01		0		7.5004367
Bt83		8		10		11		142.50		0		8.9061341
Bt84		20		8		12		294.19		0		9.1933546
Bt85		7		7		13		67.42		0		6.8794202
Bt86		8		12		7		132.56		0		6.9042132
Bt87		7		12		8		145.75		1		1.7351130
Bt88		20		8		13		420.00		0		13.1249433
Bt89		13		8		13		188.54		0		9.0642881
Bt90		6		6		6		27.31		0		3.7933792
Bt91		10		9		7		144.98		0		8.0546921
Bt92		20		9		15		470.98		0		13.0826440
Bt93		11		12		9		173.53		0		6.5730192
Bt94		13		9		11		223.04		1		1.9062967
Bt95		9		6		6		63.65		0		5.8931791
Bt96		10		6		9		115.42		0		9.6186105
Bt97		24		10		8		362.78		0		7.5579050
Bt98		14		8		15		397.62		0		17.7508316
Bt99		16		12		8		370.01		0		9.6356235
Bt100		8		6		6		39.19		0		4.0823537

DEMANDS PER CUSTOMER
i	Type Quantity
1	Bt6 2	Bt39 1	Bt83 1	Bt86 1	
2	Bt44 1	Bt59 1	Bt78 1	Bt84 1	Bt95 1	Bt98 1	
3	Bt9 1	Bt32 2	Bt42 1	Bt45 1	Bt89 1	Bt97 1	
4	Bt2 1	Bt3 1	Bt13 1	Bt28 1	Bt55 1	Bt61 1	Bt81 1	Bt93 1	
5	Bt18 1	Bt28 1	Bt68 1	Bt75 1	Bt77 1	Bt79 1	
6	Bt1 1	Bt13 1	Bt27 1	Bt33 1	Bt45 1	Bt66 1	Bt70 1	Bt84 1	
7	Bt24 1	Bt29 1	Bt37 1	Bt80 1	Bt99 1	
8	Bt3 1	Bt68 1	Bt75 1	Bt78 1	Bt99 1	
9	Bt16 1	Bt34 1	Bt35 1	Bt36 1	Bt42 1	Bt52 1	Bt63 1	Bt73 1	Bt77 1	Bt84 1	Bt85 1	Bt89 1	
10	Bt8 1	Bt35 1	Bt50 1	Bt82 1	
11	Bt4 1	Bt24 1	Bt34 1	Bt37 1	Bt46 1	Bt49 1	
12	Bt4 1	Bt39 1	Bt52 1	Bt58 1	
13	Bt14 1	Bt28 1	Bt35 1	Bt45 1	Bt62 1	Bt88 1	Bt95 1	
14	Bt5 1	Bt27 1	Bt36 1	Bt47 1	Bt57 1	Bt63 1	Bt78 1	Bt86 1	Bt95 1	
15	Bt19 1	Bt26 1	Bt44 1	
16	Bt5 1	Bt19 1	Bt23 1	Bt32 1	Bt39 1	Bt73 1	Bt76 1	Bt84 1	Bt90 1	
17	Bt13 1	Bt49 1	Bt56 1	Bt62 1	Bt67 1	Bt78 1	Bt85 1	Bt89 1	
18	Bt3 1	Bt23 1	Bt32 1	Bt44 1	Bt48 1	Bt67 1	
19	Bt2 1	Bt7 1	Bt61 1	Bt71 1	Bt89 1	Bt90 1	
20	Bt6 1	Bt32 1	Bt40 1	Bt42 1	Bt43 1	Bt47 1	Bt59 1	Bt77 1	
21	Bt1 1	Bt14 1	Bt40 1	Bt49 1	Bt50 1	Bt70 1	Bt74 1	
22	Bt3 1	Bt47 1	Bt69 1	Bt90 1	Bt97 1	
23	Bt6 1	Bt38 1	Bt56 1	Bt61 1	Bt71 1	Bt98 1	
24	Bt7 1	Bt15 1	Bt25 1	Bt29 1	Bt30 1	Bt38 1	Bt67 1	Bt76 1	Bt78 1	
25	Bt12 1	Bt28 1	Bt36 1	Bt41 1	Bt86 1	Bt87 1	
26	Bt12 1	Bt25 1	Bt27 1	Bt35 1	Bt52 1	Bt62 1	Bt90 1	Bt98 1	
27	Bt51 1	Bt60 1	Bt66 1	Bt73 1	Bt84 1	
28	Bt8 1	Bt15 1	Bt18 1	Bt26 1	Bt39 1	Bt45 1	Bt54 1	Bt57 1	Bt83 1	Bt100 1	
29	Bt24 1	Bt47 1	Bt54 1	Bt87 1	
30	Bt51 1	Bt55 1	Bt76 1	Bt87 1	
31	Bt12 1	Bt21 1	Bt36 1	Bt43 1	Bt52 1	Bt86 1	Bt100 1	
32	Bt9 1	Bt66 1	Bt67 1	Bt86 1	Bt87 1	Bt97 1	
33	Bt19 1	Bt22 1	Bt25 1	Bt51 1	Bt63 1	Bt91 1	
34	Bt5 1	Bt20 1	Bt22 1	Bt34 1	Bt47 1	Bt78 1	
35	Bt3 1	Bt58 1	Bt79 1	Bt95 2	
36	Bt6 1	Bt10 1	Bt18 1	Bt27 1	Bt42 1	Bt83 1	
37	Bt9 1	Bt10 1	Bt14 1	Bt16 1	Bt18 1	Bt67 1	Bt89 1	
38	Bt6 1	Bt10 1	Bt17 1	Bt58 1	Bt59 1	Bt72 1	Bt78 1	Bt85 1	Bt86 1	Bt92 1	
39	Bt20 1	Bt35 1	Bt61 1	Bt88 1	Bt96 1	
40	Bt11 1	Bt16 1	Bt44 1	Bt72 1	Bt93 1	
41	Bt1 1	Bt10 1	Bt18 1	Bt20 1	Bt43 1	Bt58 1	Bt62 1	Bt71 1	
42	Bt12 1	Bt14 1	Bt20 1	Bt43 1	Bt48 1	Bt56 1	Bt72 2	Bt100 1	
43	Bt5 1	Bt9 1	Bt14 1	Bt46 1	Bt80 1	
44	Bt5 1	Bt12 1	Bt27 1	Bt56 1	Bt58 1	Bt84 1	
45	Bt4 1	Bt5 1	Bt12 1	Bt13 1	Bt18 1	Bt27 1	Bt37 1	Bt47 1	Bt56 1	Bt74 1	
46	Bt26 1	Bt32 1	Bt34 1	Bt38 1	Bt58 1	Bt59 1	Bt82 1	Bt83 1	
47	Bt21 1	Bt28 1	Bt37 1	Bt51 1	Bt73 1	Bt82 1	Bt94 2	Bt95 1	Bt98 1	
48	Bt13 1	Bt15 1	Bt32 1	Bt58 1	Bt89 1	
49	Bt3 1	Bt11 1	Bt30 1	Bt40 1	Bt89 1	Bt99 1	
50	Bt10 1	Bt37 1	Bt48 2	Bt59 1	Bt69 1	Bt74 1	Bt95 1	Bt100 2	
51	Bt4 1	Bt23 1	Bt53 1	Bt88 1	Bt96 1	Bt99 1	
52	Bt14 1	Bt24 1	Bt55 1	Bt63 1	Bt71 1	
53	Bt29 1	Bt41 1	Bt43 1	Bt55 1	Bt99 1	
54	Bt13 1	Bt73 1	Bt93 1	
55	Bt16 1	Bt34 1	Bt57 1	Bt58 1	Bt64 1	Bt92 2	
56	Bt15 1	Bt26 1	Bt43 1	Bt77 1	
57	Bt10 1	Bt52 1	Bt58 1	Bt61 1	Bt70 1	Bt85 2	Bt87 1	
58	Bt8 1	Bt11 1	Bt14 1	Bt21 1	Bt28 2	Bt31 1	Bt33 1	Bt40 1	Bt72 1	Bt86 1	Bt96 1	
59	Bt29 1	Bt72 1	Bt83 1	Bt85 1	Bt88 1	Bt96 1	
60	Bt6 1	Bt9 1	Bt16 1	Bt35 1	Bt42 1	Bt53 1	Bt56 1	Bt71 1	