Name					41_TruckTrailer_n90_m200_bt10_1
Number_of_Customers			90
Number_of_Items				200
Number_of_ItemTypes			10
Number_of_Vehicles			6
TimeWindows				0

VEHICLE
Mass_Capacity				25950
CargoSpace_Length			136
CargoSpace_Width			25
CargoSpace_Height			30
Wheelbase				36
Max_Mass_FrontAxle			10000
Max_Mass_RearAxle			11500
Max_Mass_TrailerAxle			24000
Distance_Kingpin_RearAxle		6
Distance_Kingpin_TrailerAxle		76
Distance_CargoSpace_TrailerAxle		92
Distance_Mass_Tractor_RearAxle		25
Distance_Mass_Trailer_TrailerAxle	16
Mass_Tractor				7300
Mass_Trailer				6750

CUSTOMERS
i		x		y		Demand		ReadyTime	DueDate		ServiceTime	DemandedMass	DemandedVolume
0		35		35		0		0		0		0		0		0
1		27		61		3		0		0		0		674.285		3609
2		28		3		1		0		0		0		558.867		2340
3		26		38		3		0		0		0		1244.06		5607
4		34		54		6		0		0		0		2131.13		10900
5		34		7		2		0		0		0		811.788		3550
6		27		30		3		0		0		0		665.034		4032
7		70		58		2		0		0		0		239.112		1624
8		14		63		2		0		0		0		372.533		1530
9		62		49		1		0		0		0		221.678		1344
10		16		45		3		0		0		0		649.824		3976
11		15		12		1		0		0		0		417.446		2178
12		48		28		2		0		0		0		602.304		3354
13		28		5		1		0		0		0		417.446		2178
14		33		37		2		0		0		0		821.639		3990
15		56		6		1		0		0		0		267.749		1089
16		18		31		3		0		0		0		785.003		4269
17		3		24		3		0		0		0		528.853		3002
18		29		36		1		0		0		0		104.784		441
19		9		47		2		0		0		0		437.779		2386
20		37		56		1		0		0		0		262.773		1650
21		28		61		2		0		0		0		522.23		2619
22		20		66		3		0		0		0		1252.34		6534
23		40		26		2		0		0		0		602.304		3354
24		18		36		2		0		0		0		372.533		1530
25		3		40		2		0		0		0		780.545		3684
26		64		5		2		0		0		0		613.12		2788
27		40		54		3		0		0		0		965.403		4860
28		35		9		4		0		0		0		466.212		2547
29		48		19		3		0		0		0		693.378		3970
30		52		13		2		0		0		0		613.12		2788
31		15		25		2		0		0		0		437.779		2386
32		46		70		1		0		0		0		54.2535		448
33		36		19		1		0		0		0		267.749		1089
34		17		15		2		0		0		0		357.705		1651
35		9		23		1		0		0		0		252.921		1210
36		15		38		3		0		0		0		1045.44		5252
37		9		63		2		0		0		0		743.725		3516
38		66		7		3		0		0		0		528.853		3002
39		33		46		3		0		0		0		474.5		2793
40		70		35		2		0		0		0		780.545		3684
41		62		20		1		0		0		0		184.858		1176
42		47		43		2		0		0		0		496.208		2666
43		40		44		1		0		0		0		104.784		441
44		69		61		2		0		0		0		821.639		3990
45		14		7		1		0		0		0		243.287		1456
46		18		1		4		0		0		0		795.484		4037
47		30		63		2		0		0		0		680.219		3828
48		21		15		1		0		0		0		252.921		1210
49		40		35		1		0		0		0		184.858		1176
50		42		57		2		0		0		0		443.356		2688
51		11		20		2		0		0		0		811.788		3550
52		26		65		1		0		0		0		267.749		1089
53		69		32		4		0		0		0		1465.74		6951
54		8		21		1		0		0		0		184.858		1176
55		63		68		4		0		0		0		1228.18		6510
56		9		56		2		0		0		0		506.06		3106
57		48		28		1		0		0		0		267.749		1089
58		43		19		4		0		0		0		1205.86		5566
59		61		2		2		0		0		0		437.779		2386
60		55		13		3		0		0		0		727.738		4450
61		37		1		3		0		0		0		579.799		3748
62		36		56		2		0		0		0		452.607		2265
63		61		6		4		0		0		0		1230.3		6428
64		19		16		1		0		0		0		221.678		1344
65		41		7		2		0		0		0		685.195		3267
66		33		30		4		0		0		0		781.992		4898
67		21		41		2		0		0		0		486.575		2912
68		65		70		3		0		0		0		752.2		4083
69		47		39		2		0		0		0		821.639		3990
70		21		37		1		0		0		0		558.867		2340
71		3		5		3		0		0		0		659.457		3730
72		8		21		4		0		0		0		1570.34		6945
73		29		29		3		0		0		0		351.794		2352
74		43		63		2		0		0		0		515.694		2860
75		59		39		2		0		0		0		685.195		3267
76		56		23		2		0		0		0		976.313		4518
77		37		48		2		0		0		0		780.545		3684
78		6		43		2		0		0		0		447.631		2826
79		51		9		4		0		0		0		1414.09		6904
80		6		43		1		0		0		0		267.749		1089
81		70		33		4		0		0		0		1194.17		5520
82		38		67		2		0		0		0		159.037		889
83		44		59		2		0		0		0		317.026		2098
84		60		69		2		0		0		0		1117.73		4680
85		69		21		3		0		0		0		1089.39		5079
86		43		15		2		0		0		0		506.06		3106
87		38		4		1		0		0		0		104.784		441
88		55		16		2		0		0		0		372.533		1530
89		23		2		2		0		0		0		976.313		4518
90		68		68		2		0		0		0		471.7		2626

ITEMS
Type		Length		Width		Height		Mass		Fragility	LoadBearingStrength
Bt1		7		12		14		184.86		0		11.0034541
Bt2		15		11		10		262.77		0		7.9628087
Bt3		14		12		8		221.68		0		6.5975619
Bt4		14		8		13		243.29		0		10.8610486
Bt5		9		11		11		267.75		0		13.5226679
Bt6		22		9		11		417.45		0		10.5415691
Bt7		7		9		7		104.78		1		1.6632384
Bt8		13		12		15		558.87		0		17.9123893
Bt9		10		11		11		252.92		0		11.4964081
Bt10		7		8		8		54.25		0		4.8440599

DEMANDS PER CUSTOMER
i	Type Quantity
1	Bt1 1	Bt3 1	Bt5 1	
2	Bt8 1	
3	Bt5 1	Bt6 1	Bt8 1	
4	Bt2 1	Bt3 1	Bt6 2	Bt8 1	Bt9 1	
5	Bt8 1	Bt9 1	
6	Bt3 3	
7	Bt1 1	Bt10 1	
8	Bt5 1	Bt7 1	
9	Bt3 1	
10	Bt1 1	Bt3 1	Bt4 1	
11	Bt6 1	
12	Bt1 1	Bt6 1	
13	Bt6 1	
14	Bt2 1	Bt8 1	
15	Bt5 1	
16	Bt2 1	Bt6 1	Bt7 1	
17	Bt3 1	Bt9 1	Bt10 1	
18	Bt7 1	
19	Bt1 1	Bt9 1	
20	Bt2 1	
21	Bt6 1	Bt7 1	
22	Bt6 3	
23	Bt1 1	Bt6 1	
24	Bt5 1	Bt7 1	
25	Bt3 1	Bt8 1	
26	Bt8 1	Bt10 1	
27	Bt1 1	Bt3 1	Bt8 1	
28	Bt7 1	Bt9 1	Bt10 2	
29	Bt3 1	Bt6 1	Bt10 1	
30	Bt8 1	Bt10 1	
31	Bt1 1	Bt9 1	
32	Bt10 1	
33	Bt5 1	
34	Bt7 1	Bt9 1	
35	Bt9 1	
36	Bt4 2	Bt8 1	
37	Bt1 1	Bt8 1	
38	Bt3 1	Bt9 1	Bt10 1	
39	Bt1 2	Bt7 1	
40	Bt3 1	Bt8 1	
41	Bt1 1	
42	Bt4 1	Bt9 1	
43	Bt7 1	
44	Bt2 1	Bt8 1	
45	Bt4 1	
46	Bt1 1	Bt7 1	Bt9 2	
47	Bt2 1	Bt6 1	
48	Bt9 1	
49	Bt1 1	
50	Bt3 2	
51	Bt8 1	Bt9 1	
52	Bt5 1	
53	Bt3 1	Bt5 1	Bt6 1	Bt8 1	
54	Bt1 1	
55	Bt1 1	Bt2 1	Bt3 1	Bt8 1	
56	Bt2 1	Bt4 1	
57	Bt5 1	
58	Bt5 2	Bt6 1	Bt9 1	
59	Bt1 1	Bt9 1	
60	Bt2 1	Bt3 1	Bt4 1	
61	Bt2 2	Bt10 1	
62	Bt1 1	Bt5 1	
63	Bt1 1	Bt4 2	Bt8 1	
64	Bt3 1	
65	Bt5 1	Bt6 1	
66	Bt2 1	Bt3 1	Bt4 1	Bt10 1	
67	Bt4 2	
68	Bt2 1	Bt3 1	Bt5 1	
69	Bt2 1	Bt8 1	
70	Bt8 1	
71	Bt1 1	Bt3 1	Bt9 1	
72	Bt1 1	Bt5 1	Bt8 2	
73	Bt4 1	Bt10 2	
74	Bt2 1	Bt9 1	
75	Bt5 1	Bt6 1	
76	Bt6 1	Bt8 1	
77	Bt3 1	Bt8 1	
78	Bt1 1	Bt2 1	
79	Bt1 1	Bt6 1	Bt8 1	Bt9 1	
80	Bt5 1	
81	Bt2 1	Bt5 1	Bt7 1	Bt8 1	
82	Bt7 1	Bt10 1	
83	Bt2 1	Bt10 1	
84	Bt8 2	
85	Bt2 1	Bt5 1	Bt8 1	
86	Bt2 1	Bt4 1	
87	Bt7 1	
88	Bt5 1	Bt7 1	
89	Bt6 1	Bt8 1	
90	Bt6 1	Bt10 1	