Name					42_TruckTrailer_n90_m200_bt10_2
Number_of_Customers			90
Number_of_Items				200
Number_of_ItemTypes			10
Number_of_Vehicles			7
TimeWindows				0

VEHICLE
Mass_Capacity				25950
CargoSpace_Length			136
CargoSpace_Width			25
CargoSpace_Height			30
Wheelbase				36
Max_Mass_FrontAxle			10000
Max_Mass_RearAxle			11500
Max_Mass_TrailerAxle			24000
Distance_Kingpin_RearAxle		6
Distance_Kingpin_TrailerAxle		76
Distance_CargoSpace_TrailerAxle		92
Distance_Mass_Tractor_RearAxle		25
Distance_Mass_Trailer_TrailerAxle	16
Mass_Tractor				7300
Mass_Trailer				6750

CUSTOMERS
i		x		y		Demand		ReadyTime	DueDate		ServiceTime	DemandedMass	DemandedVolume
0		35		35		0		0		0		0		0		0
1		6		33		1		0		0		0		118.185		924
2		65		2		1		0		0		0		250.123		1080
3		25		69		3		0		0		0		1147.61		4914
4		54		56		1		0		0		0		465.884		1870
5		43		19		2		0		0		0		270.165		1333
6		67		27		2		0		0		0		703.625		3313
7		57		6		3		0		0		0		1400.91		5940
8		33		61		1		0		0		0		465.884		1870
9		33		41		4		0		0		0		1291.77		6282
10		50		26		2		0		0		0		409.603		1828
11		52		54		1		0		0		0		40.639		343
12		61		35		1		0		0		0		662.986		2970
13		40		17		2		0		0		0		269.54		1704
14		22		10		1		0		0		0		639.69		2940
15		33		65		1		0		0		0		368.964		1485
16		56		10		2		0		0		0		612.061		2628
17		17		34		1		0		0		0		118.185		924
18		61		14		3		0		0		0		1203.81		4840
19		56		28		1		0		0		0		40.639		343
20		36		24		3		0		0		0		902.855		3903
21		32		21		3		0		0		0		631.004		2850
22		8		20		4		0		0		0		1149.48		5898
23		6		20		6		0		0		0		2478.86		10438
24		51		62		1		0		0		0		639.69		2940
25		12		58		2		0		0		0		632.658		2718
26		66		5		1		0		0		0		368.964		1485
27		67		4		4		0		0		0		1204.35		5875
28		35		44		3		0		0		0		750.843		3642
29		17		18		3		0		0		0		574.53		2761
30		58		20		4		0		0		0		1486.46		6580
31		0		45		1		0		0		0		40.639		343
32		17		36		3		0		0		0		848.613		3555
33		57		63		3		0		0		0		831.684		4063
34		25		41		2		0		0		0		269.54		1704
35		8		25		3		0		0		0		1256.93		5590
36		57		56		3		0		0		0		421.52		2113
37		57		2		1		0		0		0		465.884		1870
38		4		32		1		0		0		0		382.535		1638
39		40		56		2		0		0		0		617.24		2650
40		45		53		4		0		0		0		1167.48		5692
41		1		69		3		0		0		0		610.407		2760
42		47		67		3		0		0		0		232.633		1466
43		43		30		3		0		0		0		1160.01		5205
44		2		18		3		0		0		0		1300.73		5225
45		49		26		1		0		0		0		229.526		990
46		59		66		2		0		0		0		617.24		2650
47		31		20		3		0		0		0		1173.58		5358
48		57		18		4		0		0		0		2257.74		9680
49		16		5		1		0		0		0		639.69		2940
50		39		2		1		0		0		0		639.69		2940
51		15		40		2		0		0		0		158.824		1267
52		23		10		1		0		0		0		662.986		2970
53		68		38		1		0		0		0		639.69		2940
54		26		52		3		0		0		0		388.35		2257
55		0		52		3		0		0		0		709.175		3060
56		17		7		2		0		0		0		869.216		3930
57		42		60		2		0		0		0		598.49		2475
58		51		6		4		0		0		0		1870.64		8086
59		22		3		3		0		0		0		1181.89		4820
60		37		41		3		0		0		0		981.025		4113
61		19		16		1		0		0		0		40.639		343
62		24		26		1		0		0		0		229.526		990
63		62		54		1		0		0		0		368.964		1485
64		46		10		1		0		0		0		151.355		780
65		22		47		5		0		0		0		1589.56		7927
66		19		26		2		0		0		0		1045.52		4608
67		29		46		1		0		0		0		118.185		924
68		18		9		1		0		0		0		382.535		1638
69		33		40		4		0		0		0		1368.74		5773
70		3		15		1		0		0		0		639.69		2940
71		36		10		4		0		0		0		860.53		3840
72		16		43		1		0		0		0		368.964		1485
73		55		39		1		0		0		0		229.526		990
74		4		0		3		0		0		0		1146.21		5153
75		43		58		1		0		0		0		465.884		1870
76		27		10		3		0		0		0		1238.18		5415
77		21		7		1		0		0		0		151.355		780
78		40		69		1		0		0		0		368.964		1485
79		37		24		2		0		0		0		869.216		3930
80		23		63		1		0		0		0		250.123		1080
81		49		49		3		0		0		0		1134.03		4761
82		25		68		1		0		0		0		118.185		924
83		23		68		4		0		0		0		1106.24		4974
84		56		57		3		0		0		0		813.595		3784
85		45		32		3		0		0		0		909.23		4644
86		30		8		2		0		0		0		1105.57		4810
87		70		15		3		0		0		0		1064.46		4830
88		47		2		3		0		0		0		1552.8		6990
89		13		36		1		0		0		0		639.69		2940
90		56		3		3		0		0		0		1119.34		5010

ITEMS
Type		Length		Width		Height		Mass		Fragility	LoadBearingStrength
Bt1		21		10		14		639.69		0		15.2307084
Bt2		21		6		13		382.54		0		15.1799759
Bt3		22		7		6		118.18		0		3.8371661
Bt4		15		11		9		368.96		0		11.1807279
Bt5		9		12		10		250.12		0		11.5797613
Bt6		13		10		6		151.36		0		5.8213597
Bt7		22		9		15		662.99		0		16.7420730
Bt8		17		10		11		465.88		1		2.7404956
Bt9		11		9		10		229.53		0		11.5922245
Bt10		7		7		7		40.64		0		4.1468344

DEMANDS PER CUSTOMER
i	Type Quantity
1	Bt3 1	
2	Bt5 1	
3	Bt2 3	
4	Bt8 1	
5	Bt9 1	Bt10 1	
6	Bt7 1	Bt10 1	
7	Bt4 2	Bt7 1	
8	Bt8 1	
9	Bt1 1	Bt2 1	Bt3 1	Bt6 1	
10	Bt4 1	Bt10 1	
11	Bt10 1	
12	Bt7 1	
13	Bt3 1	Bt6 1	
14	Bt1 1	
15	Bt4 1	
16	Bt2 1	Bt9 1	
17	Bt3 1	
18	Bt4 2	Bt8 1	
19	Bt10 1	
20	Bt2 1	Bt4 1	Bt6 1	
21	Bt5 1	Bt6 1	Bt9 1	
22	Bt3 2	Bt5 1	Bt7 1	
23	Bt2 1	Bt4 2	Bt7 1	Bt8 1	Bt9 1	
24	Bt1 1	
25	Bt2 1	Bt5 1	
26	Bt4 1	
27	Bt2 1	Bt3 1	Bt7 1	Bt10 1	
28	Bt2 1	Bt3 1	Bt5 1	
29	Bt2 1	Bt6 1	Bt10 1	
30	Bt1 1	Bt6 1	Bt8 1	Bt9 1	
31	Bt10 1	
32	Bt4 1	Bt5 1	Bt9 1	
33	Bt1 1	Bt6 1	Bt10 1	
34	Bt3 1	Bt6 1	
35	Bt1 1	Bt6 1	Bt8 1	
36	Bt6 1	Bt9 1	Bt10 1	
37	Bt8 1	
38	Bt2 1	
39	Bt6 1	Bt8 1	
40	Bt1 1	Bt3 1	Bt4 1	Bt10 1	
41	Bt6 1	Bt9 2	
42	Bt6 1	Bt10 2	
43	Bt1 1	Bt4 1	Bt6 1	
44	Bt4 1	Bt8 2	
45	Bt9 1	
46	Bt6 1	Bt8 1	
47	Bt1 1	Bt2 1	Bt6 1	
48	Bt7 2	Bt8 2	
49	Bt1 1	
50	Bt1 1	
51	Bt3 1	Bt10 1	
52	Bt7 1	
53	Bt1 1	
54	Bt3 1	Bt9 1	Bt10 1	
55	Bt5 1	Bt9 2	
56	Bt1 1	Bt9 1	
57	Bt4 1	Bt9 1	
58	Bt1 1	Bt2 2	Bt8 1	
59	Bt5 1	Bt8 2	
60	Bt2 1	Bt4 1	Bt9 1	
61	Bt10 1	
62	Bt9 1	
63	Bt4 1	
64	Bt6 1	
65	Bt1 2	Bt3 1	Bt6 1	Bt10 1	
66	Bt2 1	Bt7 1	
67	Bt3 1	
68	Bt2 1	
69	Bt2 1	Bt4 1	Bt6 1	Bt8 1	
70	Bt1 1	
71	Bt5 1	Bt6 1	Bt9 2	
72	Bt4 1	
73	Bt9 1	
74	Bt1 1	Bt8 1	Bt10 1	
75	Bt8 1	
76	Bt1 1	Bt4 1	Bt9 1	
77	Bt6 1	
78	Bt4 1	
79	Bt1 1	Bt9 1	
80	Bt5 1	
81	Bt2 2	Bt4 1	
82	Bt3 1	
83	Bt3 1	Bt4 2	Bt5 1	
84	Bt3 1	Bt8 1	Bt9 1	
85	Bt1 1	Bt3 1	Bt6 1	
86	Bt1 1	Bt8 1	
87	Bt5 1	Bt6 1	Bt7 1	
88	Bt1 1	Bt5 1	Bt7 1	
89	Bt1 1	
90	Bt1 1	Bt5 1	Bt9 1	