Name					44_TruckTrailer_n90_m200_bt10_4
Number_of_Customers			90
Number_of_Items				200
Number_of_ItemTypes			10
Number_of_Vehicles			6
TimeWindows				0

VEHICLE
Mass_Capacity				25950
CargoSpace_Length			136
CargoSpace_Width			25
CargoSpace_Height			30
Wheelbase				36
Max_Mass_FrontAxle			10000
Max_Mass_RearAxle			11500
Max_Mass_TrailerAxle			24000
Distance_Kingpin_RearAxle		6
Distance_Kingpin_TrailerAxle		76
Distance_CargoSpace_TrailerAxle		92
Distance_Mass_Tractor_RearAxle		25
Distance_Mass_Trailer_TrailerAxle	16
Mass_Tractor				7300
Mass_Trailer				6750

CUSTOMERS
i		x		y		Demand		ReadyTime	DueDate		ServiceTime	DemandedMass	DemandedVolume
0		35		35		0		0		0		0		0		0
1		44		31		2		0		0		0		690.548		3899
2		25		0		2		0		0		0		419.211		1864
3		62		60		1		0		0		0		210.632		1890
4		17		48		6		0		0		0		1224.71		6479
5		31		67		2		0		0		0		593.364		3400
6		2		24		2		0		0		0		582.683		3850
7		49		37		3		0		0		0		856.765		4930
8		69		30		3		0		0		0		798.597		4967
9		11		0		2		0		0		0		493.564		2576
10		67		29		2		0		0		0		480.141		2530
11		41		14		1		0		0		0		263.401		1530
12		3		32		1		0		0		0		121.512		616
13		21		27		4		0		0		0		1031.42		5840
14		1		20		2		0		0		0		438.053		2440
15		17		7		2		0		0		0		649.129		3094
16		43		27		3		0		0		0		785.194		4216
17		24		40		2		0		0		0		587.296		3792
18		6		55		2		0		0		0		744.102		3920
19		17		60		2		0		0		0		427.372		2890
20		32		1		3		0		0		0		901.179		5789
21		6		30		2		0		0		0		438.053		2440
22		11		63		1		0		0		0		263.401		1530
23		60		35		2		0		0		0		427.372		2890
24		22		6		1		0		0		0		263.401		1530
25		0		19		3		0		0		0		787.246		6132
26		7		8		2		0		0		0		427.372		2890
27		21		39		2		0		0		0		487.495		2968
28		7		56		2		0		0		0		568.454		3216
29		7		9		5		0		0		0		1202.87		7410
30		8		8		2		0		0		0		431.945		3330
31		66		48		2		0		0		0		342.825		2056
32		40		3		2		0		0		0		587.296		3792
33		37		12		1		0		0		0		210.632		1890
34		69		4		2		0		0		0		332.144		2506
35		8		31		3		0		0		0		595.545		4036
36		66		51		1		0		0		0		365.983		2352
37		43		0		1		0		0		0		372.051		1960
38		54		31		2		0		0		0		419.211		1864
39		11		58		4		0		0		0		1122.95		6458
40		53		56		4		0		0		0		1011.08		6096
41		44		32		4		0		0		0		979.357		4987
42		58		44		1		0		0		0		216.74		1000
43		47		9		2		0		0		0		373.925		1939
44		51		28		2		0		0		0		259.992		2282
45		46		11		4		0		0		0		613.498		3888
46		69		32		2		0		0		0		413.103		2754
47		21		59		1		0		0		0		121.512		616
48		44		38		2		0		0		0		526.801		3060
49		17		50		1		0		0		0		121.512		616
50		32		59		3		0		0		0		1062.6		5859
51		63		37		3		0		0		0		934.437		5568
52		28		39		1		0		0		0		202.471		864
53		34		65		2		0		0		0		421.411		2352
54		23		12		2		0		0		0		266.1		1392
55		1		50		3		0		0		0		595.238		3379
56		45		16		1		0		0		0		202.471		864
57		35		9		1		0		0		0		365.983		2352
58		34		44		1		0		0		0		121.512		616
59		31		24		1		0		0		0		210.632		1890
60		1		48		3		0		0		0		590.665		2939
61		0		28		2		0		0		0		744.102		3920
62		13		57		2		0		0		0		312.761		1922
63		49		48		1		0		0		0		324.565		1547
64		13		15		1		0		0		0		210.632		1890
65		19		49		2		0		0		0		744.102		3920
66		23		36		1		0		0		0		49.3603		392
67		11		33		2		0		0		0		574.522		2824
68		16		14		5		0		0		0		1078.12		6405
69		18		11		2		0		0		0		415.343		2744
70		20		21		1		0		0		0		324.565		1547
71		46		22		1		0		0		0		202.471		864
72		18		16		3		0		0		0		808.609		5232
73		7		1		2		0		0		0		421.263		3780
74		26		42		4		0		0		0		992.673		5454
75		55		1		4		0		0		0		851.155		5194
76		50		14		1		0		0		0		221.313		1440
77		31		7		1		0		0		0		216.74		1000
78		42		56		1		0		0		0		49.3603		392
79		52		26		3		0		0		0		739.908		4291
80		47		45		2		0		0		0		535.196		3437
81		22		32		3		0		0		0		745.976		3899
82		37		41		3		0		0		0		523.393		3812
83		52		48		4		0		0		0		1070.18		6818
84		46		50		4		0		0		0		712.177		3555
85		33		28		2		0		0		0		574.522		2824
86		43		11		1		0		0		0		365.983		2352
87		14		60		2		0		0		0		170.873		1008
88		37		23		4		0		0		0		930.791		5133
89		13		41		3		0		0		0		515.232		2786
90		50		58		2		0		0		0		384.913		2146

ITEMS
Type		Length		Width		Height		Mass		Fragility	LoadBearingStrength
Bt1		20		7		14		372.05		0		13.2875420
Bt2		14		12		14		365.98		1		2.1784703
Bt3		6		12		12		202.47		1		2.8120948
Bt4		10		10		10		216.74		1		2.1673994
Bt5		17		7		13		324.56		0		13.6371681
Bt6		8		11		7		121.51		1		1.3808225
Bt7		16		6		15		221.31		0		11.5267106
Bt8		17		9		10		263.40		0		8.6078653
Bt9		21		10		9		210.63		0		5.0150405
Bt10		8		7		7		49.36		0		4.4071669

DEMANDS PER CUSTOMER
i	Type Quantity
1	Bt2 1	Bt5 1	
2	Bt3 1	Bt4 1	
3	Bt9 1	
4	Bt3 1	Bt5 1	Bt6 1	Bt8 2	Bt10 1	
5	Bt1 1	Bt7 1	
6	Bt1 1	Bt9 1	
7	Bt1 1	Bt7 1	Bt8 1	
8	Bt5 1	Bt8 1	Bt9 1	
9	Bt1 1	Bt6 1	
10	Bt4 1	Bt8 1	
11	Bt8 1	
12	Bt6 1	
13	Bt1 1	Bt4 1	Bt7 2	
14	Bt4 1	Bt7 1	
15	Bt5 2	
16	Bt2 1	Bt3 1	Bt4 1	
17	Bt2 1	Bt7 1	
18	Bt1 2	
19	Bt4 1	Bt9 1	
20	Bt2 1	Bt5 1	Bt9 1	
21	Bt4 1	Bt7 1	
22	Bt8 1	
23	Bt4 1	Bt9 1	
24	Bt8 1	
25	Bt2 1	Bt9 2	
26	Bt4 1	Bt9 1	
27	Bt2 1	Bt6 1	
28	Bt2 1	Bt3 1	
29	Bt2 1	Bt3 2	Bt7 1	Bt9 1	
30	Bt7 1	Bt9 1	
31	Bt6 1	Bt7 1	
32	Bt2 1	Bt7 1	
33	Bt9 1	
34	Bt6 1	Bt9 1	
35	Bt6 1	Bt8 1	Bt9 1	
36	Bt2 1	
37	Bt1 1	
38	Bt3 1	Bt4 1	
39	Bt1 1	Bt2 1	Bt6 1	Bt8 1	
40	Bt2 1	Bt3 1	Bt7 2	
41	Bt4 2	Bt5 1	Bt7 1	
42	Bt4 1	
43	Bt5 1	Bt10 1	
44	Bt9 1	Bt10 1	
45	Bt6 1	Bt7 2	Bt10 1	
46	Bt3 1	Bt9 1	
47	Bt6 1	
48	Bt8 2	
49	Bt6 1	
50	Bt1 1	Bt2 1	Bt5 1	
51	Bt2 2	Bt3 1	
52	Bt3 1	
53	Bt1 1	Bt10 1	
54	Bt4 1	Bt10 1	
55	Bt5 1	Bt7 1	Bt10 1	
56	Bt3 1	
57	Bt2 1	
58	Bt6 1	
59	Bt9 1	
60	Bt4 1	Bt5 1	Bt10 1	
61	Bt1 2	
62	Bt8 1	Bt10 1	
63	Bt5 1	
64	Bt9 1	
65	Bt1 2	
66	Bt10 1	
67	Bt1 1	Bt3 1	
68	Bt1 1	Bt5 1	Bt6 1	Bt9 1	Bt10 1	
69	Bt2 1	Bt10 1	
70	Bt5 1	
71	Bt3 1	
72	Bt2 1	Bt7 2	
73	Bt9 2	
74	Bt3 1	Bt8 3	
75	Bt3 1	Bt4 1	Bt7 1	Bt9 1	
76	Bt7 1	
77	Bt4 1	
78	Bt10 1	
79	Bt2 1	Bt5 1	Bt10 1	
80	Bt5 1	Bt9 1	
81	Bt1 1	Bt5 1	Bt10 1	
82	Bt8 1	Bt9 1	Bt10 1	
83	Bt1 1	Bt2 1	Bt6 1	Bt9 1	
84	Bt4 1	Bt5 1	Bt6 1	Bt10 1	
85	Bt1 1	Bt3 1	
86	Bt2 1	
87	Bt6 1	Bt10 1	
88	Bt5 1	Bt6 1	Bt7 1	Bt8 1	
89	Bt3 1	Bt8 1	Bt10 1	
90	Bt6 1	Bt8 1	