Name					51_TruckTrailer_n90_m400_bt10_1
Number_of_Customers			90
Number_of_Items				400
Number_of_ItemTypes			10
Number_of_Vehicles			12
TimeWindows				0

VEHICLE
Mass_Capacity				25950
CargoSpace_Length			136
CargoSpace_Width			25
CargoSpace_Height			30
Wheelbase				36
Max_Mass_FrontAxle			10000
Max_Mass_RearAxle			11500
Max_Mass_TrailerAxle			24000
Distance_Kingpin_RearAxle		6
Distance_Kingpin_TrailerAxle		76
Distance_CargoSpace_TrailerAxle		92
Distance_Mass_Tractor_RearAxle		25
Distance_Mass_Trailer_TrailerAxle	16
Mass_Tractor				7300
Mass_Trailer				6750

CUSTOMERS
i		x		y		Demand		ReadyTime	DueDate		ServiceTime	DemandedMass	DemandedVolume
0		35		35		0		0		0		0		0		0
1		32		39		3		0		0		0		498.092		2895
2		26		11		2		0		0		0		583.888		3860
3		29		27		2		0		0		0		182.21		1584
4		59		25		3		0		0		0		850.494		3956
5		40		46		6		0		0		0		1671.14		9455
6		9		47		3		0		0		0		820.192		5400
7		48		16		5		0		0		0		1437.93		7291
8		56		5		7		0		0		0		2148.7		10836
9		58		69		4		0		0		0		1633.12		7926
10		3		10		3		0		0		0		1123.11		5101
11		9		12		8		0		0		0		1899.06		9156
12		26		65		5		0		0		0		1614.62		8973
13		7		67		2		0		0		0		476.143		3423
14		19		34		2		0		0		0		667.014		3176
15		35		28		3		0		0		0		1138.48		5550
16		44		0		3		0		0		0		1115.5		6069
17		37		13		7		0		0		0		1842.09		9975
18		2		1		6		0		0		0		1909.35		10999
19		58		23		4		0		0		0		1251.62		7022
20		11		0		3		0		0		0		843.612		4910
21		25		64		4		0		0		0		1171.32		7195
22		16		45		6		0		0		0		2256.6		12572
23		59		28		3		0		0		0		663.167		3678
24		65		38		9		0		0		0		2060.56		10499
25		61		49		4		0		0		0		603.93		3258
26		65		38		5		0		0		0		1578.09		9239
27		29		51		7		0		0		0		2361.15		12146
28		34		14		4		0		0		0		1170.13		5793
29		13		27		3		0		0		0		1115.5		6069
30		29		22		2		0		0		0		664.189		3687
31		25		21		3		0		0		0		1056.99		7735
32		2		37		3		0		0		0		758.119		3968
33		16		57		3		0		0		0		998.265		4936
34		12		52		4		0		0		0		1384.48		7861
35		28		2		6		0		0		0		1521.43		9051
36		31		65		3		0		0		0		1223.25		6506
37		29		13		5		0		0		0		1690.16		12880
38		61		16		5		0		0		0		1672.1		7314
39		15		63		6		0		0		0		783.821		3867
40		19		57		4		0		0		0		1377.6		6509
41		7		60		4		0		0		0		1229.58		6342
42		17		4		5		0		0		0		1784.89		10941
43		41		51		4		0		0		0		995.656		5576
44		35		53		2		0		0		0		656.587		4655
45		44		13		5		0		0		0		1718.56		9110
46		40		12		5		0		0		0		1622.22		8005
47		39		63		9		0		0		0		1240.5		8156
48		28		51		2		0		0		0		334.74		1407
49		62		14		5		0		0		0		1407.1		9591
50		5		5		4		0		0		0		501.581		2542
51		47		38		4		0		0		0		849.224		4760
52		0		18		3		0		0		0		913.947		4218
53		56		25		4		0		0		0		1036.02		4256
54		19		25		4		0		0		0		1060.03		7283
55		17		11		4		0		0		0		1134.88		5309
56		5		45		3		0		0		0		923.194		4751
57		43		6		5		0		0		0		1501.38		7553
58		27		59		7		0		0		0		1608.32		8110
59		32		66		7		0		0		0		1782.19		9327
60		59		23		10		0		0		0		1942.61		10802
61		64		19		3		0		0		0		990.663		5904
62		12		57		6		0		0		0		1431.51		7631
63		53		11		4		0		0		0		1170.38		5050
64		42		67		7		0		0		0		2094.51		11946
65		50		0		6		0		0		0		1196.76		6384
66		58		37		4		0		0		0		1297.36		8832
67		27		59		5		0		0		0		1410.49		6890
68		27		37		4		0		0		0		1392.3		9052
69		19		55		4		0		0		0		1181.75		5716
70		57		14		6		0		0		0		1302.38		6618
71		67		36		5		0		0		0		1210.62		5652
72		19		56		3		0		0		0		913.947		4218
73		63		12		2		0		0		0		491.512		3872
74		22		63		4		0		0		0		841.621		5728
75		67		47		2		0		0		0		488.94		3640
76		24		70		6		0		0		0		1833.08		9412
77		33		0		5		0		0		0		999.141		5153
78		5		54		6		0		0		0		1003.32		6399
79		55		61		3		0		0		0		846.436		4399
80		64		14		5		0		0		0		1398.88		8075
81		3		15		6		0		0		0		1596.54		7902
82		37		44		5		0		0		0		1886.2		10125
83		24		36		3		0		0		0		850.494		3956
84		35		69		5		0		0		0		845.63		4519
85		27		18		3		0		0		0		922.741		4652
86		11		40		8		0		0		0		2394.06		13635
87		25		53		4		0		0		0		1388.25		9495
88		63		52		1		0		0		0		259.005		1064
89		19		16		3		0		0		0		747.945		4704
90		41		37		6		0		0		0		1305.49		8078

ITEMS
Type		Length		Width		Height		Mass		Fragility	LoadBearingStrength
Bt1		11		12		6		91.10		0		3.4509439
Bt2		16		11		10		331.25		0		9.4105572
Bt3		16		11		12		408.01		0		11.5911697
Bt4		21		9		14		639.36		0		16.9143122
Bt5		22		10		14		400.41		0		9.1001571
Bt6		6		10		13		183.48		1		3.0580111
Bt7		7		8		10		88.53		0		7.9047523
Bt8		15		7		15		256.18		0		12.1990557
Bt9		19		8		7		259.00		0		8.5198859
Bt10		7		7		7		75.74		0		7.7281339

DEMANDS PER CUSTOMER
i	Type Quantity
1	Bt1 1	Bt2 1	Bt10 1	
2	Bt5 1	Bt6 1	
3	Bt1 2	
4	Bt3 1	Bt6 1	Bt9 1	
5	Bt3 1	Bt5 1	Bt7 1	Bt8 1	Bt9 2	
6	Bt2 1	Bt5 1	Bt7 1	
7	Bt2 1	Bt3 1	Bt6 1	Bt8 1	Bt9 1	
8	Bt4 1	Bt5 1	Bt8 1	Bt9 3	Bt10 1	
9	Bt2 3	Bt4 1	
10	Bt3 1	Bt4 1	Bt10 1	
11	Bt1 2	Bt3 1	Bt4 1	Bt9 2	Bt10 2	
12	Bt1 1	Bt3 1	Bt4 1	Bt5 1	Bt10 1	
13	Bt5 1	Bt10 1	
14	Bt3 1	Bt9 1	
15	Bt1 1	Bt3 1	Bt4 1	
16	Bt4 1	Bt5 1	Bt10 1	
17	Bt1 1	Bt2 1	Bt3 2	Bt7 1	Bt8 1	Bt9 1	
18	Bt2 3	Bt5 1	Bt8 1	Bt9 1	
19	Bt2 1	Bt3 1	Bt8 2	
20	Bt2 1	Bt8 2	
21	Bt2 1	Bt5 1	Bt6 1	Bt8 1	
22	Bt4 2	Bt5 2	Bt7 2	
23	Bt2 1	Bt8 1	Bt10 1	
24	Bt3 1	Bt5 1	Bt6 5	Bt9 1	Bt10 1	
25	Bt6 1	Bt7 1	Bt8 1	Bt10 1	
26	Bt2 2	Bt5 1	Bt8 1	Bt9 1	
27	Bt1 1	Bt4 2	Bt5 1	Bt8 1	Bt9 1	Bt10 1	
28	Bt1 1	Bt4 1	Bt6 1	Bt8 1	
29	Bt4 1	Bt5 1	Bt10 1	
30	Bt3 1	Bt8 1	
31	Bt5 2	Bt8 1	
32	Bt1 1	Bt3 1	Bt9 1	
33	Bt2 1	Bt3 1	Bt9 1	
34	Bt4 1	Bt5 1	Bt7 1	Bt8 1	
35	Bt1 1	Bt2 1	Bt5 1	Bt6 1	Bt8 1	Bt9 1	
36	Bt4 1	Bt5 1	Bt6 1	
37	Bt5 4	Bt7 1	
38	Bt2 1	Bt4 1	Bt6 1	Bt9 2	
39	Bt6 1	Bt7 3	Bt9 1	Bt10 1	
40	Bt2 2	Bt4 1	Bt10 1	
41	Bt1 2	Bt3 1	Bt4 1	
42	Bt4 1	Bt5 2	Bt7 1	Bt8 1	
43	Bt1 1	Bt3 2	Bt7 1	
44	Bt5 1	Bt8 1	
45	Bt2 1	Bt4 1	Bt5 1	Bt7 1	Bt9 1	
46	Bt1 1	Bt3 2	Bt4 1	Bt10 1	
47	Bt1 1	Bt5 1	Bt7 3	Bt8 1	Bt10 3	
48	Bt9 1	Bt10 1	
49	Bt1 1	Bt5 2	Bt8 1	Bt9 1	
50	Bt1 1	Bt9 1	Bt10 2	
51	Bt1 2	Bt3 1	Bt9 1	
52	Bt1 1	Bt4 1	Bt6 1	
53	Bt9 4	
54	Bt5 2	Bt6 1	Bt10 1	
55	Bt2 1	Bt4 1	Bt7 1	Bt10 1	
56	Bt3 1	Bt8 1	Bt9 1	
57	Bt1 1	Bt2 1	Bt4 1	Bt6 1	Bt8 1	
58	Bt1 2	Bt2 1	Bt4 1	Bt6 2	Bt7 1	
59	Bt2 2	Bt3 1	Bt6 2	Bt7 1	Bt8 1	
60	Bt1 1	Bt2 2	Bt3 1	Bt6 1	Bt7 3	Bt8 1	Bt10 1	
61	Bt2 1	Bt5 1	Bt9 1	
62	Bt2 1	Bt3 1	Bt7 2	Bt8 1	Bt9 1	
63	Bt4 1	Bt6 1	Bt7 1	Bt9 1	
64	Bt2 1	Bt3 1	Bt5 1	Bt6 1	Bt8 2	Bt9 1	
65	Bt1 2	Bt3 1	Bt7 1	Bt9 2	
66	Bt3 1	Bt5 2	Bt7 1	
67	Bt1 1	Bt3 1	Bt4 1	Bt6 1	Bt7 1	
68	Bt3 1	Bt5 2	Bt6 1	
69	Bt2 1	Bt3 1	Bt6 1	Bt9 1	
70	Bt6 1	Bt7 1	Bt8 2	Bt9 2	
71	Bt2 1	Bt4 1	Bt7 1	Bt10 2	
72	Bt1 1	Bt4 1	Bt6 1	
73	Bt1 1	Bt5 1	
74	Bt1 2	Bt5 1	Bt9 1	
75	Bt5 1	Bt7 1	
76	Bt1 1	Bt2 1	Bt4 1	Bt8 2	Bt9 1	
77	Bt3 1	Bt6 1	Bt8 1	Bt10 2	
78	Bt1 1	Bt5 1	Bt7 2	Bt9 1	Bt10 1	
79	Bt2 1	Bt8 1	Bt9 1	
80	Bt2 1	Bt3 1	Bt5 1	Bt6 1	Bt10 1	
81	Bt1 2	Bt3 1	Bt4 1	Bt6 2	
82	Bt2 1	Bt4 1	Bt5 1	Bt8 1	Bt9 1	
83	Bt3 1	Bt6 1	Bt9 1	
84	Bt1 1	Bt2 1	Bt7 1	Bt9 1	Bt10 1	
85	Bt2 1	Bt3 1	Bt6 1	
86	Bt3 2	Bt5 2	Bt6 1	Bt9 2	Bt10 1	
87	Bt2 1	Bt5 2	Bt8 1	
88	Bt9 1	
89	Bt5 1	Bt7 1	Bt9 1	
90	Bt1 1	Bt2 2	Bt5 1	Bt10 2	