Name					53_TruckTrailer_n90_m400_bt10_3
Number_of_Customers			90
Number_of_Items				400
Number_of_ItemTypes			10
Number_of_Vehicles			9
TimeWindows				0

VEHICLE
Mass_Capacity				25950
CargoSpace_Length			136
CargoSpace_Width			25
CargoSpace_Height			30
Wheelbase				36
Max_Mass_FrontAxle			10000
Max_Mass_RearAxle			11500
Max_Mass_TrailerAxle			24000
Distance_Kingpin_RearAxle		6
Distance_Kingpin_TrailerAxle		76
Distance_CargoSpace_TrailerAxle		92
Distance_Mass_Tractor_RearAxle		25
Distance_Mass_Trailer_TrailerAxle	16
Mass_Tractor				7300
Mass_Trailer				6750

CUSTOMERS
i		x		y		Demand		ReadyTime	DueDate		ServiceTime	DemandedMass	DemandedVolume
0		35		35		0		0		0		0		0		0
1		65		23		2		0		0		0		414.613		2605
2		52		52		6		0		0		0		1078.36		6585
3		7		62		4		0		0		0		928.732		4899
4		64		67		9		0		0		0		1668.54		9165
5		62		16		2		0		0		0		259.413		2136
6		13		59		4		0		0		0		712.12		4851
7		47		18		3		0		0		0		535.543		3189
8		69		24		2		0		0		0		527.887		2175
9		52		50		4		0		0		0		819.667		5009
10		49		67		4		0		0		0		847.976		5713
11		47		41		7		0		0		0		1462.93		6327
12		49		28		2		0		0		0		224.708		1062
13		51		15		4		0		0		0		657.203		3924
14		31		7		4		0		0		0		521.923		3108
15		32		35		4		0		0		0		806.006		4023
16		38		67		3		0		0		0		381.557		2661
17		14		33		3		0		0		0		613.778		3585
18		17		14		7		0		0		0		954.468		5484
19		41		37		7		0		0		0		1404.18		6732
20		0		11		4		0		0		0		524.249		3893
21		41		60		7		0		0		0		1428.56		6254
22		48		16		3		0		0		0		639.749		3913
23		25		62		5		0		0		0		928.213		5598
24		47		61		6		0		0		0		1362.44		7702
25		37		59		6		0		0		0		1359.83		7320
26		9		57		8		0		0		0		1834.85		8744
27		61		21		5		0		0		0		805.185		4480
28		28		70		4		0		0		0		514.659		2492
29		11		28		6		0		0		0		985.249		5464
30		23		49		7		0		0		0		1581.75		7765
31		25		5		2		0		0		0		378.694		1590
32		37		27		7		0		0		0		1599.86		9146
33		21		46		5		0		0		0		940.183		5275
34		46		56		5		0		0		0		975.696		5964
35		38		40		3		0		0		0		692.584		4653
36		22		3		3		0		0		0		808.786		3339
37		52		62		5		0		0		0		1169.82		6778
38		41		69		3		0		0		0		351.621		1698
39		51		37		4		0		0		0		720.546		4004
40		59		59		4		0		0		0		833.114		3480
41		9		3		1		0		0		0		192.618		924
42		59		59		4		0		0		0		1024.94		4856
43		24		0		3		0		0		0		479.082		3032
44		18		24		6		0		0		0		1367.66		8367
45		40		52		6		0		0		0		1248.98		7019
46		34		45		6		0		0		0		1423.23		6025
47		16		0		4		0		0		0		721.765		3743
48		22		13		5		0		0		0		643.351		3073
49		32		68		4		0		0		0		856.48		4555
50		5		22		3		0		0		0		571.312		2514
51		41		70		3		0		0		0		987.916		4887
52		54		22		5		0		0		0		1194.02		5187
53		69		5		8		0		0		0		1617.66		8433
54		10		70		4		0		0		0		670.06		4106
55		62		28		3		0		0		0		764.709		3177
56		15		21		4		0		0		0		912.563		3817
57		68		15		1		0		0		0		205.172		864
58		28		48		5		0		0		0		1223.4		5944
59		16		55		6		0		0		0		1496.75		7769
60		29		56		6		0		0		0		1168.03		6486
61		28		67		5		0		0		0		1182.38		6718
62		39		44		7		0		0		0		1222.67		6908
63		30		32		6		0		0		0		1167.14		5072
64		33		32		3		0		0		0		386.496		2492
65		39		30		2		0		0		0		347.864		2096
66		13		26		7		0		0		0		1240.62		6637
67		41		62		4		0		0		0		897.902		5405
68		49		49		2		0		0		0		340.6		1480
69		49		16		5		0		0		0		686.931		3854
70		55		57		6		0		0		0		1067.03		5250
71		10		41		2		0		0		0		633.55		3438
72		70		67		4		0		0		0		910.183		5541
73		35		57		6		0		0		0		1197.28		7180
74		60		8		5		0		0		0		1188.17		5657
75		56		65		2		0		0		0		562.592		3249
76		32		66		6		0		0		0		1019.73		4432
77		47		63		4		0		0		0		639.321		3667
78		5		2		5		0		0		0		1343.21		5772
79		63		66		9		0		0		0		2115.87		12137
80		35		4		4		0		0		0		659.868		4374
81		13		39		2		0		0		0		454.421		1890
82		45		40		8		0		0		0		1807.97		8492
83		27		31		4		0		0		0		1048.16		6043
84		24		63		4		0		0		0		877.354		4698
85		49		41		3		0		0		0		493.053		2286
86		19		20		3		0		0		0		486.346		3648
87		14		37		2		0		0		0		400.845		2724
88		16		40		4		0		0		0		780.753		4255
89		47		19		3		0		0		0		536.273		3340
90		70		66		3		0		0		0		682.411		2989

ITEMS
Type		Length		Width		Height		Mass		Fragility	LoadBearingStrength
Bt1		12		7		11		192.62		0		11.4653562
Bt2		19		6		9		249.25		0		10.9319625
Bt3		22		8		7		142.69		0		4.0537422
Bt4		11		8		7		135.43		0		7.6947482
Bt5		23		9		7		354.37		0		8.5595439
Bt6		15		12		10		208.23		0		5.7840852
Bt7		11		6		11		173.52		0		13.1455890
Bt8		18		6		8		205.17		0		9.4987025
Bt9		17		9		13		279.19		1		1.8247407
Bt10		8		7		6		51.19		0		4.5701829

DEMANDS PER CUSTOMER
i	Type Quantity
1	Bt4 1	Bt9 1	
2	Bt5 1	Bt6 2	Bt8 1	Bt10 2	
3	Bt1 1	Bt5 1	Bt6 1	Bt7 1	
4	Bt2 1	Bt3 2	Bt4 2	Bt7 1	Bt8 2	Bt9 1	
5	Bt6 1	Bt10 1	
6	Bt6 1	Bt7 1	Bt9 1	Bt10 1	
7	Bt8 1	Bt9 1	Bt10 1	
8	Bt5 1	Bt7 1	
9	Bt1 1	Bt3 1	Bt8 1	Bt9 1	
10	Bt3 2	Bt5 1	Bt6 1	
11	Bt1 1	Bt2 1	Bt5 1	Bt8 3	Bt10 1	
12	Bt7 1	Bt10 1	
13	Bt1 1	Bt6 1	Bt8 1	Bt10 1	
14	Bt1 1	Bt3 1	Bt4 1	Bt10 1	
15	Bt3 1	Bt4 1	Bt5 1	Bt7 1	
16	Bt9 1	Bt10 2	
17	Bt5 1	Bt6 1	Bt10 1	
18	Bt3 2	Bt4 2	Bt7 2	Bt10 1	
19	Bt1 1	Bt3 1	Bt4 1	Bt5 2	Bt7 1	Bt10 1	
20	Bt3 1	Bt9 1	Bt10 2	
21	Bt1 1	Bt4 2	Bt5 2	Bt8 1	Bt10 1	
22	Bt3 2	Bt5 1	
23	Bt1 1	Bt2 1	Bt3 1	Bt4 1	Bt6 1	
24	Bt1 2	Bt4 1	Bt5 1	Bt6 1	Bt9 1	
25	Bt2 1	Bt7 2	Bt8 1	Bt9 2	
26	Bt1 1	Bt2 1	Bt4 2	Bt5 2	Bt6 1	Bt8 1	
27	Bt4 1	Bt6 1	Bt8 2	Bt10 1	
28	Bt1 1	Bt4 2	Bt10 1	
29	Bt1 2	Bt4 1	Bt6 1	Bt8 1	Bt10 1	
30	Bt1 2	Bt2 2	Bt4 1	Bt5 1	Bt6 1	
31	Bt7 1	Bt8 1	
32	Bt1 1	Bt2 1	Bt3 1	Bt5 1	Bt6 1	Bt7 1	Bt9 1	
33	Bt2 1	Bt3 2	Bt5 1	Bt10 1	
34	Bt1 1	Bt7 1	Bt9 2	Bt10 1	
35	Bt6 1	Bt8 1	Bt9 1	
36	Bt2 1	Bt5 1	Bt8 1	
37	Bt1 1	Bt4 1	Bt5 1	Bt6 1	Bt9 1	
38	Bt2 1	Bt10 2	
39	Bt1 3	Bt3 1	
40	Bt2 1	Bt7 1	Bt8 2	
41	Bt1 1	
42	Bt3 1	Bt5 2	Bt7 1	
43	Bt4 2	Bt6 1	
44	Bt2 2	Bt6 2	Bt7 1	Bt9 1	
45	Bt1 3	Bt2 1	Bt3 1	Bt9 1	
46	Bt4 1	Bt5 3	Bt7 1	Bt10 1	
47	Bt3 1	Bt5 1	Bt7 1	Bt10 1	
48	Bt4 1	Bt5 1	Bt10 3	
49	Bt1 1	Bt2 1	Bt4 1	Bt9 1	
50	Bt1 1	Bt7 1	Bt8 1	
51	Bt5 2	Bt9 1	
52	Bt1 2	Bt2 1	Bt5 1	Bt8 1	
53	Bt2 1	Bt3 1	Bt4 1	Bt5 2	Bt9 1	Bt10 2	
54	Bt2 1	Bt3 2	Bt4 1	
55	Bt5 1	Bt8 2	
56	Bt2 1	Bt4 1	Bt5 1	Bt7 1	
57	Bt8 1	
58	Bt2 1	Bt4 1	Bt5 1	Bt8 1	Bt9 1	
59	Bt1 1	Bt3 1	Bt5 2	Bt7 1	Bt9 1	
60	Bt3 1	Bt4 1	Bt5 1	Bt8 1	Bt9 1	Bt10 1	
61	Bt4 1	Bt5 1	Bt6 1	Bt8 1	Bt9 1	
62	Bt1 1	Bt2 1	Bt3 1	Bt6 1	Bt7 1	Bt8 1	Bt10 1	
63	Bt1 1	Bt2 2	Bt4 2	Bt8 1	
64	Bt1 1	Bt3 1	Bt10 1	
65	Bt3 1	Bt8 1	
66	Bt2 2	Bt3 2	Bt5 1	Bt10 2	
67	Bt1 1	Bt3 1	Bt5 1	Bt6 1	
68	Bt4 1	Bt8 1	
69	Bt1 1	Bt2 1	Bt3 1	Bt10 2	
70	Bt1 1	Bt2 1	Bt3 1	Bt4 1	Bt7 2	
71	Bt5 1	Bt9 1	
72	Bt2 1	Bt6 1	Bt7 1	Bt9 1	
73	Bt2 2	Bt3 2	Bt6 1	Bt8 1	
74	Bt1 1	Bt2 2	Bt3 1	Bt5 1	
75	Bt5 1	Bt6 1	
76	Bt2 1	Bt4 1	Bt7 1	Bt8 2	Bt10 1	
77	Bt4 1	Bt7 1	Bt9 1	Bt10 1	
78	Bt1 2	Bt2 1	Bt5 2	
79	Bt1 1	Bt2 1	Bt3 1	Bt5 1	Bt6 1	Bt8 2	Bt9 2	
80	Bt3 1	Bt4 1	Bt6 1	Bt7 1	
81	Bt2 1	Bt8 1	
82	Bt1 3	Bt3 1	Bt5 2	Bt7 1	Bt8 1	
83	Bt4 1	Bt5 1	Bt9 2	
84	Bt1 1	Bt5 1	Bt9 1	Bt10 1	
85	Bt1 1	Bt2 1	Bt10 1	
86	Bt3 1	Bt4 1	Bt6 1	
87	Bt1 1	Bt6 1	
88	Bt1 1	Bt4 1	Bt7 1	Bt9 1	
89	Bt1 1	Bt4 1	Bt6 1	
90	Bt1 1	Bt4 1	Bt5 1	