Name					56_TruckTrailer_n90_m400_bt100_1
Number_of_Customers			90
Number_of_Items				400
Number_of_ItemTypes			100
Number_of_Vehicles			11
TimeWindows				0

VEHICLE
Mass_Capacity				25950
CargoSpace_Length			136
CargoSpace_Width			25
CargoSpace_Height			30
Wheelbase				36
Max_Mass_FrontAxle			10000
Max_Mass_RearAxle			11500
Max_Mass_TrailerAxle			24000
Distance_Kingpin_RearAxle		6
Distance_Kingpin_TrailerAxle		76
Distance_CargoSpace_TrailerAxle		92
Distance_Mass_Tractor_RearAxle		25
Distance_Mass_Trailer_TrailerAxle	16
Mass_Tractor				7300
Mass_Trailer				6750

CUSTOMERS
i		x		y		Demand		ReadyTime	DueDate		ServiceTime	DemandedMass	DemandedVolume
0		35		35		0		0		0		0		0		0
1		23		38		3		0		0		0		1239.61		5892
2		36		9		10		0		0		0		2248.9		12432
3		70		9		3		0		0		0		967.442		5168
4		12		30		3		0		0		0		903.135		5704
5		22		24		4		0		0		0		624.796		3300
6		37		51		4		0		0		0		501.793		3404
7		46		67		4		0		0		0		802.154		4452
8		20		67		5		0		0		0		699.313		4196
9		35		55		5		0		0		0		558.767		3840
10		28		56		7		0		0		0		968.806		6080
11		42		17		5		0		0		0		1995.87		9488
12		36		40		5		0		0		0		1143.33		6592
13		11		40		6		0		0		0		1617.29		10202
14		62		8		3		0		0		0		562.771		3262
15		37		53		7		0		0		0		1590.91		8318
16		59		38		7		0		0		0		1874.96		11248
17		25		64		6		0		0		0		1050.39		6306
18		48		23		4		0		0		0		967.419		5208
19		58		44		4		0		0		0		1229.83		6492
20		23		19		5		0		0		0		823.104		5036
21		21		61		3		0		0		0		934.162		5532
22		50		10		3		0		0		0		869.368		4400
23		56		1		3		0		0		0		1005.29		5800
24		61		46		4		0		0		0		657.825		4156
25		54		3		4		0		0		0		1130.3		5998
26		51		36		4		0		0		0		1444.68		6486
27		45		39		4		0		0		0		1502.35		8226
28		54		40		5		0		0		0		982.933		6817
29		33		5		4		0		0		0		1139.66		6222
30		65		62		5		0		0		0		616.116		3192
31		56		54		3		0		0		0		604.802		3190
32		9		24		3		0		0		0		540.695		3972
33		69		56		10		0		0		0		1574.25		10796
34		34		53		4		0		0		0		977.212		4518
35		13		51		5		0		0		0		2430.75		12641
36		65		66		1		0		0		0		31.7669		288
37		30		64		7		0		0		0		1325.8		7994
38		1		68		4		0		0		0		721.512		4953
39		8		59		4		0		0		0		861.143		5166
40		50		50		5		0		0		0		985.064		6949
41		69		50		2		0		0		0		272.286		1274
42		17		40		6		0		0		0		782.253		4830
43		48		19		4		0		0		0		861.737		4850
44		27		40		2		0		0		0		665.287		2968
45		59		28		4		0		0		0		1204.93		5764
46		67		30		3		0		0		0		741.981		3171
47		12		59		5		0		0		0		1675.79		8643
48		1		44		6		0		0		0		1154.33		6826
49		54		5		5		0		0		0		1325.3		7280
50		45		5		4		0		0		0		998.866		5679
51		67		38		6		0		0		0		1663.65		9068
52		15		13		8		0		0		0		1506.13		7634
53		27		16		2		0		0		0		216.99		1056
54		68		0		3		0		0		0		1194.28		6723
55		26		36		3		0		0		0		409.848		1806
56		59		38		8		0		0		0		1810.53		8375
57		42		41		3		0		0		0		440.734		1926
58		10		32		4		0		0		0		998.712		6642
59		28		7		3		0		0		0		453.969		2512
60		59		65		6		0		0		0		1376.1		7092
61		51		35		3		0		0		0		507.383		3608
62		62		10		5		0		0		0		1706.74		8318
63		17		29		4		0		0		0		782.614		4242
64		29		44		6		0		0		0		1807.14		8715
65		60		18		2		0		0		0		579.365		3760
66		61		65		5		0		0		0		743.521		4764
67		47		8		3		0		0		0		1191.48		5974
68		28		43		3		0		0		0		366.329		2412
69		8		15		6		0		0		0		1368.72		6664
70		2		13		6		0		0		0		1841.43		9468
71		47		59		7		0		0		0		1873.38		10065
72		59		12		4		0		0		0		1611.97		8044
73		44		59		4		0		0		0		1166.01		6559
74		29		15		5		0		0		0		1301.15		8002
75		42		17		2		0		0		0		778.709		4206
76		37		26		5		0		0		0		611.644		3822
77		70		20		1		0		0		0		498.717		2400
78		67		55		5		0		0		0		877.751		5845
79		70		62		6		0		0		0		1320.98		7264
80		14		52		3		0		0		0		677.94		3680
81		49		9		5		0		0		0		1139.45		6197
82		49		69		5		0		0		0		1344.76		6636
83		65		64		3		0		0		0		1092.16		5098
84		18		29		5		0		0		0		1417.26		7277
85		62		38		4		0		0		0		886.182		6030
86		26		8		4		0		0		0		1461.45		7388
87		31		28		7		0		0		0		1839.06		9622
88		7		45		5		0		0		0		1066.19		5504
89		26		18		3		0		0		0		648.477		3534
90		0		18		2		0		0		0		229.741		1350

ITEMS
Type		Length		Width		Height		Mass		Fragility	LoadBearingStrength
Bt1		11		6		9		97.45		0		7.3823838
Bt2		16		11		14		464.00		0		13.1818349
Bt3		15		9		6		147.73		0		5.4714741
Bt4		7		12		9		119.59		0		7.1185789
Bt5		9		12		11		213.35		0		9.8771556
Bt6		17		8		8		125.49		0		4.6136873
Bt7		9		8		11		122.45		1		1.7007060
Bt8		9		8		12		132.51		0		9.2021983
Bt9		14		12		12		260.71		0		7.7592328
Bt10		6		6		8		31.77		0		4.4120739
Bt11		8		12		14		280.39		0		14.6035299
Bt12		16		11		8		347.05		0		9.8593502
Bt13		17		10		10		258.88		0		7.6141232
Bt14		11		10		7		161.81		1		1.4710324
Bt15		8		8		8		108.35		0		8.4648494
Bt16		14		6		6		124.90		0		7.4347038
Bt17		25		12		8		498.72		1		1.6623889
Bt18		12		6		6		67.76		0		4.7052532
Bt19		21		7		14		472.12		1		3.2116870
Bt20		8		6		7		47.17		0		4.9132026
Bt21		20		11		10		461.46		0		10.4878135
Bt22		17		12		12		545.89		0		13.3795609
Bt23		14		7		6		136.18		0		6.9480779
Bt24		6		12		6		47.65		0		3.3089564
Bt25		17		9		6		202.74		1		1.3250735
Bt26		25		11		6		398.64		0		7.2480402
Bt27		19		7		10		146.20		0		5.4962858
Bt28		13		8		15		191.27		0		9.1958636
Bt29		24		12		8		376.05		1		1.3057341
Bt30		7		8		7		90.98		0		8.1235423
Bt31		23		6		11		330.28		0		11.9665048
Bt32		7		10		9		112.10		1		1.6014743
Bt33		22		12		15		683.50		0		12.9450754
Bt34		18		11		10		354.24		0		8.9453822
Bt35		7		7		6		36.92		0		3.7673390
Bt36		22		8		6		121.91		0		3.4632123
Bt37		25		11		8		277.37		0		5.0431085
Bt38		9		6		6		73.34		0		6.7910156
Bt39		18		11		8		208.91		0		5.2753908
Bt40		6		8		7		42.49		1		0.8852100
Bt41		9		6		6		32.62		0		3.0203271
Bt42		8		12		13		166.03		0		8.6472785
Bt43		16		11		10		342.30		0		9.7245542
Bt44		17		12		9		205.08		1		1.0052903
Bt45		24		12		14		808.61		1		2.8076901
Bt46		11		9		10		178.62		0		9.0210144
Bt47		14		8		15		336.05		0		15.0022614
Bt48		18		7		11		141.06		0		5.5977245
Bt49		17		7		6		120.74		0		5.0733167
Bt50		6		7		8		62.83		0		7.4800977
Bt51		18		6		13		181.32		0		8.3942297
Bt52		16		7		7		146.57		1		1.3086617
Bt53		7		12		6		110.47		0		6.5757629
Bt54		8		10		15		245.91		1		3.0738279
Bt55		13		7		10		227.06		0		12.4755651
Bt56		23		8		10		229.29		0		6.2306731
Bt57		19		11		15		585.55		0		14.0084891
Bt58		16		8		14		432.02		0		16.8758482
Bt59		12		9		13		234.06		0		10.8359075
Bt60		8		7		6		57.83		0		5.1630594
Bt61		10		7		9		70.58		0		5.0412358
Bt62		25		7		11		467.76		0		13.3645548
Bt63		13		10		12		218.58		0		8.4070198
Bt64		12		8		8		186.49		0		9.7132026
Bt65		17		9		12		400.76		0		13.0966005
Bt66		25		10		6		204.26		1		0.8170254
Bt67		13		12		13		405.28		0		12.9897696
Bt68		13		12		10		318.24		0		10.1999263
Bt69		18		11		15		558.28		0		14.0980140
Bt70		6		8		8		74.44		0		7.7544764
Bt71		25		8		12		411.07		0		10.2766601
Bt72		23		7		8		169.93		0		5.2772523
Bt73		6		9		6		39.60		0		3.6663763
Bt74		16		9		9		167.78		0		5.8255562
Bt75		23		11		10		569.95		0		11.2637673
Bt76		6		11		6		88.71		0		6.7205486
Bt77		19		9		8		334.78		0		9.7889539
Bt78		6		8		12		117.26		0		12.2143636
Bt79		9		11		8		83.17		0		4.2002549
Bt80		7		6		7		34.27		0		4.0795712
Bt81		12		9		11		197.66		0		9.1510419
Bt82		8		7		10		114.02		0		10.1801360
Bt83		10		6		12		159.16		0		13.2636441
Bt84		10		8		15		187.43		0		11.7142800
Bt85		16		9		13		277.20		0		9.6251492
Bt86		25		9		14		656.80		0		14.5956379
Bt87		8		10		12		170.09		0		10.6307494
Bt88		22		12		9		471.63		0		8.9323082
Bt89		22		8		13		252.17		0		7.1640547
Bt90		8		8		6		64.96		0		5.0749633
Bt91		16		10		8		254.25		0		7.9454530
Bt92		7		12		6		113.09		1		1.3463619
Bt93		21		8		11		340.39		0		10.1306007
Bt94		21		7		12		188.31		0		6.4052181
Bt95		22		6		11		255.36		0		9.6726393
Bt96		22		10		10		388.09		1		1.7640517
Bt97		13		11		15		319.13		0		11.1583060
Bt98		14		8		7		185.15		0		8.2657490
Bt99		15		9		11		154.77		0		5.7322799
Bt100		6		6		8		70.14		0		9.7413216

DEMANDS PER CUSTOMER
i	Type Quantity
1	Bt22 1	Bt35 1	Bt86 1	
2	Bt2 1	Bt5 1	Bt14 1	Bt39 1	Bt60 2	Bt66 1	Bt83 1	Bt86 1	Bt90 1	
3	Bt21 1	Bt47 1	Bt72 1	
4	Bt2 1	Bt44 1	Bt59 1	
5	Bt16 1	Bt70 1	Bt87 1	Bt95 1	
6	Bt13 1	Bt40 1	Bt78 1	Bt79 1	
7	Bt16 1	Bt42 1	Bt73 1	Bt88 1	
8	Bt3 1	Bt15 1	Bt28 1	Bt38 1	Bt46 1	
9	Bt42 1	Bt66 1	Bt70 2	Bt73 1	
10	Bt5 1	Bt6 1	Bt23 1	Bt35 1	Bt42 1	Bt49 1	Bt87 1	
11	Bt21 1	Bt31 1	Bt52 1	Bt65 1	Bt86 1	
12	Bt2 1	Bt4 2	Bt36 1	Bt68 1	
13	Bt15 1	Bt33 1	Bt39 1	Bt49 1	Bt63 1	Bt85 1	
14	Bt11 1	Bt23 1	Bt27 1	
15	Bt7 1	Bt20 1	Bt26 1	Bt54 1	Bt66 1	Bt68 1	Bt91 1	
16	Bt5 1	Bt51 1	Bt56 1	Bt71 1	Bt83 1	Bt93 2	
17	Bt5 1	Bt14 1	Bt51 1	Bt52 1	Bt85 1	Bt100 1	
18	Bt16 1	Bt17 1	Bt25 1	Bt48 1	
19	Bt23 1	Bt45 1	Bt74 1	Bt78 1	
20	Bt6 1	Bt25 1	Bt35 1	Bt36 1	Bt47 1	
21	Bt71 1	Bt77 1	Bt94 1	
22	Bt15 1	Bt25 1	Bt69 1	
23	Bt21 1	Bt29 1	Bt74 1	
24	Bt4 1	Bt7 1	Bt56 1	Bt64 1	
25	Bt12 1	Bt33 1	Bt35 1	Bt50 1	
26	Bt25 1	Bt26 1	Bt64 1	Bt86 1	
27	Bt7 1	Bt33 1	Bt73 1	Bt86 1	
28	Bt8 1	Bt28 1	Bt72 1	Bt87 1	Bt97 1	
29	Bt29 1	Bt31 1	Bt54 1	Bt84 1	
30	Bt16 1	Bt36 1	Bt82 1	Bt98 1	Bt100 1	
31	Bt55 1	Bt63 1	Bt83 1	
32	Bt9 1	Bt28 1	Bt76 1	
33	Bt6 1	Bt8 1	Bt11 1	Bt20 1	Bt28 1	Bt51 1	Bt59 1	Bt61 1	Bt80 1	Bt85 1	
34	Bt10 1	Bt11 1	Bt31 1	Bt77 1	
35	Bt14 1	Bt17 1	Bt29 1	Bt45 1	Bt57 1	
36	Bt10 1	
37	Bt30 1	Bt49 1	Bt57 1	Bt74 1	Bt76 1	Bt78 1	Bt99 1	
38	Bt39 1	Bt68 1	Bt73 1	Bt99 1	
39	Bt9 1	Bt32 1	Bt68 1	Bt87 1	
40	Bt11 1	Bt27 1	Bt44 1	Bt80 1	Bt97 1	
41	Bt14 1	Bt53 1	
42	Bt7 1	Bt13 1	Bt14 1	Bt30 1	Bt79 1	Bt90 1	
43	Bt2 1	Bt14 1	Bt36 1	Bt82 1	
44	Bt12 1	Bt68 1	
45	Bt22 1	Bt58 1	Bt73 1	Bt84 1	
46	Bt20 1	Bt55 1	Bt62 1	
47	Bt21 1	Bt25 1	Bt29 1	Bt62 1	Bt74 1	
48	Bt3 1	Bt10 1	Bt11 1	Bt13 1	Bt51 1	Bt91 1	
49	Bt55 1	Bt66 1	Bt80 1	Bt88 1	Bt96 1	
50	Bt4 1	Bt22 1	Bt46 1	Bt99 1	
51	Bt24 1	Bt33 1	Bt43 1	Bt53 1	Bt67 1	Bt70 1	
52	Bt12 1	Bt14 1	Bt25 1	Bt43 1	Bt49 1	Bt59 1	Bt60 1	Bt73 1	
53	Bt60 1	Bt83 1	
54	Bt57 1	Bt71 1	Bt81 1	
55	Bt15 1	Bt55 1	Bt70 1	
56	Bt15 1	Bt36 1	Bt53 1	Bt55 1	Bt58 1	Bt62 1	Bt76 1	Bt91 1	
57	Bt16 1	Bt25 1	Bt92 1	
58	Bt2 1	Bt27 1	Bt63 1	Bt72 1	
59	Bt38 1	Bt52 1	Bt59 1	
60	Bt16 1	Bt24 1	Bt32 1	Bt35 1	Bt45 1	Bt54 1	
61	Bt13 1	Bt39 1	Bt73 1	
62	Bt15 1	Bt45 1	Bt50 1	Bt86 1	Bt100 1	
63	Bt46 1	Bt66 1	Bt77 1	Bt90 1	
64	Bt17 1	Bt29 1	Bt30 1	Bt52 1	Bt55 1	Bt62 1	
65	Bt28 1	Bt96 1	
66	Bt18 1	Bt54 1	Bt60 1	Bt66 1	Bt74 1	
67	Bt2 1	Bt19 1	Bt95 1	
68	Bt18 1	Bt51 1	Bt78 1	
69	Bt23 1	Bt55 1	Bt66 1	Bt75 1	Bt78 1	Bt82 1	
70	Bt34 1	Bt38 1	Bt69 1	Bt73 1	Bt83 1	Bt86 1	
71	Bt3 1	Bt13 1	Bt14 1	Bt30 1	Bt57 1	Bt69 1	Bt100 1	
72	Bt2 1	Bt19 1	Bt26 1	Bt85 1	
73	Bt57 1	Bt72 1	Bt93 1	Bt100 1	
74	Bt9 1	Bt18 1	Bt44 1	Bt75 1	Bt81 1	
75	Bt36 1	Bt86 1	
76	Bt1 1	Bt9 1	Bt20 1	Bt23 1	Bt100 1	
77	Bt17 1	
78	Bt20 1	Bt47 1	Bt53 1	Bt56 1	Bt99 1	
79	Bt2 1	Bt7 1	Bt22 1	Bt24 1	Bt60 1	Bt79 1	
80	Bt6 1	Bt21 1	Bt30 1	
81	Bt50 1	Bt59 1	Bt62 1	Bt64 1	Bt94 1	
82	Bt4 1	Bt17 2	Bt53 1	Bt78 1	
83	Bt75 1	Bt77 1	Bt84 1	
84	Bt22 1	Bt46 1	Bt52 1	Bt55 1	Bt97 1	
85	Bt31 1	Bt56 1	Bt70 1	Bt89 1	
86	Bt12 1	Bt21 1	Bt51 1	Bt88 1	
87	Bt41 1	Bt58 1	Bt65 1	Bt71 2	Bt78 1	Bt80 1	
88	Bt6 1	Bt7 1	Bt22 1	Bt23 2	
89	Bt7 1	Bt49 1	Bt67 1	
90	Bt61 1	Bt83 1	