Name					59_TruckTrailer_n90_m400_bt100_4
Number_of_Customers			90
Number_of_Items				400
Number_of_ItemTypes			100
Number_of_Vehicles			11
TimeWindows				0

VEHICLE
Mass_Capacity				25950
CargoSpace_Length			136
CargoSpace_Width			25
CargoSpace_Height			30
Wheelbase				36
Max_Mass_FrontAxle			10000
Max_Mass_RearAxle			11500
Max_Mass_TrailerAxle			24000
Distance_Kingpin_RearAxle		6
Distance_Kingpin_TrailerAxle		76
Distance_CargoSpace_TrailerAxle		92
Distance_Mass_Tractor_RearAxle		25
Distance_Mass_Trailer_TrailerAxle	16
Mass_Tractor				7300
Mass_Trailer				6750

CUSTOMERS
i		x		y		Demand		ReadyTime	DueDate		ServiceTime	DemandedMass	DemandedVolume
0		35		35		0		0		0		0		0		0
1		32		56		4		0		0		0		540.343		2950
2		7		40		3		0		0		0		351.702		2367
3		61		62		5		0		0		0		797.425		4218
4		12		23		6		0		0		0		1286.4		7893
5		14		23		3		0		0		0		612.194		3676
6		11		0		5		0		0		0		951.02		5916
7		26		56		3		0		0		0		474.546		3420
8		9		12		3		0		0		0		558.979		3830
9		19		33		7		0		0		0		1533.34		9996
10		58		62		4		0		0		0		1097.99		5390
11		34		48		2		0		0		0		756.633		3952
12		50		12		5		0		0		0		738.587		4788
13		20		49		7		0		0		0		1466.53		8870
14		61		7		4		0		0		0		1085.86		6270
15		21		8		5		0		0		0		975.178		6971
16		26		36		3		0		0		0		353.175		3084
17		16		18		6		0		0		0		1418.67		7853
18		57		1		1		0		0		0		305.734		1690
19		58		35		8		0		0		0		1383.81		9256
20		43		17		2		0		0		0		309.327		2476
21		15		19		4		0		0		0		682.988		3894
22		43		12		4		0		0		0		1055.65		5976
23		12		69		4		0		0		0		775.135		4148
24		46		31		3		0		0		0		572.371		3894
25		42		52		5		0		0		0		989.203		5848
26		20		2		4		0		0		0		901.831		5658
27		60		27		4		0		0		0		998.516		5434
28		11		17		3		0		0		0		603.752		3861
29		42		30		5		0		0		0		2281.71		10758
30		59		37		6		0		0		0		1212.51		7740
31		3		44		6		0		0		0		1671.02		9481
32		66		19		5		0		0		0		1410.76		8719
33		11		52		6		0		0		0		1864.19		11060
34		10		57		3		0		0		0		804.551		4691
35		21		22		5		0		0		0		1283.13		6360
36		15		44		4		0		0		0		376.548		2904
37		57		67		3		0		0		0		798.296		4464
38		18		13		3		0		0		0		1100		6337
39		25		5		3		0		0		0		948.162		4672
40		36		44		3		0		0		0		876.396		5340
41		67		19		3		0		0		0		298.506		1824
42		28		17		7		0		0		0		1442.34		8582
43		0		45		1		0		0		0		167.729		1216
44		1		11		4		0		0		0		428.296		2572
45		25		70		3		0		0		0		666.085		3616
46		51		36		4		0		0		0		603.132		3871
47		29		2		4		0		0		0		1100.89		5456
48		24		34		5		0		0		0		902.042		5128
49		50		42		2		0		0		0		424.885		2842
50		56		45		8		0		0		0		2090.58		11963
51		58		55		9		0		0		0		2912.52		14536
52		18		46		2		0		0		0		385.851		2224
53		69		10		5		0		0		0		1571		7504
54		51		55		4		0		0		0		665.193		3201
55		38		43		6		0		0		0		1150.74		7569
56		34		16		4		0		0		0		538.824		3222
57		25		68		7		0		0		0		2006.25		10406
58		31		46		3		0		0		0		374.55		1756
59		39		55		7		0		0		0		1642.73		9238
60		14		39		4		0		0		0		1050.54		7001
61		58		48		6		0		0		0		874.75		4800
62		44		56		3		0		0		0		425.84		2927
63		47		31		4		0		0		0		1692.93		7840
64		9		67		7		0		0		0		2486.43		12512
65		24		57		3		0		0		0		809.896		4326
66		50		14		3		0		0		0		373.095		2064
67		38		30		6		0		0		0		1146.3		7310
68		53		34		7		0		0		0		2402.15		11408
69		25		7		4		0		0		0		968.943		5486
70		51		12		6		0		0		0		1111.4		7390
71		33		7		5		0		0		0		1134.8		6703
72		49		36		2		0		0		0		238.45		2112
73		43		67		4		0		0		0		919.55		6002
74		66		49		2		0		0		0		245.7		1308
75		2		27		2		0		0		0		805.79		4962
76		61		17		5		0		0		0		812.282		4964
77		12		45		6		0		0		0		1700.71		9840
78		51		33		2		0		0		0		508.56		3010
79		67		46		3		0		0		0		590.403		3714
80		21		48		6		0		0		0		1822.42		9214
81		60		33		4		0		0		0		960.073		6235
82		13		69		2		0		0		0		136.066		827
83		56		45		6		0		0		0		1023.89		6034
84		45		26		5		0		0		0		1368.38		7341
85		2		35		7		0		0		0		1276.53		6900
86		3		69		5		0		0		0		1262.92		5780
87		57		43		6		0		0		0		1862.3		8278
88		42		55		7		0		0		0		827.55		5758
89		45		67		4		0		0		0		1136.88		5990
90		67		54		7		0		0		0		2259.41		11805

ITEMS
Type		Length		Width		Height		Mass		Fragility	LoadBearingStrength
Bt1		6		7		6		43.32		1		1.0314848
Bt2		25		7		13		281.49		0		8.0424449
Bt3		24		7		11		314.46		0		9.3589516
Bt4		13		10		13		305.73		0		11.7589824
Bt5		6		11		11		88.18		0		6.6805791
Bt6		10		9		14		141.60		0		7.8665515
Bt7		22		7		6		185.60		0		6.0261286
Bt8		18		8		13		303.38		0		10.5341088
Bt9		19		8		6		177.65		0		5.8436383
Bt10		8		8		6		42.75		0		3.3396648
Bt11		7		6		9		70.61		1		1.6810908
Bt12		6		8		8		60.10		0		6.2599727
Bt13		10		10		7		101.76		0		5.0881551
Bt14		19		8		8		167.73		0		5.5174035
Bt15		20		9		7		161.75		0		4.4931155
Bt16		19		10		12		473.51		0		12.4608860
Bt17		18		6		8		103.41		0		4.7875580
Bt18		8		8		10		150.62		1		2.3534052
Bt19		19		6		10		134.07		0		5.8804802
Bt20		8		6		6		52.33		0		5.4514059
Bt21		8		8		14		178.76		1		2.7930714
Bt22		9		6		10		64.85		1		1.2009731
Bt23		18		6		9		104.38		0		4.8321774
Bt24		14		8		6		97.86		0		4.3688013
Bt25		14		6		13		155.34		0		9.2462898
Bt26		12		9		11		261.43		0		12.1032990
Bt27		23		11		10		440.73		0		8.7101379
Bt28		22		8		13		279.52		0		7.9408433
Bt29		21		9		9		248.04		0		6.5617973
Bt30		6		7		8		75.61		1		1.8001463
Bt31		25		12		15		1104.60		0		18.4099664
Bt32		23		11		12		751.05		0		14.8427948
Bt33		16		6		9		156.96		0		8.1750552
Bt34		23		10		14		790.65		0		17.1880754
Bt35		17		10		7		266.26		0		7.8311942
Bt36		7		7		12		131.90		0		13.4587647
Bt37		18		9		7		201.08		0		6.2062997
Bt38		17		9		9		215.51		0		7.0429294
Bt39		15		11		14		259.82		0		7.8732918
Bt40		6		8		6		44.39		0		4.6236799
Bt41		11		10		8		139.85		0		6.3567264
Bt42		14		7		11		250.72		1		2.5584088
Bt43		19		12		10		482.97		0		10.5914641
Bt44		14		10		12		223.74		0		7.9908085
Bt45		15		10		10		306.20		0		10.2067925
Bt46		7		11		6		110.65		0		7.1851935
Bt47		19		9		13		500.79		0		14.6430318
Bt48		7		8		9		54.55		0		4.8700995
Bt49		9		7		6		59.98		0		4.7605378
Bt50		7		6		6		50.92		0		6.0613834
Bt51		6		9		8		67.98		0		6.2947606
Bt52		10		7		10		121.57		0		8.6836227
Bt53		17		12		13		545.97		0		13.3816611
Bt54		6		10		12		177.37		0		14.7810855
Bt55		14		12		6		218.12		0		6.4917096
Bt56		14		11		14		425.74		0		13.8227898
Bt57		9		12		14		286.12		0		13.2463152
Bt58		10		11		15		169.32		0		7.6965381
Bt59		16		12		14		597.69		0		15.5649002
Bt60		7		6		6		41.52		0		4.9423435
Bt61		9		12		11		174.68		0		8.0869467
Bt62		8		11		15		296.45		0		16.8440236
Bt63		14		7		10		159.68		0		8.1469048
Bt64		12		12		11		226.15		1		1.5704892
Bt65		16		11		7		212.70		0		6.0426161
Bt66		9		10		6		132.30		0		7.3502222
Bt67		15		7		14		264.51		1		2.5191528
Bt68		15		12		10		274.98		0		7.6384635
Bt69		21		12		14		853.43		0		16.9331224
Bt70		6		8		6		55.54		0		5.7852803
Bt71		12		7		13		236.97		1		2.8210892
Bt72		22		11		7		192.18		0		3.9707630
Bt73		18		7		11		326.06		0		12.9389860
Bt74		20		10		8		208.98		0		5.2245729
Bt75		24		9		9		410.02		0		9.4912504
Bt76		23		9		6		215.90		0		5.2150168
Bt77		17		8		13		260.14		0		9.5640917
Bt78		10		10		13		210.66		0		10.5330450
Bt79		11		12		11		248.43		0		9.4102890
Bt80		8		8		7		55.17		0		4.3101329
Bt81		9		12		9		138.12		0		6.3942492
Bt82		16		11		7		197.55		1		1.1224351
Bt83		24		9		12		554.00		1		2.5648333
Bt84		6		9		14		140.93		0		13.0490120
Bt85		9		12		14		350.85		0		16.2429861
Bt86		18		8		13		462.86		0		16.0714063
Bt87		11		9		15		355.52		0		17.9554795
Bt88		14		10		7		202.17		0		7.2204124
Bt89		10		12		12		350.58		0		14.6072922
Bt90		8		6		6		43.68		0		4.5503887
Bt91		22		7		15		386.99		0		12.5645787
Bt92		6		12		13		122.15		1		1.6964731
Bt93		14		11		9		160.62		0		5.2148110
Bt94		17		7		13		218.17		0		9.1667776
Bt95		17		6		15		217.83		0		10.6777733
Bt96		14		9		11		255.79		0		10.1505787
Bt97		11		7		7		83.73		0		5.4371641
Bt98		20		12		11		557.95		0		11.6239286
Bt99		19		7		10		219.59		0		8.2554498
Bt100		8		6		8		87.27		0		9.0904074

DEMANDS PER CUSTOMER
i	Type Quantity
1	Bt11 1	Bt18 1	Bt52 1	Bt82 1	
2	Bt29 1	Bt49 1	Bt90 1	
3	Bt10 1	Bt23 1	Bt71 1	Bt73 1	Bt100 1	
4	Bt2 1	Bt22 1	Bt51 1	Bt67 1	Bt75 1	Bt82 1	
5	Bt54 1	Bt61 1	Bt77 1	
6	Bt9 1	Bt19 1	Bt33 1	Bt67 1	Bt95 1	
7	Bt15 1	Bt61 1	Bt81 1	
8	Bt3 1	Bt20 1	Bt72 1	
9	Bt3 1	Bt4 1	Bt28 1	Bt46 1	Bt61 1	Bt64 1	Bt92 1	
10	Bt35 1	Bt45 1	Bt61 1	Bt85 1	
11	Bt53 1	Bt78 1	
12	Bt4 1	Bt5 1	Bt19 1	Bt50 1	Bt63 1	
13	Bt1 1	Bt5 2	Bt8 1	Bt28 1	Bt37 1	Bt86 1	
14	Bt64 1	Bt89 1	Bt91 1	Bt92 1	
15	Bt6 1	Bt28 1	Bt29 1	Bt60 1	Bt67 1	
16	Bt5 1	Bt23 1	Bt93 1	
17	Bt8 1	Bt35 1	Bt45 1	Bt78 1	Bt79 1	Bt97 1	
18	Bt4 1	
19	Bt12 1	Bt14 1	Bt27 1	Bt28 1	Bt40 1	Bt46 1	Bt48 1	Bt64 1	
20	Bt6 1	Bt14 1	
21	Bt5 1	Bt50 1	Bt73 1	Bt95 1	
22	Bt8 1	Bt19 1	Bt25 1	Bt86 1	
23	Bt20 1	Bt61 1	Bt82 1	Bt89 1	
24	Bt7 1	Bt64 1	Bt93 1	
25	Bt27 1	Bt49 2	Bt60 1	Bt91 1	
26	Bt28 1	Bt73 1	Bt74 1	Bt100 1	
27	Bt7 1	Bt16 1	Bt52 1	Bt95 1	
28	Bt8 1	Bt20 1	Bt29 1	
29	Bt53 1	Bt56 1	Bt69 1	Bt71 1	Bt99 1	
30	Bt15 1	Bt39 1	Bt60 1	Bt65 1	Bt73 1	Bt78 1	
31	Bt4 1	Bt6 1	Bt11 1	Bt43 1	Bt47 1	Bt58 1	
32	Bt2 1	Bt9 2	Bt91 2	
33	Bt42 1	Bt58 1	Bt75 1	Bt77 1	Bt91 2	
34	Bt17 1	Bt43 1	Bt94 1	
35	Bt23 1	Bt51 1	Bt69 1	Bt80 1	Bt88 1	
36	Bt10 1	Bt19 1	Bt25 1	Bt40 1	
37	Bt83 1	Bt92 2	
38	Bt2 1	Bt67 1	Bt83 1	
39	Bt43 1	Bt75 1	Bt80 1	
40	Bt11 1	Bt39 1	Bt53 1	
41	Bt24 1	Bt33 1	Bt90 1	
42	Bt10 1	Bt13 1	Bt23 1	Bt68 1	Bt84 1	Bt98 1	Bt99 1	
43	Bt14 1	
44	Bt7 1	Bt10 1	Bt12 1	Bt41 1	
45	Bt3 1	Bt62 1	Bt80 1	
46	Bt38 1	Bt46 1	Bt51 1	Bt74 1	
47	Bt7 1	Bt18 1	Bt78 1	Bt83 1	
48	Bt13 1	Bt17 1	Bt24 1	Bt79 1	Bt89 1	
49	Bt74 1	Bt76 1	
50	Bt27 1	Bt29 1	Bt33 1	Bt41 1	Bt61 1	Bt67 1	Bt75 1	Bt96 1	
51	Bt14 1	Bt31 1	Bt43 1	Bt46 1	Bt64 1	Bt73 1	Bt80 1	Bt99 2	
52	Bt14 1	Bt55 1	
53	Bt24 1	Bt25 1	Bt34 1	Bt37 1	Bt73 1	
54	Bt20 1	Bt80 1	Bt87 1	Bt88 1	
55	Bt15 1	Bt18 1	Bt38 1	Bt72 1	Bt90 1	Bt91 1	
56	Bt15 1	Bt37 1	Bt66 1	Bt90 1	
57	Bt11 1	Bt17 1	Bt27 1	Bt32 1	Bt36 1	Bt52 1	Bt91 1	
58	Bt30 1	Bt52 1	Bt54 1	
59	Bt9 1	Bt12 1	Bt19 1	Bt53 1	Bt62 1	Bt78 1	Bt95 1	
60	Bt16 1	Bt38 1	Bt58 1	Bt72 1	
61	Bt10 1	Bt30 2	Bt40 1	Bt56 1	Bt78 1	
62	Bt20 1	Bt25 1	Bt94 1	
63	Bt13 1	Bt32 1	Bt57 1	Bt83 1	
64	Bt10 1	Bt17 1	Bt27 1	Bt34 1	Bt59 1	Bt89 1	Bt93 1	
65	Bt6 1	Bt11 1	Bt59 1	
66	Bt24 2	Bt54 1	
67	Bt7 1	Bt28 1	Bt50 2	Bt58 1	Bt75 1	
68	Bt18 1	Bt22 1	Bt32 1	Bt41 1	Bt68 1	Bt86 1	Bt98 1	
69	Bt7 1	Bt65 1	Bt75 1	Bt93 1	
70	Bt6 1	Bt11 1	Bt78 1	Bt84 1	Bt91 1	Bt93 1	
71	Bt8 1	Bt22 1	Bt82 1	Bt85 1	Bt94 1	
72	Bt19 1	Bt23 1	
73	Bt27 1	Bt64 1	Bt74 1	Bt90 1	
74	Bt7 1	Bt12 1	
75	Bt39 1	Bt53 1	
76	Bt8 1	Bt20 1	Bt21 1	Bt49 1	Bt95 1	
77	Bt11 1	Bt57 1	Bt58 1	Bt69 1	Bt93 2	
78	Bt52 1	Bt91 1	
79	Bt13 1	Bt62 1	Bt72 1	
80	Bt7 1	Bt21 1	Bt41 1	Bt69 1	Bt74 1	Bt96 1	
81	Bt19 1	Bt39 1	Bt78 1	Bt87 1	
82	Bt20 1	Bt97 1	
83	Bt15 1	Bt90 1	Bt96 2	Bt99 1	Bt100 1	
84	Bt19 1	Bt22 1	Bt29 1	Bt51 1	Bt69 1	
85	Bt33 1	Bt45 1	Bt46 1	Bt65 1	Bt66 1	Bt81 1	Bt99 1	
86	Bt11 1	Bt18 1	Bt42 1	Bt71 1	Bt83 1	
87	Bt11 1	Bt20 1	Bt34 1	Bt35 1	Bt86 1	Bt99 1	
88	Bt5 1	Bt9 1	Bt13 1	Bt23 1	Bt30 1	Bt46 1	Bt58 1	
89	Bt32 1	Bt70 1	Bt72 1	Bt81 1	
90	Bt13 2	Bt27 1	Bt47 1	Bt67 1	Bt86 1	Bt91 1	