Name					60_TruckTrailer_n90_m400_bt100_5
Number_of_Customers			90
Number_of_Items				400
Number_of_ItemTypes			100
Number_of_Vehicles			10
TimeWindows				0

VEHICLE
Mass_Capacity				25950
CargoSpace_Length			136
CargoSpace_Width			25
CargoSpace_Height			30
Wheelbase				36
Max_Mass_FrontAxle			10000
Max_Mass_RearAxle			11500
Max_Mass_TrailerAxle			24000
Distance_Kingpin_RearAxle		6
Distance_Kingpin_TrailerAxle		76
Distance_CargoSpace_TrailerAxle		92
Distance_Mass_Tractor_RearAxle		25
Distance_Mass_Trailer_TrailerAxle	16
Mass_Tractor				7300
Mass_Trailer				6750

CUSTOMERS
i		x		y		Demand		ReadyTime	DueDate		ServiceTime	DemandedMass	DemandedVolume
0		35		35		0		0		0		0		0		0
1		29		7		4		0		0		0		931.812		4874
2		14		17		4		0		0		0		1120.82		6350
3		44		22		4		0		0		0		1087.44		6988
4		47		56		3		0		0		0		669.368		3600
5		61		27		3		0		0		0		746.449		3400
6		30		4		8		0		0		0		1420.83		8046
7		19		32		3		0		0		0		351.958		2695
8		33		29		3		0		0		0		813.069		4091
9		8		19		5		0		0		0		704.861		4380
10		63		51		1		0		0		0		288.581		1176
11		52		64		8		0		0		0		2108.2		11690
12		61		6		3		0		0		0		853.75		5196
13		34		61		4		0		0		0		756.845		4122
14		60		33		4		0		0		0		745.432		4756
15		17		45		8		0		0		0		2361.64		11456
16		60		16		3		0		0		0		1367.76		7724
17		47		57		3		0		0		0		381.111		2955
18		12		3		4		0		0		0		1175.17		6994
19		6		41		3		0		0		0		437.86		2951
20		6		56		7		0		0		0		2225.12		10560
21		40		13		4		0		0		0		937.507		5156
22		1		39		3		0		0		0		296.551		2526
23		56		30		5		0		0		0		712.692		4466
24		65		67		5		0		0		0		795.738		4380
25		64		66		4		0		0		0		658.013		3088
26		49		56		6		0		0		0		1047.35		5772
27		64		69		2		0		0		0		499.738		3600
28		1		48		7		0		0		0		1067.37		6081
29		59		48		4		0		0		0		1347		5903
30		33		46		4		0		0		0		641.381		4624
31		40		44		7		0		0		0		1741.7		10150
32		56		25		4		0		0		0		1163.8		5592
33		6		22		2		0		0		0		629.686		3040
34		38		6		4		0		0		0		424.603		2842
35		22		25		7		0		0		0		1111.14		6330
36		41		51		11		0		0		0		2018.96		10621
37		13		62		4		0		0		0		1064.32		4708
38		55		35		2		0		0		0		991.742		4090
39		9		31		5		0		0		0		996.522		5624
40		13		10		3		0		0		0		409.901		2507
41		37		11		4		0		0		0		620.517		3684
42		10		26		4		0		0		0		883.925		4896
43		21		45		5		0		0		0		1863.28		11588
44		13		19		5		0		0		0		1416.58		7870
45		7		18		4		0		0		0		1213.26		6508
46		51		61		4		0		0		0		1085.96		6852
47		28		4		4		0		0		0		909.429		4212
48		63		18		8		0		0		0		1356.13		6674
49		59		3		3		0		0		0		866.248		4794
50		44		68		2		0		0		0		391.406		2110
51		16		24		8		0		0		0		1892.41		11440
52		58		0		2		0		0		0		882.628		3864
53		6		57		4		0		0		0		1056.31		4625
54		39		60		2		0		0		0		255.335		1480
55		67		25		6		0		0		0		1490.18		8780
56		9		48		5		0		0		0		1352.28		7686
57		24		53		4		0		0		0		894.077		5240
58		35		59		3		0		0		0		471.915		2972
59		25		67		2		0		0		0		577.329		2373
60		23		3		4		0		0		0		979.648		4740
61		36		53		3		0		0		0		694.972		5428
62		17		37		4		0		0		0		1128.98		6190
63		24		53		6		0		0		0		1325.86		8001
64		39		36		4		0		0		0		492.46		2598
65		65		26		3		0		0		0		719.514		3752
66		16		64		3		0		0		0		731.173		4508
67		32		22		3		0		0		0		1036.47		5592
68		6		1		3		0		0		0		269.375		1536
69		2		37		3		0		0		0		469.917		2960
70		49		61		7		0		0		0		1783.18		9037
71		10		6		4		0		0		0		1662.78		8236
72		10		41		5		0		0		0		782.852		4480
73		9		64		4		0		0		0		560.104		2665
74		52		61		5		0		0		0		866.067		4900
75		24		31		6		0		0		0		2122.56		11648
76		10		13		3		0		0		0		421.496		2080
77		57		7		5		0		0		0		921.784		5568
78		41		20		3		0		0		0		968.8		5514
79		43		20		4		0		0		0		536.57		2710
80		38		0		4		0		0		0		419.717		3312
81		59		32		3		0		0		0		944.884		5564
82		3		36		10		0		0		0		2731.82		14070
83		0		66		4		0		0		0		788.934		4515
84		5		69		9		0		0		0		1815.68		10809
85		33		65		2		0		0		0		93.321		874
86		45		44		6		0		0		0		1773.62		9624
87		68		6		7		0		0		0		809.705		4837
88		70		37		7		0		0		0		1523.97		7864
89		66		16		4		0		0		0		768.557		3366
90		69		59		5		0		0		0		717.505		4680

ITEMS
Type		Length		Width		Height		Mass		Fragility	LoadBearingStrength
Bt1		8		8		10		145.37		0		11.3571522
Bt2		8		8		10		78.41		0		6.1256711
Bt3		15		8		10		194.84		0		8.1182822
Bt4		18		12		14		416.58		0		9.6429970
Bt5		25		8		10		476.19		0		11.9047578
Bt6		11		8		9		159.96		0		9.0886990
Bt7		18		7		14		222.58		0		8.8324001
Bt8		24		8		11		478.14		0		12.4516397
Bt9		16		8		10		223.26		0		8.7209692
Bt10		6		6		8		41.18		0		5.7197790
Bt11		11		11		9		208.10		0		8.5993283
Bt12		25		11		12		423.05		1		1.5383737
Bt13		7		6		15		136.16		0		16.2100722
Bt14		17		11		12		545.80		0		14.5936540
Bt15		7		10		7		54.58		0		3.8986115
Bt16		22		11		6		339.01		0		7.0043793
Bt17		7		12		11		183.02		0		10.8937552
Bt18		12		10		8		206.22		0		8.5926969
Bt19		16		6		13		159.59		0		8.3119311
Bt20		7		6		8		55.46		0		6.6029465
Bt21		8		8		9		83.16		0		6.4969170
Bt22		16		6		15		155.32		0		8.0895098
Bt23		9		10		8		76.43		0		4.2461559
Bt24		24		7		11		416.20		0		12.3869726
Bt25		6		11		10		161.52		0		12.2360163
Bt26		18		7		6		92.20		0		3.6587057
Bt27		16		7		11		284.06		0		12.6814700
Bt28		8		10		7		106.65		0		6.6653288
Bt29		21		11		14		708.17		0		15.3284211
Bt30		6		8		7		83.37		1		1.7368849
Bt31		23		8		10		290.36		0		7.8903455
Bt32		14		7		7		163.09		0		8.3209541
Bt33		14		9		14		206.38		1		1.6379387
Bt34		16		12		10		311.40		0		8.1094495
Bt35		21		9		8		352.60		0		9.3280151
Bt36		25		8		11		529.35		0		13.2337238
Bt37		20		7		7		111.79		0		3.9924118
Bt38		22		12		15		685.19		0		12.9771221
Bt39		9		7		6		56.94		0		4.5187113
Bt40		8		6		6		31.58		0		3.2890679
Bt41		8		10		13		178.69		0		11.1678569
Bt42		14		8		7		193.65		1		1.7290454
Bt43		19		8		7		157.50		0		5.1808235
Bt44		22		6		7		207.95		0		7.8769190
Bt45		13		9		11		175.86		0		7.5154836
Bt46		23		8		10		353.82		0		9.6147624
Bt47		19		12		11		369.40		0		8.1008095
Bt48		18		8		11		379.46		0		13.1756582
Bt49		15		6		13		233.45		0		12.9693630
Bt50		8		8		8		81.97		0		6.4035811
Bt51		21		10		9		462.39		0		11.0093666
Bt52		16		7		13		179.38		0		8.0079175
Bt53		20		12		10		484.31		0		10.0898804
Bt54		13		11		8		182.44		0		6.3790023
Bt55		8		7		7		55.01		0		4.9111919
Bt56		11		6		10		95.29		0		7.2186171
Bt57		23		8		9		371.61		0		10.0981009
Bt58		13		6		7		87.47		0		5.6070096
Bt59		18		9		7		210.84		0		6.5075420
Bt60		7		8		7		43.16		0		3.8536863
Bt61		10		9		11		200.75		0		11.1530089
Bt62		9		9		12		104.47		0		6.4486942
Bt63		12		8		9		208.55		1		2.1723569
Bt64		12		10		11		243.44		1		2.0286293
Bt65		25		10		10		512.74		0		10.2548908
Bt66		8		6		10		50.51		0		5.2611426
Bt67		16		11		6		118.85		1		0.6752957
Bt68		19		9		7		288.75		0		8.4429122
Bt69		17		12		6		152.16		0		3.7293471
Bt70		6		7		6		57.42		0		6.8354393
Bt71		7		7		15		117.05		0		11.9441414
Bt72		9		12		15		336.83		0		15.5937649
Bt73		14		10		11		323.66		0		11.5593521
Bt74		25		8		13		525.59		0		13.1397653
Bt75		11		9		12		144.10		0		7.2779983
Bt76		22		8		8		195.49		1		1.1107270
Bt77		9		11		10		236.16		0		11.9270675
Bt78		7		12		14		288.58		0		17.1774403
Bt79		17		8		14		399.27		0		14.6788894
Bt80		7		6		8		68.01		0		8.0960439
Bt81		19		12		10		347.97		0		7.6308532
Bt82		16		6		8		186.01		0		9.6879735
Bt83		11		9		14		291.12		0		14.7028306
Bt84		15		7		10		143.71		0		6.8433927
Bt85		25		10		7		366.41		0		7.3281063
Bt86		22		6		11		332.73		1		2.5206836
Bt87		17		6		15		360.77		0		17.6847505
Bt88		23		12		9		477.73		0		8.6545449
Bt89		15		6		8		161.12		0		8.9513239
Bt90		7		6		6		38.12		0		4.5378059
Bt91		17		6		12		141.77		0		6.9497476
Bt92		11		9		9		142.04		0		7.1737109
Bt93		16		12		10		379.75		1		1.9778882
Bt94		12		9		6		66.61		0		3.0837214
Bt95		18		7		13		284.49		0		11.2893602
Bt96		19		9		6		158.64		0		4.6384908
Bt97		7		10		14		123.12		1		1.7588338
Bt98		18		11		10		413.88		0		10.4515869
Bt99		15		6		8		92.28		0		5.1267291
Bt100		6		8		8		38.74		0		4.0354675

DEMANDS PER CUSTOMER
i	Type Quantity
1	Bt36 1	Bt43 2	Bt58 1	
2	Bt31 1	Bt32 1	Bt74 1	Bt91 1	
3	Bt2 1	Bt22 1	Bt47 1	Bt53 1	
4	Bt2 1	Bt28 1	Bt53 1	
5	Bt2 1	Bt48 1	Bt78 1	
6	Bt30 1	Bt37 1	Bt62 1	Bt65 1	Bt69 1	Bt70 1	Bt87 1	Bt90 1	
7	Bt37 1	Bt71 1	Bt97 1	
8	Bt3 1	Bt5 1	Bt92 1	
9	Bt25 1	Bt41 1	Bt43 1	Bt55 1	Bt69 1	
10	Bt78 1	
11	Bt15 1	Bt20 1	Bt27 1	Bt38 1	Bt42 1	Bt43 1	Bt69 1	Bt74 1	
12	Bt4 1	Bt70 1	Bt93 1	
13	Bt26 1	Bt57 1	Bt61 1	Bt99 1	
14	Bt4 1	Bt15 1	Bt77 1	Bt90 1	
15	Bt18 1	Bt23 1	Bt34 1	Bt36 1	Bt61 1	Bt65 1	Bt77 1	Bt78 1	
16	Bt5 1	Bt33 1	Bt38 1	
17	Bt19 1	Bt62 1	Bt71 1	
18	Bt4 1	Bt36 1	Bt58 1	Bt91 1	
19	Bt9 1	Bt45 1	Bt100 1	
20	Bt5 1	Bt6 1	Bt24 1	Bt29 1	Bt40 1	Bt85 1	Bt94 1	
21	Bt8 1	Bt17 1	Bt43 1	Bt67 1	
22	Bt15 1	Bt67 1	Bt97 1	
23	Bt17 1	Bt26 1	Bt32 1	Bt33 1	Bt80 1	
24	Bt6 1	Bt7 1	Bt10 1	Bt82 2	
25	Bt42 1	Bt44 1	Bt56 1	Bt89 1	
26	Bt16 1	Bt20 1	Bt23 1	Bt43 1	Bt56 1	Bt73 1	
27	Bt4 1	Bt21 1	
28	Bt8 1	Bt39 1	Bt40 1	Bt52 1	Bt60 1	Bt71 1	Bt89 1	
29	Bt5 1	Bt14 1	Bt44 1	Bt71 1	
30	Bt9 1	Bt43 1	Bt67 1	Bt91 1	
31	Bt12 1	Bt46 1	Bt61 1	Bt64 1	Bt80 1	Bt98 1	Bt100 1	
32	Bt9 1	Bt42 1	Bt51 1	Bt95 1	
33	Bt1 1	Bt53 1	
34	Bt28 1	Bt50 1	Bt84 1	Bt99 1	
35	Bt39 1	Bt50 1	Bt60 1	Bt63 1	Bt76 1	Bt85 1	Bt96 1	
36	Bt10 2	Bt11 1	Bt27 1	Bt30 1	Bt59 1	Bt60 1	Bt78 1	Bt81 1	Bt82 1	Bt95 1	
37	Bt5 1	Bt25 1	Bt55 1	Bt57 1	
38	Bt36 1	Bt51 1	
39	Bt37 1	Bt56 1	Bt72 1	Bt98 1	Bt100 1	
40	Bt11 1	Bt60 1	Bt96 1	
41	Bt23 1	Bt57 1	Bt62 1	Bt80 1	
42	Bt72 1	Bt94 2	Bt98 1	
43	Bt4 1	Bt12 1	Bt31 1	Bt46 1	Bt48 1	
44	Bt12 1	Bt14 1	Bt25 1	Bt32 1	Bt97 1	
45	Bt26 1	Bt27 1	Bt34 1	Bt74 1	
46	Bt33 1	Bt48 1	Bt69 1	Bt81 1	
47	Bt13 1	Bt36 1	Bt60 1	Bt61 1	
48	Bt13 1	Bt22 1	Bt25 1	Bt32 1	Bt40 1	Bt77 3	
49	Bt11 1	Bt47 1	Bt68 1	
50	Bt15 1	Bt72 1	
51	Bt3 1	Bt10 1	Bt38 1	Bt40 1	Bt81 1	Bt85 1	Bt94 1	Bt96 1	
52	Bt14 1	Bt72 1	
53	Bt5 1	Bt11 1	Bt82 2	
54	Bt15 1	Bt61 1	
55	Bt18 1	Bt33 1	Bt34 1	Bt67 1	Bt73 2	
56	Bt15 1	Bt21 1	Bt46 1	Bt65 1	Bt81 1	
57	Bt79 1	Bt84 1	Bt94 1	Bt95 1	
58	Bt1 1	Bt54 1	Bt75 1	
59	Bt68 1	Bt78 1	
60	Bt16 1	Bt44 1	Bt75 1	Bt78 1	
61	Bt12 1	Bt23 1	Bt76 1	
62	Bt34 1	Bt65 1	Bt84 1	Bt89 1	
63	Bt3 1	Bt11 1	Bt26 1	Bt43 1	Bt76 1	Bt88 1	
64	Bt10 1	Bt17 1	Bt59 1	Bt70 1	
65	Bt27 1	Bt37 1	Bt73 1	
66	Bt4 1	Bt28 1	Bt44 1	
67	Bt24 1	Bt33 1	Bt98 1	
68	Bt18 1	Bt40 2	
69	Bt43 1	Bt44 1	Bt62 1	
70	Bt8 1	Bt11 1	Bt18 1	Bt22 1	Bt42 1	Bt53 1	Bt70 1	
71	Bt36 1	Bt38 1	Bt58 1	Bt87 1	
72	Bt19 1	Bt25 1	Bt46 1	Bt66 1	Bt70 1	
73	Bt1 1	Bt13 1	Bt25 1	Bt71 1	
74	Bt10 1	Bt25 1	Bt54 1	Bt72 1	Bt75 1	
75	Bt5 2	Bt12 1	Bt52 1	Bt55 1	Bt65 1	
76	Bt20 1	Bt27 1	Bt50 1	
77	Bt49 1	Bt59 1	Bt64 1	Bt91 1	Bt99 1	
78	Bt29 1	Bt67 1	Bt91 1	
79	Bt28 1	Bt60 1	Bt61 1	Bt82 1	
80	Bt21 1	Bt26 2	Bt69 1	
81	Bt31 1	Bt65 1	Bt91 1	
82	Bt7 1	Bt23 1	Bt35 2	Bt53 1	Bt54 1	Bt63 1	Bt79 1	Bt87 1	Bt99 1	
83	Bt53 1	Bt56 1	Bt71 1	Bt99 1	
84	Bt18 1	Bt22 1	Bt23 1	Bt29 1	Bt34 1	Bt56 2	Bt66 1	Bt71 1	
85	Bt15 1	Bt100 1	
86	Bt3 1	Bt27 1	Bt38 1	Bt40 1	Bt41 1	Bt79 1	
87	Bt21 1	Bt25 1	Bt41 1	Bt45 1	Bt55 1	Bt58 1	Bt80 1	
88	Bt5 1	Bt6 1	Bt9 1	Bt23 1	Bt30 1	Bt35 1	Bt69 1	
89	Bt63 1	Bt87 1	Bt89 1	Bt90 1	
90	Bt44 1	Bt66 1	Bt91 1	Bt96 2	