Name				064_n060_m200_bt3
Number_of_Customers		60
Number_of_Items			200
Number_of_ItemTypes		3
Number_of_Vehicles		22
TimeWindows			1

VEHICLE
Mass_Capacity			12595
CargoSpace_Length		60
CargoSpace_Width		25
CargoSpace_Height		30
Wheelbase			48
Max_Mass_FrontAxle		7100
Max_Mass_RearAxle		11500
Distance_FrontAxle_CargoSpace	4

CUSTOMERS
i		x		y		Demand		ReadyTime	DueDate		ServiceTime	DemandedMass	DemandedVolume
0		35		35		0		0		230		0		0		0
1		51		45		3		0		201		10		1286.64		3564
2		43		67		4		123		161		10		2102.43		5964
3		28		74		3		92		122		10		1286.64		3564
4		12		79		4		110		142		10		1430.13		4128
5		27		62		3		106		140		10		1449.45		4164
6		19		7		3		119		153		10		1113.3		3246
7		36		74		4		45		77		10		1755.75		5328
8		69		34		2		0		185		10		969.81		2682
9		8		16		5		26		56		10		2083.11		5928
10		19		21		2		0		198		10		969.81		2682
11		3		13		2		0		181		10		969.81		2682
12		18		56		2		91		119		10		1132.62		3282
13		59		70		4		0		177		10		1939.62		5364
14		45		62		4		0		191		10		1929.09		5646
15		40		65		3		47		73		10		1449.45		4164
16		42		41		4		17		49		10		2438.58		6882
17		5		35		2		146		174		10		969.81		2682
18		18		30		3		108		138		10		1286.64		3564
19		63		30		2		158		198		10		796.47		2364
20		52		21		4		12		46		10		2091.9		6246
21		47		74		3		160		184		10		1612.26		4764
22		67		20		4		152		180		10		2275.77		6282
23		32		40		3		128		156		10		1113.3		3246
24		13		1		2		43		81		10		969.81		2682
25		61		43		5		0		192		10		2256.45		6246
26		61		80		2		71		111		10		1132.62		3282
27		41		38		5		0		23		10		2245.92		6528
28		17		2		3		160		192		10		1449.45		4164
29		67		68		4		53		79		10		1430.13		4128
30		12		53		4		40		76		10		2265.24		6564
31		35		58		3		0		197		10		1449.45		4164
32		65		57		3		36		68		10		1438.92		4446
33		63		63		3		109		143		10		1113.3		3246
34		66		37		5		134		162		10		2592.6		7164
35		31		49		2		45		85		10		969.81		2682
36		56		65		2		0		183		10		796.47		2364
37		45		27		3		183		205		10		1612.26		4764
38		39		34		3		152		182		10		950.49		2646
39		51		42		4		167		191		10		1766.28		5046
40		2		40		2		0		186		10		1132.62		3282
41		60		30		5		0		194		10		2083.11		5928
42		31		24		5		0		208		10		2083.11		5928
43		38		11		4		0		195		10		2102.43		5964
44		16		38		2		32		52		10		796.47		2364
45		27		0		4		94		118		10		1929.09		5646
46		54		68		4		23		59		10		2102.43		5964
47		57		39		2		176		196		10		959.28		2964
48		2		74		3		87		111		10		1449.45		4164
49		65		72		4		99		127		10		1766.28		5046
50		32		75		4		158		186		10		1929.09		5646
51		11		60		3		55		79		10		1449.45		4164
52		23		52		5		176		204		10		2245.92		6528
53		8		51		3		0		188		10		1449.45		4164
54		31		53		3		164		196		10		1276.11		3846
55		53		59		2		100		124		10		959.28		2964
56		11		4		5		0		180		10		2419.26		6846
57		23		21		3		29		53		10		1449.45		4164
58		54		11		3		28		60		10		1622.79		4482
59		37		18		3		124		144		10		1286.64		3564
60		58		15		5		152		184		10		3091.56		8682

ITEMS
Type		Length		Width		Height		Mass		Fragility	LoadBearingStrength
Bt1		21		7		6		316.83		1		2.3622625
Bt2		19		13		6		479.64		0		9.5791328
Bt3		25		12		6		652.98		0		20.2273731

DEMANDS PER CUSTOMER
i	Type Quantity
1	Bt1 2	Bt3 1	
2	Bt1 1	Bt2 1	Bt3 2	
3	Bt1 2	Bt3 1	
4	Bt1 3	Bt2 1	
5	Bt1 1	Bt2 1	Bt3 1	
6	Bt1 2	Bt2 1	
7	Bt1 1	Bt2 3	
8	Bt1 1	Bt3 1	
9	Bt1 3	Bt2 1	Bt3 1	
10	Bt1 1	Bt3 1	
11	Bt1 1	Bt3 1	
12	Bt2 1	Bt3 1	
13	Bt1 2	Bt3 2	
14	Bt1 1	Bt2 2	Bt3 1	
15	Bt1 1	Bt2 1	Bt3 1	
16	Bt2 1	Bt3 3	
17	Bt1 1	Bt3 1	
18	Bt1 2	Bt3 1	
19	Bt1 1	Bt2 1	
20	Bt2 3	Bt3 1	
21	Bt2 2	Bt3 1	
22	Bt1 1	Bt3 3	
23	Bt1 2	Bt2 1	
24	Bt1 1	Bt3 1	
25	Bt1 3	Bt3 2	
26	Bt2 1	Bt3 1	
27	Bt1 2	Bt2 2	Bt3 1	
28	Bt1 1	Bt2 1	Bt3 1	
29	Bt1 3	Bt2 1	
30	Bt2 2	Bt3 2	
31	Bt1 1	Bt2 1	Bt3 1	
32	Bt2 3	
33	Bt1 2	Bt2 1	
34	Bt1 2	Bt3 3	
35	Bt1 1	Bt3 1	
36	Bt1 1	Bt2 1	
37	Bt2 2	Bt3 1	
38	Bt1 3	
39	Bt1 2	Bt2 1	Bt3 1	
40	Bt2 1	Bt3 1	
41	Bt1 3	Bt2 1	Bt3 1	
42	Bt1 3	Bt2 1	Bt3 1	
43	Bt1 1	Bt2 1	Bt3 2	
44	Bt1 1	Bt2 1	
45	Bt1 1	Bt2 2	Bt3 1	
46	Bt1 1	Bt2 1	Bt3 2	
47	Bt2 2	
48	Bt1 1	Bt2 1	Bt3 1	
49	Bt1 2	Bt2 1	Bt3 1	
50	Bt1 1	Bt2 2	Bt3 1	
51	Bt1 1	Bt2 1	Bt3 1	
52	Bt1 2	Bt2 2	Bt3 1	
53	Bt1 1	Bt2 1	Bt3 1	
54	Bt1 1	Bt2 2	
55	Bt2 2	
56	Bt1 2	Bt2 1	Bt3 2	
57	Bt1 1	Bt2 1	Bt3 1	
58	Bt1 1	Bt3 2	
59	Bt1 2	Bt3 1	
60	Bt2 1	Bt3 4	