Name				066_n060_m200_bt10
Number_of_Customers		60
Number_of_Items			200
Number_of_ItemTypes		10
Number_of_Vehicles		30
TimeWindows			1

VEHICLE
Mass_Capacity			12595
CargoSpace_Length		60
CargoSpace_Width		25
CargoSpace_Height		30
Wheelbase			48
Max_Mass_FrontAxle		7100
Max_Mass_RearAxle		11500
Distance_FrontAxle_CargoSpace	4

CUSTOMERS
i		x		y		Demand		ReadyTime	DueDate		ServiceTime	DemandedMass	DemandedVolume
0		35		35		0		0		230		0		0		0
1		9		18		5		0		188		10		2543.83		11614
2		14		10		4		0		187		10		2261.66		11032
3		46		0		3		0		183		10		1488.17		7764
4		26		25		2		8		30		10		982.49		7410
5		14		32		4		0		198		10		1997.13		11068
6		29		5		2		0		189		10		1005.04		5550
7		15		24		3		0		197		10		1312.89		9228
8		57		40		4		0		197		10		1914.14		11218
9		22		43		5		0		204		10		2222.9		12698
10		52		79		3		0		172		10		1477.34		7470
11		64		21		5		42		72		10		2378.15		11186
12		24		61		3		30		56		10		1421.5		7422
13		24		48		4		0		202		10		1897.81		9154
14		7		76		3		0		170		10		1223.7		7284
15		41		18		4		0		201		10		1572.9		6964
16		68		71		4		50		82		10		2549.21		11514
17		10		74		4		56		86		10		1970.07		7792
18		70		20		2		78		106		10		628.3		3124
19		33		2		4		0		186		10		1722.53		10618
20		58		59		2		0		186		10		773.95		3504
21		44		56		3		0		197		10		2059.02		9534
22		22		56		3		177		205		10		1480.41		7674
23		59		68		2		0		179		10		1334.01		4578
24		28		12		3		0		195		10		2070.78		6978
25		42		6		3		146		166		10		904.95		4752
26		34		40		3		0		214		10		1652.59		9468
27		57		2		3		62		100		10		1201.15		9144
28		28		39		2		84		118		10		1063.42		3940
29		58		26		2		0		195		10		1334.01		4578
30		29		56		3		0		198		10		1715.57		9016
31		14		53		3		64		96		10		1513.17		7720
32		5		8		2		104		134		10		1063.42		3940
33		69		16		5		0		181		10		1768.09		10200
34		47		47		3		17		55		10		1164.79		7032
35		34		60		3		123		151		10		1599.91		7848
36		18		25		4		0		200		10		1639.54		10768
37		36		50		4		146		182		10		2599.83		9814
38		21		50		2		130		152		10		1137.74		5898
39		63		17		3		132		160		10		1738.12		7156
40		69		44		3		153		187		10		1468.14		7716
41		37		9		5		0		193		10		2861.06		12546
42		37		41		5		180		214		10		2313.65		12638
43		45		73		3		0		180		10		1306.69		7134
44		39		0		3		86		116		10		1588.4		7480
45		54		36		3		26		54		10		1862.75		10854
46		3		71		5		0		171		10		2566.4		12168
47		32		69		2		40		74		10		863.14		5448
48		31		61		3		95		117		10		1527.05		7968
49		53		32		4		128		154		10		2470.82		10260
50		8		21		2		0		189		10		1330.01		7224
51		70		59		3		92		122		10		1690.57		9060
52		5		79		2		74		102		10		1544.17		5964
53		16		15		5		0		192		10		2312.12		11180
54		70		30		4		0		184		10		2543.08		8898
55		61		50		4		64		92		10		2385.67		11074
56		2		75		3		58		94		10		1935.01		9492
57		6		34		5		24		66		10		2806.16		12106
58		27		31		3		0		211		10		1142.24		8892
59		8		58		4		0		184		10		2247.49		8304
60		56		32		3		128		160		10		1652.59		9468

ITEMS
Type		Length		Width		Height		Mass		Fragility	LoadBearingStrength
Bt1		33		10		11		532.74		0		6.1859388
Bt2		22		10		7		326.65		1		2.7086722
Bt3		18		14		14		390.84		0		13.4915439
Bt4		35		9		12		449.75		0		4.5553273
Bt5		20		8		12		472.30		1		6.1950621
Bt6		18		9		14		605		0		9.6040447
Bt7		18		11		8		301.65		0		8.3716970
Bt8		25		12		8		736.77		0		10.6470280
Bt9		35		6		11		729.01		0		20.8527113
Bt10		33		14		8		939.17		0		11.7829008

DEMANDS PER CUSTOMER
i	Type Quantity
1	Bt2 1	Bt4 1	Bt7 1	Bt8 1	Bt9 1	
2	Bt2 1	Bt3 1	Bt6 1	Bt10 1	
3	Bt4 1	Bt7 1	Bt8 1	
4	Bt1 1	Bt4 1	
5	Bt1 2	Bt2 1	Bt6 1	
6	Bt1 1	Bt5 1	
7	Bt3 1	Bt4 1	Bt5 1	
8	Bt1 1	Bt2 1	Bt4 1	Bt6 1	
9	Bt2 2	Bt3 1	Bt4 1	Bt9 1	
10	Bt1 1	Bt5 2	
11	Bt2 2	Bt3 1	Bt6 1	Bt9 1	
12	Bt3 1	Bt7 1	Bt9 1	
13	Bt1 1	Bt2 1	Bt7 1	Bt8 1	
14	Bt4 1	Bt5 1	Bt7 1	
15	Bt2 1	Bt5 2	Bt7 1	
16	Bt1 1	Bt5 1	Bt6 1	Bt10 1	
17	Bt2 1	Bt6 1	Bt7 1	Bt8 1	
18	Bt2 1	Bt7 1	
19	Bt1 1	Bt2 1	Bt3 1	Bt5 1	
20	Bt5 1	Bt7 1	
21	Bt3 1	Bt9 1	Bt10 1	
22	Bt4 1	Bt7 1	Bt9 1	
23	Bt6 1	Bt9 1	
24	Bt6 1	Bt8 1	Bt9 1	
25	Bt7 3	
26	Bt1 1	Bt3 1	Bt9 1	
27	Bt4 2	Bt7 1	
28	Bt2 1	Bt8 1	
29	Bt6 1	Bt9 1	
30	Bt2 1	Bt4 1	Bt10 1	
31	Bt2 1	Bt4 1	Bt8 1	
32	Bt2 1	Bt8 1	
33	Bt3 1	Bt5 1	Bt7 3	
34	Bt3 1	Bt5 1	Bt7 1	
35	Bt3 1	Bt5 1	Bt8 1	
36	Bt2 1	Bt3 1	Bt4 1	Bt5 1	
37	Bt2 1	Bt6 1	Bt9 1	Bt10 1	
38	Bt1 1	Bt6 1	
39	Bt2 1	Bt5 1	Bt10 1	
40	Bt3 1	Bt5 1	Bt6 1	
41	Bt4 1	Bt5 1	Bt6 2	Bt9 1	
42	Bt1 1	Bt2 2	Bt3 1	Bt8 1	
43	Bt1 1	Bt5 1	Bt7 1	
44	Bt1 1	Bt2 1	Bt9 1	
45	Bt1 1	Bt3 1	Bt10 1	
46	Bt4 1	Bt6 3	Bt7 1	
47	Bt3 1	Bt5 1	
48	Bt4 1	Bt5 1	Bt6 1	
49	Bt1 1	Bt5 1	Bt8 1	Bt9 1	
50	Bt3 1	Bt10 1	
51	Bt4 1	Bt7 1	Bt10 1	
52	Bt6 1	Bt10 1	
53	Bt2 2	Bt4 1	Bt5 1	Bt8 1	
54	Bt5 1	Bt6 1	Bt8 1	Bt9 1	
55	Bt2 1	Bt3 1	Bt9 1	Bt10 1	
56	Bt3 1	Bt6 1	Bt10 1	
57	Bt1 1	Bt2 1	Bt6 2	Bt8 1	
58	Bt3 1	Bt4 1	Bt7 1	
59	Bt5 1	Bt7 1	Bt8 2	
60	Bt1 1	Bt3 1	Bt9 1	