Name				068_n060_m200_bt10
Number_of_Customers		60
Number_of_Items			200
Number_of_ItemTypes		10
Number_of_Vehicles		34
TimeWindows			1

VEHICLE
Mass_Capacity			12595
CargoSpace_Length		60
CargoSpace_Width		25
CargoSpace_Height		30
Wheelbase			48
Max_Mass_FrontAxle		7100
Max_Mass_RearAxle		11500
Distance_FrontAxle_CargoSpace	4

CUSTOMERS
i		x		y		Demand		ReadyTime	DueDate		ServiceTime	DemandedMass	DemandedVolume
0		35		35		0		0		230		0		0		0
1		70		36		2		153		185		10		1264.58		4569
2		41		23		2		56		82		10		602.9		4620
3		67		68		5		124		148		10		2630.75		14300
4		40		3		3		37		59		10		2751.89		10312
5		46		55		2		115		135		10		942.1		4160
6		23		18		3		21		49		10		2051.62		10556
7		18		60		3		67		97		10		2363.37		10813
8		35		48		2		191		223		10		1575.23		7420
9		51		66		2		108		140		10		1493.08		5940
10		63		27		4		67		93		10		2837.17		8910
11		70		65		3		145		173		10		1595.91		7734
12		56		54		5		173		205		10		3665.86		13360
13		38		65		5		59		89		10		3355.96		13624
14		38		28		4		51		85		10		2174.78		8313
15		26		35		3		168		198		10		1418.54		5336
16		47		20		2		111		139		10		1283.85		6272
17		55		44		2		10		34		10		1624.75		5876
18		61		13		4		21		51		10		2133.18		7890
19		4		0		2		101		131		10		1283.85		6272
20		14		23		4		65		99		10		2683.41		11358
21		35		16		3		10		42		10		1781.46		7712
22		42		57		2		149		175		10		1047.99		5280
23		41		66		4		156		188		10		2238.58		9145
24		7		52		4		116		140		10		3207.04		10224
25		9		31		4		96		124		10		2556.29		8924
26		12		69		2		40		68		10		788.45		4598
27		8		68		5		62		88		10		3953.47		15204
28		55		31		2		168		200		10		1554		6106
29		21		74		2		160		188		10		1575.23		7420
30		43		11		5		54		84		10		3170.41		13646
31		30		70		5		84		122		10		3644.52		14056
32		26		14		2		70		100		10		1243.24		5265
33		42		74		5		93		117		10		2328.69		11040
34		60		76		2		132		162		10		1264.58		4569
35		20		47		2		134		154		10		1222.87		6156
36		2		24		5		77		99		10		2662.81		10746
37		64		3		3		90		122		10		1254.28		6622
38		48		71		3		86		116		10		2691.75		9694
39		8		10		3		101		137		10		1243.55		6470
40		25		23		4		22		48		10		2508.74		11989
41		39		54		3		32		58		10		1815.76		9564
42		42		49		3		130		164		10		2751.94		8352
43		3		11		5		127		157		10		3170.41		13646
44		6		74		2		95		129		10		1262.56		5008
45		47		46		4		72		96		10		2236.56		9584
46		25		29		4		183		209		10		2847.62		12032
47		18		52		3		36		76		10		1719.68		6441
48		18		34		4		124		154		10		1688.04		9190
49		13		66		5		77		109		10		2704.41		11169
50		27		38		3		165		189		10		2380.99		8853
51		51		45		4		32		60		10		3053.39		10662
52		52		23		4		10		34		10		2165.08		8306
53		34		23		2		102		128		10		1439.2		5898
54		30		7		2		51		75		10		1264.58		4569
55		21		63		3		123		153		10		1699.42		5322
56		58		71		4		37		67		10		1884.32		9320
57		41		71		2		146		182		10		777.84		5446
58		0		74		5		73		93		10		3625.2		14313
59		62		65		5		87		115		10		2343.87		12325
60		3		40		4		51		77		10		2021.13		8751

ITEMS
Type		Length		Width		Height		Mass		Fragility	LoadBearingStrength
Bt1		26		6		12		455.10		0		26.3884332
Bt2		30		11		9		746.54		0		43.1192632
Bt3		26		11		8		487		0		18.1233862
Bt4		28		14		8		807.46		1		4.0774555
Bt5		16		14		14		476.39		0		5.4233419
Bt6		33		5		14		301.45		0		22.5293285
Bt7		12		7		14		476.44		0		52.7774474
Bt8		34		9		14		767.77		0		7.6620724
Bt9		23		13		12		1137.75		0		94.0404245
Bt10		29		13		9		788.14		1		4.2315943

DEMANDS PER CUSTOMER
i	Type Quantity
1	Bt7 1	Bt10 1	
2	Bt6 2	
3	Bt1 2	Bt5 2	Bt8 1	
4	Bt5 1	Bt9 2	
5	Bt1 1	Bt3 1	
6	Bt4 1	Bt5 1	Bt8 1	
7	Bt4 1	Bt8 1	Bt10 1	
8	Bt4 1	Bt8 1	
9	Bt2 2	
10	Bt2 1	Bt7 2	Bt9 1	
11	Bt3 1	Bt4 1	Bt6 1	
12	Bt4 1	Bt7 2	Bt8 1	Bt9 1	
13	Bt3 2	Bt7 1	Bt8 1	Bt9 1	
14	Bt1 2	Bt7 1	Bt10 1	
15	Bt1 1	Bt3 1	Bt7 1	
16	Bt4 1	Bt5 1	
17	Bt3 1	Bt9 1	
18	Bt1 2	Bt2 1	Bt7 1	
19	Bt4 1	Bt5 1	
20	Bt6 1	Bt7 1	Bt8 1	Bt9 1	
21	Bt3 2	Bt4 1	
22	Bt2 1	Bt6 1	
23	Bt3 2	Bt7 1	Bt10 1	
24	Bt1 1	Bt7 1	Bt9 2	
25	Bt1 1	Bt3 1	Bt7 1	Bt9 1	
26	Bt3 1	Bt6 1	
27	Bt1 2	Bt8 1	Bt9 2	
28	Bt2 1	Bt4 1	
29	Bt4 1	Bt8 1	
30	Bt3 1	Bt6 1	Bt7 1	Bt8 1	Bt9 1	
31	Bt1 1	Bt4 1	Bt7 1	Bt8 1	Bt9 1	
32	Bt1 1	Bt10 1	
33	Bt1 3	Bt3 1	Bt5 1	
34	Bt7 1	Bt10 1	
35	Bt1 1	Bt8 1	
36	Bt2 1	Bt3 1	Bt5 1	Bt7 2	
37	Bt5 1	Bt6 1	Bt7 1	
38	Bt2 1	Bt4 1	Bt9 1	
39	Bt1 1	Bt3 1	Bt6 1	
40	Bt5 1	Bt7 1	Bt8 1	Bt10 1	
41	Bt2 1	Bt6 1	Bt8 1	
42	Bt7 1	Bt9 2	
43	Bt3 1	Bt6 1	Bt7 1	Bt8 1	Bt9 1	
44	Bt1 1	Bt4 1	
45	Bt1 1	Bt3 2	Bt4 1	
46	Bt1 1	Bt3 1	Bt8 1	Bt9 1	
47	Bt1 1	Bt7 1	Bt10 1	
48	Bt1 2	Bt5 1	Bt6 1	
49	Bt3 1	Bt5 1	Bt7 2	Bt10 1	
50	Bt1 1	Bt9 1	Bt10 1	
51	Bt6 1	Bt7 1	Bt9 2	
52	Bt1 1	Bt2 1	Bt3 1	Bt7 1	
53	Bt6 1	Bt9 1	
54	Bt7 1	Bt10 1	
55	Bt2 1	Bt7 2	
56	Bt1 1	Bt5 2	Bt7 1	
57	Bt5 1	Bt6 1	
58	Bt1 1	Bt7 1	Bt8 1	Bt9 1	Bt10 1	
59	Bt5 1	Bt6 2	Bt7 1	Bt10 1	
60	Bt1 1	Bt6 1	Bt7 1	Bt10 1	