Name				070_n060_m200_bt10
Number_of_Customers		60
Number_of_Items			200
Number_of_ItemTypes		10
Number_of_Vehicles		23
TimeWindows			1

VEHICLE
Mass_Capacity			12595
CargoSpace_Length		60
CargoSpace_Width		25
CargoSpace_Height		30
Wheelbase			48
Max_Mass_FrontAxle		7100
Max_Mass_RearAxle		11500
Distance_FrontAxle_CargoSpace	4

CUSTOMERS
i		x		y		Demand		ReadyTime	DueDate		ServiceTime	DemandedMass	DemandedVolume
0		35		35		0		0		230		0		0		0
1		13		68		3		0		180		10		2038.7		6324
2		41		76		4		38		64		10		1240.35		6276
3		58		12		4		134		174		10		2916.09		9014
4		56		57		3		85		123		10		1202.58		5506
5		48		30		4		42		72		10		2300.6		7766
6		41		27		2		36		60		10		698.22		3476
7		68		24		4		0		185		10		1636.69		5778
8		11		23		5		0		193		10		2001.07		8610
9		45		79		3		0		174		10		1560.13		5868
10		44		43		3		0		207		10		2276.42		6492
11		25		57		2		0		195		10		655.83		3296
12		25		39		5		0		209		10		2845.29		11150
13		41		49		3		17		49		10		1071.79		4212
14		18		4		3		0		184		10		1560.13		5868
15		24		25		5		0		205		10		1563.15		8676
16		25		42		3		0		207		10		1405.75		5132
17		19		26		2		0		201		10		1414.51		4100
18		57		15		3		0		190		10		2243.8		7512
19		13		75		4		0		174		10		1470.61		6646
20		62		15		4		0		186		10		2157.3		7528
21		66		76		5		0		168		10		2130.96		9712
22		18		73		3		0		178		10		2276.42		6492
23		38		61		3		161		191		10		1564.59		6088
24		42		23		3		0		206		10		1149.42		4546
25		5		10		2		0		180		10		688.45		2276
26		42		13		5		0		196		10		3518.21		10180
27		62		19		2		0		188		10		766.68		3872
28		59		26		4		0		194		10		3593.77		11360
29		0		51		5		0		181		10		2955.21		9744
30		64		68		3		62		82		10		913.63		5940
31		37		71		2		0		183		10		1241.79		3688
32		23		1		2		0		183		10		1670.84		4686
33		46		9		3		0		191		10		2496.56		6776
34		30		74		3		0		180		10		2002.51		6022
35		4		60		2		0		180		10		1390.62		3656
36		7		78		2		0		168		10		698.22		3476
37		55		69		3		0		180		10		1025.48		6096
38		32		17		3		0		201		10		935.24		5936
39		22		16		2		65		91		10		1489.28		5056
40		57		45		4		90		118		10		1711.46		6734
41		41		39		5		62		90		10		2253.04		8364
42		62		40		2		0		192		10		1670.84		4686
43		19		0		2		0		181		10		840.85		3566
44		3		19		5		0		184		10		1712.93		8792
45		33		57		2		0		197		10		1101.67		4090
46		32		40		2		0		214		10		655.83		3296
47		68		60		3		0		178		10		2520.45		7220
48		56		49		2		90		128		10		1428.74		5520
49		46		38		4		19		49		10		1571.69		6022
50		2		11		3		0		179		10		1996.2		5462
51		37		20		4		0		204		10		1315.36		5436
52		52		29		4		0		201		10		1785.63		6428
53		32		66		5		0		188		10		2960.6		11946
54		48		43		5		0		204		10		2853.21		12010
55		21		43		3		8		30		10		1812.08		7456
56		26		13		5		0		196		10		2584.47		10626
57		52		9		3		0		188		10		2254.46		7610
58		67		32		4		0		187		10		1793.58		7006
59		14		33		3		94		120		10		1039.17		5232
60		63		59		4		0		183		10		1787.62		5332

ITEMS
Type		Length		Width		Height		Mass		Fragility	LoadBearingStrength
Bt1		20		10		10		275.95		0		4.9446744
Bt2		20		12		10		322.80		0		11.1653252
Bt3		28		5		7		308.57		1		8.8261396
Bt4		29		6		9		564.90		0		14.8725607
Bt5		22		8		11		383.34		0		6.3349514
Bt6		19		11		10		825.72		0		16.8602898
Bt7		23		8		13		861.91		0		34.7837192
Bt8		26		10		12		1105.94		0		7.5195592
Bt9		27		8		6		379.88		0		10.3637531
Bt10		14		11		10		314.88		1		14.6397238

DEMANDS PER CUSTOMER
i	Type Quantity
1	Bt7 2	Bt10 1	
2	Bt1 2	Bt3 1	Bt9 1	
3	Bt4 1	Bt5 1	Bt7 1	Bt8 1	
4	Bt2 1	Bt4 1	Bt10 1	
5	Bt4 1	Bt8 1	Bt10 2	
6	Bt5 1	Bt10 1	
7	Bt3 1	Bt4 1	Bt5 1	Bt9 1	
8	Bt1 2	Bt3 1	Bt6 1	Bt10 1	
9	Bt5 1	Bt7 1	Bt10 1	
10	Bt3 1	Bt7 1	Bt8 1	
11	Bt1 1	Bt9 1	
12	Bt1 1	Bt2 1	Bt6 1	Bt8 1	Bt10 1	
13	Bt3 1	Bt5 1	Bt9 1	
14	Bt5 1	Bt7 1	Bt10 1	
15	Bt1 2	Bt2 1	Bt3 1	Bt9 1	
16	Bt1 1	Bt4 2	
17	Bt3 1	Bt8 1	
18	Bt1 1	Bt7 1	Bt8 1	
19	Bt1 1	Bt4 1	Bt10 2	
20	Bt4 1	Bt5 2	Bt6 1	
21	Bt2 2	Bt3 1	Bt7 1	Bt10 1	
22	Bt3 1	Bt7 1	Bt8 1	
23	Bt2 1	Bt7 1	Bt9 1	
24	Bt1 1	Bt3 1	Bt4 1	
25	Bt3 1	Bt9 1	
26	Bt3 1	Bt7 2	Bt8 1	Bt9 1	
27	Bt5 2	
28	Bt1 1	Bt8 3	
29	Bt2 1	Bt4 1	Bt6 1	Bt7 1	Bt9 1	
30	Bt1 1	Bt2 1	Bt10 1	
31	Bt7 1	Bt9 1	
32	Bt4 1	Bt8 1	
33	Bt4 1	Bt6 1	Bt8 1	
34	Bt6 1	Bt7 1	Bt10 1	
35	Bt4 1	Bt6 1	
36	Bt5 1	Bt10 1	
37	Bt2 2	Bt9 1	
38	Bt1 2	Bt5 1	
39	Bt5 1	Bt8 1	
40	Bt4 1	Bt5 2	Bt9 1	
41	Bt2 1	Bt3 1	Bt7 1	Bt9 2	
42	Bt4 1	Bt8 1	
43	Bt1 1	Bt4 1	
44	Bt2 1	Bt3 1	Bt5 2	Bt10 1	
45	Bt1 1	Bt6 1	
46	Bt1 1	Bt9 1	
47	Bt3 1	Bt8 2	
48	Bt2 1	Bt8 1	
49	Bt3 1	Bt4 1	Bt5 1	Bt10 1	
50	Bt3 1	Bt6 1	Bt7 1	
51	Bt3 2	Bt5 1	Bt10 1	
52	Bt1 1	Bt4 2	Bt9 1	
53	Bt2 2	Bt5 1	Bt6 1	Bt8 1	
54	Bt1 1	Bt2 2	Bt6 1	Bt8 1	
55	Bt2 1	Bt5 1	Bt8 1	
56	Bt1 1	Bt2 1	Bt4 1	Bt8 1	Bt10 1	
57	Bt2 1	Bt6 1	Bt8 1	
58	Bt1 1	Bt3 1	Bt5 1	Bt6 1	
59	Bt1 1	Bt5 1	Bt9 1	
60	Bt3 3	Bt7 1	