Name				080_n060_m200_bt3
Number_of_Customers		60
Number_of_Items			200
Number_of_ItemTypes		3
Number_of_Vehicles		21
TimeWindows			1

VEHICLE
Mass_Capacity			12595
CargoSpace_Length		60
CargoSpace_Width		25
CargoSpace_Height		30
Wheelbase			48
Max_Mass_FrontAxle		7100
Max_Mass_RearAxle		11500
Distance_FrontAxle_CargoSpace	4

CUSTOMERS
i		x		y		Demand		ReadyTime	DueDate		ServiceTime	DemandedMass	DemandedVolume
0		35		35		0		0		230		0		0		0
1		68		66		4		104		130		10		801.01		1029
2		5		75		2		88		114		10		578.57		765
3		46		21		5		182		216		10		1534.74		1983
4		38		67		2		0		187		10		330.14		480
5		11		48		3		26		54		10		459.31		648
6		1		56		4		0		180		10		588.48		816
7		67		76		2		0		167		10		578.57		765
8		36		51		3		0		203		10		992.07		1290
9		12		2		4		74		96		10		552.58		744
10		4		22		3		89		113		10		459.31		648
11		67		9		5		128		154		10		1534.74		1983
12		40		0		3		74		102		10		459.31		648
13		54		53		4		156		196		10		872.81		1173
14		34		62		3		174		198		10		707.74		933
15		24		13		4		0		195		10		1085.34		1386
16		53		34		2		87		107		10		578.57		765
17		67		23		2		55		81		10		294.24		408
18		25		37		3		0		209		10		387.51		504
19		66		55		2		0		183		10		330.14		480
20		3		32		3		132		160		10		671.84		861
21		22		25		3		0		36		10		459.31		648
22		15		66		2		44		84		10		294.24		408
23		42		72		5		131		155		10		1322.21		1770
24		6		34		2		168		198		10		330.14		480
25		13		80		2		76		112		10		578.57		765
26		37		18		4		41		75		10		1121.24		1458
27		25		58		3		109		147		10		743.64		1005
28		21		17		2		5		41		10		294.24		408
29		43		2		4		153		187		10		836.91		1101
30		50		73		4		164		190		10		624.38		888
31		31		37		4		145		173		10		1369.67		1743
32		50		23		3		102		126		10		707.74		933
33		13		21		5		0		193		10		966.08		1269
34		62		67		2		0		178		10		258.34		336
35		66		16		3		0		183		10		956.17		1218
36		45		65		4		146		180		10		588.48		816
37		35		7		4		43		73		10		1369.67		1743
38		16		19		5		0		195		10		1214.51		1554
39		31		14		3		73		99		10		743.64		1005
40		41		32		2		178		206		10		542.67		693
41		28		64		4		55		87		10		516.68		672
42		31		57		4		184		212		10		1085.34		1386
43		44		69		2		133		155		10		827		1050
44		31		30		4		28		60		10		836.91		1101
45		53		39		3		39		75		10		1240.5		1575
46		53		4		5		64		100		10		1001.98		1341
47		31		25		2		85		111		10		330.14		480
48		4		79		5		111		141		10		1001.98		1341
49		64		40		2		0		190		10		330.14		480
50		23		78		4		59		95		10		624.38		888
51		6		69		4		0		175		10		624.38		888
52		33		76		2		0		178		10		827		1050
53		25		25		2		174		200		10		827		1050
54		59		6		5		151		177		10		1819.07		2340
55		50		46		4		114		146		10		836.91		1101
56		67		59		3		37		63		10		459.31		648
57		56		42		5		112		144		10		1286.31		1698
58		58		3		2		0		180		10		542.67		693
59		43		80		4		85		119		10		588.48		816
60		41		27		5		133		167		10		1001.98		1341

ITEMS
Type		Length		Width		Height		Mass		Fragility	LoadBearingStrength
Bt1		7		4		6		129.17		0		9.3273370
Bt2		15		7		5		413.50		0		55.1894035
Bt3		16		5		3		165.07		1		6.4343679

DEMANDS PER CUSTOMER
i	Type Quantity
1	Bt1 3	Bt2 1	
2	Bt2 1	Bt3 1	
3	Bt1 1	Bt2 3	Bt3 1	
4	Bt3 2	
5	Bt1 1	Bt3 2	
6	Bt1 2	Bt3 2	
7	Bt2 1	Bt3 1	
8	Bt2 2	Bt3 1	
9	Bt1 3	Bt3 1	
10	Bt1 1	Bt3 2	
11	Bt1 1	Bt2 3	Bt3 1	
12	Bt1 1	Bt3 2	
13	Bt1 1	Bt2 1	Bt3 2	
14	Bt1 1	Bt2 1	Bt3 1	
15	Bt1 2	Bt2 2	
16	Bt2 1	Bt3 1	
17	Bt1 1	Bt3 1	
18	Bt1 3	
19	Bt3 2	
20	Bt1 2	Bt2 1	
21	Bt1 1	Bt3 2	
22	Bt1 1	Bt3 1	
23	Bt2 2	Bt3 3	
24	Bt3 2	
25	Bt2 1	Bt3 1	
26	Bt1 1	Bt2 2	Bt3 1	
27	Bt2 1	Bt3 2	
28	Bt1 1	Bt3 1	
29	Bt1 2	Bt2 1	Bt3 1	
30	Bt1 1	Bt3 3	
31	Bt1 1	Bt2 3	
32	Bt1 1	Bt2 1	Bt3 1	
33	Bt1 3	Bt2 1	Bt3 1	
34	Bt1 2	
35	Bt1 1	Bt2 2	
36	Bt1 2	Bt3 2	
37	Bt1 1	Bt2 3	
38	Bt1 3	Bt2 2	
39	Bt2 1	Bt3 2	
40	Bt1 1	Bt2 1	
41	Bt1 4	
42	Bt1 2	Bt2 2	
43	Bt2 2	
44	Bt1 2	Bt2 1	Bt3 1	
45	Bt2 3	
46	Bt1 2	Bt2 1	Bt3 2	
47	Bt3 2	
48	Bt1 2	Bt2 1	Bt3 2	
49	Bt3 2	
50	Bt1 1	Bt3 3	
51	Bt1 1	Bt3 3	
52	Bt2 2	
53	Bt2 2	
54	Bt2 4	Bt3 1	
55	Bt1 2	Bt2 1	Bt3 1	
56	Bt1 1	Bt3 2	
57	Bt1 1	Bt2 2	Bt3 2	
58	Bt1 1	Bt2 1	
59	Bt1 2	Bt3 2	
60	Bt1 2	Bt2 1	Bt3 2	