Name				081_n060_m200_bt10
Number_of_Customers		60
Number_of_Items			200
Number_of_ItemTypes		10
Number_of_Vehicles		26
TimeWindows			1

VEHICLE
Mass_Capacity			12595
CargoSpace_Length		60
CargoSpace_Width		25
CargoSpace_Height		30
Wheelbase			48
Max_Mass_FrontAxle		7100
Max_Mass_RearAxle		11500
Distance_FrontAxle_CargoSpace	4

CUSTOMERS
i		x		y		Demand		ReadyTime	DueDate		ServiceTime	DemandedMass	DemandedVolume
0		35		35		0		0		230		0		0		0
1               21              65              2               78              104             10              333.99          514
2               3               38              3               155             187             10              557.35          900
3               29              52              4               142             164             10              529.59          766
4               67              27              2               43              73              10              215.20          432
5               62              18              3               71              101             10              445.68          612
6               7               65              5               87              127             10              987.27          1046
7               1               50              3               41              69              10              327.65          576
8               14              48              3               122             150             10              431.13          538
9               31              30              4               111             147             10              1028.13         772
10              32              72              3               84              108             10              842.26          748
11              63              30              4               147             179             10              869.68          1118
12              21              17              4               121             147             10              582.02          996
13              33              22              3               162             184             10              298.35          540
14              31              79              2               100             136             10              353.17          448
15              40              52              2               162             194             10              353.17          448
16              9               7               3               91              113             10              569.67          762
17              51              52              3               81              109             10              384.63          828
18              62              79              3               144             170             10              372.26          732
19              65              46              4               73              105             10              915.22          966
20              42              66              3               47              67              10              590.88          712
21              68              48              4               130             166             10              740.18          944
22              60              63              3               24              60              10              447.35          666
23              50              0               2               82              100             10              594.31          360
24              12              7               5               162             196             10              1079.53         1132
25              23              60              2               28              54              10              688.09          466
26              43              17              4               160             186             10              794.17          938
27              2               31              2               109             147             10              252.58          504
28              21              75              3               86              114             10              578.56          850
29              8               24              2               52              82              10              244.50          468
30              3               64              2               117             149             10              710.21          424
31              24              75              4               145             171             10              869.16          916
32              34              9               3               109             131             10              820.14          790
33              53              73              4               43              71              10              750.50          1242
34              11              62              2               101             131             10              331.05          490
35              31              49              4               100             126             10              781.85          1076
36              2               12              3               150             174             10              445.68          612
37              0               25              4               83              121             10              1057.43         808
38              51              30              3               33              59              10              465.62          592
39              6               27              4               20              48              10              635.84          696
40              3               24              4               96              126             10              643.88          1060
41              19              46              5               131             153             10              666.78          1102
42              44              9               5               173             203             10              837.58          1168
43              34              59              5               116             152             10              1039.26         1476
44              48              27              5               23              55              10              906.62          1082
45              46              61              2               18              44              10              350.21          642
46              17              51              4               170             198             10              617.27          1096
47              64              43              5               117             145             10              1055.30         1092
48              65              4               3               132             160             10              582.85          910
49              9               38              2               140             170             10              237.27          384
50              17              43              4               70              94              10              497.35          706
51              50              67              3               45              75              10              842.26          748
52              49              17              2               183             207             10              412.46          500
53              23              38              3               121             149             10              689.83          564
54              39              65              4               42              68              10              432.87          636
55              7               60              4               65              97              10              530.50          774
56              60              31              4               109             141             10              829.94          1012
57              48              76              2               115             145             10              317.92          348
58              12              70              4               117             147             10              661.71          958
59              21              54              4               149             179             10              667.61          788
60              50              11              3               132             160             10              562.34          722

ITEMS
Type		Length		Width		Height		Mass		Fragility	LoadBearingStrength
Bt1		10		5		5		206.23		0		22.1116002
Bt2		9		7		6		222.45		0		62.7465989
Bt3		11		6		4		127.76		1		17.0757599
Bt4		12		6		3		481.86		0		18.3021523
Bt5		12		4		3		112.45		1		26.9583106
Bt6		13		4		4		228.35		0		23.7147715
Bt7		12		4		5		234.77		0		62.9639609
Bt8		9		6		6		132.05		0		16.9522291
Bt9		9		2		6		83.15		0		128.4942635
Bt10		10		6		4		124.82		0		40.6565605

DEMANDS PER CUSTOMER
i	Type Quantity
1	Bt1 1	Bt3 1	
2	Bt2 2	Bt5 1	
3	Bt1 1	Bt3 1	Bt5 1	Bt9 1	
4	Bt8 1	Bt9 1	
5	Bt3 1	Bt7 1	Bt9 1	
6	Bt1 1	Bt6 1	Bt7 2	Bt9 1	
7	Bt5 1	Bt8 1	Bt9 1	
8	Bt1 1	Bt5 2	
9	Bt4 1	Bt6 1	Bt7 1	Bt9 1	
10	Bt4 1	Bt6 1	Bt8 1	
11	Bt1 2	Bt2 1	Bt7 1	
12	Bt7 1	Bt8 2	Bt9 1	
13	Bt8 1	Bt9 2	
14	Bt6 1	Bt10 1	
15	Bt6 1	Bt10 1	
16	Bt2 1	Bt5 1	Bt7 1	
17	Bt3 1	Bt8 1	Bt10 1	
18	Bt3 1	Bt5 1	Bt8 1	
19	Bt2 1	Bt3 1	Bt4 1	Bt9 1	
20	Bt3 1	Bt6 1	Bt7 1	
21	Bt1 1	Bt2 1	Bt6 1	Bt9 1	
22	Bt2 1	Bt5 2	
23	Bt4 1	Bt5 1	
24	Bt4 1	Bt5 1	Bt6 1	Bt8 1	Bt10 1	
25	Bt1 1	Bt4 1	
26	Bt1 1	Bt6 1	Bt7 1	Bt10 1	
27	Bt3 1	Bt10 1	
28	Bt2 1	Bt3 1	Bt6 1	
29	Bt5 1	Bt8 1	
30	Bt4 1	Bt6 1	
31	Bt1 2	Bt6 2	
32	Bt1 1	Bt4 1	Bt8 1	
33	Bt2 3	Bt9 1	
34	Bt1 1	Bt10 1	
35	Bt1 1	Bt2 1	Bt6 1	Bt10 1	
36	Bt3 1	Bt7 1	Bt9 1	
37	Bt4 1	Bt5 1	Bt6 1	Bt7 1	
38	Bt5 1	Bt6 1	Bt10 1	
39	Bt7 2	Bt9 2	
40	Bt1 1	Bt2 1	Bt8 1	Bt9 1	
41	Bt1 1	Bt3 1	Bt9 1	Bt10 2	
42	Bt6 1	Bt7 1	Bt10 3	
43	Bt2 2	Bt7 2	Bt10 1	
44	Bt1 1	Bt5 1	Bt6 1	Bt7 1	Bt10 1	
45	Bt2 1	Bt3 1	
46	Bt6 1	Bt8 2	Bt10 1	
47	Bt3 2	Bt4 1	Bt7 1	Bt9 1	
48	Bt2 1	Bt6 1	Bt8 1	
49	Bt5 1	Bt10 1	
50	Bt1 1	Bt9 2	Bt10 1	
51	Bt4 1	Bt6 1	Bt8 1	
52	Bt1 2	
53	Bt4 1	Bt9 1	Bt10 1	
54	Bt5 2	Bt9 1	Bt10 1	
55	Bt2 1	Bt5 2	Bt9 1	
56	Bt6 1	Bt7 2	Bt8 1	
57	Bt7 1	Bt9 1	
58	Bt2 1	Bt3 1	Bt6 1	Bt9 1	
59	Bt3 1	Bt6 2	Bt9 1	
60	Bt1 1	Bt3 1	Bt6 1	