Name				083_n060_m200_bt10
Number_of_Customers		60
Number_of_Items			200
Number_of_ItemTypes		10
Number_of_Vehicles		15
TimeWindows			1

VEHICLE
Mass_Capacity			12595
CargoSpace_Length		60
CargoSpace_Width		25
CargoSpace_Height		30
Wheelbase			48
Max_Mass_FrontAxle		7100
Max_Mass_RearAxle		11500
Distance_FrontAxle_CargoSpace	4

CUSTOMERS
i		x		y		Demand		ReadyTime	DueDate		ServiceTime	DemandedMass	DemandedVolume
0		35		35		0		0		230		0		0		0
1               8               8               5               82              114             10              1190.01         995
2               62              73              3               0               173             10              231.63          540
3               27              63              3               167             203             10              708.21          198
4               37              54              3               0               186             10              477.57          563
5               29              44              3               0               209             10              549.13          552
6               61              25              4               63              95              10              1921.17         792
7               33              14              2               0               198             10              826.86          356
8               45              55              5               118             138             10              1082.22         801
9               10              63              4               0               175             10              868.41          698
10              13              44              4               0               186             10              1055.22         651
11              22              63              4               0               189             10              807.72          670
12              12              79              5               0               170             10              1707.33         900
13              62              18              2               0               188             10              309.13          218
14              47              34              4               0               207             10              387.97          749
15              70              56              2               0               179             10              505.68          380
16              53              61              2               92              118             10              452.08          280
17              64              57              3               0               179             10              502.62          380
18              40              24              5               0               207             10              737.31          920
19              20              54              5               11              39              10              835.59          636
20              46              27              5               0               206             10              1394.82         738
21              24              48              4               0               202             10              617.46          625
22              23              74              3               0               169             10              1481.28         672
23              17              44              2               0               199             10              276.58          240
24              42              43              4               0               188             10              825.75          689
25              25              39              5               0               209             10              1372.97         805
26              17              65              3               0               185             10              508.48          384
27              56              47              3               0               195             10              678.12          420
28              55              33              3               81              101             10              470.07          402
29              28              70              3               0               184             10              231.63          540
30              26              42              3               0               208             10              237.51          438
31              50              17              3               161             195             10              556.22          480
32              41              57              3               164             192             10              1028.22         521
33              50              72              5               0               180             10              1051.79         829
34              22              12              3               0               184             10              710.91          444
35              11              49              4               0               192             10              829.98          822
36              54              77              3               0               173             10              666.62          564
37              17              76              3               0               175             10              501.82          569
38              14              10              2               0               187             10              592.20          300
39              35              27              5               27              57              10              772.52          911
40              32              53              3               0               201             10              838.92          720
41              48              24              2               166             194             10              506.05          222
42              54              18              4               0               194             10              506.26          730
43              30              37              5               0               175             10              816.44          949
44              18              59              3               0               190             10              455.72          630
45              49              23              2               0               201             10              160.30          258
46              64              55              4               0               184             10              953.08          749
47              11              14              3               36              66              10              418.09          565
48              36              22              2               105             125             10              308.33          407
49              67              47              3               0               185             10              501.82          569
50              31              10              2               0               194             10              419.53          302
51              54              42              2               0               199             10              371.31          357
52              63              52              3               120             154             10              613.02          464
53              65              38              5               0               189             10              1650.48         951
54              15              23              3               0               182             10              1028.22         521
55              16              29              2               43              63              10              356.85          420
56              10              21              2               0               191             10              362.73          318
57              67              13              4               0               181             10              953.08          749
58              65              19              3               0               186             10              385.54          587
59              53              70              3               0               180             10              566.92          525
60              10              22              3               0               178             10              534.67          615

ITEMS
Type		Length		Width		Height		Mass		Fragility	LoadBearingStrength
Bt1		10		6		3		77.21		0		21.0510032
Bt2		12		6		3		600.82		0		29.0573880
Bt3		7		5		4		226.04		0		35.0008126
Bt4		13		5		3		177.82		0		23.2660856
Bt5		9		6		3		193.49		1		55.8493306
Bt6		12		4		5		279.64		0		26.8995760
Bt7		6		5		2		312.56		0		48.9138540
Bt8		7		7		5		114.84		1		32.4898817
Bt9		13		2		3		83.09		0		38.7777656
Bt10		9		4		4		118.71		0		32.6972157

DEMANDS PER CUSTOMER
i	Type Quantity
1	Bt2 1	Bt4 2	Bt8 1	Bt10 1	
2	Bt1 3	
3	Bt7 2	Bt9 1	
4	Bt6 1	Bt8 1	Bt9 1	
5	Bt4 2	Bt5 1	
6	Bt2 3	Bt10 1	
7	Bt2 1	Bt3 1	
8	Bt4 1	Bt5 1	Bt6 1	Bt7 1	Bt10 1	
9	Bt3 1	Bt6 2	Bt9 1	
10	Bt2 1	Bt4 1	Bt5 1	Bt9 1	
11	Bt3 2	Bt4 2	
12	Bt2 2	Bt5 2	Bt10 1	
13	Bt3 1	Bt9 1	
14	Bt1 2	Bt8 1	Bt10 1	
15	Bt3 1	Bt6 1	
16	Bt3 2	
17	Bt3 1	Bt5 1	Bt9 1	
18	Bt1 3	Bt3 1	Bt6 1	
19	Bt1 1	Bt6 1	Bt7 1	Bt9 2	
20	Bt2 1	Bt6 1	Bt7 1	Bt9 1	Bt10 1	
21	Bt3 1	Bt5 1	Bt8 1	Bt9 1	
22	Bt2 2	Bt6 1	
23	Bt5 1	Bt9 1	
24	Bt6 1	Bt7 1	Bt8 1	Bt10 1	
25	Bt2 1	Bt3 1	Bt7 1	Bt8 1	Bt10 1	
26	Bt1 1	Bt7 1	Bt10 1	
27	Bt3 3	
28	Bt5 2	Bt9 1	
29	Bt1 3	
30	Bt1 2	Bt9 1	
31	Bt5 1	Bt6 1	Bt9 1	
32	Bt2 1	Bt7 1	Bt8 1	
33	Bt3 1	Bt6 1	Bt7 1	Bt8 1	Bt10 1	
34	Bt6 1	Bt7 1	Bt10 1	
35	Bt1 1	Bt5 1	Bt6 2	
36	Bt5 2	Bt6 1	
37	Bt5 2	Bt8 1	
38	Bt6 1	Bt7 1	
39	Bt1 1	Bt5 3	Bt8 1	
40	Bt6 3	
41	Bt5 1	Bt7 1	
42	Bt5 1	Bt8 2	Bt9 1	
43	Bt1 1	Bt3 1	Bt6 1	Bt8 1	Bt10 1	
44	Bt3 1	Bt8 2	
45	Bt1 1	Bt9 1	
46	Bt2 1	Bt8 1	Bt10 2	
47	Bt1 1	Bt3 1	Bt8 1	
48	Bt5 1	Bt8 1	
49	Bt5 2	Bt8 1	
50	Bt3 1	Bt5 1	
51	Bt4 1	Bt5 1	
52	Bt3 1	Bt5 2	
53	Bt2 1	Bt4 1	Bt6 2	Bt7 1	
54	Bt2 1	Bt7 1	Bt8 1	
55	Bt1 1	Bt6 1	
56	Bt6 1	Bt9 1	
57	Bt2 1	Bt8 1	Bt10 2	
58	Bt1 1	Bt5 1	Bt8 1	
59	Bt3 2	Bt8 1	
60	Bt1 1	Bt4 1	Bt6 1	