Name				085_n060_m200_bt10
Number_of_Customers		60
Number_of_Items			200
Number_of_ItemTypes		10
Number_of_Vehicles		25
TimeWindows			1

VEHICLE
Mass_Capacity			12595
CargoSpace_Length		60
CargoSpace_Width		25
CargoSpace_Height		30
Wheelbase			48
Max_Mass_FrontAxle		7100
Max_Mass_RearAxle		11500
Distance_FrontAxle_CargoSpace	4

CUSTOMERS
i		x		y		Demand		ReadyTime	DueDate		ServiceTime	DemandedMass	DemandedVolume
0		35		35		0		0		230		0		0		0
1		18		35		5		0		36		10		1704.16		2279
2		4		1		3		121		157		10		670.76		1072
3		56		57		5		139		171		10		1098.15		1353
4		40		49		3		95		129		10		1057.62		1393
5		14		17		3		106		124		10		1810.32		1332
6		27		51		3		34		60		10		998.22		1100
7		65		30		5		131		161		10		1042.66		1068
8		7		27		4		154		184		10		1137.59		996
9		6		54		4		122		154		10		1172.5		1292
10		2		49		2		36		64		10		421.53		714
11		59		27		3		135		161		10		1122.4		1056
12		47		43		3		121		141		10		1459.04		1353
13		67		35		5		123		153		10		1337.2		1396
14		24		74		2		97		135		10		812		644
15		36		31		4		2		34		10		629.06		1338
16		56		72		5		73		109		10		911.58		1450
17		70		23		4		76		102		10		1271.26		1276
18		38		62		3		170		200		10		256.54		474
19		29		76		3		81		113		10		1176.62		1484
20		27		79		5		143		173		10		2540.46		2020
21		7		75		2		136		156		10		354.38		420
22		69		68		3		129		161		10		1080.68		1122
23		21		12		3		103		137		10		728.88		1120
24		41		53		3		158		192		10		495.97		924
25		61		53		2		56		82		10		1006.24		912
26		23		4		3		65		103		10		1647.86		984
27		52		29		3		155		193		10		714.86		868
28		49		21		3		171		201		10		1160.37		1393
29		34		24		2		169		189		10		1449.84		884
30		49		62		5		67		101		10		1817.63		1448
31		0		46		2		145		169		10		131.88		240
32		9		14		3		65		95		10		1013.53		828
33		64		54		3		27		63		10		1361.56		1614
34		37		70		3		91		115		10		1515.78		1004
35		69		47		3		64		104		10		1311.34		1590
36		50		75		3		155		183		10		1116.28		828
37		33		58		3		150		178		10		679.26		1162
38		41		15		5		79		109		10		462.94		876
39		24		23		4		114		152		10		1873.28		2151
40		12		66		3		25		55		10		298.26		408
41		54		80		4		128		160		10		1215.5		1471
42		19		76		3		146		166		10		1072.18		1032
43		70		38		3		113		145		10		492.46		840
44		30		69		2		157		189		10		243.13		330
45		40		44		4		133		163		10		1043.02		1275
46		33		17		4		168		196		10		675.14		970
47		43		38		2		111		147		10		804.1		620
48		57		54		3		83		109		10		1227.52		1687
49		19		49		2		120		156		10		753.88		596
50		6		23		3		131		151		10		989.19		854
51		2		73		3		132		166		10		1376.58		1331
52		42		7		2		85		117		10		243.13		330
53		57		7		3		24		56		10		367.79		564
54		67		52		4		159		183		10		1575.2		1497
55		1		77		4		125		159		10		1288.57		1953
56		13		60		4		113		137		10		1312.98		1210
57		70		5		3		63		89		10		1109.47		1190
58		10		52		4		54		86		10		1370.5		1192
59		63		10		4		129		161		10		678.68		1296
60		32		51		4		142		176		10		837.14		1240

ITEMS
Type		Length		Width		Height		Mass		Fragility	LoadBearingStrength
Bt1		17		6		4		761.90		0		115.2927884
Bt2		6		5		7		74.44		1		5.0670421
Bt3		15		7		7		622.70		0		29.6295454
Bt4		14		3		4		124.06		0		47.8157056
Bt5		6		4		6		116.16		0		14.8884418
Bt6		17		4		7		687.94		1		10.3630002
Bt7		14		6		6		244.34		0		15.6781728
Bt8		15		2		4		65.94		0		10.0334051
Bt9		15		2		7		177.19		0		20.2853952
Bt10		14		4		8		360.48		0		37.4081909

DEMANDS PER CUSTOMER
i	Type Quantity
1	Bt3 1	Bt5 1	Bt7 1	Bt10 2	
2	Bt7 1	Bt8 1	Bt10 1	
3	Bt3 1	Bt5 2	Bt8 1	Bt9 1	
4	Bt2 1	Bt3 1	Bt10 1	
5	Bt1 1	Bt6 1	Bt10 1	
6	Bt6 1	Bt7 1	Bt8 1	
7	Bt1 1	Bt2 2	Bt8 2	
8	Bt1 1	Bt2 1	Bt4 1	Bt9 1	
9	Bt4 1	Bt5 1	Bt6 1	Bt7 1	
10	Bt7 1	Bt9 1	
11	Bt1 1	Bt5 1	Bt7 1	
12	Bt1 1	Bt2 1	Bt3 1	
13	Bt1 1	Bt2 2	Bt8 1	Bt10 1	
14	Bt4 1	Bt6 1	
15	Bt2 1	Bt7 2	Bt8 1	
16	Bt2 1	Bt5 2	Bt7 1	Bt10 1	
17	Bt1 1	Bt2 2	Bt10 1	
18	Bt2 1	Bt5 1	Bt8 1	
19	Bt6 1	Bt7 2	
20	Bt5 1	Bt6 3	Bt10 1	
21	Bt9 2	
22	Bt1 1	Bt2 1	Bt7 1	
23	Bt4 1	Bt7 1	Bt10 1	
24	Bt2 1	Bt7 1	Bt9 1	
25	Bt1 1	Bt7 1	
26	Bt1 2	Bt4 1	
27	Bt9 2	Bt10 1	
28	Bt3 1	Bt9 1	Bt10 1	
29	Bt1 1	Bt6 1	
30	Bt1 1	Bt2 1	Bt5 1	Bt6 1	Bt9 1	
31	Bt8 2	
32	Bt1 1	Bt2 1	Bt9 1	
33	Bt3 2	Bt5 1	
34	Bt1 1	Bt6 1	Bt8 1	
35	Bt3 2	Bt8 1	
36	Bt1 1	Bt9 2	
37	Bt2 1	Bt7 1	Bt10 1	
38	Bt2 2	Bt4 2	Bt8 1	
39	Bt1 1	Bt3 1	Bt7 2	
40	Bt5 2	Bt8 1	
41	Bt3 1	Bt5 2	Bt10 1	
42	Bt1 1	Bt7 1	Bt8 1	
43	Bt4 2	Bt7 1	
44	Bt8 1	Bt9 1	
45	Bt3 1	Bt8 1	Bt9 2	
46	Bt2 1	Bt4 1	Bt5 1	Bt10 1	
47	Bt5 1	Bt6 1	
48	Bt3 1	Bt7 1	Bt10 1	
49	Bt6 1	Bt8 1	
50	Bt4 1	Bt6 1	Bt9 1	
51	Bt3 1	Bt6 1	Bt8 1	
52	Bt8 1	Bt9 1	
53	Bt2 1	Bt5 1	Bt9 1	
54	Bt1 1	Bt2 1	Bt3 1	Bt5 1	
55	Bt3 1	Bt7 2	Bt9 1	
56	Bt1 1	Bt2 1	Bt5 1	Bt10 1	
57	Bt6 1	Bt7 1	Bt9 1	
58	Bt1 1	Bt4 2	Bt10 1	
59	Bt4 1	Bt7 2	Bt8 1	
60	Bt5 2	Bt7 1	Bt10 1	