Name				091_n060_m200_bt3
Number_of_Customers		60
Number_of_Items			200
Number_of_ItemTypes		3
Number_of_Vehicles		18
TimeWindows			1

VEHICLE
Mass_Capacity			12595
CargoSpace_Length		60
CargoSpace_Width		25
CargoSpace_Height		30
Wheelbase			48
Max_Mass_FrontAxle		7100
Max_Mass_RearAxle		11500
Distance_FrontAxle_CargoSpace	4

CUSTOMERS
i		x		y		Demand		ReadyTime	DueDate		ServiceTime	DemandedMass	DemandedVolume
0		35		35		0		0		230		0		0		0
1		49		47		3		0		201		10		1190.91		6179
2		33		60		5		0		194		10		2321.78		9361
3		55		35		5		0		200		10		1863.58		9126
4		36		42		2		0		212		10		449.33		3784
5		34		7		3		0		191		10		1073.48		5643
6		8		15		5		0		186		10		1981.01		9662
7		39		79		4		59		81		10		1580.2		6966
8		45		43		3		0		207		10		1531.68		5878
9		0		0		2		0		170		10		790.1		3483
10		6		10		5		0		181		10		1863.58		9126
11		59		71		3		79		105		10		1073.48		5643
12		64		48		4		0		188		10		1474.29		8339
13		58		21		2		0		193		10		449.33		3784
14		66		16		3		0		183		10		732.71		5944
15		39		73		3		0		181		10		732.71		5944
16		33		0		3		0		184		10		1073.48		5643
17		24		67		3		0		186		10		615.28		5408
18		22		27		3		0		204		10		850.14		6480
19		41		4		2		0		188		10		1248.3		3718
20		39		47		3		0		207		10		732.71		5944
21		18		55		4		0		193		10		1122		6731
22		68		65		2		0		175		10		907.53		4019
23		32		19		3		90		114		10		615.28		5408
24		21		72		2		0		180		10		449.33		3784
25		24		80		4		0		173		10		1239.43		7267
26		30		14		5		172		192		10		1863.58		9126
27		64		80		4		0		166		10		1016.09		8104
28		6		76		3		0		169		10		956.05		5107
29		61		66		4		0		179		10		898.66		7568
30		52		52		5		0		195		10		1981.01		9662
31		35		76		3		0		179		10		1190.91		6179
32		48		65		4		43		71		10		1697.63		7502
33		24		37		3		0		208		10		732.71		5944
34		36		27		4		187		215		10		1580.2		6966
35		1		80		2		0		163		10		790.1		3483
36		2		71		3		0		171		10		956.05		5107
37		5		60		4		160		188		10		2155.83		7737
38		53		73		4		42		70		10		1697.63		7502
39		39		55		3		0		199		10		1531.68		5878
40		38		68		2		154		178		10		790.1		3483
41		5		51		2		0		186		10		907.53		4019
42		12		38		4		31		55		10		1697.63		7502
43		21		13		4		0		193		10		1356.86		7803
44		28		21		2		0		204		10		449.33		3784
45		11		65		2		0		181		10		1248.3		3718
46		34		70		3		80		114		10		1414.25		5342
47		60		37		4		0		194		10		1356.86		7803
48		45		26		3		0		206		10		1531.68		5878
49		18		65		2		0		185		10		790.1		3483
50		62		31		5		0		192		10		1064.61		9192
51		45		80		3		0		173		10		956.05		5107
52		0		50		5		137		165		10		1182.04		9728
53		5		0		4		0		173		10		898.66		7568
54		58		33		3		0		196		10		1073.48		5643
55		12		53		2		166		204		10		449.33		3784
56		70		18		4		107		141		10		1580.2		6966
57		64		75		3		0		170		10		732.71		5944
58		56		77		2		0		173		10		907.53		4019
59		26		73		4		119		153		10		1016.09		8104
60		69		43		5		0		185		10		1863.58		9126

ITEMS
Type		Length		Width		Height		Mass		Fragility	LoadBearingStrength
Bt1		13		11		13		624.15		1		3.3621576
Bt2		27		10		8		283.38		0		7.9716189
Bt3		29		8		7		165.95		0		8.9061453

DEMANDS PER CUSTOMER
i	Type Quantity
1	Bt1 1	Bt2 2	
2	Bt1 3	Bt2 1	Bt3 1	
3	Bt1 2	Bt2 1	Bt3 2	
4	Bt2 1	Bt3 1	
5	Bt1 1	Bt2 1	Bt3 1	
6	Bt1 2	Bt2 2	Bt3 1	
7	Bt1 2	Bt3 2	
8	Bt1 2	Bt2 1	
9	Bt1 1	Bt3 1	
10	Bt1 2	Bt2 1	Bt3 2	
11	Bt1 1	Bt2 1	Bt3 1	
12	Bt1 1	Bt2 3	
13	Bt2 1	Bt3 1	
14	Bt2 2	Bt3 1	
15	Bt2 2	Bt3 1	
16	Bt1 1	Bt2 1	Bt3 1	
17	Bt2 1	Bt3 2	
18	Bt2 3	
19	Bt1 2	
20	Bt2 2	Bt3 1	
21	Bt1 1	Bt3 3	
22	Bt1 1	Bt2 1	
23	Bt2 1	Bt3 2	
24	Bt2 1	Bt3 1	
25	Bt1 1	Bt2 1	Bt3 2	
26	Bt1 2	Bt2 1	Bt3 2	
27	Bt2 3	Bt3 1	
28	Bt1 1	Bt3 2	
29	Bt2 2	Bt3 2	
30	Bt1 2	Bt2 2	Bt3 1	
31	Bt1 1	Bt2 2	
32	Bt1 2	Bt2 1	Bt3 1	
33	Bt2 2	Bt3 1	
34	Bt1 2	Bt3 2	
35	Bt1 1	Bt3 1	
36	Bt1 1	Bt3 2	
37	Bt1 3	Bt2 1	
38	Bt1 2	Bt2 1	Bt3 1	
39	Bt1 2	Bt2 1	
40	Bt1 1	Bt3 1	
41	Bt1 1	Bt2 1	
42	Bt1 2	Bt2 1	Bt3 1	
43	Bt1 1	Bt2 2	Bt3 1	
44	Bt2 1	Bt3 1	
45	Bt1 2	
46	Bt1 2	Bt3 1	
47	Bt1 1	Bt2 2	Bt3 1	
48	Bt1 2	Bt2 1	
49	Bt1 1	Bt3 1	
50	Bt2 2	Bt3 3	
51	Bt1 1	Bt3 2	
52	Bt2 3	Bt3 2	
53	Bt2 2	Bt3 2	
54	Bt1 1	Bt2 1	Bt3 1	
55	Bt2 1	Bt3 1	
56	Bt1 2	Bt3 2	
57	Bt2 2	Bt3 1	
58	Bt1 1	Bt2 1	
59	Bt2 3	Bt3 1	
60	Bt1 2	Bt2 1	Bt3 2	