Name				097_n060_m200_bt10
Number_of_Customers		60
Number_of_Items			200
Number_of_ItemTypes		10
Number_of_Vehicles		35
TimeWindows			1

VEHICLE
Mass_Capacity			12595
CargoSpace_Length		60
CargoSpace_Width		25
CargoSpace_Height		30
Wheelbase			48
Max_Mass_FrontAxle		7100
Max_Mass_RearAxle		11500
Distance_FrontAxle_CargoSpace	4

CUSTOMERS
i		x		y		Demand		ReadyTime	DueDate		ServiceTime	DemandedMass	DemandedVolume
0		35		35		0		0		230		0		0		0
1		52		57		5		143		175		10		2148.2		8944
2		37		29		4		148		176		10		5157.25		10266
3		26		17		4		180		218		10		2352.89		7950
4		40		78		2		43		71		10		3244.54		6252
5		52		49		3		52		86		10		1137.59		4018
6		45		61		3		119		151		10		1784.56		6832
7		69		33		2		162		182		10		1050.96		2496
8		25		3		3		81		109		10		3578.77		6390
9		16		64		3		126		156		10		4033.33		9024
10		7		2		2		113		141		10		2856.83		4650
11		52		10		3		29		55		10		1784.56		6832
12		61		21		4		143		177		10		4715.34		9872
13		12		9		2		78		116		10		842.16		3438
14		47		31		4		116		136		10		1812.77		7266
15		65		76		3		131		165		10		2099.01		6480
16		68		77		4		60		88		10		4609		9385
17		18		26		4		133		165		10		1494.14		5955
18		4		78		4		61		91		10		2827.92		7510
19		25		44		4		50		78		10		4776.46		11229
20		61		27		4		143		171		10		2152.05		7826
21		5		39		4		24		52		10		4949.44		10852
22		21		71		3		71		109		10		1725.19		6733
23		20		4		4		160		188		10		2265.99		6670
24		17		20		4		178		214		10		1719.81		6991
25		60		8		3		22		54		10		1852.44		5583
26		41		31		2		138		160		10		1598.56		4113
27		16		33		5		13		41		10		4025.61		12349
28		53		72		3		135		163		10		2320.71		7749
29		32		40		3		161		191		10		3426.36		7308
30		34		74		4		140		172		10		4200.31		9214
31		14		67		4		46		74		10		2005.18		7446
32		49		70		2		43		69		10		2896.83		5748
33		68		57		3		102		140		10		1886.72		5656
34		68		8		3		58		80		10		1177.59		5116
35		6		61		3		98		124		10		2493.69		7372
36		63		1		3		73		95		10		1093.06		4785
37		20		57		2		11		41		10		1738.28		2880
38		6		75		4		101		133		10		3351.38		8112
39		44		9		5		76		100		10		5986.04		14136
40		14		75		3		82		106		10		2340.08		6750
41		0		42		2		32		54		10		1704.9		4600
42		8		6		2		71		97		10		1458.84		5346
43		65		28		5		49		81		10		2588.95		8431
44		26		29		3		167		189		10		3150.71		7218
45		11		74		5		125		155		10		5935.48		11454
46		61		75		3		76		94		10		3411.52		6442
47		33		59		4		144		176		10		4140.94		9115
48		29		13		2		104		134		10		1423.83		3232
49		28		45		2		187		223		10		1109.38		3584
50		32		29		5		60		92		10		1935.22		8223
51		30		49		5		67		99		10		2648.32		8530
52		21		1		3		124		154		10		2434.32		7273
53		28		67		2		115		145		10		995.77		4060
54		24		21		4		71		95		10		3343.09		9858
55		13		19		3		156		184		10		1845.17		6546
56		57		62		3		134		160		10		617.52		3582
57		36		26		2		46		78		10		995.77		4060
58		60		62		2		51		79		10		1189.87		3942
59		7		68		5		48		78		10		2367.46		9058
60		33		20		4		73		101		10		2767.31		7796

ITEMS
Type		Length		Width		Height		Mass		Fragility	LoadBearingStrength
Bt1		27		9		11		729.42		0		33.0894359
Bt2		20		8		9		869.14		0		153.9180232
Bt3		13		9		10		401.08		0		172.4529249
Bt4		33		12		7		788.79		0		50.9196016
Bt5		27		14		6		441.08		0		8.7890813
Bt6		27		8		13		1150.21		0		10.1296664
Bt7		35		6		7		253.88		0		12.3594629
Bt8		29		10		12		2455.75		0		17.3995237
Bt9		22		6		8		181.82		1		7.2306728
Bt10		32		7		8		554.69		1		5.8195138

DEMANDS PER CUSTOMER
i	Type Quantity
1	Bt4 1	Bt5 1	Bt9 2	Bt10 1	
2	Bt3 1	Bt6 2	Bt8 1	
3	Bt2 1	Bt4 1	Bt5 1	Bt7 1	
4	Bt4 1	Bt8 1	
5	Bt3 1	Bt9 1	Bt10 1	
6	Bt4 1	Bt5 1	Bt10 1	
7	Bt2 1	Bt9 1	
8	Bt2 1	Bt7 1	Bt8 1	
9	Bt4 2	Bt8 1	
10	Bt3 1	Bt8 1	
11	Bt4 1	Bt5 1	Bt10 1	
12	Bt6 1	Bt8 1	Bt10 2	
13	Bt3 1	Bt5 1	
14	Bt3 1	Bt4 1	Bt5 1	Bt9 1	
15	Bt2 1	Bt4 1	Bt5 1	
16	Bt1 1	Bt2 1	Bt8 1	Bt10 1	
17	Bt1 1	Bt3 1	Bt9 2	
18	Bt2 1	Bt6 1	Bt7 1	Bt10 1	
19	Bt1 1	Bt5 1	Bt6 1	Bt8 1	
20	Bt4 1	Bt7 1	Bt10 2	
21	Bt4 1	Bt6 1	Bt8 1	Bt10 1	
22	Bt1 1	Bt5 1	Bt10 1	
23	Bt2 1	Bt3 1	Bt5 1	Bt10 1	
24	Bt1 1	Bt7 1	Bt9 1	Bt10 1	
25	Bt1 1	Bt2 1	Bt7 1	
26	Bt1 1	Bt2 1	
27	Bt1 1	Bt5 1	Bt6 2	Bt10 1	
28	Bt1 1	Bt5 1	Bt6 1	
29	Bt4 1	Bt8 1	Bt9 1	
30	Bt3 1	Bt4 1	Bt8 1	Bt10 1	
31	Bt2 1	Bt5 2	Bt7 1	
32	Bt5 1	Bt8 1	
33	Bt6 1	Bt9 1	Bt10 1	
34	Bt5 1	Bt9 1	Bt10 1	
35	Bt4 1	Bt6 1	Bt10 1	
36	Bt1 1	Bt9 2	
37	Bt2 2	
38	Bt2 1	Bt6 2	Bt9 1	
39	Bt4 1	Bt5 1	Bt6 2	Bt8 1	
40	Bt3 1	Bt4 1	Bt6 1	
41	Bt6 1	Bt10 1	
42	Bt1 2	
43	Bt1 1	Bt2 1	Bt7 1	Bt9 1	Bt10 1	
44	Bt5 1	Bt7 1	Bt8 1	
45	Bt3 1	Bt5 1	Bt8 2	Bt9 1	
46	Bt3 1	Bt8 1	Bt10 1	
47	Bt1 1	Bt3 1	Bt8 1	Bt10 1	
48	Bt2 1	Bt10 1	
49	Bt10 2	
50	Bt1 1	Bt3 1	Bt5 1	Bt9 2	
51	Bt2 1	Bt4 1	Bt7 1	Bt9 1	Bt10 1	
52	Bt1 1	Bt6 1	Bt10 1	
53	Bt5 1	Bt10 1	
54	Bt4 1	Bt6 2	Bt7 1	
55	Bt5 1	Bt6 1	Bt7 1	
56	Bt7 1	Bt9 2	
57	Bt5 1	Bt10 1	
58	Bt3 1	Bt4 1	
59	Bt3 1	Bt4 1	Bt5 1	Bt9 1	Bt10 1	
60	Bt2 1	Bt4 1	Bt10 2	