Name				110_n060_m200_bt3
Number_of_Customers		60
Number_of_Items			200
Number_of_ItemTypes		3
Number_of_Vehicles		27
TimeWindows			1

VEHICLE
Mass_Capacity			12595
CargoSpace_Length		60
CargoSpace_Width		25
CargoSpace_Height		30
Wheelbase			48
Max_Mass_FrontAxle		7100
Max_Mass_RearAxle		11500
Distance_FrontAxle_CargoSpace	4

CUSTOMERS
i		x		y		Demand		ReadyTime	DueDate		ServiceTime	DemandedMass	DemandedVolume
0		35		35		0		0		230		0		0		0
1		13		45		3		26		52		10		788.31		984
2		40		76		3		112		134		10		777.97		1073
3		14		2		3		41		71		10		767.63		1162
4		66		5		3		42		74		10		964.09		1097
5		58		46		2		142		176		10		628.94		850
6		50		18		4		13		41		10		906.32		1474
7		9		7		2		149		179		10		628.94		850
8		43		26		2		109		137		10		639.28		761
9		49		56		3		29		55		10		964.09		1097
10		43		59		2		153		181		10		628.94		850
11		70		54		3		72		104		10		602.19		960
12		10		57		5		100		130		10		1231.13		1810
13		35		58		3		106		142		10		416.07		936
14		65		11		4		93		119		10		1092.44		1498
15		62		51		3		90		122		10		964.09		1097
16		60		36		3		113		137		10		953.75		1186
17		4		67		3		150		180		10		602.19		960
18		68		58		5		163		187		10		1406.91		1923
19		66		39		3		44		74		10		964.09		1097
20		64		42		4		77		107		10		1102.78		1409
21		45		76		4		130		154		10		916.66		1385
22		13		55		5		102		126		10		1231.13		1810
23		53		6		3		64		102		10		602.19		960
24		41		67		4		64		98		10		1102.78		1409
25		47		30		2		24		54		10		463.5		648
26		35		22		3		152		182		10		602.19		960
27		30		67		3		140		166		10		767.63		1162
28		31		54		2		166		190		10		639.28		761
29		26		20		3		141		177		10		416.07		936
30		55		33		3		63		99		10		953.75		1186
31		19		58		3		93		117		10		953.75		1186
32		32		5		5		57		81		10		1251.81		1632
33		12		28		4		105		131		10		1113.12		1320
34		26		66		5		125		155		10		1417.25		1834
35		33		14		2		97		133		10		453.16		737
36		24		43		4		165		183		10		906.32		1474
37		12		52		3		17		39		10		964.09		1097
38		3		13		5		63		93		10		1406.91		1923
39		50		51		3		100		126		10		777.97		1073
40		69		43		2		127		163		10		277.38		624
41		27		79		2		112		140		10		463.5		648
42		14		24		4		43		69		10		916.66		1385
43		19		14		3		178		206		10		964.09		1097
44		53		70		3		77		111		10		943.41		1275
45		63		75		2		39		69		10		628.94		850
46		64		58		2		165		201		10		649.62		672
47		18		32		5		120		150		10		1241.47		1721
48		1		69		3		33		67		10		602.19		960
49		7		71		4		134		162		10		916.66		1385
50		59		79		5		101		131		10		1417.25		1834
51		7		29		3		71		99		10		602.19		960
52		63		55		5		151		179		10		1427.59		1745
53		53		61		3		19		47		10		777.97		1073
54		18		18		4		142		168		10		1092.44		1498
55		53		11		5		79		105		10		1231.13		1810
56		2		52		3		42		66		10		591.85		1049
57		28		12		4		111		141		10		1288.9		1433
58		65		15		3		128		160		10		788.31		984
59		22		79		3		89		123		10		777.97		1073
60		48		61		3		125		141		10		953.75		1186

ITEMS
Type		Length		Width		Height		Mass		Fragility	LoadBearingStrength
Bt1		14		6		4		324.81		1		6.3184818
Bt2		13		6		4		138.69		0		15.0691526
Bt3		17		5		5		314.47		0		18.4840538

DEMANDS PER CUSTOMER
i	Type Quantity
1	Bt1 2	Bt2 1	
2	Bt1 1	Bt2 1	Bt3 1	
3	Bt2 1	Bt3 2	
4	Bt1 2	Bt3 1	
5	Bt3 2	
6	Bt2 2	Bt3 2	
7	Bt3 2	
8	Bt1 1	Bt3 1	
9	Bt1 2	Bt3 1	
10	Bt3 2	
11	Bt1 1	Bt2 2	
12	Bt1 1	Bt2 2	Bt3 2	
13	Bt2 3	
14	Bt1 1	Bt2 1	Bt3 2	
15	Bt1 2	Bt3 1	
16	Bt1 1	Bt3 2	
17	Bt1 1	Bt2 2	
18	Bt1 1	Bt2 1	Bt3 3	
19	Bt1 2	Bt3 1	
20	Bt1 2	Bt2 1	Bt3 1	
21	Bt1 1	Bt2 2	Bt3 1	
22	Bt1 1	Bt2 2	Bt3 2	
23	Bt1 1	Bt2 2	
24	Bt1 2	Bt2 1	Bt3 1	
25	Bt1 1	Bt2 1	
26	Bt1 1	Bt2 2	
27	Bt2 1	Bt3 2	
28	Bt1 1	Bt3 1	
29	Bt2 3	
30	Bt1 1	Bt3 2	
31	Bt1 1	Bt3 2	
32	Bt1 3	Bt2 2	
33	Bt1 3	Bt2 1	
34	Bt1 2	Bt2 1	Bt3 2	
35	Bt2 1	Bt3 1	
36	Bt2 2	Bt3 2	
37	Bt1 2	Bt3 1	
38	Bt1 1	Bt2 1	Bt3 3	
39	Bt1 1	Bt2 1	Bt3 1	
40	Bt2 2	
41	Bt1 1	Bt2 1	
42	Bt1 1	Bt2 2	Bt3 1	
43	Bt1 2	Bt3 1	
44	Bt3 3	
45	Bt3 2	
46	Bt1 2	
47	Bt1 2	Bt2 2	Bt3 1	
48	Bt1 1	Bt2 2	
49	Bt1 1	Bt2 2	Bt3 1	
50	Bt1 2	Bt2 1	Bt3 2	
51	Bt1 1	Bt2 2	
52	Bt1 3	Bt2 1	Bt3 1	
53	Bt1 1	Bt2 1	Bt3 1	
54	Bt1 1	Bt2 1	Bt3 2	
55	Bt1 1	Bt2 2	Bt3 2	
56	Bt2 2	Bt3 1	
57	Bt1 3	Bt3 1	
58	Bt1 2	Bt2 1	
59	Bt1 1	Bt2 1	Bt3 1	
60	Bt1 1	Bt3 2	