Name				114_n060_m200_bt10
Number_of_Customers		60
Number_of_Items			200
Number_of_ItemTypes		10
Number_of_Vehicles		25
TimeWindows			1

VEHICLE
Mass_Capacity			12595
CargoSpace_Length		60
CargoSpace_Width		25
CargoSpace_Height		30
Wheelbase			48
Max_Mass_FrontAxle		7100
Max_Mass_RearAxle		11500
Distance_FrontAxle_CargoSpace	4

CUSTOMERS
i		x		y		Demand		ReadyTime	DueDate		ServiceTime	DemandedMass	DemandedVolume
0		35		35		0		0		230		0		0		0
1		29		67		2		41		69		10		529.48		564
2		50		7		4		163		191		10		510.67		810
3		21		29		5		23		47		10		1339.36		1926
4		70		3		4		117		145		10		907.35		1392
5		61		18		4		78		106		10		870.57		1338
6		28		71		4		62		88		10		839.03		1032
7		20		8		3		34		66		10		773.71		1008
8		51		53		2		99		129		10		629.14		840
9		60		24		4		113		139		10		983.32		1494
10		46		6		5		74		98		10		1190.73		1686
11		63		26		3		47		79		10		694.83		840
12		58		16		4		106		136		10		801.21		1104
13		60		43		2		75		103		10		406.06		636
14		10		27		4		76		112		10		547.59		768
15		32		75		2		79		105		10		356.8		402
16		59		80		3		74		106		10		438.32		714
17		51		26		3		14		44		10		741.95		888
18		56		41		3		131		159		10		811.31		1122
19		70		37		4		108		140		10		907.11		1302
20		49		80		5		69		91		10		1019.92		1350
21		2		40		5		60		94		10		895.14		1140
22		59		76		4		121		147		10		952.97		1224
23		35		41		3		201		219		10		711.41		756
24		9		80		3		134		162		10		828.5		1056
25		2		68		3		33		65		10		566.41		888
26		53		14		5		76		102		10		1240.89		1320
27		9		68		3		95		127		10		332.45		468
28		14		76		5		140		168		10		1002.71		1506
29		20		0		5		94		120		10		591.31		942
30		31		59		2		156		186		10		363.86		384
31		29		76		5		66		98		10		1438.97		2022
32		36		77		3		64		94		10		270.25		720
33		49		19		3		50		76		10		756.28		984
34		33		0		3		111		141		10		434.97		582
35		51		59		5		91		121		10		1201.13		1770
36		4		19		3		42		62		10		519.29		840
37		11		71		3		34		66		10		773.71		1008
38		27		8		3		104		142		10		270.25		720
39		64		55		2		149		187		10		406.06		636
40		56		56		2		21		51		10		629.38		930
41		69		66		3		78		96		10		594.42		960
42		38		43		2		164		192		10		498.38		690
43		11		10		4		77		101		10		964.41		1530
44		25		57		3		51		77		10		755.09		1314
45		6		36		2		170		208		10		254.28		288
46		59		68		3		52		82		10		744.62		864
47		66		7		4		113		147		10		1308.97		2040
48		67		29		5		172		202		10		784.31		1008
49		42		18		4		185		211		10		528.15		1014
50		2		22		4		121		145		10		1109.89		1530
51		56		19		3		103		127		10		725.42		1200
52		35		23		2		168		200		10		361.19		408
53		1		31		4		97		131		10		1180.39		1206
54		63		51		2		84		112		10		205.31		324
55		14		35		2		20		56		10		498.38		690
56		57		3		3		142		174		10		484.23		816
57		39		8		2		111		137		10		254.28		288
58		54		1		2		116		146		10		275.3		486
59		43		21		3		35		69		10		780.72		762
60		7		42		3		154		182		10		1302.58		1848

ITEMS
Type		Length		Width		Height		Mass		Fragility	LoadBearingStrength
Bt1		12		6		3		179.26		0		17.3929089
Bt2		9		5		4		78.17		0		81.5419020
Bt3		10		3		5		196.45		0		189.7524645
Bt4		16		4		3		181.93		1		15.0393503
Bt5		15		7		4		226.80		0		11.1183560
Bt6		17		7		6		450.12		0		12.2752614
Bt7		12		3		4		127.14		0		31.4831955
Bt8		15		3		6		96.04		1		3.0520686
Bt9		12		5		7		402.34		0		21.4055834
Bt10		14		3		6		160.35		0		40.0787291

DEMANDS PER CUSTOMER
i	Type Quantity
1	Bt7 1	Bt9 1	
2	Bt7 2	Bt8 1	Bt10 1	
3	Bt2 1	Bt4 1	Bt5 1	Bt6 1	Bt9 1	
4	Bt1 1	Bt4 1	Bt6 1	Bt8 1	
5	Bt2 1	Bt4 1	Bt6 1	Bt10 1	
6	Bt1 2	Bt2 1	Bt9 1	
7	Bt3 1	Bt6 1	Bt7 1	
8	Bt5 1	Bt9 1	
9	Bt1 1	Bt5 1	Bt6 1	Bt7 1	
10	Bt2 2	Bt4 1	Bt6 1	Bt9 1	
11	Bt3 1	Bt8 1	Bt9 1	
12	Bt2 1	Bt9 1	Bt10 2	
13	Bt1 1	Bt5 1	
14	Bt2 1	Bt4 1	Bt7 1	Bt10 1	
15	Bt3 1	Bt10 1	
16	Bt4 1	Bt8 1	Bt10 1	
17	Bt1 1	Bt9 1	Bt10 1	
18	Bt1 1	Bt4 1	Bt6 1	
19	Bt4 1	Bt5 1	Bt8 1	Bt9 1	
20	Bt1 1	Bt4 1	Bt8 1	Bt9 1	Bt10 1	
21	Bt2 1	Bt7 2	Bt9 1	Bt10 1	
22	Bt1 1	Bt3 1	Bt6 1	Bt7 1	
23	Bt4 1	Bt7 1	Bt9 1	
24	Bt3 1	Bt4 1	Bt6 1	
25	Bt1 1	Bt5 1	Bt10 1	
26	Bt4 1	Bt7 2	Bt9 2	
27	Bt2 1	Bt7 2	
28	Bt2 1	Bt3 1	Bt4 1	Bt6 1	Bt8 1	
29	Bt2 3	Bt3 1	Bt10 1	
30	Bt4 2	
31	Bt3 1	Bt4 1	Bt6 2	Bt10 1	
32	Bt2 1	Bt8 2	
33	Bt5 1	Bt7 1	Bt9 1	
34	Bt2 1	Bt3 1	Bt10 1	
35	Bt4 2	Bt5 1	Bt6 1	Bt10 1	
36	Bt3 1	Bt5 1	Bt8 1	
37	Bt3 1	Bt6 1	Bt7 1	
38	Bt2 1	Bt8 2	
39	Bt1 1	Bt5 1	
40	Bt1 1	Bt6 1	
41	Bt8 2	Bt9 1	
42	Bt8 1	Bt9 1	
43	Bt5 1	Bt6 1	Bt7 1	Bt10 1	
44	Bt2 1	Bt5 1	Bt6 1	
45	Bt7 2	
46	Bt4 1	Bt9 1	Bt10 1	
47	Bt4 1	Bt5 1	Bt6 2	
48	Bt2 1	Bt4 3	Bt10 1	
49	Bt2 1	Bt5 1	Bt7 1	Bt8 1	
50	Bt1 1	Bt2 1	Bt6 1	Bt9 1	
51	Bt1 1	Bt6 1	Bt8 1	
52	Bt1 1	Bt4 1	
53	Bt1 1	Bt3 1	Bt9 2	
54	Bt2 1	Bt7 1	
55	Bt8 1	Bt9 1	
56	Bt1 1	Bt2 1	Bt5 1	
57	Bt7 2	
58	Bt1 1	Bt8 1	
59	Bt3 1	Bt4 1	Bt9 1	
60	Bt6 2	Bt9 1	