Name				115_n060_m200_bt10
Number_of_Customers		60
Number_of_Items			200
Number_of_ItemTypes		10
Number_of_Vehicles		29
TimeWindows			1

VEHICLE
Mass_Capacity			12595
CargoSpace_Length		60
CargoSpace_Width		25
CargoSpace_Height		30
Wheelbase			48
Max_Mass_FrontAxle		7100
Max_Mass_RearAxle		11500
Distance_FrontAxle_CargoSpace	4

CUSTOMERS
i		x		y		Demand		ReadyTime	DueDate		ServiceTime	DemandedMass	DemandedVolume
0		35		35		0		0		230		0		0		0
1		10		21		3		81		119		10		391.87		501
2		12		60		4		140		172		10		416.37		863
3		70		15		2		77		107		10		232.19		432
4		36		10		3		82		116		10		408.43		755
5		58		24		4		82		118		10		605.88		901
6		53		25		2		9		39		10		361.16		321
7		10		54		3		144		170		10		554.86		1159
8		4		11		3		87		107		10		288.88		547
9		29		4		5		71		99		10		646.61		1214
10		9		34		3		113		145		10		488.65		637
11		44		28		3		7		43		10		330.07		816
12		16		50		4		154		176		10		804.57		1142
13		48		11		3		16		44		10		233.59		534
14		19		13		5		98		138		10		745.56		1583
15		64		30		2		173		209		10		238.2		472
16		17		61		3		112		136		10		118.11		360
17		42		42		3		47		79		10		307.93		688
18		39		35		3		111		137		10		311.65		619
19		16		72		4		71		99		10		804.57		1142
20		45		1		3		151		171		10		433.65		786
21		13		22		4		101		123		10		807.26		1651
22		49		54		2		104		134		10		264.4		198
23		54		28		5		60		98		10		606.73		1120
24		48		70		5		85		105		10		894		989
25		10		27		5		50		76		10		787.72		996
26		25		10		5		73		107		10		710.01		1351
27		29		32		2		198		220		10		357.1		723
28		54		73		4		57		91		10		820.82		1106
29		68		51		3		160		192		10		249.84		498
30		27		51		4		77		103		10		837.6		1151
31		7		41		3		149		173		10		398.7		784
32		44		35		3		94		126		10		288.88		547
33		15		79		2		43		79		10		232.19		432
34		20		46		3		187		215		10		597.31		849
35		17		24		4		136		168		10		634.85		1312
36		28		65		4		122		152		10		648.35		604
37		6		80		2		42		88		10		232.19		432
38		35		41		3		15		47		10		288.88		547
39		8		12		4		110		136		10		611.32		1160
40		65		61		4		164		190		10		644.29		1006
41		17		19		4		38		64		10		582.54		1048
42		20		79		2		124		154		10		344.91		357
43		34		16		2		43		77		10		357.75		680
44		14		1		3		32		64		10		465.86		552
45		65		26		3		134		162		10		500.55		726
46		24		27		3		67		99		10		284.53		672
47		67		20		3		32		64		10		506.62		929
48		29		39		4		27		65		10		525.66		1019
49		56		69		3		85		113		10		593.25		1251
50		8		66		3		133		165		10		717.95		1441
51		64		57		5		88		120		10		1022.81		1426
52		2		23		3		70		110		10		472.69		835
53		31		66		3		144		176		10		381.92		739
54		22		39		4		166		194		10		412.63		919
55		45		17		2		103		133		10		459.66		785
56		38		30		2		63		91		10		260.97		544
57		69		25		4		119		153		10		811.32		1249
58		6		62		5		141		169		10		999.01		2047
59		36		64		3		44		72		10		495.17		630
60		2		73		3		139		171		10		571.11		1123

ITEMS
Type		Length		Width		Height		Mass		Fragility	LoadBearingStrength
Bt1		6		4		3		24.19		0		5.2117059
Bt2		7		6		3		240.21		0		113.6339968
Bt3		11		6		8		236.15		0		18.6709300
Bt4		15		6		4		208		1		8.8302206
Bt5		16		5		5		214.01		0		12.4606927
Bt6		11		3		7		104.70		0		8.2323904
Bt7		13		3		5		120.95		0		12.4839599
Bt8		12		4		3		46.96		0		6.8635785
Bt9		11		7		5		245.65		0		22.5150204
Bt10		14		4		5		143.74		1		3.8907279

DEMANDS PER CUSTOMER
i	Type Quantity
1	Bt2 1	Bt6 1	Bt8 1	
2	Bt1 1	Bt6 1	Bt10 2	
3	Bt1 1	Bt4 1	
4	Bt7 1	Bt10 2	
5	Bt2 1	Bt5 1	Bt6 1	Bt8 1	
6	Bt2 1	Bt7 1	
7	Bt3 1	Bt5 1	Bt6 1	
8	Bt1 1	Bt7 1	Bt10 1	
9	Bt5 1	Bt7 2	Bt8 1	Bt10 1	
10	Bt2 1	Bt6 1	Bt10 1	
11	Bt3 1	Bt8 2	
12	Bt2 1	Bt5 1	Bt6 1	Bt9 1	
13	Bt1 1	Bt6 2	
14	Bt3 1	Bt5 1	Bt6 1	Bt8 1	Bt10 1	
15	Bt1 1	Bt5 1	
16	Bt1 1	Bt8 2	
17	Bt5 1	Bt8 2	
18	Bt7 1	Bt8 1	Bt10 1	
19	Bt2 1	Bt5 1	Bt6 1	Bt9 1	
20	Bt4 1	Bt6 1	Bt7 1	
21	Bt3 2	Bt5 1	Bt7 1	
22	Bt1 1	Bt2 1	
23	Bt1 2	Bt4 1	Bt6 1	Bt9 1	
24	Bt1 1	Bt2 2	Bt9 1	Bt10 1	
25	Bt1 1	Bt2 2	Bt3 1	Bt8 1	
26	Bt4 1	Bt6 2	Bt8 1	Bt9 1	
27	Bt3 1	Bt7 1	
28	Bt2 1	Bt5 1	Bt7 1	Bt9 1	
29	Bt1 1	Bt6 1	Bt7 1	
30	Bt2 1	Bt4 1	Bt9 1	Bt10 1	
31	Bt4 1	Bt8 1	Bt10 1	
32	Bt1 1	Bt7 1	Bt10 1	
33	Bt1 1	Bt4 1	
34	Bt2 1	Bt3 1	Bt7 1	
35	Bt3 1	Bt4 1	Bt8 1	Bt10 1	
36	Bt1 1	Bt2 2	Bt10 1	
37	Bt1 1	Bt4 1	
38	Bt1 1	Bt7 1	Bt10 1	
39	Bt5 1	Bt6 1	Bt8 1	Bt9 1	
40	Bt1 1	Bt2 1	Bt3 1	Bt10 1	
41	Bt1 1	Bt4 1	Bt6 1	Bt9 1	
42	Bt2 1	Bt6 1	
43	Bt5 1	Bt10 1	
44	Bt2 1	Bt6 1	Bt7 1	
45	Bt1 1	Bt2 1	Bt3 1	
46	Bt1 2	Bt3 1	
47	Bt5 1	Bt8 1	Bt9 1	
48	Bt5 1	Bt7 1	Bt8 1	Bt10 1	
49	Bt3 2	Bt7 1	
50	Bt3 2	Bt9 1	
51	Bt2 1	Bt4 2	Bt7 1	Bt9 1	
52	Bt4 1	Bt7 1	Bt10 1	
53	Bt5 1	Bt7 1	Bt8 1	
54	Bt5 1	Bt6 1	Bt8 2	
55	Bt5 1	Bt9 1	
56	Bt5 1	Bt8 1	
57	Bt2 1	Bt3 1	Bt5 1	Bt7 1	
58	Bt3 2	Bt4 1	Bt5 1	Bt6 1	
59	Bt2 1	Bt4 1	Bt8 1	
60	Bt3 1	Bt5 1	Bt7 1	