Name				124_n060_m200_bt3
Number_of_Customers		60
Number_of_Items			200
Number_of_ItemTypes		3
Number_of_Vehicles		23
TimeWindows			1

VEHICLE
Mass_Capacity			12595
CargoSpace_Length		60
CargoSpace_Width		25
CargoSpace_Height		30
Wheelbase			48
Max_Mass_FrontAxle		7100
Max_Mass_RearAxle		11500
Distance_FrontAxle_CargoSpace	4

CUSTOMERS
i		x		y		Demand		ReadyTime	DueDate		ServiceTime	DemandedMass	DemandedVolume
0		35		35		0		0		1000		0		0		0
1		6		47		4		0		958		10		2754.84		9708
2		5		40		3		755		977		10		1554.41		6182
3		21		37		4		742		962		10		3535.04		10010
4		60		50		2		0		960		10		2076.54		4524
5		10		19		2		790		1000		10		840.46		6448
6		61		43		4		439		739		10		2754.84		9708
7		64		30		2		0		960		10		2076.54		4524
8		64		27		3		579		779		10		1098.53		8408
9		13		29		4		0		967		10		1356.6		10368
10		50		59		3		0		961		10		1716.57		7446
11		65		22		2		0		957		10		840.46		6448
12		44		76		4		0		948		10		2298.96		11934
13		8		70		4		227		485		10		3535.04		10010
14		6		1		2		0		945		10		678.3		5184
15		29		60		2		0		241		10		1296.34		4222
16		65		0		3		0		943		10		1554.41		6182
17		22		16		3		65		301		10		936.37		7144
18		57		2		4		0		950		10		1974.64		9406
19		56		61		3		0		956		10		1554.41		6182
20		34		29		5		0		983		10		3012.91		11668
21		31		73		2		129		391		10		2076.54		4524
22		31		41		2		525		789		10		1296.34		4222
23		45		6		5		82		262		10		3793.11		11970
24		32		24		3		0		198		10		1554.41		6182
25		36		80		3		0		944		10		3114.81		6786
26		36		5		3		438		726		10		936.37		7144
27		25		11		2		0		964		10		1458.5		5486
28		31		33		4		0		985		10		1812.48		8142
29		5		74		5		283		575		10		2070.55		10102
30		45		60		2		0		963		10		2076.54		4524
31		35		55		4		350		580		10		2754.84		9708
32		43		27		5		0		978		10		3175.07		12932
33		15		66		5		236		464		10		3793.11		11970
34		5		15		3		0		953		10		936.37		7144
35		46		1		3		481		737		10		1260.69		9672
36		48		72		2		62		306		10		2076.54		4524
37		21		41		4		0		141		10		2754.84		9708
38		27		15		2		746		956		10		1458.5		5486
39		45		14		3		520		784		10		1716.57		7446
40		6		53		5		0		955		10		3793.11		11970
41		46		53		5		0		968		10		2232.71		11366
42		7		43		3		8		204		10		936.37		7144
43		41		14		3		524		796		10		1554.41		6182
44		54		53		4		0		963		10		2754.84		9708
45		31		37		3		360		626		10		1716.57		7446
46		9		30		2		235		471		10		1458.5		5486
47		12		56		2		0		958		10		678.3		5184
48		9		13		4		0		955		10		2917		10972
49		26		46		3		495		793		10		1716.57		7446
50		46		48		4		517		769		10		2592.68		8444
51		38		72		2		0		952		10		678.3		5184
52		48		56		5		0		965		10		3793.11		11970
53		69		19		3		0		952		10		2334.61		6484
54		60		79		3		0		939		10		1098.53		8408
55		59		40		5		0		140		10		3175.07		12932
56		6		32		4		415		673		10		1194.44		9104
57		33		62		3		0		962		10		2496.77		7748
58		24		23		4		0		973		10		2754.84		9708
59		39		24		5		0		978		10		3630.95		10706
60		13		43		3		99		395		10		1716.57		7446

ITEMS
Type		Length		Width		Height		Mass		Fragility	LoadBearingStrength
Bt1		28		5		14		258.07		0		8.0797641
Bt2		31		8		13		420.23		1		2.1274213
Bt3		29		13		6		1038.27		0		41.3264933

DEMANDS PER CUSTOMER
i	Type Quantity
1	Bt1 1	Bt2 1	Bt3 2	
2	Bt1 2	Bt3 1	
3	Bt2 1	Bt3 3	
4	Bt3 2	
5	Bt2 2	
6	Bt1 1	Bt2 1	Bt3 2	
7	Bt3 2	
8	Bt1 1	Bt2 2	
9	Bt1 2	Bt2 2	
10	Bt1 1	Bt2 1	Bt3 1	
11	Bt2 2	
12	Bt2 3	Bt3 1	
13	Bt2 1	Bt3 3	
14	Bt1 1	Bt2 1	
15	Bt1 1	Bt3 1	
16	Bt1 2	Bt3 1	
17	Bt1 2	Bt2 1	
18	Bt1 2	Bt2 1	Bt3 1	
19	Bt1 2	Bt3 1	
20	Bt1 2	Bt2 1	Bt3 2	
21	Bt3 2	
22	Bt1 1	Bt3 1	
23	Bt1 1	Bt2 1	Bt3 3	
24	Bt1 2	Bt3 1	
25	Bt3 3	
26	Bt1 2	Bt2 1	
27	Bt2 1	Bt3 1	
28	Bt1 3	Bt3 1	
29	Bt1 4	Bt3 1	
30	Bt3 2	
31	Bt1 1	Bt2 1	Bt3 2	
32	Bt1 1	Bt2 2	Bt3 2	
33	Bt1 1	Bt2 1	Bt3 3	
34	Bt1 2	Bt2 1	
35	Bt2 3	
36	Bt3 2	
37	Bt1 1	Bt2 1	Bt3 2	
38	Bt2 1	Bt3 1	
39	Bt1 1	Bt2 1	Bt3 1	
40	Bt1 1	Bt2 1	Bt3 3	
41	Bt1 3	Bt2 1	Bt3 1	
42	Bt1 2	Bt2 1	
43	Bt1 2	Bt3 1	
44	Bt1 1	Bt2 1	Bt3 2	
45	Bt1 1	Bt2 1	Bt3 1	
46	Bt2 1	Bt3 1	
47	Bt1 1	Bt2 1	
48	Bt2 2	Bt3 2	
49	Bt1 1	Bt2 1	Bt3 1	
50	Bt1 2	Bt3 2	
51	Bt1 1	Bt2 1	
52	Bt1 1	Bt2 1	Bt3 3	
53	Bt1 1	Bt3 2	
54	Bt1 1	Bt2 2	
55	Bt1 1	Bt2 2	Bt3 2	
56	Bt1 3	Bt2 1	
57	Bt2 1	Bt3 2	
58	Bt1 1	Bt2 1	Bt3 2	
59	Bt1 2	Bt3 3	
60	Bt1 1	Bt2 1	Bt3 1	