Name				125_n060_m200_bt3
Number_of_Customers		60
Number_of_Items			200
Number_of_ItemTypes		3
Number_of_Vehicles		22
TimeWindows			1

VEHICLE
Mass_Capacity			12595
CargoSpace_Length		60
CargoSpace_Width		25
CargoSpace_Height		30
Wheelbase			48
Max_Mass_FrontAxle		7100
Max_Mass_RearAxle		11500
Distance_FrontAxle_CargoSpace	4

CUSTOMERS
i		x		y		Demand		ReadyTime	DueDate		ServiceTime	DemandedMass	DemandedVolume
0		35		35		0		0		1000		0		0		0
1		34		31		3		0		985		10		1826.49		9600
2		68		50		3		37		261		10		1236.96		8760
3		67		12		4		0		950		10		2285.46		10320
4		17		3		4		0		953		10		2103.09		11760
5		26		47		3		488		722		10		1440.54		9900
6		62		34		5		214		466		10		1586.58		11940
7		43		25		3		438		654		10		1440.54		9900
8		58		25		5		0		964		10		2562.06		12480
9		44		49		4		146		426		10		2489.04		11460
10		31		24		3		0		978		10		2008.86		8160
11		69		77		2		0		935		10		1346.31		6300
12		41		35		2		181		377		10		1346.31		6300
13		33		80		4		0		944		10		1899.51		10620
14		42		21		3		376		604		10		2008.86		8160
15		68		25		2		0		955		10		1142.73		5160
16		12		34		4		65		241		10		1717.14		12060
17		43		5		3		146		416		10		1622.91		8460
18		51		3		3		0		954		10		1826.49		9600
19		13		66		4		0		951		10		1899.51		10620
20		25		34		4		0		979		10		2103.09		11760
21		0		13		4		429		685		10		2874.99		11160
22		61		55		2		65		313		10		756.78		5460
23		29		3		3		0		957		10		1033.38		7620
24		36		41		4		0		983		10		1717.14		12060
25		50		76		5		0		946		10		3741.12		14160
26		46		29		5		0		977		10		2562.06		12480
27		34		67		3		569		755		10		1033.38		7620
28		12		69		3		0		948		10		1419.33		7320
29		64		38		4		0		960		10		2489.04		11460
30		0		72		3		0		205		10		1622.91		8460
31		22		72		4		525		741		10		2692.62		12600
32		52		28		5		0		971		10		2562.06		12480
33		61		15		3		0		957		10		1826.49		9600
34		38		15		3		0		969		10		1826.49		9600
35		21		2		2		0		954		10		1732.26		6000
36		63		12		2		0		953		10		1346.31		6300
37		61		65		3		392		622		10		1419.33		7320
38		24		62		4		0		960		10		1695.93		9480
39		27		67		2		9		215		10		960.36		6600
40		30		43		4		519		755		10		1513.56		10920
41		16		25		2		434		670		10		756.78		5460
42		47		64		2		0		958		10		1346.31		6300
43		20		20		3		217		415		10		1826.49		9600
44		40		32		2		815		1000		10		1732.26		6000
45		50		9		5		151		381		10		2562.06		12480
46		20		32		5		0		974		10		2562.06		12480
47		56		62		3		0		955		10		2008.86		8160
48		60		37		3		700		970		10		2008.86		8160
49		35		56		5		0		969		10		2562.06		12480
50		59		29		3		0		965		10		1622.91		8460
51		56		72		3		483		745		10		1419.33		7320
52		49		53		2		0		967		10		1732.26		6000
53		7		78		5		275		529		10		2562.06		12480
54		41		40		3		510		756		10		1622.91		8460
55		11		42		2		37		273		10		756.78		5460
56		34		5		4		120		352		10		1309.98		9780
57		1		66		3		0		943		10		1622.91		8460
58		44		37		2		517		751		10		1142.73		5160
59		16		57		3		706		952		10		2212.44		9300
60		14		48		4		617		855		10		2103.09		11760

ITEMS
Type		Length		Width		Height		Mass		Fragility	LoadBearingStrength
Bt1		25		12		10		866.13		0		6.9374749
Bt2		20		12		9		276.60		1		4.2361634
Bt3		30		11		10		480.18		0		7.2698604

DEMANDS PER CUSTOMER
i	Type Quantity
1	Bt1 1	Bt3 2	
2	Bt2 1	Bt3 2	
3	Bt1 2	Bt2 2	
4	Bt1 1	Bt2 1	Bt3 2	
5	Bt3 3	
6	Bt2 4	Bt3 1	
7	Bt3 3	
8	Bt1 2	Bt2 3	
9	Bt1 2	Bt2 1	Bt3 1	
10	Bt1 2	Bt2 1	
11	Bt1 1	Bt3 1	
12	Bt1 1	Bt3 1	
13	Bt1 1	Bt2 2	Bt3 1	
14	Bt1 2	Bt2 1	
15	Bt1 1	Bt2 1	
16	Bt2 1	Bt3 3	
17	Bt1 1	Bt2 1	Bt3 1	
18	Bt1 1	Bt3 2	
19	Bt1 1	Bt2 2	Bt3 1	
20	Bt1 1	Bt2 1	Bt3 2	
21	Bt1 3	Bt2 1	
22	Bt2 1	Bt3 1	
23	Bt2 2	Bt3 1	
24	Bt2 1	Bt3 3	
25	Bt1 4	Bt2 1	
26	Bt1 2	Bt2 3	
27	Bt2 2	Bt3 1	
28	Bt1 1	Bt2 2	
29	Bt1 2	Bt2 1	Bt3 1	
30	Bt1 1	Bt2 1	Bt3 1	
31	Bt1 2	Bt3 2	
32	Bt1 2	Bt2 3	
33	Bt1 1	Bt3 2	
34	Bt1 1	Bt3 2	
35	Bt1 2	
36	Bt1 1	Bt3 1	
37	Bt1 1	Bt2 2	
38	Bt1 1	Bt2 3	
39	Bt3 2	
40	Bt2 2	Bt3 2	
41	Bt2 1	Bt3 1	
42	Bt1 1	Bt3 1	
43	Bt1 1	Bt3 2	
44	Bt1 2	
45	Bt1 2	Bt2 3	
46	Bt1 2	Bt2 3	
47	Bt1 2	Bt2 1	
48	Bt1 2	Bt2 1	
49	Bt1 2	Bt2 3	
50	Bt1 1	Bt2 1	Bt3 1	
51	Bt1 1	Bt2 2	
52	Bt1 2	
53	Bt1 2	Bt2 3	
54	Bt1 1	Bt2 1	Bt3 1	
55	Bt2 1	Bt3 1	
56	Bt2 3	Bt3 1	
57	Bt1 1	Bt2 1	Bt3 1	
58	Bt1 1	Bt2 1	
59	Bt1 2	Bt3 1	
60	Bt1 1	Bt2 1	Bt3 2	