Name				126_n060_m200_bt10
Number_of_Customers		60
Number_of_Items			200
Number_of_ItemTypes		10
Number_of_Vehicles		28
TimeWindows			1

VEHICLE
Mass_Capacity			12595
CargoSpace_Length		60
CargoSpace_Width		25
CargoSpace_Height		30
Wheelbase			48
Max_Mass_FrontAxle		7100
Max_Mass_RearAxle		11500
Distance_FrontAxle_CargoSpace	4

CUSTOMERS
i		x		y		Demand		ReadyTime	DueDate		ServiceTime	DemandedMass	DemandedVolume
0		35		35		0		0		1000		0		0		0
1		53		2		4		426		640		10		1661.5		8851
2		3		79		3		248		446		10		1789.24		5391
3		4		15		5		769		1000		10		2755.32		12638
4		4		5		3		0		946		10		2187.09		6332
5		70		1		3		198		422		10		1989.62		6422
6		52		34		4		558		834		10		1879.69		8236
7		25		52		3		0		970		10		1786.05		6046
8		67		10		3		0		949		10		1806.53		9541
9		41		28		4		127		375		10		1640.02		6683
10		10		47		4		749		959		10		1094.96		6356
11		63		10		5		73		327		10		2874.71		11430
12		68		26		3		446		684		10		1626.98		6394
13		59		67		3		0		950		10		892.44		3191
14		0		23		2		30		258		10		1810.58		4642
15		1		49		3		0		953		10		1009.39		4458
16		38		37		3		685		895		10		1713.89		7378
17		1		2		5		0		942		10		2861.92		10185
18		0		45		2		0		953		10		1247.73		5036
19		50		9		2		0		959		10		1119.68		4126
20		53		76		5		0		945		10		2896.3		9725
21		12		9		5		0		239		10		3114.47		11178
22		16		16		2		0		963		10		1119.68		4126
23		2		71		2		372		660		10		1122.87		3471
24		4		32		3		0		174		10		1263.51		4993
25		39		12		2		0		966		10		636.07		2113
26		10		31		2		441		611		10		1409.54		4356
27		16		70		3		593		823		10		1653.32		9295
28		36		75		2		0		949		10		1247.73		5036
29		41		37		3		0		983		10		1388.37		6558
30		42		67		4		0		957		10		1632.42		6282
31		9		24		4		0		961		10		2216.47		8693
32		22		56		2		0		965		10		1254.88		5760
33		42		21		5		425		671		10		2951.21		9355
34		46		28		4		0		976		10		1554.62		7093
35		39		72		3		0		952		10		1776.62		5599
36		45		72		4		0		951		10		1925.69		8895
37		18		40		5		0		972		10		2737.76		8855
38		57		57		3		0		958		10		1443.06		8140
39		33		26		5		152		416		10		3531.35		13111
40		70		5		4		0		943		10		2793.84		9128
41		28		47		2		399		629		10		2211.62		4928
42		53		12		5		302		570		10		2305.39		9930
43		26		12		2		0		965		10		1081.28		3868
44		39		17		2		0		971		10		1610.37		5064
45		30		12		3		20		284		10		1300.23		7300
46		54		51		5		596		846		10		2703.85		9206
47		41		7		5		640		930		10		2619.76		9522
48		61		36		4		645		869		10		2109.9		9951
49		18		79		2		737		1000		10		1148.76		6695
50		68		53		2		184		430		10		756.21		2725
51		68		40		2		0		956		10		1081.28		3868
52		17		19		5		657		909		10		2836.76		10849
53		26		58		2		625		841		10		1007.14		3915
54		15		45		5		0		967		10		2918.05		11526
55		8		68		3		0		947		10		2112.95		6379
56		25		45		3		761		975		10		1528.46		7730
57		5		65		4		0		947		10		2567.62		8740
58		46		45		3		0		975		10		1511.25		6838
59		70		56		2		0		949		10		881.07		4290
60		6		8		3		574		794		10		1290.65		5614

ITEMS
Type		Length		Width		Height		Mass		Fragility	LoadBearingStrength
Bt1		33		11		6		704.77		0		5.7544269
Bt2		32		10		9		627.44		0		13.5994360
Bt3		26		10		10		504.56		0		60.5221849
Bt4		13		13		10		376.51		0		8.8441992
Bt5		16		14		11		1105.81		0		16.2449043
Bt6		35		11		13		772.25		1		1.6091920
Bt7		23		5		9		379.70		0		13.2912881
Bt8		29		7		12		743.17		0		17.1362255
Bt9		25		14		6		291.11		1		3.7841253
Bt10		14		11		7		256.37		0		26.5450290

DEMANDS PER CUSTOMER
i	Type Quantity
1	Bt4 1	Bt6 1	Bt10 2	
2	Bt1 2	Bt7 1	
3	Bt1 1	Bt2 2	Bt3 1	Bt9 1	
4	Bt1 1	Bt4 1	Bt5 1	
5	Bt2 1	Bt5 1	Bt10 1	
6	Bt1 1	Bt2 1	Bt9 1	Bt10 1	
7	Bt1 2	Bt4 1	
8	Bt6 1	Bt8 1	Bt9 1	
9	Bt2 1	Bt4 1	Bt7 1	Bt10 1	
10	Bt9 2	Bt10 2	
11	Bt2 1	Bt3 1	Bt8 2	Bt10 1	
12	Bt2 1	Bt8 1	Bt10 1	
13	Bt7 1	Bt10 2	
14	Bt1 1	Bt5 1	
15	Bt4 2	Bt10 1	
16	Bt1 1	Bt3 2	
17	Bt1 1	Bt7 1	Bt8 2	Bt9 1	
18	Bt3 1	Bt8 1	
19	Bt4 1	Bt8 1	
20	Bt4 1	Bt5 1	Bt7 1	Bt8 1	Bt9 1	
21	Bt3 2	Bt5 1	Bt8 1	Bt10 1	
22	Bt4 1	Bt8 1	
23	Bt7 1	Bt8 1	
24	Bt2 1	Bt7 1	Bt10 1	
25	Bt7 1	Bt10 1	
26	Bt1 2	
27	Bt3 1	Bt4 1	Bt6 1	
28	Bt3 1	Bt8 1	
29	Bt2 1	Bt3 1	Bt10 1	
30	Bt4 1	Bt8 1	Bt10 2	
31	Bt1 1	Bt2 1	Bt3 1	Bt7 1	
32	Bt2 2	
33	Bt1 1	Bt3 1	Bt5 1	Bt7 1	Bt10 1	
34	Bt2 1	Bt7 1	Bt9 1	Bt10 1	
35	Bt5 1	Bt7 1	Bt9 1	
36	Bt2 2	Bt7 1	Bt9 1	
37	Bt1 1	Bt5 1	Bt7 1	Bt9 1	Bt10 1	
38	Bt6 1	Bt7 1	Bt9 1	
39	Bt5 2	Bt6 1	Bt9 1	Bt10 1	
40	Bt5 2	Bt9 2	
41	Bt5 2	
42	Bt2 2	Bt7 2	Bt9 1	
43	Bt1 1	Bt4 1	
44	Bt3 1	Bt5 1	
45	Bt3 2	Bt9 1	
46	Bt1 1	Bt8 2	Bt10 2	
47	Bt3 1	Bt4 2	Bt5 1	Bt10 1	
48	Bt1 1	Bt4 1	Bt6 1	Bt10 1	
49	Bt4 1	Bt6 1	
50	Bt4 1	Bt7 1	
51	Bt1 1	Bt4 1	
52	Bt1 1	Bt3 2	Bt7 1	Bt8 1	
53	Bt2 1	Bt7 1	
54	Bt1 2	Bt2 1	Bt3 1	Bt4 1	
55	Bt2 1	Bt5 1	Bt7 1	
56	Bt4 1	Bt6 1	Bt7 1	
57	Bt1 1	Bt4 1	Bt8 2	
58	Bt2 2	Bt10 1	
59	Bt3 1	Bt4 1	
60	Bt8 1	Bt9 1	Bt10 1	