Name				128_n060_m200_bt10
Number_of_Customers		60
Number_of_Items			200
Number_of_ItemTypes		10
Number_of_Vehicles		26
TimeWindows			1

VEHICLE
Mass_Capacity			12595
CargoSpace_Length		60
CargoSpace_Width		25
CargoSpace_Height		30
Wheelbase			48
Max_Mass_FrontAxle		7100
Max_Mass_RearAxle		11500
Distance_FrontAxle_CargoSpace	4

CUSTOMERS
i		x		y		Demand		ReadyTime	DueDate		ServiceTime	DemandedMass	DemandedVolume
0		35		35		0		0		1000		0		0		0
1		48		69		2		0		953		10		1360.83		4944
2		12		58		4		0		957		10		1055.22		5892
3		50		65		4		0		956		10		2641.33		11036
4		60		7		4		0		952		10		1161.67		8036
5		20		1		2		307		577		10		1074.67		6104
6		55		23		3		65		311		10		1133.65		6816
7		26		29		2		0		979		10		847.8		4200
8		3		69		5		0		943		10		3333.27		12048
9		23		73		5		0		950		10		2234.95		9660
10		46		76		3		0		947		10		1636.01		8448
11		26		60		2		0		963		10		760.38		2664
12		56		69		4		288		528		10		1130.36		6960
13		5		59		5		343		581		10		2294.4		10700
14		17		71		5		0		949		10		1739.29		7940
15		64		5		2		0		948		10		963.22		4752
16		42		6		4		0		960		10		2508.22		8124
17		63		44		3		0		240		10		2619.8		9344
18		40		58		2		0		966		10		923.22		5088
19		41		44		4		0		979		10		916.92		5196
20		48		6		2		712		988		10		1784.89		5520
21		37		54		3		0		970		10		1364.48		5700
22		4		34		4		0		958		10		1922.47		10304
23		20		32		2		0		974		10		2362.67		8040
24		45		29		4		0		978		10		2572.97		9900
25		28		8		3		0		962		10		2475.01		9120
26		35		73		2		64		268		10		969.92		4664
27		63		14		5		0		955		10		2056.72		8736
28		9		61		5		0		953		10		2168.11		12872
29		57		7		2		0		954		10		1034.67		6440
30		16		32		3		0		970		10		1035.35		5784
31		57		4		4		0		951		10		2583.45		10436
32		37		20		5		0		974		10		3105.47		11792
33		50		57		3		0		963		10		1932.44		7440
34		17		7		3		0		956		10		1469.27		6260
35		69		6		4		0		945		10		1100.82		6024
36		1		50		4		0		952		10		2070.4		7884
37		23		3		4		0		955		10		2102.66		9120
38		32		9		2		0		963		10		643.76		6160
39		53		40		4		0		971		10		1499.49		6540
40		12		10		5		0		956		10		2894.85		12980
41		20		76		4		231		483		10		2587.35		10200
42		22		39		3		0		976		10		2497.68		8880
43		59		48		3		821		1000		10		960.14		5280
44		29		12		3		0		966		10		2359.66		8004
45		63		27		4		0		960		10		1592.79		8364
46		28		73		5		314		542		10		4093.35		11028
47		13		1		2		0		949		10		1860.31		6408
48		39		17		5		202		440		10		2657.61		9264
49		57		41		2		0		967		10		883.01		5040
50		51		47		2		0		970		10		1820.1		6360
51		28		55		2		764		1000		10		923.22		5088
52		64		64		4		0		948		10		1746.27		7176
53		58		45		2		561		801		10		1400.83		4608
54		46		36		2		0		978		10		282.56		2760
55		66		11		3		0		950		10		1244.89		7784
56		0		4		5		0		943		10		1200.62		6024
57		22		8		2		0		960		10		1820.1		6360
58		27		80		2		0		944		10		1762.22		5760
59		17		63		3		225		443		10		4052.55		12384
60		54		73		4		61		321		10		2033.37		9632

ITEMS
Type		Length		Width		Height		Mass		Fragility	LoadBearingStrength
Bt1		28		6		10		170.22		0		7.4823554
Bt2		15		7		8		135.01		0		46.9468537
Bt3		20		14		11		321.88		0		8.7578574
Bt4		30		12		13		1649.88		1		11.6587701
Bt5		19		7		12		499.35		0		68.4924026
Bt6		24		6		11		648.04		0		31.1597987
Bt7		12		10		9		112.34		0		5.1477486
Bt8		18		14		12		752.79		0		5.2809093
Bt9		32		9		6		210.43		0		7.2398007
Bt10		20		12		14		712.79		1		19.8275011

DEMANDS PER CUSTOMER
i	Type Quantity
1	Bt6 1	Bt10 1	
2	Bt2 1	Bt5 1	Bt9 2	
3	Bt1 1	Bt3 1	Bt4 1	Bt5 1	
4	Bt1 2	Bt3 1	Bt5 1	
5	Bt3 1	Bt8 1	
6	Bt9 2	Bt10 1	
7	Bt2 1	Bt10 1	
8	Bt1 1	Bt4 1	Bt6 1	Bt7 1	Bt8 1	
9	Bt2 2	Bt5 1	Bt8 1	Bt10 1	
10	Bt9 1	Bt10 2	
11	Bt6 1	Bt7 1	
12	Bt1 1	Bt2 1	Bt7 1	Bt10 1	
13	Bt3 1	Bt5 1	Bt6 1	Bt7 1	Bt10 1	
14	Bt2 2	Bt3 1	Bt5 1	Bt6 1	
15	Bt8 1	Bt9 1	
16	Bt5 1	Bt6 2	Bt10 1	
17	Bt3 1	Bt4 1	Bt6 1	
18	Bt9 1	Bt10 1	
19	Bt1 1	Bt2 1	Bt5 1	Bt7 1	
20	Bt2 1	Bt4 1	
21	Bt5 1	Bt7 1	Bt8 1	
22	Bt2 1	Bt3 1	Bt8 1	Bt10 1	
23	Bt4 1	Bt10 1	
24	Bt5 1	Bt6 1	Bt10 2	
25	Bt4 1	Bt7 1	Bt10 1	
26	Bt3 1	Bt6 1	
27	Bt1 1	Bt2 1	Bt5 2	Bt8 1	
28	Bt1 1	Bt3 1	Bt8 1	Bt9 1	Bt10 1	
29	Bt3 1	Bt10 1	
30	Bt1 1	Bt7 1	Bt8 1	
31	Bt3 1	Bt4 1	Bt5 1	Bt7 1	
32	Bt2 1	Bt3 1	Bt4 1	Bt5 2	
33	Bt1 1	Bt4 1	Bt7 1	
34	Bt3 1	Bt5 1	Bt6 1	
35	Bt1 2	Bt6 1	Bt7 1	
36	Bt1 1	Bt5 1	Bt6 1	Bt8 1	
37	Bt1 2	Bt4 1	Bt7 1	
38	Bt3 2	
39	Bt2 1	Bt5 1	Bt7 1	Bt8 1	
40	Bt3 1	Bt5 1	Bt6 1	Bt10 2	
41	Bt4 1	Bt7 2	Bt10 1	
42	Bt2 1	Bt4 1	Bt10 1	
43	Bt2 1	Bt7 1	Bt10 1	
44	Bt4 1	Bt5 1	Bt9 1	
45	Bt1 1	Bt5 1	Bt9 1	Bt10 1	
46	Bt4 1	Bt5 1	Bt6 3	
47	Bt4 1	Bt9 1	
48	Bt2 1	Bt4 1	Bt6 1	Bt7 2	
49	Bt1 1	Bt10 1	
50	Bt1 1	Bt4 1	
51	Bt9 1	Bt10 1	
52	Bt2 1	Bt6 1	Bt8 1	Bt9 1	
53	Bt6 1	Bt8 1	
54	Bt1 1	Bt7 1	
55	Bt1 1	Bt3 1	Bt8 1	
56	Bt1 1	Bt2 2	Bt6 1	Bt7 1	
57	Bt1 1	Bt4 1	
58	Bt4 1	Bt7 1	
59	Bt4 2	Bt8 1	
60	Bt3 1	Bt5 2	Bt10 1	