Name				136_n060_m200_bt3
Number_of_Customers		60
Number_of_Items			200
Number_of_ItemTypes		3
Number_of_Vehicles		17
TimeWindows			1

VEHICLE
Mass_Capacity			12595
CargoSpace_Length		60
CargoSpace_Width		25
CargoSpace_Height		30
Wheelbase			48
Max_Mass_FrontAxle		7100
Max_Mass_RearAxle		11500
Distance_FrontAxle_CargoSpace	4

CUSTOMERS
i		x		y		Demand		ReadyTime	DueDate		ServiceTime	DemandedMass	DemandedVolume
0		35		35		0		0		1000		0		0		0
1		30		17		4		0		163		10		663.73		1018
2		8		43		5		0		961		10		785.17		1156
3		39		7		4		21		257		10		644.08		1060
4		49		64		3		29		273		10		542.29		880
5		50		42		3		0		973		10		561.94		838
6		55		56		3		0		187		10		581.59		796
7		3		42		4		802		1000		10		683.38		976
8		26		52		4		244		510		10		782.19		1188
9		44		71		3		827		989		10		423.83		710
10		65		2		3		328		580		10		443.48		668
11		26		60		3		396		628		10		700.05		966
12		47		36		4		0		977		10		900.65		1358
13		14		63		2		0		955		10		460.15		658
14		62		10		2		811		1000		10		479.8		616
15		42		50		4		0		973		10		782.19		1188
16		54		49		4		197		423		10		782.19		1188
17		70		29		4		25		273		10		821.49		1104
18		33		41		3		796		1000		10		305.37		540
19		7		59		2		100		334		10		341.69		488
20		14		38		3		0		968		10		542.29		880
21		34		7		3		657		905		10		542.29		880
22		56		31		4		168		366		10		683.38		976
23		3		17		2		274		512		10		341.69		488
24		0		25		4		0		166		10		881		1400
25		11		11		2		0		956		10		322.04		530
26		51		49		4		0		172		10		801.84		1146
27		28		35		4		747		959		10		663.73		1018
28		14		8		5		0		955		10		883.98		1368
29		37		11		5		530		718		10		785.17		1156
30		1		12		4		0		948		10		821.49		1104
31		68		42		4		558		826		10		939.95		1274
32		11		3		3		816		1000		10		443.48		668
33		34		1		3		698		978		10		561.94		838
34		45		77		2		432		632		10		460.15		658
35		40		25		3		0		978		10		700.05		966
36		64		19		2		0		956		10		479.8		616
37		37		30		4		193		495		10		782.19		1188
38		0		30		3		800		1000		10		561.94		838
39		54		36		2		82		398		10		479.8		616
40		67		24		5		728		890		10		765.52		1198
41		10		78		3		157		425		10		561.94		838
42		18		2		3		699		949		10		719.7		924
43		33		26		3		603		859		10		680.4		1008
44		52		69		3		0		951		10		581.59		796
45		36		61		5		261		523		10		785.17		1156
46		50		58		3		397		643		10		561.94		838
47		30		23		3		635		899		10		581.59		796
48		53		16		3		466		684		10		561.94		838
49		63		64		3		250		518		10		443.48		668
50		53		27		2		0		970		10		479.8		616
51		27		76		2		236		432		10		460.15		658
52		45		67		5		4		234		10		1022.09		1496
53		25		15		3		15		245		10		561.94		838
54		39		20		2		264		496		10		460.15		658
55		44		24		3		0		975		10		581.59		796
56		14		11		2		706		966		10		203.58		360
57		42		16		3		831		1000		10		443.48		668
58		4		61		5		380		566		10		883.98		1368
59		34		50		5		777		1000		10		765.52		1198
60		55		80		4		0		940		10		801.84		1146

ITEMS
Type		Length		Width		Height		Mass		Fragility	LoadBearingStrength
Bt1		10		5		7		220.25		0		15.0073793
Bt2		9		4		5		101.79		0		13.9484798
Bt3		11		7		4		239.90		1		16.3771293

DEMANDS PER CUSTOMER
i	Type Quantity
1	Bt1 1	Bt2 2	Bt3 1	
2	Bt2 3	Bt3 2	
3	Bt1 2	Bt2 2	
4	Bt1 2	Bt2 1	
5	Bt1 1	Bt2 1	Bt3 1	
6	Bt2 1	Bt3 2	
7	Bt2 2	Bt3 2	
8	Bt1 2	Bt2 1	Bt3 1	
9	Bt1 1	Bt2 2	
10	Bt2 2	Bt3 1	
11	Bt1 1	Bt3 2	
12	Bt1 3	Bt3 1	
13	Bt1 1	Bt3 1	
14	Bt3 2	
15	Bt1 2	Bt2 1	Bt3 1	
16	Bt1 2	Bt2 1	Bt3 1	
17	Bt2 1	Bt3 3	
18	Bt2 3	
19	Bt2 1	Bt3 1	
20	Bt1 2	Bt2 1	
21	Bt1 2	Bt2 1	
22	Bt2 2	Bt3 2	
23	Bt2 1	Bt3 1	
24	Bt1 4	
25	Bt1 1	Bt2 1	
26	Bt1 1	Bt2 1	Bt3 2	
27	Bt1 1	Bt2 2	Bt3 1	
28	Bt1 2	Bt2 2	Bt3 1	
29	Bt2 3	Bt3 2	
30	Bt2 1	Bt3 3	
31	Bt1 1	Bt3 3	
32	Bt2 2	Bt3 1	
33	Bt1 1	Bt2 1	Bt3 1	
34	Bt1 1	Bt3 1	
35	Bt1 1	Bt3 2	
36	Bt3 2	
37	Bt1 2	Bt2 1	Bt3 1	
38	Bt1 1	Bt2 1	Bt3 1	
39	Bt3 2	
40	Bt1 1	Bt2 3	Bt3 1	
41	Bt1 1	Bt2 1	Bt3 1	
42	Bt3 3	
43	Bt1 2	Bt3 1	
44	Bt2 1	Bt3 2	
45	Bt2 3	Bt3 2	
46	Bt1 1	Bt2 1	Bt3 1	
47	Bt2 1	Bt3 2	
48	Bt1 1	Bt2 1	Bt3 1	
49	Bt2 2	Bt3 1	
50	Bt3 2	
51	Bt1 1	Bt3 1	
52	Bt1 2	Bt2 1	Bt3 2	
53	Bt1 1	Bt2 1	Bt3 1	
54	Bt1 1	Bt3 1	
55	Bt2 1	Bt3 2	
56	Bt2 2	
57	Bt2 2	Bt3 1	
58	Bt1 2	Bt2 2	Bt3 1	
59	Bt1 1	Bt2 3	Bt3 1	
60	Bt1 1	Bt2 1	Bt3 2	