Name				137_n060_m200_bt3
Number_of_Customers		60
Number_of_Items			200
Number_of_ItemTypes		3
Number_of_Vehicles		9
TimeWindows			1

VEHICLE
Mass_Capacity			12595
CargoSpace_Length		60
CargoSpace_Width		25
CargoSpace_Height		30
Wheelbase			48
Max_Mass_FrontAxle		7100
Max_Mass_RearAxle		11500
Distance_FrontAxle_CargoSpace	4

CUSTOMERS
i		x		y		Demand		ReadyTime	DueDate		ServiceTime	DemandedMass	DemandedVolume
0		35		35		0		0		1000		0		0		0
1		22		53		5		84		354		10		752.73		1944
2		48		9		3		0		960		10		454.71		1320
3		15		77		5		0		943		10		751.8		1824
4		57		74		2		0		945		10		301.9		720
5		67		2		3		0		944		10		451.84		1152
6		4		70		3		17		235		10		447.03		936
7		57		44		2		0		966		10		301.9		720
8		69		38		4		399		589		10		601.78		1584
9		30		59		2		0		965		10		300.89		792
10		31		64		3		169		383		10		449.9		1104
11		38		72		3		0		952		10		452.77		1272
12		23		7		4		0		959		10		602.79		1512
13		4		51		5		0		955		10		756.61		2040
14		31		53		3		0		971		10		449.9		1104
15		16		72		3		0		948		10		453.78		1200
16		30		50		4		0		974		10		603.72		1632
17		31		56		4		0		968		10		603.72		1632
18		46		18		3		0		969		10		447.03		936
19		26		33		5		0		980		10		754.67		1992
20		69		80		3		368		576		10		453.78		1200
21		70		59		4		0		947		10		599.92		1344
22		34		22		5		22		262		10		749.86		1776
23		52		45		3		0		970		10		451.84		1152
24		64		19		3		780		1000		10		453.78		1200
25		64		26		4		0		959		10		604.65		1752
26		52		80		2		0		941		10		299.96		672
27		59		59		3		0		956		10		453.78		1200
28		61		21		3		0		960		10		451.84		1152
29		11		54		3		0		959		10		447.03		936
30		37		69		3		0		955		10		451.84		1152
31		12		42		5		0		965		10		756.61		2040
32		57		1		3		0		949		10		448.97		984
33		22		36		3		0		976		10		451.84		1152
34		3		27		3		0		957		10		448.97		984
35		42		4		3		0		958		10		451.84		1152
36		5		74		3		0		940		10		451.84		1152
37		11		9		4		133		355		10		600.85		1464
38		60		46		2		0		962		10		302.83		840
39		47		41		4		566		848		10		605.66		1680
40		41		80		4		0		172		10		603.72		1632
41		51		60		2		130		374		10		302.83		840
42		69		64		3		0		945		10		448.97		984
43		29		16		3		0		970		10		454.71		1320
44		27		69		2		0		955		10		298.02		624
45		43		46		3		0		976		10		451.84		1152
46		44		59		3		0		964		10		451.84		1152
47		40		54		4		640		882		10		604.65		1752
48		53		16		3		0		963		10		454.71		1320
49		34		40		3		0		984		10		450.91		1032
50		23		67		4		0		955		10		604.73		1560
51		21		25		4		0		972		10		602.79		1512
52		25		43		2		0		977		10		302.83		840
53		37		79		5		0		945		10		749.86		1776
54		11		60		5		0		955		10		748.93		1656
55		42		19		3		0		168		10		447.03		936
56		43		76		2		528		796		10		302.83		840
57		12		4		4		0		951		10		604.73		1560
58		24		49		2		749		1000		10		302.83		840
59		9		64		4		0		951		10		600.85		1464
60		58		38		3		0		966		10		449.9		1104

ITEMS
Type		Length		Width		Height		Mass		Fragility	LoadBearingStrength
Bt1		16		5		6		151.88		0		3.8384325
Bt2		13		3		8		149.01		0		34.5156266
Bt3		15		4		6		150.95		1		6.6657853

DEMANDS PER CUSTOMER
i	Type Quantity
1	Bt1 2	Bt2 2	Bt3 1	
2	Bt1 2	Bt3 1	
3	Bt1 1	Bt2 2	Bt3 2	
4	Bt3 2	
5	Bt1 1	Bt2 1	Bt3 1	
6	Bt2 3	
7	Bt3 2	
8	Bt1 2	Bt2 2	
9	Bt1 1	Bt2 1	
10	Bt1 1	Bt2 2	
11	Bt1 2	Bt2 1	
12	Bt1 1	Bt2 1	Bt3 2	
13	Bt1 2	Bt3 3	
14	Bt1 1	Bt2 2	
15	Bt1 1	Bt3 2	
16	Bt1 2	Bt2 1	Bt3 1	
17	Bt1 2	Bt2 1	Bt3 1	
18	Bt2 3	
19	Bt1 2	Bt2 1	Bt3 2	
20	Bt1 1	Bt3 2	
21	Bt2 2	Bt3 2	
22	Bt1 1	Bt2 3	Bt3 1	
23	Bt1 1	Bt2 1	Bt3 1	
24	Bt1 1	Bt3 2	
25	Bt1 3	Bt2 1	
26	Bt2 1	Bt3 1	
27	Bt1 1	Bt3 2	
28	Bt1 1	Bt2 1	Bt3 1	
29	Bt2 3	
30	Bt1 1	Bt2 1	Bt3 1	
31	Bt1 2	Bt3 3	
32	Bt2 2	Bt3 1	
33	Bt1 1	Bt2 1	Bt3 1	
34	Bt2 2	Bt3 1	
35	Bt1 1	Bt2 1	Bt3 1	
36	Bt1 1	Bt2 1	Bt3 1	
37	Bt1 1	Bt2 2	Bt3 1	
38	Bt1 1	Bt3 1	
39	Bt1 2	Bt3 2	
40	Bt1 2	Bt2 1	Bt3 1	
41	Bt1 1	Bt3 1	
42	Bt2 2	Bt3 1	
43	Bt1 2	Bt3 1	
44	Bt2 2	
45	Bt1 1	Bt2 1	Bt3 1	
46	Bt1 1	Bt2 1	Bt3 1	
47	Bt1 3	Bt2 1	
48	Bt1 2	Bt3 1	
49	Bt2 1	Bt3 2	
50	Bt1 1	Bt3 3	
51	Bt1 1	Bt2 1	Bt3 2	
52	Bt1 1	Bt3 1	
53	Bt1 1	Bt2 3	Bt3 1	
54	Bt2 3	Bt3 2	
55	Bt2 3	
56	Bt1 1	Bt3 1	
57	Bt1 1	Bt3 3	
58	Bt1 1	Bt3 1	
59	Bt1 1	Bt2 2	Bt3 1	
60	Bt1 1	Bt2 2	