Name				139_n060_m200_bt3
Number_of_Customers		60
Number_of_Items			200
Number_of_ItemTypes		3
Number_of_Vehicles		11
TimeWindows			1

VEHICLE
Mass_Capacity			12595
CargoSpace_Length		60
CargoSpace_Width		25
CargoSpace_Height		30
Wheelbase			48
Max_Mass_FrontAxle		7100
Max_Mass_RearAxle		11500
Distance_FrontAxle_CargoSpace	4

CUSTOMERS
i		x		y		Demand		ReadyTime	DueDate		ServiceTime	DemandedMass	DemandedVolume
0		35		35		0		0		1000		0		0		0
1		6		70		4		190		410		10		545.08		1000
2		17		50		4		166		406		10		1186.86		1620
3		23		39		2		552		816		10		593.43		810
4		32		42		2		0		982		10		914.32		1120
5		1		41		3		0		955		10		1002.33		1300
6		27		40		4		365		579		10		1138.6		1550
7		61		46		3		561		791		10		1002.33		1300
8		36		4		5		0		958		10		1274.87		1800
9		39		78		2		0		175		10		176.02		360
10		6		53		3		0		955		10		1050.59		1370
11		65		22		3		36		280		10		681.44		990
12		36		30		5		0		984		10		1547.5		2040
13		63		56		5		622		904		10		488.31		970
14		6		41		2		499		739		10		593.43		810
15		50		24		4		0		971		10		1459.49		1860
16		40		65		3		750		1000		10		633.18		920
17		58		76		3		771		997		10		729.7		1060
18		18		19		2		0		966		10		272.54		500
19		10		23		2		0		962		10		545.17		740
20		21		3		4		809		1000		10		769.45		1170
21		60		67		4		170		378		10		721.19		1100
22		55		49		3		0		965		10		681.44		990
23		42		46		3		0		976		10		312.29		610
24		18		44		3		0		208		10		1050.59		1370
25		26		80		2		44		300		10		545.17		740
26		30		25		5		0		978		10		953.98		1490
27		34		10		5		0		964		10		905.72		1420
28		0		22		4		294		536		10		817.71		1240
29		14		43		5		0		967		10		1916.65		2420
30		52		70		2		0		951		10		914.32		1120
31		28		55		3		177		417		10		729.7		1060
32		51		45		5		0		971		10		1644.02		2180
33		5		3		4		356		528		10		817.71		1240
34		12		48		4		0		963		10		1090.34		1480
35		13		40		2		0		967		10		176.02		360
36		47		18		2		444		634		10		593.43		810
37		58		13		3		0		958		10		681.44		990
38		10		28		3		0		964		10		681.44		990
39		59		22		2		0		962		10		593.43		810
40		0		48		2		0		153		10		593.43		810
41		1		36		4		0		955		10		400.3		790
42		69		77		4		763		993		10		400.3		790
43		14		60		4		772		1000		10		769.45		1170
44		65		76		3		99		357		10		681.44		990
45		51		65		4		740		974		10		1459.49		1860
46		47		57		3		0		964		10		1050.59		1370
47		12		53		3		0		960		10		360.55		680
48		69		66		3		0		943		10		264.03		540
49		60		41		5		0		964		10		1274.87		1800
50		46		42		3		0		976		10		1050.59		1370
51		52		39		2		0		972		10		224.28		430
52		20		32		4		617		869		10		1507.75		1930
53		22		69		5		0		953		10		1226.61		1730
54		26		32		5		81		357		10		1595.76		2110
55		14		33		4		106		356		10		1138.6		1550
56		12		65		4		0		952		10		1459.49		1860
57		14		73		2		213		459		10		224.28		430
58		28		77		2		0		947		10		914.32		1120
59		42		70		3		597		821		10		681.44		990
60		3		11		2		769		1000		10		545.17		740

ITEMS
Type		Length		Width		Height		Mass		Fragility	LoadBearingStrength
Bt1		6		5		6		88.01		0		5.9312879
Bt2		10		5		5		136.27		1		9.4642719
Bt3		14		5		8		457.16		0		114.2021212

DEMANDS PER CUSTOMER
i	Type Quantity
1	Bt2 4	
2	Bt2 2	Bt3 2	
3	Bt2 1	Bt3 1	
4	Bt3 2	
5	Bt1 1	Bt3 2	
6	Bt1 1	Bt2 1	Bt3 2	
7	Bt1 1	Bt3 2	
8	Bt1 1	Bt2 2	Bt3 2	
9	Bt1 2	
10	Bt2 1	Bt3 2	
11	Bt1 1	Bt2 1	Bt3 1	
12	Bt1 2	Bt3 3	
13	Bt1 4	Bt2 1	
14	Bt2 1	Bt3 1	
15	Bt1 1	Bt3 3	
16	Bt1 2	Bt3 1	
17	Bt2 2	Bt3 1	
18	Bt2 2	
19	Bt1 1	Bt3 1	
20	Bt1 2	Bt2 1	Bt3 1	
21	Bt1 3	Bt3 1	
22	Bt1 1	Bt2 1	Bt3 1	
23	Bt1 2	Bt2 1	
24	Bt2 1	Bt3 2	
25	Bt1 1	Bt3 1	
26	Bt1 1	Bt2 3	Bt3 1	
27	Bt1 2	Bt2 2	Bt3 1	
28	Bt1 1	Bt2 2	Bt3 1	
29	Bt1 1	Bt3 4	
30	Bt3 2	
31	Bt2 2	Bt3 1	
32	Bt2 2	Bt3 3	
33	Bt1 1	Bt2 2	Bt3 1	
34	Bt1 2	Bt3 2	
35	Bt1 2	
36	Bt2 1	Bt3 1	
37	Bt1 1	Bt2 1	Bt3 1	
38	Bt1 1	Bt2 1	Bt3 1	
39	Bt2 1	Bt3 1	
40	Bt2 1	Bt3 1	
41	Bt1 3	Bt2 1	
42	Bt1 3	Bt2 1	
43	Bt1 2	Bt2 1	Bt3 1	
44	Bt1 1	Bt2 1	Bt3 1	
45	Bt1 1	Bt3 3	
46	Bt2 1	Bt3 2	
47	Bt1 1	Bt2 2	
48	Bt1 3	
49	Bt1 1	Bt2 2	Bt3 2	
50	Bt2 1	Bt3 2	
51	Bt1 1	Bt2 1	
52	Bt2 1	Bt3 3	
53	Bt1 2	Bt2 1	Bt3 2	
54	Bt1 1	Bt2 1	Bt3 3	
55	Bt1 1	Bt2 1	Bt3 2	
56	Bt1 1	Bt3 3	
57	Bt1 1	Bt2 1	
58	Bt3 2	
59	Bt1 1	Bt2 1	Bt3 1	
60	Bt1 1	Bt3 1	