Name				141_n060_m200_bt10
Number_of_Customers		60
Number_of_Items			200
Number_of_ItemTypes		10
Number_of_Vehicles		18
TimeWindows			1

VEHICLE
Mass_Capacity			12595
CargoSpace_Length		60
CargoSpace_Width		25
CargoSpace_Height		30
Wheelbase			48
Max_Mass_FrontAxle		7100
Max_Mass_RearAxle		11500
Distance_FrontAxle_CargoSpace	4

CUSTOMERS
i		x		y		Demand		ReadyTime	DueDate		ServiceTime	DemandedMass	DemandedVolume
0		35		35		0		0		1000		0		0		0
1		9		47		2		787		1000		10		295.22		314
2		39		19		4		0		176		10		1289.6		1230
3		54		29		2		393		657		10		290.24		246
4		52		61		5		347		567		10		1832.53		1794
5		24		31		3		612		870		10		422.5		486
6		66		20		3		421		667		10		384.83		402
7		55		77		3		800		1000		10		1136.76		1008
8		7		4		3		348		518		10		540.74		632
9		41		49		3		152		372		10		595.95		634
10		18		35		4		726		928		10		986.48		1148
11		22		8		3		756		976		10		944.79		698
12		47		25		5		240		516		10		683.56		896
13		10		4		4		405		625		10		896.68		954
14		22		59		4		184		410		10		542.65		692
15		69		71		3		583		837		10		377.41		336
16		28		68		4		144		426		10		1159.99		862
17		61		0		4		176		398		10		1769.77		972
18		20		28		4		332		538		10		421.4		618
19		60		39		2		715		967		10		679.7		756
20		11		63		3		158		370		10		732.71		942
21		1		37		4		673		895		10		850.54		618
22		41		63		3		499		761		10		323.04		390
23		0		51		4		579		847		10		1045.57		1270
24		19		18		2		491		711		10		793.43		950
25		70		68		2		390		620		10		235.87		300
26		64		29		3		309		569		10		498.93		536
27		65		10		2		761		1000		10		374		252
28		1		40		3		657		915		10		561		378
29		36		67		5		148		400		10		1057.11		1092
30		20		0		3		781		1000		10		607.51		712
31		12		72		4		188		490		10		1081.56		890
32		63		50		3		692		964		10		607.88		652
33		53		58		2		74		336		10		290.24		246
34		15		8		5		605		839		10		974.1		1132
35		67		76		2		278		560		10		660.13		408
36		13		53		3		483		689		10		305.21		408
37		45		80		2		387		677		10		185.9		258
38		53		6		4		0		239		10		447.88		564
39		45		46		3		0		199		10		1001.48		1174
40		1		72		3		840		1000		10		690.53		906
41		44		56		4		126		378		10		1465.69		1366
42		8		51		3		622		820		10		809.51		864
43		64		1		5		635		925		10		692.35		674
44		68		28		3		567		833		10		683.11		840
45		8		35		3		243		551		10		301.07		396
46		4		59		4		415		615		10		1292.55		1592
47		27		59		4		125		363		10		542.28		752
48		69		58		3		466		730		10		1148.69		1026
49		23		56		3		293		545		10		842.62		582
50		64		70		4		678		898		10		1622.56		1120
51		6		64		3		251		461		10		393.95		482
52		28		49		3		268		518		10		536.23		680
53		1		30		5		140		348		10		1280.12		1094
54		56		46		2		526		768		10		1113.78		576
55		3		21		3		99		235		10		695.04		858
56		60		64		3		186		362		10		728.2		990
57		57		23		2		583		795		10		387.9		410
58		32		5		5		192		458		10		1153.81		1112
59		29		42		4		652		878		10		1513.61		1004
60		20		15		4		488		744		10		685.56		722

ITEMS
Type		Length		Width		Height		Mass		Fragility	LoadBearingStrength
Bt1		14		3		3		187		0		17.4179655
Bt2		8		7		3		98.73		0		98.5681289
Bt3		15		6		7		492.70		0		162.1974410
Bt4		6		4		5		103.24		1		6.7212873
Bt5		10		4		8		300.73		0		33.9504483
Bt6		12		3		3		99.10		0		13.0275101
Bt7		8		6		6		556.89		0		215.3119316
Bt8		10		3		3		87.17		0		13.4338599
Bt9		14		4		4		208.05		0		53.7623356
Bt10		6		4		8		136.77		1		6.0481589

DEMANDS PER CUSTOMER
i	Type Quantity
1	Bt8 1	Bt9 1	
2	Bt3 1	Bt4 1	Bt7 1	Bt10 1	
3	Bt1 1	Bt4 1	
4	Bt1 1	Bt3 2	Bt4 1	Bt7 1	
5	Bt1 1	Bt2 1	Bt10 1	
6	Bt1 1	Bt2 1	Bt6 1	
7	Bt3 1	Bt7 1	Bt8 1	
8	Bt4 1	Bt5 1	Bt10 1	
9	Bt5 1	Bt8 1	Bt9 1	
10	Bt1 1	Bt2 1	Bt3 1	Bt9 1	
11	Bt5 1	Bt7 1	Bt8 1	
12	Bt2 1	Bt4 1	Bt9 1	Bt10 2	
13	Bt5 2	Bt8 1	Bt9 1	
14	Bt2 1	Bt6 1	Bt9 1	Bt10 1	
15	Bt1 1	Bt4 1	Bt8 1	
16	Bt1 1	Bt7 1	Bt9 2	
17	Bt6 1	Bt7 3	
18	Bt2 2	Bt8 1	Bt10 1	
19	Bt1 1	Bt3 1	
20	Bt3 1	Bt4 1	Bt10 1	
21	Bt4 2	Bt7 1	Bt8 1	
22	Bt6 1	Bt8 1	Bt10 1	
23	Bt3 1	Bt9 2	Bt10 1	
24	Bt3 1	Bt5 1	
25	Bt6 1	Bt10 1	
26	Bt5 1	Bt6 2	
27	Bt1 2	
28	Bt1 3	
29	Bt1 2	Bt3 1	Bt4 1	Bt8 1	
30	Bt2 1	Bt5 1	Bt9 1	
31	Bt5 1	Bt7 1	Bt8 1	Bt10 1	
32	Bt5 1	Bt6 1	Bt9 1	
33	Bt1 1	Bt4 1	
34	Bt5 2	Bt6 1	Bt10 2	
35	Bt4 1	Bt7 1	
36	Bt2 1	Bt4 2	
37	Bt2 1	Bt8 1	
38	Bt8 2	Bt10 2	
39	Bt3 1	Bt5 1	Bt9 1	
40	Bt2 1	Bt3 1	Bt6 1	
41	Bt3 1	Bt7 1	Bt9 2	
42	Bt5 2	Bt9 1	
43	Bt1 1	Bt6 3	Bt9 1	
44	Bt3 1	Bt4 1	Bt8 1	
45	Bt2 1	Bt4 1	Bt6 1	
46	Bt3 2	Bt6 1	Bt9 1	
47	Bt2 2	Bt9 1	Bt10 1	
48	Bt3 1	Bt6 1	Bt7 1	
49	Bt1 1	Bt2 1	Bt7 1	
50	Bt5 1	Bt7 2	Bt9 1	
51	Bt2 1	Bt8 1	Bt9 1	
52	Bt2 1	Bt5 1	Bt10 1	
53	Bt1 1	Bt2 1	Bt5 1	Bt7 1	Bt10 1	
54	Bt7 2	
55	Bt3 1	Bt4 1	Bt6 1	
56	Bt2 1	Bt3 1	Bt10 1	
57	Bt5 1	Bt8 1	
58	Bt2 3	Bt5 1	Bt7 1	
59	Bt5 1	Bt6 1	Bt7 2	
60	Bt1 1	Bt2 1	Bt5 1	Bt6 1	