Name				143_n060_m200_bt10
Number_of_Customers		60
Number_of_Items			200
Number_of_ItemTypes		10
Number_of_Vehicles		10
TimeWindows			1

VEHICLE
Mass_Capacity			12595
CargoSpace_Length		60
CargoSpace_Width		25
CargoSpace_Height		30
Wheelbase			48
Max_Mass_FrontAxle		7100
Max_Mass_RearAxle		11500
Distance_FrontAxle_CargoSpace	4

CUSTOMERS
i		x		y		Demand		ReadyTime	DueDate		ServiceTime	DemandedMass	DemandedVolume
0		35		35		0		0		1000		0		0		0
1		56		44		5		781		997		10		1087.19		2490
2		48		45		3		0		973		10		428.65		1188
3		61		55		3		0		957		10		487.33		1542
4		67		28		3		0		957		10		656.71		1560
5		35		61		5		0		964		10		641.55		2276
6		27		14		2		0		967		10		394.17		1032
7		58		55		5		450		686		10		919.04		2358
8		53		66		3		0		954		10		512.53		1436
9		32		49		2		89		313		10		259.15		726
10		13		58		3		0		958		10		523.18		1320
11		54		37		3		0		970		10		594.62		1674
12		70		58		5		0		948		10		881.5		2574
13		64		54		3		177		435		10		822.68		2046
14		38		28		3		757		963		10		489.34		1392
15		70		47		4		0		157		10		709.6		1392
16		45		67		3		597		887		10		656.71		1560
17		66		63		3		0		948		10		512.53		1436
18		21		58		3		0		963		10		647.2		1452
19		5		42		4		193		423		10		509.62		1484
20		68		80		2		0		934		10		478		1278
21		7		34		3		0		961		10		476.18		756
22		38		44		5		0		980		10		851.2		2186
23		37		23		5		0		243		10		726.43		1914
24		35		49		3		0		976		10		662.51		1848
25		53		56		5		0		962		10		1013.94		2598
26		68		41		3		0		956		10		360.39		906
27		53		40		4		0		971		10		832.36		2600
28		38		38		2		500		742		10		178.5		552
29		16		70		4		694		926		10		722.19		1898
30		64		9		3		0		951		10		566.03		1634
31		18		34		3		0		972		10		268.48		990
32		15		33		4		0		969		10		440.13		1212
33		43		6		4		0		959		10		688.54		2226
34		61		71		4		558		792		10		616.69		2120
35		27		42		4		0		979		10		466.63		1260
36		2		24		3		0		955		10		455.29		1146
37		52		50		3		87		291		10		647.55		1742
38		10		48		3		0		961		10		524.57		1038
39		55		47		4		0		966		10		505.13		1700
40		40		76		3		0		948		10		350.01		864
41		53		8		2		0		957		10		613.02		1584
42		22		40		4		0		976		10		992.23		2510
43		16		74		2		0		946		10		221		576
44		60		61		3		0		953		10		499.72		1434
45		17		23		4		0		968		10		591.71		1722
46		52		70		3		0		951		10		362.25		1080
47		56		28		2		0		967		10		235.39		552
48		10		25		3		0		963		10		362.4		756
49		16		80		3		666		940		10		364.4		840
50		66		49		4		0		955		10		628.95		1218
51		0		8		4		0		945		10		652.71		1392
52		19		72		5		0		949		10		748.49		2118
53		42		29		4		0		980		10		687.63		1572
54		39		69		2		540		716		10		613.02		1584
55		47		70		2		0		953		10		312.03		792
56		57		39		3		0		967		10		548.33		1212
57		8		63		2		0		951		10		245.63		684
58		65		22		3		0		957		10		309.12		840
59		6		25		2		0		959		10		314.04		642
60		13		78		4		0		941		10		572.61		2122

ITEMS
Type		Length		Width		Height		Mass		Fragility	LoadBearingStrength
Bt1		11		4		6		49.49		0		6.1590317
Bt2		11		5		6		102.37		0		22.4630609
Bt3		17		6		8		268.34		1		16.5618738
Bt4		11		6		6		116.62		0		6.3336218
Bt5		16		6		8		344.68		0		9.1560267
Bt6		6		6		8		185.90		0		37.8060852
Bt7		11		7		6		209.66		1		3.6643839
Bt8		6		6		8		129.01		0		6.8803047
Bt9		14		7		7		116.97		0		13.9594977
Bt10		15		2		6		104.38		0		50.9912221

DEMANDS PER CUSTOMER
i	Type Quantity
1	Bt2 1	Bt3 1	Bt5 1	Bt6 2	
2	Bt2 1	Bt4 1	Bt7 1	
3	Bt2 1	Bt3 1	Bt4 1	
4	Bt2 1	Bt5 1	Bt7 1	
5	Bt1 1	Bt2 1	Bt3 1	Bt9 1	Bt10 1	
6	Bt1 1	Bt5 1	
7	Bt2 1	Bt3 1	Bt7 2	Bt8 1	
8	Bt6 1	Bt7 1	Bt9 1	
9	Bt1 1	Bt7 1	
10	Bt1 1	Bt5 1	Bt8 1	
11	Bt3 1	Bt4 1	Bt7 1	
12	Bt1 1	Bt2 1	Bt3 1	Bt4 1	Bt5 1	
13	Bt3 1	Bt5 1	Bt7 1	
14	Bt3 1	Bt4 1	Bt10 1	
15	Bt6 1	Bt7 2	Bt10 1	
16	Bt2 1	Bt5 1	Bt7 1	
17	Bt6 1	Bt7 1	Bt9 1	
18	Bt4 1	Bt5 1	Bt6 1	
19	Bt2 1	Bt6 1	Bt9 1	Bt10 1	
20	Bt3 1	Bt7 1	
21	Bt6 2	Bt10 1	
22	Bt6 1	Bt7 2	Bt8 1	Bt9 1	
23	Bt2 3	Bt7 2	
24	Bt1 1	Bt3 1	Bt5 1	
25	Bt3 1	Bt4 1	Bt7 3	
26	Bt2 1	Bt8 2	
27	Bt2 1	Bt3 1	Bt5 1	Bt9 1	
28	Bt1 1	Bt8 1	
29	Bt6 1	Bt7 2	Bt9 1	
30	Bt5 1	Bt9 1	Bt10 1	
31	Bt1 1	Bt2 1	Bt4 1	
32	Bt1 1	Bt2 2	Bt6 1	
33	Bt1 1	Bt2 1	Bt3 2	
34	Bt2 1	Bt3 1	Bt8 1	Bt9 1	
35	Bt4 2	Bt8 1	Bt10 1	
36	Bt4 1	Bt7 1	Bt8 1	
37	Bt5 1	Bt6 1	Bt9 1	
38	Bt6 1	Bt7 1	Bt8 1	
39	Bt1 1	Bt7 1	Bt8 1	Bt9 1	
40	Bt4 1	Bt8 1	Bt10 1	
41	Bt3 1	Bt5 1	
42	Bt5 2	Bt6 1	Bt9 1	
43	Bt4 1	Bt10 1	
44	Bt2 1	Bt3 1	Bt8 1	
45	Bt2 1	Bt3 1	Bt4 1	Bt10 1	
46	Bt4 2	Bt8 1	
47	Bt1 1	Bt6 1	
48	Bt8 2	Bt10 1	
49	Bt1 1	Bt6 1	Bt8 1	
50	Bt6 1	Bt7 1	Bt8 1	Bt10 1	
51	Bt7 2	Bt8 1	Bt10 1	
52	Bt1 1	Bt3 1	Bt4 1	Bt7 1	Bt10 1	
53	Bt3 1	Bt6 1	Bt8 1	Bt10 1	
54	Bt3 1	Bt5 1	
55	Bt2 1	Bt7 1	
56	Bt7 2	Bt8 1	
57	Bt4 1	Bt8 1	
58	Bt2 2	Bt10 1	
59	Bt7 1	Bt10 1	
60	Bt7 1	Bt8 1	Bt9 2	