Name				145_n060_m200_bt10
Number_of_Customers		60
Number_of_Items			200
Number_of_ItemTypes		10
Number_of_Vehicles		9
TimeWindows			1

VEHICLE
Mass_Capacity			12595
CargoSpace_Length		60
CargoSpace_Width		25
CargoSpace_Height		30
Wheelbase			48
Max_Mass_FrontAxle		7100
Max_Mass_RearAxle		11500
Distance_FrontAxle_CargoSpace	4

CUSTOMERS
i		x		y		Demand		ReadyTime	DueDate		ServiceTime	DemandedMass	DemandedVolume
0		35		35		0		0		1000		0		0		0
1		53		70		4		0		950		10		651.38		978
2		51		59		4		0		961		10		476.26		936
3		57		31		4		0		967		10		559.51		978
4		42		51		4		614		888		10		580.97		756
5		29		65		2		0		959		10		352.95		516
6		19		21		3		89		335		10		435.08		840
7		17		3		3		96		356		10		502.74		804
8		41		76		3		0		948		10		351.01		675
9		52		14		2		0		962		10		216.57		306
10		3		56		4		0		951		10		440.13		1014
11		56		18		2		0		962		10		235.81		510
12		4		68		2		0		944		10		216.57		306
13		22		27		2		0		974		10		320.69		612
14		32		13		4		0		967		10		354.46		609
15		45		44		5		0		976		10		585.26		981
16		15		54		3		0		962		10		358.68		852
17		15		78		4		0		942		10		443.91		771
18		1		28		4		247		445		10		695.08		1035
19		23		23		5		850		1000		10		720.84		1344
20		34		41		4		0		983		10		513.78		744
21		1		51		2		0		952		10		216.57		306
22		35		30		3		0		985		10		413.59		708
23		47		64		3		367		603		10		351.01		675
24		29		21		3		0		974		10		466.61		882
25		5		12		5		0		952		10		614.75		1326
26		10		19		4		386		642		10		534.89		780
27		14		3		5		0		951		10		412.42		816
28		60		73		5		0		944		10		715.74		1158
29		42		68		3		0		956		10		415.07		738
30		59		50		5		0		961		10		680.81		1050
31		9		70		4		0		946		10		540.98		906
32		35		5		2		0		960		10		201.95		366
33		31		8		3		0		962		10		496.93		894
34		5		64		2		38		314		10		352.1		444
35		38		1		3		0		955		10		255.8		420
36		57		1		3		0		949		10		367.21		666
37		20		66		4		0		955		10		459.26		690
38		7		1		4		0		945		10		513.43		1002
39		66		52		2		151		415		10		143.98		429
40		4		5		4		780		1000		10		472.19		654
41		65		27		4		0		958		10		327.54		663
42		64		35		2		0		961		10		228.87		312
43		9		66		2		0		949		10		208.89		564
44		66		11		3		361		635		10		301.79		660
45		1		34		2		27		257		10		193.93		423
46		4		44		5		0		957		10		491.11		987
47		46		18		2		0		969		10		192.74		390
48		43		79		3		0		945		10		406.71		834
49		2		19		3		0		953		10		335.59		480
50		24		63		5		0		959		10		647.9		1338
51		68		42		2		0		956		10		316.82		594
52		12		66		2		0		951		10		216.57		306
53		47		8		3		293		523		10		366.36		594
54		10		54		2		0		958		10		306.87		540
55		50		71		5		0		951		10		702.76		1377
56		68		24		5		0		955		10		587.94		966
57		63		53		2		0		956		10		234.96		438
58		28		11		2		0		965		10		190.5		432
59		49		37		5		221		439		10		702.76		1377
60		25		27		4		559		841		10		311.39		489

ITEMS
Type		Length		Width		Height		Mass		Fragility	LoadBearingStrength
Bt1		9		4		8		149.79		0		18.2743497
Bt2		16		3		3		135.12		0		28.1858872
Bt3		10		5		6		216.98		0		47.7190738
Bt4		9		6		6		170.90		1		3.0542681
Bt5		9		5		3		44.14		0		26.2831584
Bt6		6		4		4		92.90		1		6.5681103
Bt7		7		6		7		99.84		0		33.7265687
Bt8		9		6		3		81.45		0		9.4300249
Bt9		9		5		6		109.05		0		24.2783507
Bt10		12		3		6		135.97		0		34.8249587

DEMANDS PER CUSTOMER
i	Type Quantity
1	Bt3 2	Bt8 1	Bt10 1	
2	Bt1 1	Bt8 1	Bt9 1	Bt10 1	
3	Bt1 1	Bt3 1	Bt6 1	Bt7 1	
4	Bt2 1	Bt3 1	Bt6 1	Bt10 1	
5	Bt3 1	Bt10 1	
6	Bt3 1	Bt9 2	
7	Bt1 1	Bt3 1	Bt10 1	
8	Bt4 1	Bt5 1	Bt10 1	
9	Bt2 1	Bt8 1	
10	Bt1 1	Bt7 1	Bt8 1	Bt9 1	
11	Bt7 1	Bt10 1	
12	Bt2 1	Bt8 1	
13	Bt1 1	Bt4 1	
14	Bt5 1	Bt6 1	Bt8 1	Bt10 1	
15	Bt1 1	Bt3 1	Bt5 1	Bt6 1	Bt8 1	
16	Bt1 1	Bt7 1	Bt9 1	
17	Bt4 1	Bt5 1	Bt6 1	Bt10 1	
18	Bt3 3	Bt5 1	
19	Bt1 1	Bt3 1	Bt9 2	Bt10 1	
20	Bt1 1	Bt2 1	Bt6 1	Bt10 1	
21	Bt2 1	Bt8 1	
22	Bt1 1	Bt4 1	Bt6 1	
23	Bt4 1	Bt5 1	Bt10 1	
24	Bt1 1	Bt3 1	Bt7 1	
25	Bt2 1	Bt4 1	Bt7 2	Bt9 1	
26	Bt2 1	Bt4 1	Bt6 1	Bt10 1	
27	Bt1 1	Bt5 2	Bt6 1	Bt8 1	
28	Bt2 1	Bt3 1	Bt4 1	Bt6 1	Bt7 1	
29	Bt2 1	Bt4 1	Bt9 1	
30	Bt2 1	Bt3 1	Bt6 1	Bt7 1	Bt10 1	
31	Bt2 2	Bt4 1	Bt7 1	
32	Bt6 1	Bt9 1	
33	Bt3 1	Bt4 1	Bt9 1	
34	Bt2 1	Bt3 1	
35	Bt6 1	Bt8 2	
36	Bt1 1	Bt8 1	Bt10 1	
37	Bt1 1	Bt2 1	Bt6 1	Bt8 1	
38	Bt1 1	Bt4 1	Bt6 1	Bt7 1	
39	Bt5 1	Bt7 1	
40	Bt2 2	Bt6 1	Bt9 1	
41	Bt5 1	Bt6 1	Bt8 1	Bt9 1	
42	Bt6 1	Bt10 1	
43	Bt7 1	Bt9 1	
44	Bt6 1	Bt7 1	Bt9 1	
45	Bt1 1	Bt5 1	
46	Bt5 1	Bt6 1	Bt9 2	Bt10 1	
47	Bt6 1	Bt7 1	
48	Bt4 1	Bt7 1	Bt10 1	
49	Bt1 1	Bt6 2	
50	Bt1 1	Bt3 1	Bt7 2	Bt8 1	
51	Bt3 1	Bt7 1	
52	Bt2 1	Bt8 1	
53	Bt1 1	Bt2 1	Bt8 1	
54	Bt4 1	Bt10 1	
55	Bt3 1	Bt4 2	Bt5 1	Bt7 1	
56	Bt1 1	Bt4 1	Bt6 2	Bt8 1	
57	Bt2 1	Bt7 1	
58	Bt8 1	Bt9 1	
59	Bt3 1	Bt4 2	Bt5 1	Bt7 1	
60	Bt5 1	Bt6 2	Bt8 1	