Name				151_n060_m200_bt3
Number_of_Customers		60
Number_of_Items			200
Number_of_ItemTypes		3
Number_of_Vehicles		26
TimeWindows			1

VEHICLE
Mass_Capacity			12595
CargoSpace_Length		60
CargoSpace_Width		25
CargoSpace_Height		30
Wheelbase			48
Max_Mass_FrontAxle		7100
Max_Mass_RearAxle		11500
Distance_FrontAxle_CargoSpace	4

CUSTOMERS
i		x		y		Demand		ReadyTime	DueDate		ServiceTime	DemandedMass	DemandedVolume
0		35		35		0		0		1000		0		0		0
1		16		51		2		712		952		10		958.48		3864
2		58		70		3		205		455		10		1528.57		9240
3		18		25		4		695		965		10		1916.96		7728
4		3		80		2		75		287		10		1351.2		3120
5		5		77		5		307		561		10		2094.33		13848
6		36		23		3		466		730		10		848.64		6912
7		26		16		4		517		755		10		2491.38		13872
8		16		61		5		0		206		10		2094.33		13848
9		39		33		4		320		558		10		1811.45		11544
10		24		75		2		814		1000		10		958.48		3864
11		48		80		2		159		409		10		1351.2		3120
12		33		67		3		65		301		10		1528.57		9240
13		49		55		3		653		871		10		1634.08		5424
14		49		28		4		630		892		10		1705.94		15360
15		63		71		3		126		388		10		1423.06		13056
16		37		18		2		445		699		10		958.48		3864
17		46		1		2		552		774		10		1351.2		3120
18		11		29		5		110		348		10		2592.56		9288
19		22		38		2		739		973		10		1140.18		10752
20		52		44		4		506		702		10		2204.17		10800
21		54		14		5		207		479		10		2879.77		12360
22		53		80		2		642		896		10		958.48		3864
23		31		55		2		305		535		10		1245.69		6936
24		45		73		3		216		484		10		1815.78		12312
25		53		57		3		0		276		10		1921.29		8496
26		29		16		3		129		373		10		1815.78		12312
27		61		21		5		462		758		10		2774.26		16176
28		2		59		4		635		867		10		2596.89		10056
29		21		66		3		0		238		10		1528.57		9240
30		3		69		4		653		867		10		1705.94		15360
31		30		52		2		28		246		10		852.97		7680
32		34		27		5		226		456		10		2094.33		13848
33		11		9		5		208		406		10		2879.77		12360
34		21		42		3		558		814		10		1528.57		9240
35		70		12		5		291		523		10		2487.05		13104
36		66		42		5		811		1000		10		2094.33		13848
37		40		77		3		565		771		10		1241.36		6168
38		48		4		3		799		1000		10		1921.29		8496
39		33		38		3		3		213		10		1815.78		12312
40		45		16		4		180		420		10		2204.17		10800
41		58		48		5		619		819		10		2487.05		13104
42		32		19		3		0		222		10		1815.78		12312
43		27		77		3		100		308		10		1815.78		12312
44		41		4		2		849		1000		10		1245.69		6936
45		58		29		4		792		1000		10		2098.66		14616
46		30		75		2		525		729		10		958.48		3864
47		57		13		5		613		815		10		2094.33		13848
48		39		65		2		296		494		10		565.76		4608
49		10		15		3		806		1000		10		1528.57		9240
50		18		15		3		738		994		10		1921.29		8496
51		47		33		3		280		534		10		1634.08		5424
52		10		33		5		75		289		10		1414.4		11520
53		17		47		2		447		695		10		1245.69		6936
54		2		35		2		337		611		10		852.97		7680
55		50		48		4		0		199		10		1524.24		8472
56		59		9		3		200		424		10		1241.36		6168
57		66		64		3		739		981		10		1528.57		9240
58		43		59		3		184		454		10		1241.36		6168
59		40		1		4		359		571		10		1916.96		7728
60		10		37		3		20		310		10		1634.08		5424

ITEMS
Type		Length		Width		Height		Mass		Fragility	LoadBearingStrength
Bt1		16		12		12		282.88		0		2.9788584
Bt2		20		6		13		675.60		1		8.0629314
Bt3		32		12		14		570.09		0		20.6299451

DEMANDS PER CUSTOMER
i	Type Quantity
1	Bt1 1	Bt2 1	
2	Bt1 1	Bt2 1	Bt3 1	
3	Bt1 2	Bt2 2	
4	Bt2 2	
5	Bt1 3	Bt2 1	Bt3 1	
6	Bt1 3	
7	Bt2 2	Bt3 2	
8	Bt1 3	Bt2 1	Bt3 1	
9	Bt1 2	Bt2 1	Bt3 1	
10	Bt1 1	Bt2 1	
11	Bt2 2	
12	Bt1 1	Bt2 1	Bt3 1	
13	Bt1 1	Bt2 2	
14	Bt1 2	Bt3 2	
15	Bt1 1	Bt3 2	
16	Bt1 1	Bt2 1	
17	Bt2 2	
18	Bt1 2	Bt2 3	
19	Bt3 2	
20	Bt1 1	Bt2 2	Bt3 1	
21	Bt1 1	Bt2 3	Bt3 1	
22	Bt1 1	Bt2 1	
23	Bt2 1	Bt3 1	
24	Bt2 1	Bt3 2	
25	Bt2 2	Bt3 1	
26	Bt2 1	Bt3 2	
27	Bt1 1	Bt2 2	Bt3 2	
28	Bt2 3	Bt3 1	
29	Bt1 1	Bt2 1	Bt3 1	
30	Bt1 2	Bt3 2	
31	Bt1 1	Bt3 1	
32	Bt1 3	Bt2 1	Bt3 1	
33	Bt1 1	Bt2 3	Bt3 1	
34	Bt1 1	Bt2 1	Bt3 1	
35	Bt1 2	Bt2 2	Bt3 1	
36	Bt1 3	Bt2 1	Bt3 1	
37	Bt1 2	Bt2 1	
38	Bt2 2	Bt3 1	
39	Bt2 1	Bt3 2	
40	Bt1 1	Bt2 2	Bt3 1	
41	Bt1 2	Bt2 2	Bt3 1	
42	Bt2 1	Bt3 2	
43	Bt2 1	Bt3 2	
44	Bt2 1	Bt3 1	
45	Bt1 1	Bt2 1	Bt3 2	
46	Bt1 1	Bt2 1	
47	Bt1 3	Bt2 1	Bt3 1	
48	Bt1 2	
49	Bt1 1	Bt2 1	Bt3 1	
50	Bt2 2	Bt3 1	
51	Bt1 1	Bt2 2	
52	Bt1 5	
53	Bt2 1	Bt3 1	
54	Bt1 1	Bt3 1	
55	Bt1 3	Bt2 1	
56	Bt1 2	Bt2 1	
57	Bt1 1	Bt2 1	Bt3 1	
58	Bt1 2	Bt2 1	
59	Bt1 2	Bt2 2	
60	Bt1 1	Bt2 2	