Name				152_n060_m200_bt3
Number_of_Customers		60
Number_of_Items			200
Number_of_ItemTypes		3
Number_of_Vehicles		22
TimeWindows			1

VEHICLE
Mass_Capacity			12595
CargoSpace_Length		60
CargoSpace_Width		25
CargoSpace_Height		30
Wheelbase			48
Max_Mass_FrontAxle		7100
Max_Mass_RearAxle		11500
Distance_FrontAxle_CargoSpace	4

CUSTOMERS
i		x		y		Demand		ReadyTime	DueDate		ServiceTime	DemandedMass	DemandedVolume
0		35		35		0		0		1000		0		0		0
1		20		9		2		696		938		10		1082.56		3788
2		48		36		3		0		976		10		1463.29		4760
3		56		16		3		543		739		10		1494.56		5660
4		6		22		4		295		523		10		1616.73		6588
5		41		78		5		601		817		10		2224.75		6704
6		58		63		3		0		953		10		1494.56		5660
7		51		16		2		724		930		10		1113.83		4688
8		62		0		2		0		945		10		1403.66		5632
9		32		61		5		0		963		10		2287.29		8504
10		38		21		5		0		975		10		2318.56		9404
11		17		40		4		0		971		10		1906.56		7532
12		43		17		4		0		970		10		1875.29		6632
13		57		43		2		108		408		10		824		3744
14		54		24		3		0		968		10		2105.49		8448
15		37		9		5		360		588		10		2256.02		7604
16		40		4		3		0		958		10		1494.56		5660
17		30		48		3		239		495		10		1784.39		6604
18		10		62		3		616		840		10		1236		5616
19		26		48		2		302		576		10		1113.83		4688
20		68		59		4		0		949		10		2517.49		10320
21		29		57		4		0		967		10		2196.39		8476
22		8		80		3		0		937		10		1204.73		4716
23		40		65		5		400		616		10		2287.29		8504
24		52		77		2		0		944		10		824		3744
25		42		11		3		447		701		10		1815.66		7504
26		8		51		3		0		958		10		1815.66		7504
27		19		69		3		586		764		10		1142.19		2916
28		29		20		2		807		1000		10		1082.56		3788
29		29		34		4		405		679		10		1616.73		6588
30		51		28		3		848		1000		10		1815.66		7504
31		68		0		5		413		605		10		2898.22		11292
32		10		23		4		574		746		10		2517.49		10320
33		58		72		3		0		946		10		1784.39		6604
34		34		1		4		0		955		10		1875.29		6632
35		70		9		5		0		946		10		2318.56		9404
36		5		53		3		0		955		10		1463.29		4760
37		69		47		3		0		953		10		1236		5616
38		60		42		2		0		964		10		1082.56		3788
39		8		3		3		624		810		10		1494.56		5660
40		44		32		4		356		616		10		1875.29		6632
41		37		24		3		506		708		10		1204.73		4716
42		12		5		2		670		898		10		792.73		2844
43		42		69		4		0		955		10		1844.02		5732
44		35		69		4		2		260		10		1875.29		6632
45		0		60		4		201		451		10		1875.29		6632
46		21		0		3		768		1000		10		1494.56		5660
47		12		8		2		312		582		10		1403.66		5632
48		1		21		4		0		953		10		2165.12		7576
49		64		73		2		0		942		10		1403.66		5632
50		60		52		2		0		959		10		1082.56		3788
51		55		76		4		71		275		10		2196.39		8476
52		39		52		2		0		972		10		1113.83		4688
53		32		19		5		572		802		10		2577.12		9448
54		38		48		4		197		495		10		2486.22		9420
55		57		5		4		0		952		10		1906.56		7532
56		26		14		2		0		967		10		824		3744
57		32		71		2		0		953		10		792.73		2844
58		21		16		5		805		1000		10		2898.22		11292
59		39		55		3		0		969		10		1525.83		6560
60		61		34		4		0		963		10		1937.83		8432

ITEMS
Type		Length		Width		Height		Mass		Fragility	LoadBearingStrength
Bt1		12		9		9		380.73		1		4.4259626
Bt2		16		13		9		412		0		12.4752423
Bt3		32		8		11		701.83		0		10.2422325

DEMANDS PER CUSTOMER
i	Type Quantity
1	Bt1 1	Bt3 1	
2	Bt1 2	Bt3 1	
3	Bt1 1	Bt2 1	Bt3 1	
4	Bt1 1	Bt2 3	
5	Bt1 4	Bt3 1	
6	Bt1 1	Bt2 1	Bt3 1	
7	Bt2 1	Bt3 1	
8	Bt3 2	
9	Bt1 2	Bt2 2	Bt3 1	
10	Bt1 1	Bt2 3	Bt3 1	
11	Bt1 1	Bt2 2	Bt3 1	
12	Bt1 2	Bt2 1	Bt3 1	
13	Bt2 2	
14	Bt3 3	
15	Bt1 3	Bt2 1	Bt3 1	
16	Bt1 1	Bt2 1	Bt3 1	
17	Bt1 1	Bt3 2	
18	Bt2 3	
19	Bt2 1	Bt3 1	
20	Bt2 1	Bt3 3	
21	Bt1 1	Bt2 1	Bt3 2	
22	Bt1 1	Bt2 2	
23	Bt1 2	Bt2 2	Bt3 1	
24	Bt2 2	
25	Bt2 1	Bt3 2	
26	Bt2 1	Bt3 2	
27	Bt1 3	
28	Bt1 1	Bt3 1	
29	Bt1 1	Bt2 3	
30	Bt2 1	Bt3 2	
31	Bt1 1	Bt2 1	Bt3 3	
32	Bt2 1	Bt3 3	
33	Bt1 1	Bt3 2	
34	Bt1 2	Bt2 1	Bt3 1	
35	Bt1 1	Bt2 3	Bt3 1	
36	Bt1 2	Bt3 1	
37	Bt2 3	
38	Bt1 1	Bt3 1	
39	Bt1 1	Bt2 1	Bt3 1	
40	Bt1 2	Bt2 1	Bt3 1	
41	Bt1 1	Bt2 2	
42	Bt1 1	Bt2 1	
43	Bt1 3	Bt3 1	
44	Bt1 2	Bt2 1	Bt3 1	
45	Bt1 2	Bt2 1	Bt3 1	
46	Bt1 1	Bt2 1	Bt3 1	
47	Bt3 2	
48	Bt1 2	Bt3 2	
49	Bt3 2	
50	Bt1 1	Bt3 1	
51	Bt1 1	Bt2 1	Bt3 2	
52	Bt2 1	Bt3 1	
53	Bt1 2	Bt2 1	Bt3 2	
54	Bt1 1	Bt3 3	
55	Bt1 1	Bt2 2	Bt3 1	
56	Bt2 2	
57	Bt1 1	Bt2 1	
58	Bt1 1	Bt2 1	Bt3 3	
59	Bt2 2	Bt3 1	
60	Bt2 3	Bt3 1	