Name				153_n060_m200_bt3
Number_of_Customers		60
Number_of_Items			200
Number_of_ItemTypes		3
Number_of_Vehicles		18
TimeWindows			1

VEHICLE
Mass_Capacity			12595
CargoSpace_Length		60
CargoSpace_Width		25
CargoSpace_Height		30
Wheelbase			48
Max_Mass_FrontAxle		7100
Max_Mass_RearAxle		11500
Distance_FrontAxle_CargoSpace	4

CUSTOMERS
i		x		y		Demand		ReadyTime	DueDate		ServiceTime	DemandedMass	DemandedVolume
0		35		35		0		0		1000		0		0		0
1		42		74		4		0		950		10		1485.67		6996
2		21		77		3		0		945		10		1923.79		9128
3		64		46		3		0		958		10		1255.52		3176
4		11		73		2		0		945		10		1135.58		2240
5		59		35		4		0		966		10		2491.58		10248
6		0		42		3		0		954		10		807.67		2992
7		4		27		5		0		957		10		2611.52		11184
8		45		22		3		0		973		10		1703.37		3360
9		24		60		4		0		962		10		1485.67		6996
10		36		39		5		0		985		10		2391.1		5416
11		35		77		5		0		948		10		2053.46		8116
12		65		11		4		0		231		10		1933.52		7180
13		52		55		2		0		963		10		1245.79		5124
14		67		34		3		727		973		10		917.88		5876
15		7		3		3		0		947		10		917.88		5876
16		1		38		5		773		979		10		2163.67		11000
17		34		59		3		0		965		10		1813.58		6244
18		36		69		3		0		955		10		1475.94		8944
19		60		16		3		0		958		10		1365.73		6060
20		61		59		5		0		954		10		2053.46		8116
21		69		9		2		513		801		10		687.73		2056
22		43		63		3		0		960		10		1703.37		3360
23		55		18		3		355		595		10		1255.52		3176
24		27		60		3		778		982		10		1365.73		6060
25		45		14		4		0		966		10		2153.94		12948
26		43		54		5		0		969		10		3059.37		11368
27		6		59		5		0		952		10		2501.31		8300
28		20		71		3		0		951		10		1703.37		3360
29		41		31		3		0		982		10		917.88		5876
30		24		64		5		0		958		10		2721.73		14068
31		63		55		2		0		955		10		1356		8008
32		12		34		5		228		472		10		2949.16		8484
33		18		47		4		0		969		10		1037.82		6812
34		10		19		3		0		960		10		807.67		2992
35		44		77		4		0		947		10		1375.46		4112
36		14		9		3		0		956		10		1365.73		6060
37		3		10		2		692		912		10		1135.58		2240
38		38		72		5		0		952		10		2053.46		8116
39		59		55		3		0		958		10		1255.52		3176
40		66		62		2		0		948		10		797.94		4940
41		15		69		2		0		950		10		1245.79		5124
42		15		39		2		0		969		10		1245.79		5124
43		5		31		2		254		468		10		797.94		4940
44		58		41		4		59		303		10		1933.52		7180
45		26		8		2		0		961		10		1135.58		2240
46		32		35		3		144		416		10		1475.94		8944
47		11		66		2		737		1000		10		797.94		4940
48		33		63		3		224		466		10		1365.73		6060
49		53		7		2		0		956		10		1245.79		5124
50		67		56		2		0		951		10		1356		8008
51		59		31		5		0		965		10		2611.52		11184
52		18		34		5		0		972		10		2273.88		13884
53		20		23		3		0		970		10		917.88		5876
54		46		46		4		0		974		10		1595.88		9880
55		35		7		3		0		962		10		1923.79		9128
56		20		53		3		674		882		10		917.88		5876
57		30		59		5		0		965		10		2273.88		13884
58		24		37		2		0		978		10		1245.79		5124
59		12		48		3		0		963		10		807.67		2992
60		50		58		2		57		341		10		797.94		4940

ITEMS
Type		Length		Width		Height		Mass		Fragility	LoadBearingStrength
Bt1		12		6		13		119.94		0		5.7646590
Bt2		28		11		13		678		0		40.6270462
Bt3		28		5		8		567.79		1		5.1345584

DEMANDS PER CUSTOMER
i	Type Quantity
1	Bt1 2	Bt2 1	Bt3 1	
2	Bt2 2	Bt3 1	
3	Bt1 1	Bt3 2	
4	Bt3 2	
5	Bt2 2	Bt3 2	
6	Bt1 2	Bt3 1	
7	Bt1 1	Bt2 2	Bt3 2	
8	Bt3 3	
9	Bt1 2	Bt2 1	Bt3 1	
10	Bt1 1	Bt3 4	
11	Bt1 2	Bt2 1	Bt3 2	
12	Bt1 1	Bt2 1	Bt3 2	
13	Bt2 1	Bt3 1	
14	Bt1 2	Bt2 1	
15	Bt1 2	Bt2 1	
16	Bt1 2	Bt2 2	Bt3 1	
17	Bt2 1	Bt3 2	
18	Bt1 1	Bt2 2	
19	Bt1 1	Bt2 1	Bt3 1	
20	Bt1 2	Bt2 1	Bt3 2	
21	Bt1 1	Bt3 1	
22	Bt3 3	
23	Bt1 1	Bt3 2	
24	Bt1 1	Bt2 1	Bt3 1	
25	Bt1 1	Bt2 3	
26	Bt2 2	Bt3 3	
27	Bt1 1	Bt2 1	Bt3 3	
28	Bt3 3	
29	Bt1 2	Bt2 1	
30	Bt1 1	Bt2 3	Bt3 1	
31	Bt2 2	
32	Bt2 1	Bt3 4	
33	Bt1 3	Bt2 1	
34	Bt1 2	Bt3 1	
35	Bt1 2	Bt3 2	
36	Bt1 1	Bt2 1	Bt3 1	
37	Bt3 2	
38	Bt1 2	Bt2 1	Bt3 2	
39	Bt1 1	Bt3 2	
40	Bt1 1	Bt2 1	
41	Bt2 1	Bt3 1	
42	Bt2 1	Bt3 1	
43	Bt1 1	Bt2 1	
44	Bt1 1	Bt2 1	Bt3 2	
45	Bt3 2	
46	Bt1 1	Bt2 2	
47	Bt1 1	Bt2 1	
48	Bt1 1	Bt2 1	Bt3 1	
49	Bt2 1	Bt3 1	
50	Bt2 2	
51	Bt1 1	Bt2 2	Bt3 2	
52	Bt1 2	Bt2 3	
53	Bt1 2	Bt2 1	
54	Bt1 2	Bt2 2	
55	Bt2 2	Bt3 1	
56	Bt1 2	Bt2 1	
57	Bt1 2	Bt2 3	
58	Bt2 1	Bt3 1	
59	Bt1 2	Bt3 1	
60	Bt1 1	Bt2 1	