Name				156_n060_m200_bt10
Number_of_Customers		60
Number_of_Items			200
Number_of_ItemTypes		10
Number_of_Vehicles		23
TimeWindows			1

VEHICLE
Mass_Capacity			12595
CargoSpace_Length		60
CargoSpace_Width		25
CargoSpace_Height		30
Wheelbase			48
Max_Mass_FrontAxle		7100
Max_Mass_RearAxle		11500
Distance_FrontAxle_CargoSpace	4

CUSTOMERS
i		x		y		Demand		ReadyTime	DueDate		ServiceTime	DemandedMass	DemandedVolume
0		35		35		0		0		1000		0		0		0
1		58		54		4		0		960		10		1993.38		6171
2		60		23		3		0		962		10		1244.2		5016
3		3		49		4		0		955		10		1723.23		8965
4		20		39		2		0		974		10		1100.64		3200
5		40		51		4		0		973		10		1164.29		5819
6		54		7		5		378		570		10		2873.48		11917
7		46		9		2		0		961		10		505.39		2233
8		46		33		3		0		978		10		1502.77		6630
9		23		52		2		0		969		10		1262.74		8149
10		70		12		4		0		948		10		1883.81		4991
11		64		31		3		0		960		10		1626.04		8719
12		14		62		5		783		1000		10		2101.46		7030
13		28		18		5		0		971		10		2467.14		11279
14		40		22		2		0		976		10		1277.34		3808
15		50		52		3		0		967		10		714.43		6076
16		32		18		2		0		972		10		1185.33		3171
17		61		54		3		345		605		10		859.95		6326
18		69		67		4		584		850		10		1164.29		5819
19		38		64		3		0		960		10		748.6		3856
20		44		56		3		0		967		10		1052.42		8820
21		18		77		5		0		944		10		2184.94		10565
22		68		8		4		424		654		10		1949.87		9239
23		69		42		2		0		955		10		765.43		4000
24		54		14		3		52		264		10		854.63		3143
25		15		71		5		0		948		10		1731.81		9211
26		38		40		2		0		984		10		404.31		3283
27		10		45		2		302		520		10		952.45		5030
28		21		14		3		0		964		10		1190.34		3470
29		21		18		3		0		967		10		1076.17		3886
30		53		65		3		0		955		10		1089.26		4520
31		47		47		3		0		973		10		898.45		7350
32		5		4		2		0		946		10		1277.34		3808
33		12		14		3		0		958		10		1610.74		3768
34		39		76		3		756		1000		10		695.09		4243
35		69		55		3		0		950		10		1458.01		7589
36		20		34		3		0		974		10		1458.01		7589
37		40		13		5		0		967		10		2672.33		7915
38		9		2		4		472		748		10		1421.07		9325
39		31		41		4		0		982		10		1346.49		4793
40		62		27		5		0		961		10		2466.64		10152
41		23		45		5		0		974		10		2777.43		14398
42		51		41		4		0		972		10		1497.63		5817
43		8		37		4		0		962		10		2226.61		11671
44		38		5		4		0		959		10		2128.01		5808
45		57		12		4		484		714		10		1825.35		5041
46		65		72		4		0		942		10		2540.08		11957
47		42		26		2		0		978		10		952.45		5030
48		17		10		2		0		959		10		500.44		1896
49		21		63		4		208		456		10		2017.9		8629
50		67		48		4		675		919		10		1664.99		6510
51		36		23		3		0		977		10		907.52		5663
52		11		52		3		0		960		10		1760.17		7229
53		32		15		5		0		969		10		1722.74		10898
54		62		65		2		0		949		10		1889.79		6567
55		9		25		3		0		962		10		999.53		6300
56		51		26		2		665		883		10		1378.42		2758
57		50		58		3		0		962		10		1702.6		5211
58		23		40		4		711		961		10		1164.29		5819
59		11		68		3		0		949		10		997.25		3883
60		28		71		2		250		492		10		611.79		4366

ITEMS
Type		Length		Width		Height		Mass		Fragility	LoadBearingStrength
Bt1		12		10		8		290.78		0		16.0529726
Bt2		33		11		13		860.61		0		53.5114876
Bt3		32		5		10		550.32		0		22.4098815
Bt4		13		12		6		209.66		0		17.4625179
Bt5		14		5		13		349.24		1		4.3801994
Bt6		20		7		14		248.16		0		3.3718784
Bt7		21		8		11		1029.18		0		146.0430203
Bt8		21		9		7		156.15		0		4.1502675
Bt9		35		14		7		402.13		1		1.8524924
Bt10		17		12		10		517.27		0		85.3310684

DEMANDS PER CUSTOMER
i	Type Quantity
1	Bt1 1	Bt7 1	Bt8 1	Bt10 1	
2	Bt4 1	Bt10 2	
3	Bt2 1	Bt3 1	Bt8 2	
4	Bt3 2	
5	Bt3 1	Bt4 1	Bt6 1	Bt8 1	
6	Bt1 2	Bt2 1	Bt7 1	Bt9 1	
7	Bt5 1	Bt8 1	
8	Bt3 2	Bt9 1	
9	Bt2 1	Bt9 1	
10	Bt5 2	Bt7 1	Bt8 1	
11	Bt2 1	Bt6 1	Bt10 1	
12	Bt3 1	Bt4 1	Bt7 1	Bt8 2	
13	Bt1 1	Bt2 1	Bt3 1	Bt6 1	Bt10 1	
14	Bt6 1	Bt7 1	
15	Bt8 2	Bt9 1	
16	Bt7 1	Bt8 1	
17	Bt4 1	Bt6 1	Bt9 1	
18	Bt3 1	Bt4 1	Bt6 1	Bt8 1	
19	Bt1 1	Bt4 1	Bt6 1	
20	Bt6 1	Bt9 2	
21	Bt2 1	Bt4 1	Bt5 1	Bt6 1	Bt10 1	
22	Bt1 1	Bt2 1	Bt3 1	Bt6 1	
23	Bt6 1	Bt10 1	
24	Bt5 2	Bt8 1	
25	Bt2 1	Bt4 1	Bt5 1	Bt8 2	
26	Bt6 1	Bt8 1	
27	Bt3 1	Bt9 1	
28	Bt1 1	Bt3 1	Bt5 1	
29	Bt4 1	Bt5 1	Bt10 1	
30	Bt1 1	Bt3 1	Bt6 1	
31	Bt6 2	Bt9 1	
32	Bt6 1	Bt7 1	
33	Bt1 2	Bt7 1	
34	Bt1 1	Bt6 1	Bt8 1	
35	Bt2 1	Bt5 1	Bt6 1	
36	Bt2 1	Bt5 1	Bt6 1	
37	Bt4 1	Bt6 1	Bt7 2	Bt8 1	
38	Bt2 1	Bt6 1	Bt8 2	
39	Bt1 1	Bt3 1	Bt5 1	Bt8 1	
40	Bt2 1	Bt3 2	Bt5 1	Bt8 1	
41	Bt1 1	Bt2 2	Bt6 1	Bt10 1	
42	Bt7 1	Bt8 3	
43	Bt2 2	Bt5 1	Bt8 1	
44	Bt1 2	Bt7 1	Bt10 1	
45	Bt1 1	Bt5 1	Bt7 1	Bt8 1	
46	Bt2 1	Bt6 1	Bt7 1	Bt9 1	
47	Bt3 1	Bt9 1	
48	Bt1 1	Bt4 1	
49	Bt1 1	Bt2 1	Bt5 1	Bt10 1	
50	Bt3 1	Bt5 1	Bt6 1	Bt10 1	
51	Bt5 1	Bt8 1	Bt9 1	
52	Bt2 1	Bt3 1	Bt5 1	
53	Bt2 1	Bt4 1	Bt6 2	Bt8 1	
54	Bt2 1	Bt7 1	
55	Bt5 1	Bt6 1	Bt9 1	
56	Bt5 1	Bt7 1	
57	Bt7 1	Bt8 1	Bt10 1	
58	Bt3 1	Bt4 1	Bt6 1	Bt8 1	
59	Bt1 1	Bt3 1	Bt8 1	
60	Bt4 1	Bt9 1	