Name				158_n060_m200_bt10
Number_of_Customers		60
Number_of_Items			200
Number_of_ItemTypes		10
Number_of_Vehicles		20
TimeWindows			1

VEHICLE
Mass_Capacity			12595
CargoSpace_Length		60
CargoSpace_Width		25
CargoSpace_Height		30
Wheelbase			48
Max_Mass_FrontAxle		7100
Max_Mass_RearAxle		11500
Distance_FrontAxle_CargoSpace	4

CUSTOMERS
i		x		y		Demand		ReadyTime	DueDate		ServiceTime	DemandedMass	DemandedVolume
0		35		35		0		0		1000		0		0		0
1		18		76		2		0		945		10		622.33		2192
2		46		35		2		0		979		10		822.85		4340
3		53		43		4		0		970		10		1195.03		5598
4		46		60		2		0		962		10		713.48		4176
5		7		70		3		0		945		10		1785.44		7940
6		36		58		4		0		966		10		1444.55		9114
7		1		26		3		0		954		10		911.17		3294
8		58		44		4		0		965		10		2165.24		8066
9		0		6		3		0		944		10		1203.37		5789
10		46		70		2		0		953		10		643.24		1848
11		2		40		3		181		351		10		1784.72		6617
12		55		3		3		635		897		10		1609.95		7524
13		16		49		3		0		966		10		935.36		4173
14		1		15		3		125		363		10		542.16		1872
15		31		13		5		595		787		10		2161.29		10440
16		62		61		3		0		952		10		984.36		5541
17		35		9		5		0		964		10		2104.15		11532
18		25		22		5		0		973		10		1121.76		6408
19		7		12		2		685		935		10		1294.83		5004
20		34		55		2		0		969		10		495.84		3144
21		57		77		3		0		245		10		584.04		2568
22		69		46		5		189		445		10		1554.98		8733
23		58		38		2		0		966		10		589.55		2370
24		2		20		2		0		953		10		537.72		3840
25		51		67		5		0		954		10		1510.15		8118
26		35		73		4		0		952		10		1370.64		5544
27		65		30		2		0		959		10		589.55		2370
28		38		14		3		0		968		10		1082.66		3822
29		7		75		5		0		941		10		1674.4		5786
30		52		17		4		0		965		10		1211.88		4562
31		26		17		3		0		969		10		904.67		4890
32		51		64		3		0		956		10		943.2		6168
33		70		6		3		0		944		10		877.08		5916
34		7		53		2		0		956		10		603.84		4092
35		32		68		5		194		436		10		1702.76		7418
36		24		27		3		0		976		10		1011.48		7812
37		63		74		4		441		627		10		1445.3		6062
38		40		23		4		0		977		10		1832.55		8844
39		23		3		2		0		955		10		554.84		2724
40		58		9		2		0		208		10		822.85		4340
41		39		42		3		0		981		10		823.96		2472
42		51		55		3		0		964		10		1063.94		3760
43		40		29		3		0		982		10		1517.43		6324
44		61		24		5		68		262		10		1836.99		6876
45		20		32		5		0		974		10		1639.69		6140
46		38		2		3		56		292		10		1094.72		6948
47		31		58		3		0		966		10		862.79		4194
48		32		8		4		0		962		10		1363.4		5342
49		12		70		5		0		948		10		1777.54		7466
50		13		45		3		0		965		10		1083.38		5145
51		33		51		3		0		973		10		1517.43		6324
52		68		72		2		0		940		10		603.12		2769
53		58		64		2		0		952		10		763.23		2492
54		15		27		2		0		968		10		1143.31		4224
55		44		10		5		0		963		10		1283.23		5022
56		26		60		3		52		318		10		1175.51		3668
57		56		35		3		0		969		10		1566.43		7692
58		21		44		4		0		973		10		1135.29		4220
59		42		37		5		12		226		10		1510.15		8118
60		20		14		5		755		963		10		1558.43		8163

ITEMS
Type		Length		Width		Height		Mass		Fragility	LoadBearingStrength
Bt1		15		5		14		366.95		0		42.8788260
Bt2		18		13		6		332.24		1		11.1222895
Bt3		23		9		7		380.52		0		23.1377731
Bt4		30		10		12		962.59		0		18.9441303
Bt5		18		11		14		381.24		0		4.9101179
Bt6		20		11		6		222.60		0		5.4414743
Bt7		14		8		14		441.61		0		20.0738843
Bt8		20		9		14		315.12		1		1.9502343
Bt9		13		6		8		180.72		0		54.5840600
Bt10		12		7		11		321.62		0		15.9379562

DEMANDS PER CUSTOMER
i	Type Quantity
1	Bt7 1	Bt9 1	
2	Bt5 1	Bt7 1	
3	Bt1 1	Bt2 1	Bt8 1	Bt9 1	
4	Bt2 1	Bt5 1	
5	Bt4 1	Bt5 1	Bt7 1	
6	Bt1 1	Bt5 2	Bt8 1	
7	Bt1 1	Bt6 1	Bt10 1	
8	Bt3 2	Bt4 1	Bt7 1	
9	Bt3 1	Bt5 1	Bt7 1	
10	Bt10 2	
11	Bt3 1	Bt4 1	Bt7 1	
12	Bt2 1	Bt4 1	Bt8 1	
13	Bt2 1	Bt3 1	Bt6 1	
14	Bt9 3	
15	Bt4 1	Bt5 1	Bt8 1	Bt9 1	Bt10 1	
16	Bt3 1	Bt5 1	Bt6 1	
17	Bt4 1	Bt5 1	Bt6 2	Bt8 1	
18	Bt6 2	Bt8 1	Bt9 2	
19	Bt2 1	Bt4 1	
20	Bt8 1	Bt9 1	
21	Bt6 1	Bt9 2	
22	Bt3 1	Bt6 1	Bt8 2	Bt10 1	
23	Bt1 1	Bt6 1	
24	Bt6 1	Bt8 1	
25	Bt1 1	Bt2 1	Bt8 2	Bt9 1	
26	Bt1 2	Bt8 1	Bt10 1	
27	Bt1 1	Bt6 1	
28	Bt3 2	Bt10 1	
29	Bt1 1	Bt6 1	Bt7 1	Bt10 2	
30	Bt1 1	Bt6 1	Bt7 1	Bt9 1	
31	Bt1 1	Bt6 1	Bt8 1	
32	Bt5 2	Bt9 1	
33	Bt5 1	Bt8 1	Bt9 1	
34	Bt5 1	Bt6 1	
35	Bt1 1	Bt2 1	Bt5 1	Bt7 1	Bt9 1	
36	Bt5 1	Bt8 2	
37	Bt1 1	Bt7 1	Bt8 1	Bt10 1	
38	Bt2 1	Bt4 1	Bt6 1	Bt8 1	
39	Bt2 1	Bt6 1	
40	Bt5 1	Bt7 1	
41	Bt9 1	Bt10 2	
42	Bt7 2	Bt9 1	
43	Bt2 1	Bt4 1	Bt6 1	
44	Bt2 1	Bt4 1	Bt9 3	
45	Bt2 1	Bt6 1	Bt7 1	Bt10 2	
46	Bt2 1	Bt5 2	
47	Bt1 1	Bt8 1	Bt9 1	
48	Bt1 1	Bt2 1	Bt6 1	Bt7 1	
49	Bt1 1	Bt2 1	Bt7 1	Bt8 1	Bt10 1	
50	Bt3 1	Bt5 1	Bt10 1	
51	Bt2 1	Bt4 1	Bt6 1	
52	Bt3 1	Bt6 1	
53	Bt7 1	Bt10 1	
54	Bt4 1	Bt9 1	
55	Bt1 1	Bt2 1	Bt6 1	Bt9 2	
56	Bt1 2	Bt7 1	
57	Bt4 1	Bt5 1	Bt6 1	
58	Bt2 1	Bt7 1	Bt9 2	
59	Bt1 1	Bt2 1	Bt8 2	Bt9 1	
60	Bt1 1	Bt3 1	Bt8 2	Bt9 1	