Name				159_n060_m200_bt10
Number_of_Customers		60
Number_of_Items			200
Number_of_ItemTypes		10
Number_of_Vehicles		28
TimeWindows			1

VEHICLE
Mass_Capacity			12595
CargoSpace_Length		60
CargoSpace_Width		25
CargoSpace_Height		30
Wheelbase			48
Max_Mass_FrontAxle		7100
Max_Mass_RearAxle		11500
Distance_FrontAxle_CargoSpace	4

CUSTOMERS
i		x		y		Demand		ReadyTime	DueDate		ServiceTime	DemandedMass	DemandedVolume
0		35		35		0		0		1000		0		0		0
1		0		25		5		232		486		10		2631.04		11002
2		16		80		3		0		941		10		2581.64		8465
3		8		48		3		778		986		10		1246.88		5827
4		13		42		2		0		966		10		822.85		4716
5		1		20		3		0		952		10		1592.61		6306
6		11		50		5		0		961		10		2542.61		8626
7		54		56		2		739		959		10		1417.12		4986
8		0		62		2		0		945		10		791.94		4111
9		68		23		4		0		954		10		1645		7602
10		22		31		2		0		976		10		955.92		5311
11		45		74		2		116		384		10		1216.52		4140
12		65		35		3		0		960		10		1972.17		7486
13		0		37		3		0		954		10		2481.85		10233
14		59		47		4		464		742		10		3230.35		10589
15		51		54		2		0		965		10		1112.53		4836
16		4		63		5		61		253		10		1758.24		10851
17		67		53		5		0		953		10		2115.07		10592
18		49		68		2		0		954		10		935.02		3186
19		25		5		5		495		719		10		2174.08		8956
20		26		70		3		105		341		10		1693.42		8920
21		60		10		5		253		463		10		2606.48		9042
22		44		28		4		300		524		10		1960.16		10197
23		28		5		4		0		959		10		1935.38		9552
24		39		60		2		746		998		10		1417.12		4986
25		32		33		2		16		248		10		1217.22		5970
26		27		2		3		0		956		10		1585.13		8970
27		30		67		2		0		957		10		1225.4		5136
28		4		25		2		128		350		10		1734.02		6944
29		67		1		3		0		943		10		1705.12		7497
30		64		14		4		317		571		10		2120.41		8036
31		6		57		3		725		951		10		1410.86		7027
32		59		24		4		522		770		10		1894.6		8332
33		54		60		3		0		958		10		1223.02		5697
34		32		40		5		0		984		10		3773.02		12851
35		35		53		4		0		972		10		1611.13		8992
36		14		7		4		0		955		10		1590.23		6867
37		19		65		3		0		956		10		2021.17		7370
38		32		78		5		0		946		10		2907.19		10672
39		39		11		5		0		965		10		2384.55		10417
40		11		56		2		290		528		10		935.02		3186
41		24		43		3		0		206		10		1390.66		6732
42		4		68		4		121		349		10		2145.61		8248
43		47		53		5		0		202		10		2696.26		10146
44		47		3		3		0		955		10		2470.82		8723
45		50		75		4		273		513		10		1952.34		10140
46		9		25		2		547		779		10		871.85		4600
47		2		50		2		0		953		10		958.88		3316
48		31		64		3		785		981		10		2662.54		8573
49		14		14		4		286		562		10		1994.01		7286
50		27		37		3		0		981		10		3144.64		10373
51		34		10		5		814		1000		10		3389.29		12472
52		25		53		3		0		969		10		2404.9		7749
53		34		67		2		103		349		10		2295.33		7403
54		12		75		5		0		943		10		3210.44		10740
55		16		76		3		0		944		10		2470.82		8723
56		69		6		5		137		399		10		3396.96		10913
57		41		26		3		0		162		10		1393.41		9120
58		36		79		2		673		853		10		1813.93		7433
59		25		33		3		0		979		10		1490.77		7516
60		50		2		2		0		229		10		1071.75		3616

ITEMS
Type		Length		Width		Height		Mass		Fragility	LoadBearingStrength
Bt1		13		9		10		367.21		0		9.4562375
Bt2		24		13		10		657.59		0		18.2547622
Bt3		31		13		11		1446.02		1		8.7106962
Bt4		30		10		10		367.91		0		16.8597914
Bt5		32		5		10		503.94		0		11.6111731
Bt6		22		13		6		454.94		0		6.2017410
Bt7		31		9		9		288		0		5.9095334
Bt8		30		9		11		849.31		0		5.5607740
Bt9		28		8		9		567.81		1		3.2109623
Bt10		20		14		10		667.92		0		27.2355774

DEMANDS PER CUSTOMER
i	Type Quantity
1	Bt4 1	Bt5 1	Bt6 2	Bt8 1	
2	Bt3 1	Bt9 2	
3	Bt5 1	Bt6 1	Bt7 1	
4	Bt4 1	Bt6 1	
5	Bt1 1	Bt2 1	Bt9 1	
6	Bt1 2	Bt5 1	Bt6 1	Bt8 1	
7	Bt8 1	Bt9 1	
8	Bt5 1	Bt7 1	
9	Bt1 1	Bt4 1	Bt6 2	
10	Bt7 1	Bt10 1	
11	Bt1 1	Bt8 1	
12	Bt6 1	Bt8 1	Bt10 1	
13	Bt3 1	Bt4 1	Bt10 1	
14	Bt1 1	Bt3 1	Bt8 1	Bt9 1	
15	Bt2 1	Bt6 1	
16	Bt1 2	Bt4 2	Bt7 1	
17	Bt1 1	Bt5 1	Bt7 2	Bt10 1	
18	Bt1 1	Bt9 1	
19	Bt1 2	Bt4 1	Bt5 1	Bt9 1	
20	Bt2 1	Bt4 1	Bt10 1	
21	Bt1 2	Bt6 1	Bt8 1	Bt9 1	
22	Bt4 1	Bt6 1	Bt7 1	Bt8 1	
23	Bt2 1	Bt4 1	Bt6 2	
24	Bt8 1	Bt9 1	
25	Bt4 1	Bt8 1	
26	Bt4 2	Bt8 1	
27	Bt2 1	Bt9 1	
28	Bt3 1	Bt7 1	
29	Bt7 1	Bt8 1	Bt9 1	
30	Bt2 1	Bt5 2	Bt6 1	
31	Bt6 1	Bt7 1	Bt10 1	
32	Bt4 1	Bt5 1	Bt6 1	Bt9 1	
33	Bt1 1	Bt7 1	Bt9 1	
34	Bt3 1	Bt6 2	Bt8 1	Bt9 1	
35	Bt1 1	Bt7 2	Bt10 1	
36	Bt1 2	Bt7 1	Bt9 1	
37	Bt5 1	Bt8 1	Bt10 1	
38	Bt1 1	Bt6 1	Bt8 1	Bt9 1	Bt10 1	
39	Bt1 1	Bt2 1	Bt5 1	Bt7 1	Bt9 1	
40	Bt1 1	Bt9 1	
41	Bt4 1	Bt6 1	Bt9 1	
42	Bt6 2	Bt9 1	Bt10 1	
43	Bt1 2	Bt2 1	Bt6 1	Bt8 1	
44	Bt1 1	Bt2 1	Bt3 1	
45	Bt1 1	Bt4 2	Bt8 1	
46	Bt4 1	Bt5 1	
47	Bt5 1	Bt6 1	
48	Bt1 1	Bt3 1	Bt8 1	
49	Bt1 1	Bt5 1	Bt6 1	Bt10 1	
50	Bt3 1	Bt8 2	
51	Bt6 1	Bt8 2	Bt9 1	Bt10 1	
52	Bt3 1	Bt5 1	Bt6 1	
53	Bt3 1	Bt8 1	
54	Bt5 3	Bt8 2	
55	Bt1 1	Bt2 1	Bt3 1	
56	Bt1 3	Bt3 1	Bt8 1	
57	Bt2 1	Bt4 2	
58	Bt3 1	Bt4 1	
59	Bt4 1	Bt6 1	Bt10 1	
60	Bt5 1	Bt9 1	