Name				169_n060_m200_bt3
Number_of_Customers		60
Number_of_Items			200
Number_of_ItemTypes		3
Number_of_Vehicles		9
TimeWindows			1

VEHICLE
Mass_Capacity			12595
CargoSpace_Length		60
CargoSpace_Width		25
CargoSpace_Height		30
Wheelbase			48
Max_Mass_FrontAxle		7100
Max_Mass_RearAxle		11500
Distance_FrontAxle_CargoSpace	4

CUSTOMERS
i		x		y		Demand		ReadyTime	DueDate		ServiceTime	DemandedMass	DemandedVolume
0		35		35		0		0		1000		0		0		0
1		6		58		3		0		952		10		329.75		541
2		5		36		2		0		959		10		146.64		268
3		29		67		5		0		957		10		476.39		809
4		43		43		2		0		978		10		146.64		268
5		3		79		2		0		935		10		146.64		268
6		37		67		5		752		996		10		695.97		1087
7		70		46		3		0		953		10		329.75		541
8		13		66		4		635		889		10		607.84		938
9		63		57		2		0		954		10		366.22		546
10		59		32		2		0		965		10		366.22		546
11		60		36		5		769		1000		10		571.37		933
12		43		38		5		0		981		10		571.37		933
13		59		56		4		420		650		10		417.88		690
14		21		70		4		0		952		10		670.14		1015
15		29		8		5		0		962		10		414.09		732
16		36		17		2		0		252		10		146.64		268
17		3		62		3		82		312		10		424.73		665
18		0		60		2		0		946		10		303.92		469
19		3		39		3		0		957		10		329.75		541
20		49		18		4		0		967		10		388.26		660
21		29		74		3		297		545		10		234.77		417
22		40		30		2		677		875		10		208.94		345
23		70		28		3		0		954		10		267.45		464
24		69		32		4		0		955		10		545.54		861
25		61		52		2		0		958		10		208.94		345
26		5		26		3		0		958		10		234.77		417
27		25		42		4		0		977		10		388.26		660
28		32		34		3		0		986		10		267.45		464
29		4		67		2		0		945		10		208.94		345
30		24		23		4		723		1000		10		388.26		660
31		64		15		3		0		954		10		172.47		340
32		28		39		4		0		981		10		575.16		891
33		62		7		3		0		951		10		362.43		588
34		10		52		3		0		959		10		329.75		541
35		29		17		3		0		971		10		329.75		541
36		70		76		4		719		1000		10		732.44		1092
37		49		7		3		792		1000		10		329.75		541
38		42		12		4		0		965		10		670.14		1015
39		9		77		4		438		716		10		575.16		891
40		9		46		2		0		961		10		241.62		392
41		1		13		4		0		949		10		355.58		613
42		19		37		2		0		973		10		303.92		469
43		36		25		3		0		979		10		362.43		588
44		55		40		4		0		969		10		293.28		536
45		65		51		4		0		956		10		545.54		861
46		32		23		5		0		977		10		571.37		933
47		10		65		4		0		950		10		607.84		938
48		31		48		3		0		976		10		424.73		665
49		11		14		4		175		431		10		670.14		1015
50		61		76		2		0		941		10		208.94		345
51		56		20		5		0		964		10		853.25		1288
52		25		59		3		716		934		10		172.47		340
53		67		17		4		0		953		10		512.86		814
54		64		23		4		0		958		10		670.14		1015
55		15		49		2		635		911		10		208.94		345
56		15		20		3		0		965		10		329.75		541
57		29		42		2		0		980		10		208.94		345
58		18		17		4		0		965		10		103.32		288
59		47		31		3		0		977		10		329.75		541
60		45		80		5		0		943		10		633.67		1010

ITEMS
Type		Length		Width		Height		Mass		Fragility	LoadBearingStrength
Bt1		6		4		3		25.83		0		11.3090782
Bt2		13		7		3		183.11		1		8.1269227
Bt3		14		2		7		120.81		0		21.5569653

DEMANDS PER CUSTOMER
i	Type Quantity
1	Bt1 1	Bt2 1	Bt3 1	
2	Bt1 1	Bt3 1	
3	Bt1 2	Bt2 1	Bt3 2	
4	Bt1 1	Bt3 1	
5	Bt1 1	Bt3 1	
6	Bt1 1	Bt2 3	Bt3 1	
7	Bt1 1	Bt2 1	Bt3 1	
8	Bt2 2	Bt3 2	
9	Bt2 2	
10	Bt2 2	
11	Bt1 1	Bt2 1	Bt3 3	
12	Bt1 1	Bt2 1	Bt3 3	
13	Bt1 2	Bt2 2	
14	Bt2 3	Bt3 1	
15	Bt1 2	Bt3 3	
16	Bt1 1	Bt3 1	
17	Bt2 1	Bt3 2	
18	Bt2 1	Bt3 1	
19	Bt1 1	Bt2 1	Bt3 1	
20	Bt1 1	Bt3 3	
21	Bt1 2	Bt2 1	
22	Bt1 1	Bt2 1	
23	Bt1 1	Bt3 2	
24	Bt2 1	Bt3 3	
25	Bt1 1	Bt2 1	
26	Bt1 2	Bt2 1	
27	Bt1 1	Bt3 3	
28	Bt1 1	Bt3 2	
29	Bt1 1	Bt2 1	
30	Bt1 1	Bt3 3	
31	Bt1 2	Bt3 1	
32	Bt1 1	Bt2 3	
33	Bt3 3	
34	Bt1 1	Bt2 1	Bt3 1	
35	Bt1 1	Bt2 1	Bt3 1	
36	Bt2 4	
37	Bt1 1	Bt2 1	Bt3 1	
38	Bt2 3	Bt3 1	
39	Bt1 1	Bt2 3	
40	Bt3 2	
41	Bt1 2	Bt2 1	Bt3 1	
42	Bt2 1	Bt3 1	
43	Bt3 3	
44	Bt1 2	Bt3 2	
45	Bt2 1	Bt3 3	
46	Bt1 1	Bt2 1	Bt3 3	
47	Bt2 2	Bt3 2	
48	Bt2 1	Bt3 2	
49	Bt2 3	Bt3 1	
50	Bt1 1	Bt2 1	
51	Bt2 4	Bt3 1	
52	Bt1 2	Bt3 1	
53	Bt1 1	Bt2 2	Bt3 1	
54	Bt2 3	Bt3 1	
55	Bt1 1	Bt2 1	
56	Bt1 1	Bt2 1	Bt3 1	
57	Bt1 1	Bt2 1	
58	Bt1 4	
59	Bt1 1	Bt2 1	Bt3 1	
60	Bt1 1	Bt2 2	Bt3 2	