Name				172_n060_m200_bt10
Number_of_Customers		60
Number_of_Items			200
Number_of_ItemTypes		10
Number_of_Vehicles		11
TimeWindows			1

VEHICLE
Mass_Capacity			12595
CargoSpace_Length		60
CargoSpace_Width		25
CargoSpace_Height		30
Wheelbase			48
Max_Mass_FrontAxle		7100
Max_Mass_RearAxle		11500
Distance_FrontAxle_CargoSpace	4

CUSTOMERS
i		x		y		Demand		ReadyTime	DueDate		ServiceTime	DemandedMass	DemandedVolume
0		35		35		0		0		1000		0		0		0
1		68		76		5		0		937		10		1576.4		2283
2		13		10		5		0		153		10		1189.11		2234
3		34		80		5		381		595		10		842.13		2148
4		41		8		4		0		962		10		448.49		954
5		62		15		4		436		644		10		930.94		1437
6		49		34		4		100		332		10		457.4		1161
7		23		30		3		0		192		10		304.3		476
8		37		6		3		0		960		10		735.54		810
9		46		63		3		0		959		10		447.84		1212
10		64		58		5		0		952		10		876.62		1484
11		42		64		5		513		761		10		1232.91		1929
12		55		57		2		483		703		10		475.88		1446
13		21		27		4		0		179		10		710.36		870
14		30		64		3		0		960		10		748.63		1224
15		10		2		4		69		309		10		561.73		1287
16		45		23		3		0		974		10		594.83		1638
17		21		40		2		0		975		10		313.52		825
18		7		42		3		0		961		10		828.15		1392
19		3		29		3		0		957		10		600		1641
20		59		16		2		0		959		10		285.21		806
21		26		16		5		32		276		10		822.06		1122
22		10		54		3		312		494		10		327.44		492
23		41		23		3		626		822		10		280.42		474
24		9		35		5		0		964		10		734.97		1770
25		12		23		2		0		964		10		651.17		705
26		56		70		4		0		949		10		561.11		732
27		4		60		3		0		950		10		605.14		1716
28		0		4		4		753		937		10		601.53		1293
29		35		52		4		413		647		10		936.38		1511
30		52		73		3		0		948		10		440.19		872
31		4		54		3		0		146		10		748.63		1224
32		56		65		2		0		953		10		207.51		428
33		48		45		3		470		742		10		376.56		780
34		4		1		2		692		942		10		308.35		822
35		33		16		5		0		970		10		431.55		750
36		19		24		3		0		970		10		748.63		1224
37		11		63		3		119		353		10		350.84		984
38		55		39		3		440		700		10		909.34		1502
39		52		61		2		0		958		10		221.58		714
40		28		73		2		0		951		10		208.49		300
41		64		2		2		0		946		10		716.45		1140
42		6		33		3		0		188		10		420.05		1074
43		50		53		4		312		518		10		1093.3		2058
44		41		44		5		0		979		10		778.92		2055
45		14		31		3		0		968		10		735.54		810
46		65		71		2		0		943		10		410.6		1011
47		46		0		4		99		323		10		996.22		1872
48		38		43		3		0		981		10		320.19		552
49		45		47		3		544		770		10		512.45		1176
50		67		58		3		438		610		10		268		531
51		8		62		2		0		951		10		475.88		1446
52		1		8		2		0		946		10		219.93		371
53		30		78		3		123		383		10		727.3		1074
54		26		65		5		42		236		10		539.14		1051
55		24		45		4		39		275		10		457.83		755
56		38		18		2		0		972		10		207.51		428
57		39		80		3		129		417		10		542.02		1062
58		24		76		3		0		947		10		484.66		1038
59		46		10		4		0		216		10		926.76		1230
60		41		4		4		267		509		10		625.36		1379

ITEMS
Type		Length		Width		Height		Mass		Fragility	LoadBearingStrength
Bt1		11		4		4		95.81		0		16.9197790
Bt2		15		6		7		189.40		1		2.6420814
Bt3		17		6		8		286.48		0		18.8707287
Bt4		9		6		4		176.31		0		21.1833475
Bt5		12		7		3		111.70		0		29.3657967
Bt6		16		5		6		168.07		0		7.3380332
Bt7		13		5		3		124.12		0		53.2566521
Bt8		17		6		5		527.05		0		23.5321730
Bt9		7		4		3		32.18		1		9.3043299
Bt10		8		4		6		118.95		0		25.1640595

DEMANDS PER CUSTOMER
i	Type Quantity
1	Bt3 1	Bt5 1	Bt7 1	Bt8 2	
2	Bt1 1	Bt3 1	Bt5 1	Bt6 1	Bt8 1	
3	Bt2 2	Bt4 1	Bt6 1	Bt10 1	
4	Bt6 1	Bt7 2	Bt9 1	
5	Bt5 1	Bt6 1	Bt7 1	Bt8 1	
6	Bt2 1	Bt5 1	Bt7 1	Bt9 1	
7	Bt1 1	Bt4 1	Bt9 1	
8	Bt4 1	Bt8 1	Bt9 1	
9	Bt5 1	Bt6 2	
10	Bt1 1	Bt2 1	Bt8 1	Bt9 2	
11	Bt3 1	Bt4 1	Bt7 1	Bt8 1	Bt10 1	
12	Bt2 1	Bt3 1	
13	Bt8 1	Bt9 2	Bt10 1	
14	Bt2 1	Bt8 1	Bt9 1	
15	Bt3 1	Bt7 1	Bt9 1	Bt10 1	
16	Bt2 1	Bt3 1	Bt10 1	
17	Bt2 1	Bt7 1	
18	Bt2 1	Bt5 1	Bt8 1	
19	Bt2 1	Bt3 1	Bt7 1	
20	Bt1 1	Bt2 1	
21	Bt5 1	Bt8 1	Bt9 2	Bt10 1	
22	Bt4 1	Bt9 1	Bt10 1	
23	Bt7 2	Bt9 1	
24	Bt3 1	Bt6 1	Bt7 2	Bt9 1	
25	Bt7 1	Bt8 1	
26	Bt4 3	Bt9 1	
27	Bt3 2	Bt9 1	
28	Bt2 1	Bt4 1	Bt5 1	Bt7 1	
29	Bt1 1	Bt2 1	Bt7 1	Bt8 1	
30	Bt1 1	Bt4 1	Bt6 1	
31	Bt2 1	Bt8 1	Bt9 1	
32	Bt1 1	Bt5 1	
33	Bt4 1	Bt6 1	Bt9 1	
34	Bt2 1	Bt10 1	
35	Bt7 2	Bt9 2	Bt10 1	
36	Bt2 1	Bt8 1	Bt9 1	
37	Bt3 1	Bt9 2	
38	Bt1 1	Bt3 1	Bt8 1	
39	Bt2 1	Bt9 1	
40	Bt4 1	Bt9 1	
41	Bt2 1	Bt8 1	
42	Bt2 1	Bt5 1	Bt10 1	
43	Bt3 1	Bt5 1	Bt6 1	Bt8 1	
44	Bt3 1	Bt6 2	Bt7 1	Bt9 1	
45	Bt4 1	Bt8 1	Bt9 1	
46	Bt3 1	Bt7 1	
47	Bt2 1	Bt5 1	Bt6 1	Bt8 1	
48	Bt4 1	Bt5 1	Bt9 1	
49	Bt4 1	Bt6 2	
50	Bt5 1	Bt7 1	Bt9 1	
51	Bt2 1	Bt3 1	
52	Bt1 1	Bt7 1	
53	Bt6 1	Bt8 1	Bt9 1	
54	Bt1 2	Bt5 2	Bt7 1	
55	Bt1 1	Bt7 1	Bt10 2	
56	Bt1 1	Bt5 1	
57	Bt2 1	Bt4 2	
58	Bt2 1	Bt4 1	Bt10 1	
59	Bt4 1	Bt5 2	Bt8 1	
60	Bt1 1	Bt3 1	Bt7 1	Bt10 1	