Name				181_n100_m200_bt3
Number_of_Customers		100
Number_of_Items			200
Number_of_ItemTypes		3
Number_of_Vehicles		27
TimeWindows			1

VEHICLE
Mass_Capacity			12595
CargoSpace_Length		60
CargoSpace_Width		25
CargoSpace_Height		30
Wheelbase			48
Max_Mass_FrontAxle		7100
Max_Mass_RearAxle		11500
Distance_FrontAxle_CargoSpace	4

CUSTOMERS
i		x		y		Demand		ReadyTime	DueDate		ServiceTime	DemandedMass	DemandedVolume
0		35		35		0		0		230		0		0		0
1		43		48		2		0		204		10		1676.25		5552
2		4		67		2		0		175		10		1346.32		5291
3		12		80		2		0		169		10		1142.87		3303
4		6		56		2		0		184		10		1142.87		3303
5		47		56		2		0		195		10		812.94		3042
6		64		1		3		0		175		10		2412.65		7334
7		37		20		3		0		204		10		1879.27		5085
8		42		18		1		0		201		10		406.47		1521
9		54		38		2		0		200		10		1346.32		5291
10		20		16		1		0		195		10		736.4		1782
11		56		33		1		0		198		10		736.4		1782
12		22		3		2		151		183		10		1472.8		3564
13		14		1		3		0		180		10		2082.72		7073
14		17		54		3		159		183		10		1752.79		6812
15		70		34		1		0		184		10		406.47		1521
16		24		51		2		0		200		10		812.94		3042
17		14		55		3		0		191		10		2082.72		7073
18		35		13		1		0		198		10		406.47		1521
19		22		56		2		0		195		10		1879.7		7540
20		19		5		3		127		155		10		1549.34		4824
21		66		45		3		0		187		10		2412.65		7334
22		70		24		1		65		97		10		406.47		1521
23		14		45		2		0		196		10		1346.32		5291
24		38		76		2		0		178		10		1142.87		3303
25		62		21		1		0		189		10		406.47		1521
26		58		68		3		58		84		10		2082.72		7073
27		17		22		3		13		33		10		1549.34		4824
28		30		33		1		85		105		10		939.85		3770
29		8		70		1		40		66		10		736.4		1782
30		30		78		2		0		176		10		1142.87		3303
31		35		76		2		0		179		10		1142.87		3303
32		25		47		3		0		204		10		2286.17		9061
33		3		33		3		0		187		10		2286.17		9061
34		39		80		1		0		174		10		939.85		3770
35		0		64		2		0		174		10		1346.32		5291
36		67		38		1		0		187		10		939.85		3770
37		9		78		2		0		169		10		1676.25		5552
38		60		62		3		0		183		10		2082.72		7073
39		66		7		2		0		178		10		1346.32		5291
40		42		21		3		0		204		10		2819.55		11310
41		27		61		3		37		71		10		2082.72		7073
42		46		66		1		37		69		10		736.4		1782
43		52		57		2		0		192		10		1676.25		5552
44		59		19		2		0		191		10		1346.32		5291
45		27		42		3		0		209		10		1752.79		6812
46		34		0		2		0		184		10		1142.87		3303
47		34		16		2		0		200		10		1346.32		5291
48		45		9		2		97		123		10		812.94		3042
49		6		60		1		45		75		10		736.4		1782
50		41		75		1		0		179		10		406.47		1521
51		56		22		2		0		195		10		1346.32		5291
52		25		67		3		75		109		10		2082.72		7073
53		43		54		3		0		199		10		1549.34		4824
54		3		39		3		0		187		10		1752.79		6812
55		67		35		3		0		188		10		2082.72		7073
56		28		3		3		0		187		10		2412.65		7334
57		52		78		2		122		152		10		1472.8		3564
58		3		18		1		0		183		10		939.85		3770
59		9		44		2		0		192		10		1472.8		3564
60		54		8		1		0		186		10		406.47		1521
61		10		22		1		0		191		10		736.4		1782
62		3		15		1		165		191		10		939.85		3770
63		67		0		2		0		172		10		1676.25		5552
64		22		68		2		80		114		10		1676.25		5552
65		41		66		2		0		188		10		1676.25		5552
66		63		57		3		0		184		10		2209.2		5346
67		51		28		1		0		202		10		939.85		3770
68		18		38		2		40		72		10		1676.25		5552
69		30		68		3		0		186		10		2209.2		5346
70		24		38		3		0		208		10		1219.41		4563
71		6		39		2		20		48		10		1142.87		3303
72		31		26		3		0		210		10		2082.72		7073
73		16		64		1		77		99		10		736.4		1782
74		59		55		2		0		188		10		1879.7		7540
75		69		58		2		0		178		10		812.94		3042
76		19		29		2		0		202		10		1676.25		5552
77		36		9		3		0		193		10		2412.65		7334
78		55		54		2		0		192		10		1346.32		5291
79		57		29		1		0		197		10		736.4		1782
80		56		25		2		0		196		10		1346.32		5291
81		8		47		2		0		190		10		1676.25		5552
82		7		14		1		0		185		10		939.85		3770
83		68		16		3		0		181		10		2412.65		7334
84		28		72		1		125		155		10		939.85		3770
85		13		69		3		0		179		10		2082.72		7073
86		18		47		2		0		199		10		1879.7		7540
87		69		80		2		61		89		10		1676.25		5552
88		33		31		2		0		215		10		1472.8		3564
89		20		53		1		0		196		10		939.85		3770
90		47		5		1		0		187		10		736.4		1782
91		13		64		2		0		183		10		1472.8		3564
92		5		4		1		0		176		10		736.4		1782
93		31		2		1		167		193		10		406.47		1521
94		40		6		1		40		68		10		406.47		1521
95		60		3		2		76		102		10		1142.87		3303
96		18		9		3		0		188		10		2286.17		9061
97		34		60		2		147		171		10		1472.8		3564
98		8		25		3		0		191		10		2286.17		9061
99		50		63		1		0		188		10		736.4		1782
100		57		76		2		0		173		10		1142.87		3303

ITEMS
Type		Length		Width		Height		Mass		Fragility	LoadBearingStrength
Bt1		33		6		9		736.40		0		7.5195447
Bt2		13		9		13		406.47		1		21.0369515
Bt3		29		10		13		939.85		0		30.2533470

DEMANDS PER CUSTOMER
i	Type Quantity
1	Bt1 1	Bt3 1	
2	Bt2 1	Bt3 1	
3	Bt1 1	Bt2 1	
4	Bt1 1	Bt2 1	
5	Bt2 2	
6	Bt1 2	Bt3 1	
7	Bt1 2	Bt2 1	
8	Bt2 1	
9	Bt2 1	Bt3 1	
10	Bt1 1	
11	Bt1 1	
12	Bt1 2	
13	Bt1 1	Bt2 1	Bt3 1	
14	Bt2 2	Bt3 1	
15	Bt2 1	
16	Bt2 2	
17	Bt1 1	Bt2 1	Bt3 1	
18	Bt2 1	
19	Bt3 2	
20	Bt1 1	Bt2 2	
21	Bt1 2	Bt3 1	
22	Bt2 1	
23	Bt2 1	Bt3 1	
24	Bt1 1	Bt2 1	
25	Bt2 1	
26	Bt1 1	Bt2 1	Bt3 1	
27	Bt1 1	Bt2 2	
28	Bt3 1	
29	Bt1 1	
30	Bt1 1	Bt2 1	
31	Bt1 1	Bt2 1	
32	Bt2 1	Bt3 2	
33	Bt2 1	Bt3 2	
34	Bt3 1	
35	Bt2 1	Bt3 1	
36	Bt3 1	
37	Bt1 1	Bt3 1	
38	Bt1 1	Bt2 1	Bt3 1	
39	Bt2 1	Bt3 1	
40	Bt3 3	
41	Bt1 1	Bt2 1	Bt3 1	
42	Bt1 1	
43	Bt1 1	Bt3 1	
44	Bt2 1	Bt3 1	
45	Bt2 2	Bt3 1	
46	Bt1 1	Bt2 1	
47	Bt2 1	Bt3 1	
48	Bt2 2	
49	Bt1 1	
50	Bt2 1	
51	Bt2 1	Bt3 1	
52	Bt1 1	Bt2 1	Bt3 1	
53	Bt1 1	Bt2 2	
54	Bt2 2	Bt3 1	
55	Bt1 1	Bt2 1	Bt3 1	
56	Bt1 2	Bt3 1	
57	Bt1 2	
58	Bt3 1	
59	Bt1 2	
60	Bt2 1	
61	Bt1 1	
62	Bt3 1	
63	Bt1 1	Bt3 1	
64	Bt1 1	Bt3 1	
65	Bt1 1	Bt3 1	
66	Bt1 3	
67	Bt3 1	
68	Bt1 1	Bt3 1	
69	Bt1 3	
70	Bt2 3	
71	Bt1 1	Bt2 1	
72	Bt1 1	Bt2 1	Bt3 1	
73	Bt1 1	
74	Bt3 2	
75	Bt2 2	
76	Bt1 1	Bt3 1	
77	Bt1 2	Bt3 1	
78	Bt2 1	Bt3 1	
79	Bt1 1	
80	Bt2 1	Bt3 1	
81	Bt1 1	Bt3 1	
82	Bt3 1	
83	Bt1 2	Bt3 1	
84	Bt3 1	
85	Bt1 1	Bt2 1	Bt3 1	
86	Bt3 2	
87	Bt1 1	Bt3 1	
88	Bt1 2	
89	Bt3 1	
90	Bt1 1	
91	Bt1 2	
92	Bt1 1	
93	Bt2 1	
94	Bt2 1	
95	Bt1 1	Bt2 1	
96	Bt2 1	Bt3 2	
97	Bt1 2	
98	Bt2 1	Bt3 2	
99	Bt1 1	
100	Bt1 1	Bt2 1	