Name				184_n100_m200_bt3
Number_of_Customers		100
Number_of_Items			200
Number_of_ItemTypes		3
Number_of_Vehicles		37
TimeWindows			1

VEHICLE
Mass_Capacity			12595
CargoSpace_Length		60
CargoSpace_Width		25
CargoSpace_Height		30
Wheelbase			48
Max_Mass_FrontAxle		7100
Max_Mass_RearAxle		11500
Distance_FrontAxle_CargoSpace	4

CUSTOMERS
i		x		y		Demand		ReadyTime	DueDate		ServiceTime	DemandedMass	DemandedVolume
0		35		35		0		0		230		0		0		0
1		65		3		1		0		176		10		534.87		2926
2		45		29		2		170		202		10		1796.68		3240
3		32		73		2		107		139		10		1976.61		5274
4		52		30		1		68		88		10		898.34		1620
5		22		4		1		120		148		10		1078.27		3654
6		60		17		2		129		159		10		1613.14		6580
7		53		15		1		28		58		10		898.34		1620
8		6		53		3		60		86		10		2511.48		8200
9		13		11		1		57		93		10		898.34		1620
10		41		57		3		169		205		10		1968.08		7472
11		14		61		1		151		181		10		1078.27		3654
12		38		14		2		0		198		10		1613.14		6580
13		39		7		1		0		191		10		898.34		1620
14		25		66		2		108		142		10		1796.68		3240
15		27		33		3		17		53		10		2691.41		10234
16		5		0		2		0		173		10		1796.68		3240
17		43		2		3		0		186		10		1604.61		8778
18		39		49		3		88		116		10		1968.08		7472
19		57		9		1		72		98		10		534.87		2926
20		62		43		3		0		191		10		1968.08		7472
21		27		22		3		178		206		10		2511.48		8200
22		30		4		3		110		142		10		2331.55		6166
23		4		25		2		110		136		10		2156.54		7308
24		37		4		2		157		193		10		1796.68		3240
25		65		9		3		124		150		10		2148.01		9506
26		11		56		2		24		48		10		1976.61		5274
27		13		52		2		0		192		10		1976.61		5274
28		55		57		2		0		190		10		1976.61		5274
29		49		21		2		166		196		10		1069.74		5852
30		49		44		2		6		34		10		1976.61		5274
31		7		26		2		30		50		10		2156.54		7308
32		33		31		3		0		215		10		2691.41		10234
33		22		0		3		47		79		10		2148.01		9506
34		42		72		2		159		189		10		1976.61		5274
35		28		50		1		182		210		10		898.34		1620
36		61		25		2		152		180		10		2156.54		7308
37		44		25		2		39		67		10		2156.54		7308
38		6		80		2		119		151		10		1433.21		4546
39		54		49		1		125		157		10		898.34		1620
40		60		63		1		147		177		10		898.34		1620
41		42		38		3		0		212		10		1968.08		7472
42		67		59		3		72		96		10		1968.08		7472
43		59		2		1		0		179		10		898.34		1620
44		59		79		1		143		177		10		534.87		2926
45		39		0		2		133		159		10		1613.14		6580
46		67		51		3		66		104		10		2331.55		6166
47		58		22		1		85		119		10		1078.27		3654
48		2		70		1		44		68		10		534.87		2926
49		66		74		3		0		170		10		2511.48		8200
50		30		35		3		0		215		10		2874.95		6894
51		12		48		3		82		120		10		2511.48		8200
52		41		80		2		114		138		10		1069.74		5852
53		61		54		3		167		197		10		2511.48		8200
54		17		68		1		139		155		10		898.34		1620
55		62		39		1		64		96		10		1078.27		3654
56		11		73		2		91		121		10		1613.14		6580
57		35		38		1		96		130		10		534.87		2926
58		65		78		2		37		67		10		1976.61		5274
59		31		19		3		0		203		10		2511.48		8200
60		29		59		2		15		37		10		1976.61		5274
61		23		14		3		0		195		10		1968.08		7472
62		27		36		3		81		115		10		2874.95		6894
63		40		27		3		0		210		10		2511.48		8200
64		50		52		1		117		153		10		1078.27		3654
65		37		26		1		0		210		10		1078.27		3654
66		16		56		3		145		173		10		3054.88		8928
67		51		69		1		27		59		10		534.87		2926
68		11		2		2		76		114		10		1613.14		6580
69		34		7		2		18		46		10		1069.74		5852
70		25		45		2		174		202		10		1976.61		5274
71		68		10		1		42		62		10		1078.27		3654
72		20		38		3		66		98		10		3054.88		8928
73		48		56		3		108		132		10		3234.81		10962
74		43		20		3		166		186		10		2148.01		9506
75		52		20		3		141		169		10		3054.88		8928
76		46		79		2		90		120		10		2156.54		7308
77		49		61		3		95		123		10		2511.48		8200
78		68		33		3		110		144		10		2511.48		8200
79		0		17		1		34		54		10		898.34		1620
80		51		66		1		55		83		10		534.87		2926
81		8		75		3		0		171		10		2331.55		6166
82		33		24		1		0		208		10		898.34		1620
83		24		38		2		194		222		10		1613.14		6580
84		70		68		2		74		104		10		1433.21		4546
85		51		48		2		0		199		10		2156.54		7308
86		48		75		2		125		147		10		2156.54		7308
87		33		63		2		26		60		10		1796.68		3240
88		43		54		2		56		86		10		1433.21		4546
89		70		28		1		86		114		10		898.34		1620
90		64		53		1		97		125		10		534.87		2926
91		65		47		2		116		144		10		1976.61		5274
92		68		6		1		0		176		10		534.87		2926
93		44		32		2		131		153		10		1613.14		6580
94		45		59		1		0		194		10		1078.27		3654
95		17		11		3		64		88		10		2511.48		8200
96		52		4		1		110		136		10		534.87		2926
97		60		34		2		0		194		10		1976.61		5274
98		14		24		2		0		196		10		1976.61		5274
99		38		58		2		136		162		10		1069.74		5852
100		64		61		1		0		181		10		898.34		1620

ITEMS
Type		Length		Width		Height		Mass		Fragility	LoadBearingStrength
Bt1		29		9		14		1078.27		0		30.1934233
Bt2		18		10		9		898.34		0		24.6195230
Bt3		19		11		14		534.87		1		4.4722617

DEMANDS PER CUSTOMER
i	Type Quantity
1	Bt3 1	
2	Bt2 2	
3	Bt1 1	Bt2 1	
4	Bt2 1	
5	Bt1 1	
6	Bt1 1	Bt3 1	
7	Bt2 1	
8	Bt1 1	Bt2 1	Bt3 1	
9	Bt2 1	
10	Bt2 1	Bt3 2	
11	Bt1 1	
12	Bt1 1	Bt3 1	
13	Bt2 1	
14	Bt2 2	
15	Bt1 2	Bt3 1	
16	Bt2 2	
17	Bt3 3	
18	Bt2 1	Bt3 2	
19	Bt3 1	
20	Bt2 1	Bt3 2	
21	Bt1 1	Bt2 1	Bt3 1	
22	Bt2 2	Bt3 1	
23	Bt1 2	
24	Bt2 2	
25	Bt1 1	Bt3 2	
26	Bt1 1	Bt2 1	
27	Bt1 1	Bt2 1	
28	Bt1 1	Bt2 1	
29	Bt3 2	
30	Bt1 1	Bt2 1	
31	Bt1 2	
32	Bt1 2	Bt3 1	
33	Bt1 1	Bt3 2	
34	Bt1 1	Bt2 1	
35	Bt2 1	
36	Bt1 2	
37	Bt1 2	
38	Bt2 1	Bt3 1	
39	Bt2 1	
40	Bt2 1	
41	Bt2 1	Bt3 2	
42	Bt2 1	Bt3 2	
43	Bt2 1	
44	Bt3 1	
45	Bt1 1	Bt3 1	
46	Bt2 2	Bt3 1	
47	Bt1 1	
48	Bt3 1	
49	Bt1 1	Bt2 1	Bt3 1	
50	Bt1 1	Bt2 2	
51	Bt1 1	Bt2 1	Bt3 1	
52	Bt3 2	
53	Bt1 1	Bt2 1	Bt3 1	
54	Bt2 1	
55	Bt1 1	
56	Bt1 1	Bt3 1	
57	Bt3 1	
58	Bt1 1	Bt2 1	
59	Bt1 1	Bt2 1	Bt3 1	
60	Bt1 1	Bt2 1	
61	Bt2 1	Bt3 2	
62	Bt1 1	Bt2 2	
63	Bt1 1	Bt2 1	Bt3 1	
64	Bt1 1	
65	Bt1 1	
66	Bt1 2	Bt2 1	
67	Bt3 1	
68	Bt1 1	Bt3 1	
69	Bt3 2	
70	Bt1 1	Bt2 1	
71	Bt1 1	
72	Bt1 2	Bt2 1	
73	Bt1 3	
74	Bt1 1	Bt3 2	
75	Bt1 2	Bt2 1	
76	Bt1 2	
77	Bt1 1	Bt2 1	Bt3 1	
78	Bt1 1	Bt2 1	Bt3 1	
79	Bt2 1	
80	Bt3 1	
81	Bt2 2	Bt3 1	
82	Bt2 1	
83	Bt1 1	Bt3 1	
84	Bt2 1	Bt3 1	
85	Bt1 2	
86	Bt1 2	
87	Bt2 2	
88	Bt2 1	Bt3 1	
89	Bt2 1	
90	Bt3 1	
91	Bt1 1	Bt2 1	
92	Bt3 1	
93	Bt1 1	Bt3 1	
94	Bt1 1	
95	Bt1 1	Bt2 1	Bt3 1	
96	Bt3 1	
97	Bt1 1	Bt2 1	
98	Bt1 1	Bt2 1	
99	Bt3 2	
100	Bt2 1	