Name				185_n100_m200_bt3
Number_of_Customers		100
Number_of_Items			200
Number_of_ItemTypes		3
Number_of_Vehicles		34
TimeWindows			1

VEHICLE
Mass_Capacity			12595
CargoSpace_Length		60
CargoSpace_Width		25
CargoSpace_Height		30
Wheelbase			48
Max_Mass_FrontAxle		7100
Max_Mass_RearAxle		11500
Distance_FrontAxle_CargoSpace	4

CUSTOMERS
i		x		y		Demand		ReadyTime	DueDate		ServiceTime	DemandedMass	DemandedVolume
0		35		35		0		0		230		0		0		0
1		12		49		2		22		48		10		2054.55		3960
2		10		52		3		33		59		10		2693.85		4786
3		18		24		3		161		187		10		2800.88		5528
4		11		40		1		152		178		10		853.36		2310
5		23		31		3		164		194		10		2907.91		6270
6		44		35		3		104		134		10		2800.88		5528
7		19		51		2		0		197		10		1947.52		3218
8		34		14		1		0		198		10		746.33		1568
9		8		69		3		102		134		10		3255.74		5610
10		57		78		1		97		127		10		1201.19		1650
11		39		29		3		149		175		10		2907.91		6270
12		56		45		1		189		205		10		746.33		1568
13		15		27		3		0		198		10		2800.88		5528
14		8		66		3		0		178		10		2800.88		5528
15		61		77		3		139		169		10		2693.85		4786
16		13		61		2		101		127		10		2054.55		3960
17		64		33		2		147		185		10		1599.69		3878
18		25		35		1		0		210		10		1201.19		1650
19		30		66		1		133		171		10		746.33		1568
20		23		56		2		90		112		10		2054.55		3960
21		67		71		2		60		100		10		1599.69		3878
22		42		4		2		149		173		10		1599.69		3878
23		48		54		2		41		65		10		1599.69		3878
24		1		54		3		163		195		10		2453.05		6188
25		69		1		2		0		171		10		2402.38		3300
26		29		0		3		0		184		10		3255.74		5610
27		55		67		2		109		149		10		1599.69		3878
28		50		39		1		142		176		10		853.36		2310
29		33		23		2		44		74		10		2054.55		3960
30		61		14		2		0		186		10		1947.52		3218
31		47		6		3		120		152		10		3255.74		5610
32		48		44		1		163		197		10		746.33		1568
33		27		69		2		153		183		10		2054.55		3960
34		44		76		2		110		144		10		1947.52		3218
35		16		17		2		70		100		10		1492.66		3136
36		53		6		1		0		185		10		746.33		1568
37		50		79		2		88		120		10		2054.55		3960
38		24		71		1		23		51		10		1201.19		1650
39		47		9		3		51		73		10		3148.71		4868
40		52		47		2		0		199		10		1599.69		3878
41		21		0		1		43		73		10		853.36		2310
42		9		79		1		91		125		10		746.33		1568
43		61		39		2		132		156		10		2054.55		3960
44		7		10		3		137		157		10		3148.71		4868
45		68		5		3		137		163		10		3255.74		5610
46		67		80		2		147		179		10		1706.72		4620
47		28		53		3		185		213		10		2346.02		5446
48		25		44		1		34		60		10		1201.19		1650
49		61		29		2		0		193		10		2054.55		3960
50		6		50		3		26		60		10		2800.88		5528
51		67		23		3		119		149		10		2346.02		5446
52		37		3		2		52		78		10		1947.52		3218
53		46		17		2		0		198		10		1947.52		3218
54		57		60		1		0		186		10		746.33		1568
55		41		24		2		142		180		10		1947.52		3218
56		67		34		2		125		147		10		1947.52		3218
57		17		67		3		30		58		10		2560.08		6930
58		2		65		3		0		175		10		3255.74		5610
59		16		40		1		53		83		10		853.36		2310
60		30		43		2		94		124		10		1947.52		3218
61		46		41		3		73		105		10		2693.85		4786
62		56		12		2		107		133		10		1599.69		3878
63		43		28		1		35		61		10		1201.19		1650
64		13		57		3		128		164		10		2800.88		5528
65		52		34		2		113		145		10		1599.69		3878
66		26		58		1		0		195		10		853.36		2310
67		15		11		1		0		188		10		746.33		1568
68		12		67		3		129		155		10		2800.88		5528
69		39		71		3		58		84		10		2346.02		5446
70		18		59		2		40		68		10		2054.55		3960
71		24		50		2		163		191		10		1492.66		3136
72		47		13		2		0		194		10		2054.55		3960
73		69		67		1		102		140		10		1201.19		1650
74		70		34		3		90		122		10		3603.57		4950
75		4		44		2		52		80		10		1492.66		3136
76		31		36		1		0		215		10		746.33		1568
77		65		2		2		141		175		10		1599.69		3878
78		44		70		3		164		196		10		2800.88		5528
79		20		38		1		63		93		10		1201.19		1650
80		0		68		3		149		177		10		2907.91		6270
81		55		73		3		0		177		10		2346.02		5446
82		8		26		1		97		129		10		1201.19		1650
83		39		32		1		184		210		10		1201.19		1650
84		68		13		1		0		180		10		746.33		1568
85		48		49		1		159		191		10		853.36		2310
86		44		32		1		25		55		10		1201.19		1650
87		69		75		1		56		82		10		1201.19		1650
88		39		77		2		41		71		10		1599.69		3878
89		61		35		2		76		108		10		1947.52		3218
90		20		29		1		160		194		10		1201.19		1650
91		22		67		2		132		168		10		2054.55		3960
92		39		16		3		167		199		10		2693.85		4786
93		29		57		1		110		148		10		1201.19		1650
94		4		37		2		0		188		10		2054.55		3960
95		5		18		3		0		185		10		3603.57		4950
96		24		18		3		0		199		10		2346.02		5446
97		29		23		2		0		206		10		2054.55		3960
98		51		62		2		19		55		10		1947.52		3218
99		45		52		1		161		193		10		746.33		1568
100		28		38		1		0		212		10		746.33		1568

ITEMS
Type		Length		Width		Height		Mass		Fragility	LoadBearingStrength
Bt1		25		6		11		1201.19		1		10.0557015
Bt2		33		7		10		853.36		0		18.4568534
Bt3		28		8		7		746.33		0		15.6192734

DEMANDS PER CUSTOMER
i	Type Quantity
1	Bt1 1	Bt2 1	
2	Bt1 1	Bt3 2	
3	Bt1 1	Bt2 1	Bt3 1	
4	Bt2 1	
5	Bt1 1	Bt2 2	
6	Bt1 1	Bt2 1	Bt3 1	
7	Bt1 1	Bt3 1	
8	Bt3 1	
9	Bt1 2	Bt2 1	
10	Bt1 1	
11	Bt1 1	Bt2 2	
12	Bt3 1	
13	Bt1 1	Bt2 1	Bt3 1	
14	Bt1 1	Bt2 1	Bt3 1	
15	Bt1 1	Bt3 2	
16	Bt1 1	Bt2 1	
17	Bt2 1	Bt3 1	
18	Bt1 1	
19	Bt3 1	
20	Bt1 1	Bt2 1	
21	Bt2 1	Bt3 1	
22	Bt2 1	Bt3 1	
23	Bt2 1	Bt3 1	
24	Bt2 2	Bt3 1	
25	Bt1 2	
26	Bt1 2	Bt2 1	
27	Bt2 1	Bt3 1	
28	Bt2 1	
29	Bt1 1	Bt2 1	
30	Bt1 1	Bt3 1	
31	Bt1 2	Bt2 1	
32	Bt3 1	
33	Bt1 1	Bt2 1	
34	Bt1 1	Bt3 1	
35	Bt3 2	
36	Bt3 1	
37	Bt1 1	Bt2 1	
38	Bt1 1	
39	Bt1 2	Bt3 1	
40	Bt2 1	Bt3 1	
41	Bt2 1	
42	Bt3 1	
43	Bt1 1	Bt2 1	
44	Bt1 2	Bt3 1	
45	Bt1 2	Bt2 1	
46	Bt2 2	
47	Bt2 1	Bt3 2	
48	Bt1 1	
49	Bt1 1	Bt2 1	
50	Bt1 1	Bt2 1	Bt3 1	
51	Bt2 1	Bt3 2	
52	Bt1 1	Bt3 1	
53	Bt1 1	Bt3 1	
54	Bt3 1	
55	Bt1 1	Bt3 1	
56	Bt1 1	Bt3 1	
57	Bt2 3	
58	Bt1 2	Bt2 1	
59	Bt2 1	
60	Bt1 1	Bt3 1	
61	Bt1 1	Bt3 2	
62	Bt2 1	Bt3 1	
63	Bt1 1	
64	Bt1 1	Bt2 1	Bt3 1	
65	Bt2 1	Bt3 1	
66	Bt2 1	
67	Bt3 1	
68	Bt1 1	Bt2 1	Bt3 1	
69	Bt2 1	Bt3 2	
70	Bt1 1	Bt2 1	
71	Bt3 2	
72	Bt1 1	Bt2 1	
73	Bt1 1	
74	Bt1 3	
75	Bt3 2	
76	Bt3 1	
77	Bt2 1	Bt3 1	
78	Bt1 1	Bt2 1	Bt3 1	
79	Bt1 1	
80	Bt1 1	Bt2 2	
81	Bt2 1	Bt3 2	
82	Bt1 1	
83	Bt1 1	
84	Bt3 1	
85	Bt2 1	
86	Bt1 1	
87	Bt1 1	
88	Bt2 1	Bt3 1	
89	Bt1 1	Bt3 1	
90	Bt1 1	
91	Bt1 1	Bt2 1	
92	Bt1 1	Bt3 2	
93	Bt1 1	
94	Bt1 1	Bt2 1	
95	Bt1 3	
96	Bt2 1	Bt3 2	
97	Bt1 1	Bt2 1	
98	Bt1 1	Bt3 1	
99	Bt3 1	
100	Bt3 1	