Name				186_n100_m200_bt10
Number_of_Customers		100
Number_of_Items			200
Number_of_ItemTypes		10
Number_of_Vehicles		36
TimeWindows			1

VEHICLE
Mass_Capacity			12595
CargoSpace_Length		60
CargoSpace_Width		25
CargoSpace_Height		30
Wheelbase			48
Max_Mass_FrontAxle		7100
Max_Mass_RearAxle		11500
Distance_FrontAxle_CargoSpace	4

CUSTOMERS
i		x		y		Demand		ReadyTime	DueDate		ServiceTime	DemandedMass	DemandedVolume
0		35		35		0		0		230		0		0		0
1		11		5		1		144		170		10		1544.62		4992
2		25		3		2		105		133		10		813.26		2700
3		42		29		1		0		210		10		1099.89		1449
4		17		15		3		0		193		10		2313.14		5859
5		5		56		3		0		183		10		2868.42		4968
6		38		13		1		83		107		10		1398.62		2079
7		42		40		2		182		214		10		1914.53		6432
8		14		49		3		10		42		10		3211.89		7431
9		60		29		2		91		123		10		1368.54		1809
10		60		33		3		0		194		10		3036.74		5519
11		15		3		2		163		185		10		813.26		2700
12		17		64		1		0		185		10		544.61		2340
13		20		25		2		157		199		10		1469.62		2967
14		70		73		1		96		130		10		263.53		1680
15		29		53		2		167		195		10		1662.15		3759
16		31		71		3		30		56		10		1925.68		5439
17		0		41		2		0		184		10		2943.24		7071
18		23		42		1		102		138		10		369.73		1518
19		20		80		3		59		77		10		2352.76		9012
20		6		8		1		55		79		10		369.73		1518
21		46		60		3		16		48		10		2076.8		7032
22		24		65		1		0		188		10		1369.47		3080
23		62		36		1		137		175		10		263.53		1680
24		14		16		3		142		160		10		3838.83		7609
25		14		31		3		0		198		10		2645.36		5763
26		31		49		1		108		134		10		1398.62		2079
27		46		19		3		36		62		10		1076.79		4380
28		31		66		3		146		172		10		2007.85		4958
29		3		67		1		0		174		10		268.65		360
30		44		16		1		170		196		10		1544.62		4992
31		44		71		3		143		177		10		1284.25		5298
32		34		64		2		115		149		10		638.38		1878
33		50		18		2		0		197		10		633.44		3120
34		9		39		3		0		193		10		2138.26		5037
35		36		4		3		77		111		10		2183		6870
36		70		59		1		0		177		10		369.73		1518
37		62		5		2		154		186		10		1739.38		4520
38		45		52		1		127		155		10		1099.89		1449
39		66		5		1		137		165		10		544.61		2340
40		20		73		1		155		189		10		702.13		1344
41		34		26		3		80		110		10		2183		6870
42		34		22		3		170		208		10		2076.8		7032
43		36		19		2		162		200		10		2914.09		8072
44		55		3		1		107		129		10		268.65		360
45		9		80		1		55		81		10		544.61		2340
46		57		77		3		0		172		10		1510.27		5364
47		23		79		2		0		174		10		3089.24		9984
48		51		31		1		167		205		10		1099.89		1449
49		30		60		2		122		158		10		1072.04		2784
50		39		27		1		7		41		10		702.13		1344
51		68		27		3		0		186		10		3313.15		8511
52		49		50		3		171		201		10		1791.35		6024
53		38		48		2		89		113		10		1914.08		5420
54		5		26		2		110		126		10		532.18		2040
55		48		14		1		0		195		10		1544.62		4992
56		49		21		3		142		170		10		1925.68		5439
57		6		31		1		89		127		10		544.61		2340
58		65		25		2		164		194		10		638.38		1878
59		14		23		1		165		205		10		369.91		1440
60		21		2		1		0		184		10		263.53		1680
61		8		17		3		161		193		10		1925.68		5439
62		31		10		1		37		71		10		369.73		1518
63		67		73		1		83		113		10		1544.62		4992
64		62		23		3		112		140		10		1441.59		4380
65		14		53		3		73		97		10		2284.44		7872
66		29		29		3		38		64		10		1008.11		3396
67		17		68		2		0		182		10		532.18		2040
68		13		77		3		100		132		10		1081.91		3060
69		9		47		1		162		194		10		369.91		1440
70		27		33		1		0		211		10		1544.62		4992
71		66		33		2		121		149		10		1404.26		2688
72		65		62		2		163		189		10		633.44		3120
73		56		53		3		0		192		10		1340.51		3222
74		54		8		2		117		151		10		965.66		3024
75		17		48		2		0		197		10		1943.23		4419
76		9		2		1		84		110		10		544.61		2340
77		18		10		3		29		63		10		2008.03		4880
78		20		31		2		0		204		10		2469.36		4529
79		18		4		3		173		197		10		2913.16		6801
80		54		28		1		0		199		10		1099.89		1449
81		21		66		2		45		81		10		532.18		2040
82		42		11		3		42		72		10		3284		9512
83		57		25		2		90		124		10		1071.86		2862
84		1		50		2		0		182		10		2246.75		6336
85		64		67		3		127		155		10		2177.61		7100
86		64		41		2		91		123		10		813.26		2700
87		62		44		3		95		125		10		3138		6599
88		52		55		1		103		129		10		369.73		1518
89		46		32		2		22		48		10		2644.51		6441
90		14		43		2		89		117		10		1768.53		3519
91		32		31		1		0		215		10		263.53		1680
92		52		40		1		158		190		10		369.73		1518
93		9		71		3		45		83		10		1178.05		5460
94		48		44		3		148		178		10		2178.06		8112
95		60		49		2		142		176		10		1072.04		2784
96		4		35		2		164		184		10		1914.08		5420
97		6		51		3		125		157		10		3312.7		7499
98		69		21		2		150		186		10		808.14		4020
99		20		16		1		101		127		10		369.91		1440
100		8		26		2		118		144		10		1072.04		2784

ITEMS
Type		Length		Width		Height		Mass		Fragility	LoadBearingStrength
Bt1		33		9		7		1398.62		0		23.0718875
Bt2		20		14		11		1369.47		0		77.0117272
Bt3		20		9		13		544.61		0		31.9161883
Bt4		32		12		13		1544.62		0		25.0529880
Bt5		21		8		8		702.13		1		6.5512598
Bt6		20		6		14		263.53		0		4.1776032
Bt7		15		8		12		369.91		0		27.6636384
Bt8		23		6		11		369.73		1		2.1047469
Bt9		23		9		7		1099.89		0		178.6624367
Bt10		12		5		6		268.65		0		51.5048783

DEMANDS PER CUSTOMER
i	Type Quantity
1	Bt4 1	
2	Bt3 1	Bt10 1	
3	Bt9 1	
4	Bt1 1	Bt3 1	Bt7 1	
5	Bt1 1	Bt7 1	Bt9 1	
6	Bt1 1	
7	Bt4 1	Bt7 1	
8	Bt1 1	Bt4 1	Bt10 1	
9	Bt9 1	Bt10 1	
10	Bt1 1	Bt2 1	Bt10 1	
11	Bt3 1	Bt10 1	
12	Bt3 1	
13	Bt8 1	Bt9 1	
14	Bt6 1	
15	Bt1 1	Bt6 1	
16	Bt1 1	Bt6 2	
17	Bt1 1	Bt4 1	
18	Bt8 1	
19	Bt3 1	Bt4 1	Bt6 1	
20	Bt8 1	
21	Bt4 1	Bt6 1	Bt10 1	
22	Bt2 1	
23	Bt6 1	
24	Bt2 2	Bt9 1	
25	Bt1 1	Bt3 1	Bt5 1	
26	Bt1 1	
27	Bt3 1	Bt6 1	Bt10 1	
28	Bt2 1	Bt8 1	Bt10 1	
29	Bt10 1	
30	Bt4 1	
31	Bt3 1	Bt7 1	Bt8 1	
32	Bt8 1	Bt10 1	
33	Bt6 1	Bt7 1	
34	Bt1 1	Bt7 1	Bt8 1	
35	Bt4 1	Bt8 1	Bt10 1	
36	Bt8 1	
37	Bt2 1	Bt7 1	
38	Bt9 1	
39	Bt3 1	
40	Bt5 1	
41	Bt4 1	Bt8 1	Bt10 1	
42	Bt4 1	Bt6 1	Bt10 1	
43	Bt2 1	Bt4 1	
44	Bt10 1	
45	Bt3 1	
46	Bt3 1	Bt5 1	Bt6 1	
47	Bt4 2	
48	Bt9 1	
49	Bt5 1	Bt7 1	
50	Bt5 1	
51	Bt1 1	Bt4 1	Bt7 1	
52	Bt3 2	Bt5 1	
53	Bt2 1	Bt3 1	
54	Bt6 1	Bt10 1	
55	Bt4 1	
56	Bt1 1	Bt6 2	
57	Bt3 1	
58	Bt8 1	Bt10 1	
59	Bt7 1	
60	Bt6 1	
61	Bt1 1	Bt6 2	
62	Bt8 1	
63	Bt4 1	
64	Bt5 1	Bt8 2	
65	Bt4 1	Bt7 2	
66	Bt8 2	Bt10 1	
67	Bt6 1	Bt10 1	
68	Bt3 1	Bt10 2	
69	Bt7 1	
70	Bt4 1	
71	Bt5 2	
72	Bt6 1	Bt7 1	
73	Bt5 1	Bt8 1	Bt10 1	
74	Bt5 1	Bt6 1	
75	Bt1 1	Bt3 1	
76	Bt3 1	
77	Bt2 1	Bt7 1	Bt10 1	
78	Bt2 1	Bt9 1	
79	Bt4 1	Bt9 1	Bt10 1	
80	Bt9 1	
81	Bt6 1	Bt10 1	
82	Bt2 1	Bt4 1	Bt7 1	
83	Bt5 1	Bt8 1	
84	Bt4 1	Bt5 1	
85	Bt2 1	Bt3 1	Bt6 1	
86	Bt3 1	Bt10 1	
87	Bt1 1	Bt2 1	Bt7 1	
88	Bt8 1	
89	Bt4 1	Bt9 1	
90	Bt1 1	Bt7 1	
91	Bt6 1	
92	Bt8 1	
93	Bt3 1	Bt6 1	Bt7 1	
94	Bt4 1	Bt6 1	Bt7 1	
95	Bt5 1	Bt7 1	
96	Bt2 1	Bt3 1	
97	Bt1 1	Bt2 1	Bt3 1	
98	Bt3 1	Bt6 1	
99	Bt7 1	
100	Bt5 1	Bt7 1	