Name				187_n100_m200_bt10
Number_of_Customers		100
Number_of_Items			200
Number_of_ItemTypes		10
Number_of_Vehicles		28
TimeWindows			1

VEHICLE
Mass_Capacity			12595
CargoSpace_Length		60
CargoSpace_Width		25
CargoSpace_Height		30
Wheelbase			48
Max_Mass_FrontAxle		7100
Max_Mass_RearAxle		11500
Distance_FrontAxle_CargoSpace	4

CUSTOMERS
i		x		y		Demand		ReadyTime	DueDate		ServiceTime	DemandedMass	DemandedVolume
0		35		35		0		0		230		0		0		0
1		62		2		3		153		189		10		1763.64		5216
2		17		59		1		0		190		10		1278.5		2808
3		23		64		1		0		188		10		873.6		1344
4		67		29		1		140		164		10		443.27		1920
5		26		0		3		0		183		10		2436.79		6284
6		9		78		3		0		169		10		1959.74		5766
7		65		32		2		78		108		10		1576.81		4620
8		20		66		2		22		50		10		1035.02		4208
9		3		10		2		0		179		10		1148.23		5212
10		18		47		3		0		199		10		1661.84		8792
11		37		8		1		0		192		10		1278.5		2808
12		14		37		2		0		198		10		958.63		5516
13		29		13		2		0		197		10		2186.22		3504
14		1		13		2		0		179		10		1755.89		4080
15		63		11		2		97		125		10		890.04		3872
16		0		19		3		0		181		10		2595.37		6072
17		27		40		3		0		210		10		1984.95		6866
18		13		75		1		0		174		10		443.27		1920
19		43		80		1		0		174		10		1278.5		2808
20		11		32		1		0		195		10		566.54		1188
21		28		66		1		37		63		10		591.75		2288
22		0		4		2		0		173		10		698.69		4160
23		39		13		1		0		197		10		255.42		2240
24		44		30		3		0		209		10		1593.25		7148
25		69		48		1		50		84		10		566.54		1188
26		15		48		2		98		128		10		1222.81		6510
27		42		59		3		0		195		10		3036.14		6904
28		63		5		2		0		178		10		1036.77		4224
29		0		46		2		43		67		10		1832.22		5394
30		38		55		2		0		199		10		1035.02		4208
31		55		23		3		0		196		10		2237.13		8324
32		16		68		3		0		181		10		2313.74		3876
33		29		4		2		0		188		10		2015.83		5436
34		46		67		2		133		157		10		1721.77		4728
35		3		38		2		0		187		10		1318.62		3280
36		18		56		3		0		192		10		1591.5		7132
37		61		38		1		0		193		10		255.42		2240
38		40		78		1		0		176		10		1278.5		2808
39		24		21		1		0		202		10		1312.62		2160
40		51		78		3		0		174		10		1366.77		7762
41		1		75		3		132		158		10		2288.31		5916
42		14		31		3		0		198		10		2597.12		6088
43		61		51		1		78		102		10		591.75		2288
44		31		17		3		0		201		10		3036.14		6904
45		23		67		1		79		107		10		703.21		3276
46		11		35		2		0		196		10		1879.16		3348
47		64		26		3		0		189		10		1143.71		6096
48		55		42		2		157		193		10		1316.87		3264
49		24		27		1		0		206		10		519.6		3234
50		61		44		1		0		192		10		566.54		1188
51		47		37		1		181		201		10		566.54		1188
52		46		25		3		0		205		10		1977.19		6968
53		36		66		2		0		188		10		2152.1		4152
54		17		63		1		39		73		10		519.6		3234
55		50		8		1		0		189		10		703.21		3276
56		26		53		3		80		106		10		1030.44		7714
57		21		32		3		0		205		10		1886.71		7852
58		54		39		2		0		200		10		1440.14		2532
59		60		18		2		0		189		10		1111.35		5522
60		68		76		2		0		167		10		1036.77		4224
61		52		2		3		0		182		10		2752.76		4692
62		56		60		2		121		149		10		1465.35		3632
63		34		63		1		147		171		10		703.21		3276
64		24		36		2		97		127		10		1723.52		4744
65		14		64		3		0		184		10		1836.29		5652
66		61		60		1		0		183		10		566.54		1188
67		66		52		3		0		184		10		1714.77		6400
68		23		41		2		0		206		10		1721.77		4728
69		1		67		3		0		173		10		2338.95		4976
70		29		80		2		0		174		10		1879.16		3348
71		9		28		2		53		77		10		1036.77		4224
72		40		28		1		0		211		10		591.75		2288
73		36		38		1		23		47		10		566.54		1188
74		50		40		1		132		170		10		1312.62		2160
75		34		16		3		0		200		10		1578.1		4312
76		57		0		3		0		178		10		2450.41		5964
77		56		6		3		0		184		10		1456.58		5060
78		50		29		1		0		203		10		445.02		1936
79		52		18		2		0		195		10		1318.62		3280
80		36		27		2		0		211		10		888.29		3856
81		17		7		1		0		186		10		566.54		1188
82		61		80		2		0		168		10		1148.23		5212
83		55		32		3		0		199		10		2752.76		4692
84		37		5		3		0		189		10		3430.6		6960
85		64		42		2		0		190		10		1222.81		6510
86		10		1		2		0		177		10		2591.12		4968
87		2		32		2		0		186		10		886.54		3840
88		49		32		1		0		205		10		591.75		2288
89		10		11		3		0		185		10		2460.85		7372
90		27		29		2		0		210		10		821.96		3428
91		36		19		3		0		203		10		1218.29		7394
92		19		77		2		55		85		10		1146.48		5196
93		4		2		2		0		174		10		2152.1		4152
94		8		34		2		0		192		10		1465.35		3632
95		34		78		3		0		176		10		2777.97		5792
96		44		2		1		0		185		10		873.6		1344
97		24		15		1		0		197		10		443.27		1920
98		23		11		2		0		193		10		698.69		4160
99		59		57		1		0		187		10		703.21		3276
100		55		72		2		74		102		10		1832.22		5394

ITEMS
Type		Length		Width		Height		Mass		Fragility	LoadBearingStrength
Bt1		24		8		7		873.60		0		18.6614791
Bt2		20		12		9		1312.62		0		128.0243103
Bt3		28		8		10		255.42		0		15.0331623
Bt4		32		5		12		443.27		1		7.6124193
Bt5		22		13		8		591.75		0		6.9745880
Bt6		18		6		11		566.54		0		17.4755551
Bt7		18		14		13		703.21		0		11.2334698
Bt8		26		9		12		1278.50		1		6.0571187
Bt9		33		7		14		519.60		0		7.3401706
Bt10		22		11		8		445.02		0		46.8501450

DEMANDS PER CUSTOMER
i	Type Quantity
1	Bt1 1	Bt10 2	
2	Bt8 1	
3	Bt1 1	
4	Bt4 1	
5	Bt5 1	Bt6 1	Bt8 1	
6	Bt1 1	Bt6 1	Bt9 1	
7	Bt1 1	Bt7 1	
8	Bt4 1	Bt5 1	
9	Bt7 1	Bt10 1	
10	Bt3 1	Bt7 2	
11	Bt8 1	
12	Bt3 1	Bt7 1	
13	Bt1 1	Bt2 1	
14	Bt2 1	Bt4 1	
15	Bt10 2	
16	Bt1 1	Bt4 1	Bt8 1	
17	Bt1 1	Bt5 1	Bt9 1	
18	Bt4 1	
19	Bt8 1	
20	Bt6 1	
21	Bt5 1	
22	Bt3 1	Bt4 1	
23	Bt3 1	
24	Bt7 1	Bt10 2	
25	Bt6 1	
26	Bt7 1	Bt9 1	
27	Bt2 1	Bt8 1	Bt10 1	
28	Bt5 1	Bt10 1	
29	Bt2 1	Bt9 1	
30	Bt4 1	Bt5 1	
31	Bt3 1	Bt7 1	Bt8 1	
32	Bt1 2	Bt6 1	
33	Bt2 1	Bt7 1	
34	Bt4 1	Bt8 1	
35	Bt1 1	Bt10 1	
36	Bt4 1	Bt7 1	Bt10 1	
37	Bt3 1	
38	Bt8 1	
39	Bt2 1	
40	Bt3 1	Bt5 1	Bt9 1	
41	Bt4 1	Bt6 1	Bt8 1	
42	Bt1 1	Bt8 1	Bt10 1	
43	Bt5 1	
44	Bt2 1	Bt8 1	Bt10 1	
45	Bt7 1	
46	Bt2 1	Bt6 1	
47	Bt3 1	Bt4 1	Bt10 1	
48	Bt1 1	Bt4 1	
49	Bt9 1	
50	Bt6 1	
51	Bt6 1	
52	Bt3 1	Bt4 1	Bt8 1	
53	Bt1 1	Bt8 1	
54	Bt9 1	
55	Bt7 1	
56	Bt3 2	Bt9 1	
57	Bt5 2	Bt7 1	
58	Bt1 1	Bt6 1	
59	Bt5 1	Bt9 1	
60	Bt5 1	Bt10 1	
61	Bt1 1	Bt2 1	Bt6 1	
62	Bt1 1	Bt5 1	
63	Bt7 1	
64	Bt8 1	Bt10 1	
65	Bt6 2	Bt7 1	
66	Bt6 1	
67	Bt6 1	Bt7 1	Bt10 1	
68	Bt4 1	Bt8 1	
69	Bt1 2	Bt5 1	
70	Bt2 1	Bt6 1	
71	Bt5 1	Bt10 1	
72	Bt5 1	
73	Bt6 1	
74	Bt2 1	
75	Bt6 2	Bt10 1	
76	Bt1 2	Bt7 1	
77	Bt6 1	Bt10 2	
78	Bt10 1	
79	Bt1 1	Bt10 1	
80	Bt4 1	Bt10 1	
81	Bt6 1	
82	Bt7 1	Bt10 1	
83	Bt1 1	Bt2 1	Bt6 1	
84	Bt1 1	Bt8 2	
85	Bt7 1	Bt9 1	
86	Bt2 1	Bt8 1	
87	Bt4 2	
88	Bt5 1	
89	Bt2 1	Bt7 1	Bt10 1	
90	Bt3 1	Bt6 1	
91	Bt3 1	Bt4 1	Bt9 1	
92	Bt4 1	Bt7 1	
93	Bt1 1	Bt8 1	
94	Bt1 1	Bt5 1	
95	Bt1 1	Bt2 1	Bt5 1	
96	Bt1 1	
97	Bt4 1	
98	Bt3 1	Bt4 1	
99	Bt7 1	
100	Bt2 1	Bt9 1	