Name				188_n100_m200_bt10
Number_of_Customers		100
Number_of_Items			200
Number_of_ItemTypes		10
Number_of_Vehicles		34
TimeWindows			1

VEHICLE
Mass_Capacity			12595
CargoSpace_Length		60
CargoSpace_Width		25
CargoSpace_Height		30
Wheelbase			48
Max_Mass_FrontAxle		7100
Max_Mass_RearAxle		11500
Distance_FrontAxle_CargoSpace	4

CUSTOMERS
i		x		y		Demand		ReadyTime	DueDate		ServiceTime	DemandedMass	DemandedVolume
0		35		35		0		0		230		0		0		0
1		32		68		3		0		186		10		2666.79		10080
2		5		17		3		34		54		10		3225.84		12220
3		54		7		3		129		157		10		2422.83		9364
4		53		15		1		0		193		10		378.92		2028
5		30		36		2		104		126		10		2228.58		6942
6		66		32		1		168		198		10		1849.66		4914
7		57		27		1		28		48		10		535.99		3456
8		57		52		3		60		94		10		2667.78		6780
9		40		7		1		0		191		10		952.87		1764
10		48		64		2		58		94		10		3004.83		4702
11		38		74		1		0		180		10		1144.43		2376
12		51		60		3		89		121		10		3398.18		6048
13		43		24		1		166		192		10		1849.66		4914
14		12		37		2		117		145		10		1803.56		2745
15		22		52		2		156		186		10		1073.16		3477
16		46		11		1		0		193		10		1144.43		2376
17		1		8		2		0		176		10		1388.48		2898
18		9		61		1		142		180		10		281.14		1710
19		67		60		3		0		179		10		4055.48		6784
20		18		6		3		164		194		10		1770		6930
21		60		1		1		58		92		10		952.87		1764
22		0		37		1		0		184		10		952.87		1764
23		6		54		3		0		185		10		4562.36		6817
24		51		68		3		78		102		10		1814.39		10444
25		65		22		2		0		187		10		1680.42		5832
26		0		22		3		139		169		10		4078.24		11856
27		24		71		3		28		60		10		3653.22		7659
28		44		42		2		0		208		10		1230.23		4905
29		15		51		1		0		194		10		952.87		1764
30		51		49		3		0		198		10		2598.18		6516
31		31		29		3		0		212		10		4149.26		7078
32		62		43		2		29		55		10		1994.52		10556
33		1		61		1		0		177		10		2723.69		2992
34		48		76		1		45		77		10		2723.69		2992
35		58		35		2		0		197		10		562.28		3420
36		61		22		2		81		109		10		2253.75		3672
37		50		8		1		106		132		10		1144.43		2376
38		42		10		2		43		77		10		1488.86		5220
39		55		35		2		169		203		10		2141.69		7654
40		51		77		2		0		175		10		1691.5		6727
41		10		55		3		160		194		10		2411.94		8334
42		16		44		1		19		45		10		1109.32		1296
43		10		1		2		0		177		10		1645.31		4752
44		33		47		1		0		207		10		997.26		5278
45		67		51		3		0		184		10		3285.97		6412
46		29		63		3		11		45		10		4652.19		11592
47		26		67		1		0		186		10		281.14		1710
48		60		61		3		0		183		10		2216.41		9288
49		51		42		3		79		117		10		1961.56		7542
50		51		29		2		0		202		10		1390.46		3006
51		38		56		1		68		92		10		2723.69		2992
52		58		22		2		18		50		10		562.28		3420
53		51		19		3		0		197		10		2607.5		8970
54		25		46		1		0		205		10		694.24		1449
55		37		66		2		0		188		10		1376.18		7306
56		37		7		1		78		106		10		952.87		1764
57		2		41		2		0		186		10		1691.5		6727
58		41		68		3		0		186		10		1961.56		7542
59		23		18		3		0		199		10		3953.92		7897
60		1		33		3		0		185		10		4212.55		8212
61		57		80		1		0		169		10		281.14		1710
62		41		55		3		76		104		10		1098.27		6876
63		34		54		3		0		200		10		2441.11		5088
64		54		61		2		0		187		10		1331.79		3792
65		62		53		2		0		187		10		2385.65		8370
66		68		46		1		45		73		10		952.87		1764
67		16		30		3		0		200		10		4114.15		5998
68		4		13		1		33		69		10		694.24		1449
69		9		64		1		155		193		10		535.99		3456
70		26		31		3		0		210		10		3956.24		11488
71		23		33		3		156		188		10		3496.77		8127
72		38		26		3		109		129		10		1671.6		4716
73		22		3		3		0		185		10		3285.97		6412
74		2		80		1		0		164		10		1849.66		4914
75		4		34		1		0		188		10		378.92		2028
76		63		13		1		31		61		10		281.14		1710
77		68		36		1		0		186		10		1109.32		1296
78		61		76		1		119		143		10		694.24		1449
79		64		19		3		0		186		10		1452.08		5505
80		54		45		2		0		198		10		660.06		3738
81		20		63		2		0		188		10		2543.9		6363
82		34		39		3		97		129		10		1867.78		7248
83		12		63		3		113		135		10		3215.9		7870
84		35		58		2		0		197		10		1691.5		6727
85		45		5		2		65		95		10		1230.23		4905
86		29		24		1		165		203		10		1849.66		4914
87		69		32		1		100		132		10		694.24		1449
88		62		40		1		61		93		10		997.26		5278
89		66		16		1		0		183		10		2723.69		2992
90		70		56		2		0		179		10		2106.58		6574
91		24		7		1		125		151		10		2723.69		2992
92		60		64		2		0		181		10		1647.11		3213
93		7		48		2		82		114		10		1838.67		3825
94		54		27		1		8		42		10		997.26		5278
95		6		58		3		158		178		10		3799.79		11956
96		18		26		3		0		200		10		3240.12		7920
97		53		56		1		0		192		10		1849.66		4914
98		7		27		2		50		74		10		1488.86		5220
99		20		80		3		85		107		10		1559.54		8698
100		1		11		3		0		178		10		1450.9		8940

ITEMS
Type		Length		Width		Height		Mass		Fragility	LoadBearingStrength
Bt1		19		10		9		281.14		0		21.5915186
Bt2		26		6		13		378.92		0		16.1181140
Bt3		23		9		7		694.24		0		31.3616411
Bt4		29		13		14		997.26		0		8.4397461
Bt5		28		9		7		952.87		0		176.8691233
Bt6		18		12		6		1109.32		1		49.2980368
Bt7		34		11		8		2723.69		0		122.8348949
Bt8		27		13		14		1849.66		0		9.7758951
Bt9		32		9		12		535.99		1		1.9939812
Bt10		27		8		11		1144.43		0		67.6051325

DEMANDS PER CUSTOMER
i	Type Quantity
1	Bt1 1	Bt8 1	Bt9 1	
2	Bt2 1	Bt4 1	Bt8 1	
3	Bt1 1	Bt4 1	Bt10 1	
4	Bt2 1	
5	Bt2 1	Bt8 1	
6	Bt8 1	
7	Bt9 1	
8	Bt2 1	Bt10 2	
9	Bt5 1	
10	Bt1 1	Bt7 1	
11	Bt10 1	
12	Bt6 1	Bt10 2	
13	Bt8 1	
14	Bt3 1	Bt6 1	
15	Bt2 1	Bt3 1	
16	Bt10 1	
17	Bt3 2	
18	Bt1 1	
19	Bt2 1	Bt5 1	Bt7 1	
20	Bt1 1	Bt5 1	Bt9 1	
21	Bt5 1	
22	Bt5 1	
23	Bt3 1	Bt7 1	Bt10 1	
24	Bt1 1	Bt4 1	Bt9 1	
25	Bt9 1	Bt10 1	
26	Bt2 1	Bt8 2	
27	Bt3 1	Bt6 1	Bt8 1	
28	Bt3 1	Bt9 1	
29	Bt5 1	
30	Bt5 1	Bt6 1	Bt9 1	
31	Bt1 1	Bt7 1	Bt10 1	
32	Bt4 2	
33	Bt7 1	
34	Bt7 1	
35	Bt1 2	
36	Bt6 1	Bt10 1	
37	Bt10 1	
38	Bt5 1	Bt9 1	
39	Bt4 1	Bt10 1	
40	Bt3 1	Bt4 1	
41	Bt1 2	Bt8 1	
42	Bt6 1	
43	Bt6 1	Bt9 1	
44	Bt4 1	
45	Bt1 2	Bt7 1	
46	Bt5 1	Bt8 2	
47	Bt1 1	
48	Bt9 2	Bt10 1	
49	Bt1 1	Bt9 1	Bt10 1	
50	Bt1 1	Bt6 1	
51	Bt7 1	
52	Bt1 2	
53	Bt2 2	Bt8 1	
54	Bt3 1	
55	Bt2 1	Bt4 1	
56	Bt5 1	
57	Bt3 1	Bt4 1	
58	Bt1 1	Bt9 1	Bt10 1	
59	Bt3 1	Bt7 1	Bt9 1	
60	Bt5 1	Bt7 1	Bt9 1	
61	Bt1 1	
62	Bt1 2	Bt9 1	
63	Bt2 1	Bt5 1	Bt6 1	
64	Bt2 1	Bt5 1	
65	Bt8 1	Bt9 1	
66	Bt5 1	
67	Bt1 1	Bt6 1	Bt7 1	
68	Bt3 1	
69	Bt9 1	
70	Bt4 1	Bt6 1	Bt8 1	
71	Bt3 1	Bt5 1	Bt8 1	
72	Bt1 2	Bt6 1	
73	Bt1 2	Bt7 1	
74	Bt8 1	
75	Bt2 1	
76	Bt1 1	
77	Bt6 1	
78	Bt3 1	
79	Bt2 2	Bt3 1	
80	Bt1 1	Bt2 1	
81	Bt3 1	Bt8 1	
82	Bt2 1	Bt5 1	Bt9 1	
83	Bt4 1	Bt6 2	
84	Bt3 1	Bt4 1	
85	Bt3 1	Bt9 1	
86	Bt8 1	
87	Bt3 1	
88	Bt4 1	
89	Bt7 1	
90	Bt4 1	Bt6 1	
91	Bt7 1	
92	Bt3 1	Bt5 1	
93	Bt3 1	Bt10 1	
94	Bt4 1	
95	Bt4 1	Bt5 1	Bt8 1	
96	Bt1 1	Bt6 1	Bt8 1	
97	Bt8 1	
98	Bt5 1	Bt9 1	
99	Bt1 2	Bt4 1	
100	Bt2 1	Bt9 2	