Name				190_n100_m200_bt10
Number_of_Customers		100
Number_of_Items			200
Number_of_ItemTypes		10
Number_of_Vehicles		39
TimeWindows			1

VEHICLE
Mass_Capacity			12595
CargoSpace_Length		60
CargoSpace_Width		25
CargoSpace_Height		30
Wheelbase			48
Max_Mass_FrontAxle		7100
Max_Mass_RearAxle		11500
Distance_FrontAxle_CargoSpace	4

CUSTOMERS
i		x		y		Demand		ReadyTime	DueDate		ServiceTime	DemandedMass	DemandedVolume
0		35		35		0		0		230		0		0		0
1		25		18		3		0		200		10		3002.38		6285
2		40		63		3		131		163		10		3384.05		7225
3		11		18		1		84		122		10		749.81		1620
4		38		45		3		117		153		10		3891.3		8036
5		39		14		1		26		52		10		749.81		1620
6		60		6		2		147		173		10		3032.34		5180
7		53		56		3		117		155		10		5098.78		8456
8		17		73		3		79		113		10		6077.46		9621
9		67		63		2		94		130		10		1273.89		3500
10		27		23		3		60		92		10		2346.17		4168
11		69		79		3		47		73		10		3818.44		9352
12		5		72		2		0		172		10		2850.33		5260
13		34		0		3		69		103		10		2101.82		5008
14		1		51		2		27		55		10		4045.1		6709
15		11		36		1		0		195		10		2066.44		3276
16		10		76		1		101		137		10		1213.32		2112
17		60		79		1		103		129		10		2066.44		3276
18		29		70		1		35		63		10		858.96		2856
19		68		24		2		176		196		10		1717.92		5712
20		58		30		1		117		151		10		307.99		1596
21		17		8		2		37		65		10		2426.64		4224
22		20		67		3		134		168		10		4063.65		7372
23		54		22		1		176		208		10		307.99		1596
24		38		20		2		67		99		10		2151.05		3472
25		69		0		1		58		74		10		1185.15		1568
26		70		53		1		54		88		10		1944.58		3069
27		31		57		1		0		197		10		2066.44		3276
28		15		57		2		0		190		10		888.5		2896
29		64		78		2		33		71		10		2803.54		5925
30		66		31		1		0		188		10		2100.52		3640
31		27		75		1		99		127		10		580.51		1300
32		61		23		3		0		191		10		4493.08		7500
33		56		46		3		126		152		10		2380.27		6564
34		13		44		1		125		157		10		965.9		1904
35		12		58		3		116		152		10		2101.82		5008
36		47		72		2		146		172		10		3285.67		5208
37		7		68		1		54		86		10		1213.32		2112
38		52		64		3		0		186		10		2793.92		6044
39		9		32		3		130		160		10		4279.74		7656
40		68		40		1		145		179		10		965.9		1904
41		68		47		1		79		111		10		749.81		1620
42		15		4		3		0		183		10		3002.38		6285
43		35		66		1		19		45		10		2066.44		3276
44		37		76		2		123		153		10		2408.51		5236
45		5		15		2		0		183		10		2398.47		3680
46		58		21		3		148		172		10		1365.79		4812
47		0		18		3		0		181		10		1829.3		5304
48		47		3		2		106		142		10		615.98		3192
49		56		79		2		0		171		10		4011.02		6345
50		7		3		1		153		177		10		1213.32		2112
51		9		43		1		59		97		10		307.99		1596
52		39		5		1		53		79		10		1185.15		1568
53		10		66		3		143		175		10		1916.76		6072
54		60		36		2		66		90		10		1493.14		3164
55		34		41		1		40		78		10		749.81		1620
56		12		47		2		111		141		10		1330.32		2920
57		1		25		2		117		147		10		2803.54		5925
58		19		78		1		125		155		10		749.81		1620
59		41		0		1		0		184		10		2066.44		3276
60		52		9		3		77		109		10		3660.29		6593
61		21		58		1		0		193		10		858.96		2856
62		43		58		2		31		65		10		1330.32		2920
63		35		46		3		90		114		10		4110.55		7700
64		49		22		3		0		200		10		3437.72		6233
65		63		43		2		81		107		10		1715.71		3524
66		67		27		2		36		74		10		3032.34		5180
67		3		69		3		121		155		10		2352.1		6020
68		59		63		3		27		57		10		2576.88		8568
69		47		67		2		99		125		10		1521.31		3708
70		1		44		3		97		123		10		2352.1		6020
71		52		61		2		0		188		10		1521.31		3708
72		33		14		1		35		61		10		580.51		1300
73		32		49		1		81		109		10		2100.52		3640
74		2		5		3		0		175		10		4279.74		7656
75		23		1		3		0		183		10		2073.65		4464
76		26		70		3		146		178		10		5380.28		9028
77		56		57		2		119		155		10		2408.51		5236
78		18		62		1		0		188		10		1213.32		2112
79		14		1		3		0		180		10		4245.66		7292
80		39		58		2		34		64		10		1439.47		4156
81		13		22		1		40		82		10		580.51		1300
82		39		38		2		0		215		10		1521.31		3708
83		53		6		3		101		131		10		3374.41		7140
84		46		12		3		17		45		10		3832.1		6144
85		59		11		2		0		186		10		2694.39		4689
86		42		24		2		142		172		10		1608.77		4476
87		3		77		2		59		79		10		615.98		3192
88		67		52		2		106		144		10		1608.77		4476
89		8		36		1		134		166		10		580.51		1300
90		28		17		2		48		76		10		2959.48		6496
91		33		54		2		51		79		10		1934.96		3188
92		17		34		2		34		62		10		1273.89		3500
93		28		31		2		53		79		10		3157.9		5181
94		26		28		2		149		185		10		3279.76		5388
95		20		39		2		152		176		10		2374.43		4872
96		11		39		2		0		195		10		2374.43		4872
97		16		27		3		44		66		10		3384.05		7225
98		20		49		1		0		199		10		1944.58		3069
99		51		76		1		86		110		10		1185.15		1568
100		44		21		3		0		203		10		5224.34		8457

ITEMS
Type		Length		Width		Height		Mass		Fragility	LoadBearingStrength
Bt1		34		12		7		858.96		0		31.0960683
Bt2		30		6		9		749.81		1		45.5176933
Bt3		19		12		7		307.99		0		41.8692772
Bt4		26		5		10		580.51		0		44.3137641
Bt5		22		8		12		1213.32		0		23.3857730
Bt6		16		7		14		1185.15		0		46.6940151
Bt7		34		7		8		965.90		0		47.8348896
Bt8		31		9		11		1944.58		1		8.7618422
Bt9		18		14		13		2066.44		0		61.3119147
Bt10		26		10		14		2100.52		0		30.4388291

DEMANDS PER CUSTOMER
i	Type Quantity
1	Bt2 1	Bt3 1	Bt8 1	
2	Bt1 1	Bt4 1	Bt8 1	
3	Bt2 1	
4	Bt1 1	Bt7 1	Bt9 1	
5	Bt2 1	
6	Bt7 1	Bt9 1	
7	Bt7 1	Bt9 2	
8	Bt8 1	Bt9 2	
9	Bt3 1	Bt7 1	
10	Bt4 2	Bt6 1	
11	Bt1 2	Bt10 1	
12	Bt2 1	Bt10 1	
13	Bt3 1	Bt4 1	Bt5 1	
14	Bt8 1	Bt10 1	
15	Bt9 1	
16	Bt5 1	
17	Bt9 1	
18	Bt1 1	
19	Bt1 2	
20	Bt3 1	
21	Bt5 2	
22	Bt2 1	Bt5 1	Bt10 1	
23	Bt3 1	
24	Bt6 1	Bt7 1	
25	Bt6 1	
26	Bt8 1	
27	Bt9 1	
28	Bt3 1	Bt4 1	
29	Bt1 1	Bt8 1	
30	Bt10 1	
31	Bt4 1	
32	Bt5 2	Bt9 1	
33	Bt1 1	Bt3 1	Bt5 1	
34	Bt7 1	
35	Bt3 1	Bt4 1	Bt5 1	
36	Bt6 1	Bt10 1	
37	Bt5 1	
38	Bt1 1	Bt2 1	Bt6 1	
39	Bt5 1	Bt7 1	Bt10 1	
40	Bt7 1	
41	Bt2 1	
42	Bt2 1	Bt3 1	Bt8 1	
43	Bt9 1	
44	Bt3 1	Bt10 1	
45	Bt5 1	Bt6 1	
46	Bt2 1	Bt3 2	
47	Bt3 2	Bt5 1	
48	Bt3 2	
49	Bt8 1	Bt9 1	
50	Bt5 1	
51	Bt3 1	
52	Bt6 1	
53	Bt1 1	Bt2 1	Bt3 1	
54	Bt3 1	Bt6 1	
55	Bt2 1	
56	Bt2 1	Bt4 1	
57	Bt1 1	Bt8 1	
58	Bt2 1	
59	Bt9 1	
60	Bt2 1	Bt7 1	Bt8 1	
61	Bt1 1	
62	Bt2 1	Bt4 1	
63	Bt1 1	Bt6 1	Bt9 1	
64	Bt3 1	Bt6 1	Bt8 1	
65	Bt2 1	Bt7 1	
66	Bt7 1	Bt9 1	
67	Bt1 1	Bt3 1	Bt6 1	
68	Bt1 3	
69	Bt3 1	Bt5 1	
70	Bt1 1	Bt3 1	Bt6 1	
71	Bt3 1	Bt5 1	
72	Bt4 1	
73	Bt10 1	
74	Bt5 1	Bt7 1	Bt10 1	
75	Bt3 1	Bt4 1	Bt6 1	
76	Bt5 1	Bt9 1	Bt10 1	
77	Bt3 1	Bt10 1	
78	Bt5 1	
79	Bt5 1	Bt7 1	Bt9 1	
80	Bt1 1	Bt4 1	
81	Bt4 1	
82	Bt3 1	Bt5 1	
83	Bt3 1	Bt7 1	Bt10 1	
84	Bt4 1	Bt6 1	Bt9 1	
85	Bt2 1	Bt8 1	
86	Bt1 1	Bt2 1	
87	Bt3 2	
88	Bt1 1	Bt2 1	
89	Bt4 1	
90	Bt1 1	Bt10 1	
91	Bt2 1	Bt6 1	
92	Bt3 1	Bt7 1	
93	Bt5 1	Bt8 1	
94	Bt5 1	Bt9 1	
95	Bt3 1	Bt9 1	
96	Bt3 1	Bt9 1	
97	Bt1 1	Bt4 1	Bt8 1	
98	Bt8 1	
99	Bt6 1	
100	Bt5 1	Bt8 1	Bt9 1	