Name				192_n100_m200_bt100
Number_of_Customers		100
Number_of_Items			200
Number_of_ItemTypes		100
Number_of_Vehicles		37
TimeWindows			1

VEHICLE
Mass_Capacity			12595
CargoSpace_Length		60
CargoSpace_Width		25
CargoSpace_Height		30
Wheelbase			48
Max_Mass_FrontAxle		7100
Max_Mass_RearAxle		11500
Distance_FrontAxle_CargoSpace	4

CUSTOMERS
i		x		y		Demand		ReadyTime	DueDate		ServiceTime	DemandedMass	DemandedVolume
0		35		35		0		0		230		0		0		0
1		43		17		2		0		200		10		920.78		3324
2		63		18		3		55		89		10		930.48		6898
3		38		53		1		120		158		10		384.82		2250
4		33		39		1		54		84		10		372.68		2112
5		55		47		2		0		196		10		778.61		1630
6		18		5		2		0		185		10		928.98		4119
7		2		23		2		111		137		10		1677.25		2700
8		33		31		1		51		73		10		901.93		1881
9		13		55		2		0		190		10		3008.89		8778
10		29		57		3		123		143		10		3903.74		6362
11		39		29		2		131		163		10		1711.44		4362
12		49		12		3		0		193		10		973.59		5016
13		50		39		3		50		80		10		2057.47		3987
14		46		76		3		52		80		10		2310.92		7083
15		64		76		2		0		169		10		2350.71		4343
16		26		27		1		150		180		10		1661.16		1440
17		60		61		1		133		153		10		422.53		1176
18		49		1		2		122		150		10		3534.02		4374
19		1		72		1		74		96		10		222.36		960
20		20		10		1		168		194		10		172.1		1458
21		12		6		3		0		182		10		1895.74		7782
22		19		57		3		70		102		10		4036.77		8322
23		47		9		2		169		205		10		1193.87		3108
24		19		22		2		71		93		10		1241.12		4741
25		60		51		3		37		73		10		1656.23		5724
26		49		27		3		5		37		10		3964.46		7736
27		51		19		3		0		197		10		2515.19		6186
28		44		11		2		57		81		10		1307.72		3393
29		0		29		3		26		56		10		2571.08		7238
30		58		28		1		19		47		10		1107.91		2184
31		43		54		1		5		35		10		385.7		3328
32		47		61		3		0		191		10		2215.72		4278
33		51		80		2		127		161		10		979.82		5226
34		14		40		1		0		198		10		1504.43		3248
35		69		53		3		157		185		10		1593.07		5612
36		38		14		2		137		165		10		1265.35		4110
37		12		30		2		18		48		10		1300.2		4780
38		47		19		2		10		38		10		1189.31		1854
39		50		66		2		157		183		10		1417.49		6051
40		13		11		3		170		194		10		2292.36		7422
41		22		1		2		0		183		10		3137.78		5175
42		63		24		1		35		57		10		692.11		3528
43		40		9		1		53		83		10		607.96		1134
44		63		46		2		0		189		10		945.54		5052
45		9		62		2		64		104		10		1818.79		3167
46		2		50		1		0		183		10		536.1		2784
47		10		17		2		168		200		10		2447.57		5914
48		19		1		2		58		86		10		1792.28		2673
49		22		71		1		144		170		10		1619.86		1080
50		67		23		2		0		185		10		1419.51		4487
51		58		17		1		0		190		10		521.72		4368
52		14		68		1		129		157		10		694.79		2106
53		50		74		1		96		124		10		667.53		1470
54		44		0		3		146		170		10		2230.27		4822
55		28		9		1		103		129		10		697.05		960
56		22		30		3		0		206		10		2028.88		6480
57		16		79		1		45		71		10		384.82		2250
58		37		71		1		109		143		10		1140.09		3003
59		57		23		3		0		194		10		3593.32		7110
60		31		43		3		0		211		10		2479.78		5292
61		22		65		1		135		167		10		692.11		3528
62		62		4		3		125		159		10		2679.29		7198
63		34		21		2		35		75		10		906.47		2436
64		45		30		2		191		223		10		3657.78		4734
65		65		39		2		0		189		10		1341.45		2297
66		16		56		1		72		112		10		1045.92		2142
67		0		69		3		149		179		10		932.3		4260
68		62		34		1		0		192		10		1343.62		1680
69		61		75		1		120		152		10		705.11		1080
70		40		70		1		170		200		10		526.34		1638
71		33		12		2		111		139		10		1497.11		4704
72		54		3		1		125		159		10		2487.17		4410
73		26		49		1		0		203		10		1397.87		2904
74		12		1		3		101		139		10		2200.64		6468
75		7		38		1		172		204		10		398.7		546
76		62		10		3		138		168		10		2961.82		6782
77		57		13		2		87		117		10		1248.52		2728
78		60		14		2		91		119		10		2407.63		2770
79		55		28		3		83		121		10		1672.38		5376
80		56		52		1		175		199		10		283.81		880
81		62		54		3		135		167		10		2064.71		8867
82		65		0		1		138		170		10		485.68		1344
83		3		59		2		45		77		10		4471.51		4473
84		27		46		3		192		214		10		8645.75		7214
85		17		42		3		73		103		10		1838.46		4804
86		34		6		1		58		94		10		494.8		750
87		30		69		2		0		185		10		5327.9		4620
88		66		34		2		177		201		10		1178.2		2044
89		70		28		2		61		97		10		2465.44		5168
90		36		25		1		115		149		10		694.79		2106
91		67		8		2		132		154		10		2828.81		4248
92		64		43		2		100		126		10		737.37		3912
93		16		0		3		0		180		10		1447.66		2616
94		7		65		3		104		134		10		1693.63		6490
95		27		1		3		0		185		10		3412.24		9282
96		51		34		3		77		105		10		5170.78		6862
97		40		41		3		184		212		10		1765.61		3438
98		39		58		3		170		192		10		4601.78		7296
99		19		74		3		0		177		10		5131.75		8692
100		41		65		1		79		103		10		487.58		2340

ITEMS
Type		Length		Width		Height		Mass		Fragility	LoadBearingStrength
Bt1		31		7		7		522.85		0		28.7152481
Bt2		19		12		12		314.84		1		2.3741288
Bt3		29		9		6		749.40		0		38.9753475
Bt4		26		9		10		487.58		0		49.9401050
Bt5		18		12		8		511.24		0		14.6810433
Bt6		32		5		10		1715.14		0		75.7729936
Bt7		29		8		12		536.10		0		38.5994721
Bt8		18		9		7		607.96		0		23.4574008
Bt9		18		12		6		568.14		0		23.8102521
Bt10		16		5		11		283.81		1		10.9450194
Bt11		16		10		6		222.36		1		13.9202497
Bt12		27		9		14		1014.39		1		20.5140809
Bt13		18		9		9		172.10		0		12.7314305
Bt14		32		9		8		1708.31		0		82.2873874
Bt15		24		5		8		697.05		0		62.0895285
Bt16		24		6		8		173.80		1		13.5969025
Bt17		29		8		14		1504.43		0		68.0754777
Bt18		28		5		13		599.10		1		7.4358800
Bt19		28		6		13		1107.91		0		19.8480591
Bt20		33		13		7		1140.09		0		67.0485005
Bt21		20		9		10		1707.10		0		79.9404068
Bt22		13		9		9		820.14		0		66.7426051
Bt23		16		9		11		864.90		1		5.6117600
Bt24		15		7		14		667.53		1		47.7132762
Bt25		35		14		9		2487.17		0		38.7118694
Bt26		32		8		13		385.70		1		2.6670819
Bt27		23		8		8		1523.43		0		76.6050338
Bt28		12		11		14		2321.61		0		91.3904343
Bt29		18		6		7		144.90		0		21.4760556
Bt30		13		10		9		692.49		0		38.1187806
Bt31		13		11		6		458.10		0		31.5231977
Bt32		28		9		11		1571.57		0		28.8936636
Bt33		27		5		12		972.14		0		86.6673001
Bt34		24		14		13		521.72		1		5.1281983
Bt35		25		5		6		494.80		1		13.0147066
Bt36		22		6		13		325.12		0		16.4765022
Bt37		17		7		13		846.65		0		62.2069634
Bt38		17		12		12		1788.61		0		51.4808447
Bt39		29		13		9		1191.49		0		50.8066445
Bt40		16		11		7		835.22		0		136.7285472
Bt41		27		14		7		1623.21		0		72.6129247
Bt42		29		9		14		2952.67		0		45.9099304
Bt43		15		6		8		581.35		0		64.9258805
Bt44		21		14		12		692.11		0		14.3355110
Bt45		20		8		12		258.98		0		6.3843663
Bt46		20		8		11		1405.57		0		51.3719651
Bt47		32		14		12		1451.53		0		13.6253808
Bt48		14		10		6		542.22		0		84.8466334
Bt49		14		10		12		621.29		0		19.1429936
Bt50		12		8		14		1430.94		0		103.7785299
Bt51		27		9		9		1639.24		0		99.6348655
Bt52		27		7		9		726.72		1		15.2505746
Bt53		24		11		11		1397.87		0		31.4414532
Bt54		21		14		14		4996.24		0		149.8949790
Bt55		16		9		10		215.22		0		5.8253072
Bt56		17		9		11		895.77		0		122.8366990
Bt57		25		7		13		877.70		0		18.3405828
Bt58		26		7		9		526.34		0		84.4407082
Bt59		16		10		12		961.01		0		131.3113738
Bt60		18		10		10		1157.96		1		31.8610668
Bt61		28		6		10		1343.62		0		76.8728183
Bt62		26		11		10		339.19		0		27.8601859
Bt63		32		11		11		2146.05		0		67.6280897
Bt64		18		9		13		694.79		0		28.1004172
Bt65		12		9		10		496.88		0		23.0552593
Bt66		30		6		8		1661.16		0		46.1011791
Bt67		31		11		13		5560.67		0		276.9867805
Bt68		34		8		14		1752.78		0		31.8159068
Bt69		12		11		8		613.14		0		37.4313706
Bt70		16		6		14		485.68		0		118.0509188
Bt71		18		11		10		435.10		0		17.8207042
Bt72		13		7		6		398.70		0		94.0305901
Bt73		12		7		13		214.79		1		7.0529403
Bt74		17		14		9		1045.92		0		27.1287088
Bt75		15		9		8		1619.86		0		350.2070098
Bt76		28		7		11		711.47		1		3.6575074
Bt77		29		9		11		1429.47		0		69.5018254
Bt78		25		9		11		426.69		0		9.6120771
Bt79		14		14		6		422.53		0		18.4207824
Bt80		28		9		9		1580.72		1		15.3571102
Bt81		27		6		11		1397.39		1		16.6994211
Bt82		19		9		11		901.93		0		86.3133492
Bt83		21		10		11		2765.42		0		72.1151599
Bt84		34		8		8		1140.21		1		12.3313013
Bt85		34		7		11		641.06		0		18.9354869
Bt86		24		11		8		372.68		0		64.6621420
Bt87		21		12		11		3006.29		0		62.7916754
Bt88		15		12		6		705.11		0		41.5892930
Bt89		21		14		10		572.86		0		27.2300465
Bt90		17		11		14		848.09		0		70.4995959
Bt91		27		7		9		1465.22		0		61.9918642
Bt92		26		6		11		2309.01		0		111.8511774
Bt93		20		13		10		406.13		0		12.0004808
Bt94		15		5		13		464.71		0		42.4124538
Bt95		12		5		10		298.17		0		24.3569437
Bt96		12		9		10		263.69		1		7.1432428
Bt97		23		8		7		1033.30		0		101.1475396
Bt98		25		9		10		384.82		1		26.1830973
Bt99		20		5		8		131.45		0		13.8556426
Bt100		23		7		6		485.01		0		47.0940819

DEMANDS PER CUSTOMER
i	Type Quantity
1	Bt70 1	Bt71 1	
2	Bt13 1	Bt26 1	Bt86 1	
3	Bt98 1	
4	Bt86 1	
5	Bt10 1	Bt35 1	
6	Bt1 1	Bt93 1	
7	Bt33 1	Bt88 1	
8	Bt82 1	
9	Bt25 1	Bt34 1	
10	Bt25 1	Bt40 1	Bt43 1	
11	Bt12 1	Bt15 1	
12	Bt7 1	Bt16 1	Bt96 1	
13	Bt3 1	Bt43 1	Bt52 1	
14	Bt68 1	Bt78 1	Bt99 1	
15	Bt51 1	Bt76 1	
16	Bt66 1	
17	Bt79 1	
18	Bt42 1	Bt43 1	
19	Bt11 1	
20	Bt13 1	
21	Bt7 1	Bt24 1	Bt44 1	
22	Bt5 1	Bt42 1	Bt89 1	
23	Bt24 1	Bt58 1	
24	Bt62 1	Bt82 1	
25	Bt58 1	Bt64 1	Bt71 1	
26	Bt12 1	Bt85 1	Bt92 1	
27	Bt53 1	Bt64 1	Bt79 1	
28	Bt4 1	Bt22 1	
29	Bt36 1	Bt53 1	Bt90 1	
30	Bt19 1	
31	Bt26 1	
32	Bt10 1	Bt46 1	Bt58 1	
33	Bt31 1	Bt34 1	
34	Bt17 1	
35	Bt18 1	Bt49 1	Bt86 1	
36	Bt30 1	Bt89 1	
37	Bt59 1	Bt62 1	
38	Bt8 1	Bt43 1	
39	Bt34 1	Bt56 1	
40	Bt12 1	Bt88 1	Bt89 1	
41	Bt14 1	Bt77 1	
42	Bt44 1	
43	Bt8 1	
44	Bt86 1	Bt89 1	
45	Bt33 1	Bt37 1	
46	Bt7 1	
47	Bt64 1	Bt68 1	
48	Bt22 1	Bt33 1	
49	Bt75 1	
50	Bt37 1	Bt89 1	
51	Bt34 1	
52	Bt64 1	
53	Bt24 1	
54	Bt24 1	Bt79 1	Bt84 1	
55	Bt15 1	
56	Bt39 1	Bt86 1	Bt94 1	
57	Bt98 1	
58	Bt20 1	
59	Bt2 1	Bt51 2	
60	Bt32 1	Bt70 1	Bt79 1	
61	Bt44 1	
62	Bt24 1	Bt45 1	Bt68 1	
63	Bt36 1	Bt43 1	
64	Bt42 1	Bt88 1	
65	Bt35 1	Bt37 1	
66	Bt74 1	
67	Bt4 1	Bt11 2	
68	Bt61 1	
69	Bt88 1	
70	Bt58 1	
71	Bt7 1	Bt59 1	
72	Bt25 1	
73	Bt53 1	
74	Bt39 1	Bt57 1	Bt99 1	
75	Bt72 1	
76	Bt36 1	Bt38 1	Bt90 1	
77	Bt55 1	Bt97 1	
78	Bt6 1	Bt30 1	
79	Bt7 1	Bt9 2	
80	Bt10 1	
81	Bt34 1	Bt82 1	Bt85 1	
82	Bt70 1	
83	Bt87 1	Bt91 1	
84	Bt67 1	Bt75 1	Bt91 1	
85	Bt18 1	Bt19 1	Bt99 1	
86	Bt35 1	
87	Bt28 1	Bt87 1	
88	Bt29 1	Bt97 1	
89	Bt17 1	Bt59 1	
90	Bt64 1	
91	Bt50 1	Bt53 1	
92	Bt2 1	Bt79 1	
93	Bt9 1	Bt43 1	Bt95 1	
94	Bt26 1	Bt64 1	Bt69 1	
95	Bt13 1	Bt38 1	Bt47 1	
96	Bt27 1	Bt85 1	Bt87 1	
97	Bt15 1	Bt48 1	Bt58 1	
98	Bt4 1	Bt19 1	Bt87 1	
99	Bt68 1	Bt86 1	Bt87 1	
100	Bt4 1	