Name				194_n100_m200_bt100
Number_of_Customers		100
Number_of_Items			200
Number_of_ItemTypes		100
Number_of_Vehicles		40
TimeWindows			1

VEHICLE
Mass_Capacity			12595
CargoSpace_Length		60
CargoSpace_Width		25
CargoSpace_Height		30
Wheelbase			48
Max_Mass_FrontAxle		7100
Max_Mass_RearAxle		11500
Distance_FrontAxle_CargoSpace	4

CUSTOMERS
i		x		y		Demand		ReadyTime	DueDate		ServiceTime	DemandedMass	DemandedVolume
0		35		35		0		0		230		0		0		0
1		36		20		1		178		202		10		311.73		972
2		63		32		3		98		128		10		2960.4		5034
3		53		2		1		122		140		10		753.65		2548
4		25		22		2		166		194		10		1177.16		3151
5		36		40		3		57		91		10		2952.54		5052
6		39		18		1		155		187		10		867.25		1225
7		36		8		3		144		172		10		3655.83		7484
8		52		56		3		22		52		10		4095.87		10280
9		0		69		1		65		95		10		339.88		1470
10		29		2		2		102		128		10		2593.2		3335
11		35		50		1		32		52		10		3400.97		1980
12		66		72		1		116		152		10		1414.4		3536
13		56		80		3		106		144		10		1963.09		4647
14		50		33		1		71		101		10		819.73		1440
15		8		11		1		98		126		10		460.22		864
16		51		62		2		22		48		10		2327.52		3936
17		63		60		1		110		136		10		456.07		2178
18		47		11		2		122		158		10		2823.09		4902
19		13		11		2		121		153		10		1629.87		2205
20		37		55		3		21		55		10		4162.45		6935
21		17		40		3		49		73		10		2201.84		3543
22		11		31		1		124		156		10		1557.28		2046
23		39		78		3		95		125		10		2017.04		3888
24		56		19		2		28		46		10		2182.44		3684
25		45		26		1		190		218		10		1281.09		2300
26		9		24		2		133		155		10		1157.2		5138
27		51		20		1		124		152		10		1699.71		2574
28		7		73		1		135		171		10		1862.43		2496
29		29		60		1		43		75		10		326.55		490
30		6		43		2		168		204		10		1625.88		4544
31		43		64		2		109		147		10		2094.41		3822
32		30		29		3		150		180		10		4731.48		8005
33		28		40		2		165		199		10		2623.3		4752
34		10		4		2		24		56		10		1432.61		3294
35		10		49		2		48		70		10		1131.46		2412
36		67		67		1		80		110		10		753.65		2548
37		14		30		1		38		64		10		199.31		1008
38		37		11		3		31		59		10		4743.45		6930
39		59		70		1		93		125		10		1340.98		2376
40		67		17		3		116		152		10		2125.18		5534
41		0		32		2		134		158		10		1734.86		4728
42		47		46		2		24		56		10		1754.01		5530
43		70		3		1		90		122		10		784.46		1440
44		70		46		1		42		66		10		270.34		1575
45		5		58		3		89		107		10		3034.53		3811
46		18		63		2		150		178		10		4240.87		6446
47		16		21		3		23		43		10		3914.08		5268
48		5		9		1		120		150		10		326.55		490
49		33		38		3		11		45		10		3490		5280
50		62		80		2		88		112		10		3227.85		5964
51		9		17		2		44		78		10		2542.03		3318
52		44		19		2		21		53		10		1334.94		3844
53		57		5		1		70		98		10		1186.32		1920
54		64		69		3		102		136		10		2658.35		4506
55		23		56		3		145		177		10		3183.93		5400
56		44		74		1		43		65		10		318.18		390
57		33		8		3		168		200		10		3718.32		5222
58		4		64		3		117		151		10		2276.32		8404
59		22		45		3		49		81		10		5035.51		9333
60		53		44		1		31		59		10		812.99		1408
61		41		5		1		76		110		10		1874.98		1584
62		62		65		1		37		67		10		270.34		1575
63		59		16		2		134		160		10		2947.39		6804
64		53		34		2		163		191		10		1133.86		2809
65		50		8		2		167		199		10		876.68		1968
66		36		61		2		26		58		10		2677.85		3005
67		39		69		1		104		138		10		1260.79		2646
68		58		23		1		40		72		10		692.05		1404
69		70		30		1		128		158		10		2182		3780
70		63		23		3		41		77		10		2875.66		4208
71		60		55		3		66		92		10		2696.83		9839
72		57		27		2		16		46		10		2067.22		4818
73		26		13		3		91		121		10		4500.85		8824
74		27		70		2		122		156		10		1354.26		4858
75		3		25		2		85		113		10		3757.72		5271
76		55		16		3		72		98		10		2252.35		4518
77		47		66		1		115		147		10		270.34		1575
78		51		25		2		118		148		10		1339.92		3294
79		55		69		1		76		106		10		1184.42		1656
80		40		40		1		155		187		10		743.22		1421
81		15		66		3		38		76		10		2645.87		4128
82		69		43		3		99		129		10		2795.74		5607
83		13		69		2		150		176		10		3189.84		5764
84		62		73		3		128		158		10		2298.89		4989
85		66		9		3		139		173		10		1745.05		3264
86		20		76		2		128		156		10		2558.07		3840
87		30		13		1		175		201		10		1079.98		1760
88		30		16		2		89		123		10		1678.97		2848
89		51		14		3		117		143		10		2058.1		7173
90		34		45		3		116		152		10		2581.19		6008
91		46		36		2		0		32		10		1688.17		3168
92		2		37		2		83		115		10		2591.5		4400
93		69		74		1		121		149		10		509.57		1071
94		62		47		3		160		194		10		4338.9		5635
95		14		24		2		158		184		10		2730.75		4169
96		61		11		1		152		184		10		3886.65		2160
97		67		32		3		154		184		10		3761.71		8871
98		50		65		3		42		78		10		3243.76		5143
99		35		15		3		117		145		10		4073.22		5641
100		62		27		3		111		139		10		2146.48		4470

ITEMS
Type		Length		Width		Height		Mass		Fragility	LoadBearingStrength
Bt1		35		5		9		270.34		0		6.7470578
Bt2		14		14		9		996.12		0		129.6353264
Bt3		12		6		9		539.43		0		72.6899085
Bt4		23		8		9		1184.42		0		99.6927891
Bt5		26		8		6		987.76		1		9.4384935
Bt6		29		6		11		1849.98		0		26.5031107
Bt7		20		10		7		1527.12		0		72.1280754
Bt8		26		9		11		513.79		0		5.3284074
Bt9		17		7		9		509.57		0		31.6034195
Bt10		28		14		13		1614.80		1		31.6289796
Bt11		13		5		6		318.18		0		169.3042833
Bt12		16		9		7		199.31		0		10.7192611
Bt13		20		13		6		1232.56		0		85.8656774
Bt14		17		12		8		670.35		0		25.1945902
Bt15		29		9		13		762.36		0		43.5516609
Bt16		22		13		9		1699.71		0		24.2817089
Bt17		27		7		11		1459.86		0		75.3406605
Bt18		23		6		10		2119.57		1		90.9137145
Bt19		14		14		13		753.65		0		17.7082313
Bt20		15		8		12		819.73		0		77.9633638
Bt21		29		11		14		839.90		0		9.2222518
Bt22		22		10		11		512.48		0		31.5022427
Bt23		20		12		10		1375.45		0		35.9533853
Bt24		26		11		6		1144.83		1		27.7835617
Bt25		33		10		8		1611.15		1		10.0804838
Bt26		29		5		11		1031.04		0		31.3969944
Bt27		16		6		9		353.78		0		72.6032937
Bt28		12		9		9		311.73		0		91.5435289
Bt29		20		8		6		300.03		0		46.3597617
Bt30		35		13		9		3151.45		1		17.5092990
Bt31		17		6		11		641.09		1		22.9140331
Bt32		18		9		11		914.29		1		12.7697331
Bt33		27		6		12		1112.94		0		73.0208146
Bt34		18		7		7		284.37		1		6.4113051
Bt35		24		5		10		531.41		0		70.9914963
Bt36		30		7		7		339.88		0		15.0778570
Bt37		16		10		13		667.59		0		28.0501599
Bt38		31		8		10		1361.61		1		10.8122908
Bt39		22		8		8		812.99		0		65.1939995
Bt40		22		8		10		1079.98		0		57.1255358
Bt41		25		14		11		777.61		0		77.6186416
Bt42		33		12		6		1282.32		0		73.0796061
Bt43		27		8		9		888.32		0		32.4402443
Bt44		29		7		7		743.22		1		16.0300194
Bt45		32		10		11		1261.85		0		11.5726465
Bt46		14		12		13		1485.85		0		55.1502742
Bt47		27		5		8		443.88		0		17.4000153
Bt48		18		6		13		692.05		0		101.7526558
Bt49		24		7		14		452.54		0		14.5777027
Bt50		26		12		8		1862.43		0		226.2715606
Bt51		34		13		8		1414.40		0		55.9954830
Bt52		18		12		10		3886.65		0		222.9670829
Bt53		22		8		9		1874.98		0		180.3745371
Bt54		16		11		10		980.35		0		25.3371031
Bt55		21		9		10		647.87		0		10.6632268
Bt56		20		7		9		556.31		0		39.4078992
Bt57		35		14		10		2836.06		0		31.8294173
Bt58		35		12		9		2182		0		67.9564359
Bt59		25		7		10		526.77		0		25.0873084
Bt60		27		14		11		2071.55		0		53.7867826
Bt61		25		5		13		558.28		0		28.1412771
Bt62		14		5		7		326.55		0		45.6454265
Bt63		12		11		11		876.29		0		48.3392093
Bt64		13		8		12		491.49		0		220.8377670
Bt65		21		12		9		480.37		1		6.6763318
Bt66		25		7		7		867.25		1		8.6049124
Bt67		12		11		10		927.80		0		51.8637661
Bt68		33		13		13		1574.96		0		56.0793123
Bt69		33		14		8		3487.38		0		163.9312361
Bt70		32		5		12		1371.75		1		10.5986608
Bt71		22		9		11		456.07		0		16.5003580
Bt72		23		11		6		629.17		0		29.5606792
Bt73		31		11		6		1557.28		0		36.7316735
Bt74		27		5		6		684.74		0		167.3514882
Bt75		26		9		11		1106.65		0		39.0451319
Bt76		30		5		9		319.67		0		7.0609010
Bt77		12		6		14		576.65		0		46.3954460
Bt78		16		9		12		337.04		0		11.3820348
Bt79		16		6		9		460.22		0		39.4262731
Bt80		31		7		13		2174.93		0		226.8643131
Bt81		34		13		13		4129.17		0		98.0753957
Bt82		24		14		9		765.39		1		16.6059036
Bt83		28		9		13		5376.38		0		221.0439215
Bt84		33		6		8		266.61		1		4.9870936
Bt85		16		7		6		317.30		0		100.4426527
Bt86		20		13		14		1106.14		0		76.3951212
Bt87		15		12		8		784.46		0		111.2082806
Bt88		21		6		14		667.35		0		19.9161414
Bt89		24		11		9		1340.98		1		8.1561714
Bt90		32		5		7		247.81		0		13.0070395
Bt91		16		10		9		865.98		1		17.3267871
Bt92		20		10		13		737.56		0		58.1058052
Bt93		21		9		7		1345.50		1		32.8824187
Bt94		15		5		12		348.59		0		38.8415058
Bt95		23		10		10		1281.09		0		21.9329033
Bt96		24		10		8		1186.32		1		17.0166870
Bt97		27		7		14		1260.79		0		192.3861777
Bt98		30		6		11		3400.97		0		131.6246120
Bt99		12		10		8		646.49		0		37.6062154
Bt100		26		6		14		1045.85		0		85.0852072

DEMANDS PER CUSTOMER
i	Type Quantity
1	Bt28 1	
2	Bt11 1	Bt58 1	Bt79 1	
3	Bt19 1	
4	Bt9 1	Bt37 1	
5	Bt6 1	Bt71 1	Bt99 1	
6	Bt66 1	
7	Bt15 1	Bt26 1	Bt50 1	
8	Bt4 1	Bt21 1	Bt60 1	
9	Bt36 1	
10	Bt6 1	Bt44 1	
11	Bt98 1	
12	Bt51 1	
13	Bt1 1	Bt23 1	Bt85 1	
14	Bt20 1	
15	Bt79 1	
16	Bt49 1	Bt53 1	
17	Bt71 1	
18	Bt31 1	Bt58 1	
19	Bt34 1	Bt93 1	
20	Bt17 1	Bt38 1	Bt89 1	
21	Bt29 1	Bt56 1	Bt93 1	
22	Bt73 1	
23	Bt33 1	Bt47 1	Bt79 1	
24	Bt2 1	Bt96 1	
25	Bt95 1	
26	Bt21 1	Bt85 1	
27	Bt16 1	
28	Bt50 1	
29	Bt62 1	
30	Bt43 1	Bt92 1	
31	Bt5 1	Bt75 1	
32	Bt11 1	Bt30 1	Bt45 1	
33	Bt42 1	Bt89 1	
34	Bt33 1	Bt76 1	
35	Bt20 1	Bt28 1	
36	Bt19 1	
37	Bt12 1	
38	Bt6 1	Bt25 1	Bt42 1	
39	Bt89 1	
40	Bt8 1	Bt35 1	Bt40 1	
41	Bt42 1	Bt49 1	
42	Bt55 1	Bt86 1	
43	Bt87 1	
44	Bt1 1	
45	Bt6 1	Bt66 1	Bt85 1	
46	Bt21 1	Bt98 1	
47	Bt53 1	Bt70 1	Bt88 1	
48	Bt62 1	
49	Bt4 1	Bt20 1	Bt46 1	
50	Bt58 1	Bt100 1	
51	Bt6 1	Bt48 1	
52	Bt37 1	Bt88 1	
53	Bt96 1	
54	Bt31 1	Bt35 1	Bt46 1	
55	Bt24 1	Bt70 1	Bt88 1	
56	Bt11 1	
57	Bt7 1	Bt16 1	Bt64 1	
58	Bt21 1	Bt54 1	Bt71 1	
59	Bt18 1	Bt68 1	Bt89 1	
60	Bt39 1	
61	Bt53 1	
62	Bt1 1	
63	Bt58 1	Bt82 1	
64	Bt66 1	Bt84 1	
65	Bt29 1	Bt77 1	
66	Bt18 1	Bt61 1	
67	Bt97 1	
68	Bt48 1	
69	Bt58 1	
70	Bt7 1	Bt43 1	Bt79 1	
71	Bt10 1	Bt15 1	Bt76 1	
72	Bt25 1	Bt71 1	
73	Bt4 1	Bt57 1	Bt65 1	
74	Bt41 1	Bt77 1	
75	Bt1 1	Bt69 1	
76	Bt11 1	Bt43 1	Bt100 1	
77	Bt1 1	
78	Bt48 1	Bt55 1	
79	Bt4 1	
80	Bt44 1	
81	Bt5 2	Bt14 1	
82	Bt1 1	Bt4 1	Bt89 1	
83	Bt27 1	Bt57 1	
84	Bt17 1	Bt22 1	Bt62 1	
85	Bt3 1	Bt43 1	Bt85 1	
86	Bt70 1	Bt96 1	
87	Bt40 1	
88	Bt39 1	Bt91 1	
89	Bt15 1	Bt55 2	
90	Bt20 1	Bt65 1	Bt95 1	
91	Bt2 1	Bt48 1	
92	Bt25 1	Bt54 1	
93	Bt9 1	
94	Bt1 1	Bt37 1	Bt98 1	
95	Bt16 1	Bt26 1	
96	Bt52 1	
97	Bt15 1	Bt60 1	Bt67 1	
98	Bt34 1	Bt80 1	Bt87 1	
99	Bt26 1	Bt66 1	Bt80 1	
100	Bt24 1	Bt27 1	Bt55 1	