Name				195_n100_m200_bt100
Number_of_Customers		100
Number_of_Items			200
Number_of_ItemTypes		100
Number_of_Vehicles		30
TimeWindows			1

VEHICLE
Mass_Capacity			12595
CargoSpace_Length		60
CargoSpace_Width		25
CargoSpace_Height		30
Wheelbase			48
Max_Mass_FrontAxle		7100
Max_Mass_RearAxle		11500
Distance_FrontAxle_CargoSpace	4

CUSTOMERS
i		x		y		Demand		ReadyTime	DueDate		ServiceTime	DemandedMass	DemandedVolume
0		35		35		0		0		230		0		0		0
1		7		19		2		0		187		10		2240.91		6604
2		30		77		3		115		151		10		2137.13		5535
3		15		36		3		0		199		10		1074.44		5306
4		5		11		2		0		181		10		940.38		4382
5		63		2		3		128		164		10		867.55		4582
6		9		57		2		0		185		10		1524.15		2506
7		50		21		2		0		199		10		1563.46		4312
8		52		61		2		0		188		10		832.52		3868
9		11		67		1		0		180		10		868.52		2772
10		7		67		3		0		177		10		1918.61		8512
11		20		30		1		0		204		10		1320.34		2880
12		4		43		3		0		187		10		1580.2		4448
13		9		63		2		0		181		10		1355.59		4092
14		24		72		2		0		181		10		1912.44		5193
15		62		77		1		0		170		10		596.26		1859
16		27		26		1		23		57		10		608.04		3146
17		55		2		3		0		181		10		690.52		4714
18		50		32		2		0		204		10		1297.81		3858
19		7		5		2		0		178		10		2011.61		7931
20		60		25		1		0		193		10		946.87		2142
21		13		31		2		0		197		10		2946.96		5321
22		27		23		1		0		205		10		1058.15		5376
23		57		76		1		0		173		10		776.91		2652
24		31		66		3		0		188		10		2719.7		8001
25		10		19		1		0		190		10		308.72		1176
26		22		2		1		84		116		10		174.22		540
27		35		51		3		0		204		10		2999.99		6964
28		62		15		3		168		206		10		1894.68		6573
29		20		55		2		0		195		10		1210.88		3668
30		30		72		1		0		182		10		864.36		3718
31		2		54		3		0		181		10		2532.12		9878
32		14		70		1		0		179		10		508.27		1764
33		50		66		3		0		185		10		3155.84		7362
34		63		55		2		0		185		10		2396.39		4144
35		22		19		1		0		199		10		819.73		2604
36		52		52		1		0		195		10		776.91		2652
37		31		51		2		0		203		10		2318.47		4800
38		43		13		3		0		196		10		2585.55		9973
39		41		53		2		0		201		10		1706.3		3580
40		40		42		3		41		69		10		3359.67		8470
41		43		71		1		0		183		10		218.35		1960
42		37		4		2		105		135		10		2449.02		4476
43		26		0		2		0		183		10		559.83		3556
44		26		4		2		87		119		10		1331.15		5834
45		65		36		3		0		189		10		969.37		3690
46		3		16		3		0		182		10		1683.14		5388
47		30		63		2		0		191		10		1564.12		5863
48		31		10		3		0		194		10		1370.14		5162
49		17		49		1		0		197		10		1339.61		1274
50		19		52		1		107		123		10		655.16		1540
51		41		58		2		0		196		10		1562.17		7260
52		14		2		1		0		180		10		781.86		3080
53		6		51		3		115		151		10		1564.57		7532
54		19		12		1		0		191		10		285.22		2842
55		58		71		2		0		177		10		1691.97		3472
56		8		12		1		24		50		10		846.65		1694
57		43		19		2		0		202		10		1104.73		3035
58		61		58		1		0		185		10		192.35		960
59		64		42		2		0		190		10		1380.36		2640
60		53		45		2		171		203		10		623.73		1770
61		39		30		1		88		126		10		1721.94		3509
62		21		41		1		0		204		10		1096		3640
63		29		7		1		0		191		10		694.94		1540
64		44		43		3		0		207		10		1740.12		6167
65		18		19		3		0		196		10		1192.63		5232
66		19		0		3		0		181		10		1983.04		5041
67		50		18		2		0		197		10		1781.26		8064
68		41		66		3		0		188		10		3126.37		7122
69		56		65		2		55		93		10		626.71		2035
70		54		14		2		133		159		10		2937.6		6132
71		16		67		2		33		61		10		401.06		3265
72		21		63		1		120		150		10		448.33		1750
73		15		61		2		0		187		10		1807.03		3465
74		48		25		3		0		203		10		3908.85		9640
75		1		44		2		0		184		10		1983		5189
76		32		56		1		0		198		10		819.34		2646
77		69		29		1		0		185		10		593.61		1638
78		51		35		1		0		204		10		192.35		960
79		41		2		3		0		186		10		3027.45		8800
80		40		12		3		0		196		10		2403.56		6025
81		37		68		1		0		186		10		637.74		1386
82		46		18		2		0		199		10		1810.43		2140
83		36		30		3		0		214		10		2030.85		7832
84		63		80		3		0		167		10		2044.65		8628
85		70		80		3		56		84		10		2395.66		6454
86		40		74		1		0		180		10		677.02		2808
87		27		62		2		162		192		10		1166.89		3432
88		39		48		3		0		206		10		3854.84		8846
89		69		19		2		0		182		10		1596.25		5298
90		51		0		3		0		181		10		3206.17		6865
91		48		8		1		0		190		10		417.63		3780
92		18		76		2		148		182		10		1210.98		2984
93		13		73		2		121		149		10		995.26		4612
94		70		9		3		0		176		10		4257.66		10346
95		66		25		2		0		187		10		1077.37		5533
96		1		13		3		0		179		10		752.79		2970
97		2		7		3		43		73		10		1697.82		5998
98		57		21		2		153		187		10		1918.5		4940
99		62		61		1		110		146		10		621.98		1456
100		25		31		1		59		95		10		702.61		1904

ITEMS
Type		Length		Width		Height		Mass		Fragility	LoadBearingStrength
Bt1		28		9		7		508.27		0		11.2641420
Bt2		20		11		8		383.49		0		17.1261294
Bt3		32		6		10		998.13		0		124.6696415
Bt4		35		12		11		1012.60		0		31.6260836
Bt5		29		7		14		285.22		0		17.0986117
Bt6		28		11		6		515.78		1		7.1672671
Bt7		29		5		9		182.71		0		25.3621021
Bt8		32		12		14		1058.15		0		10.6284785
Bt9		21		10		10		841.36		0		24.5880280
Bt10		16		6		8		282.10		0		47.6452266
Bt11		15		12		13		644.64		0		36.8627128
Bt12		14		12		14		498.09		0		18.6529166
Bt13		34		12		7		885.90		0		20.1643069
Bt14		27		14		6		913.42		1		17.5215527
Bt15		17		11		7		485.36		0		34.8776052
Bt16		15		9		6		431.38		0		29.2846026
Bt17		21		14		9		819.34		0		19.0991046
Bt18		12		8		11		247.45		0		61.1298875
Bt19		35		13		13		941.62		0		9.2282811
Bt20		24		14		8		723.11		0		25.3415009
Bt21		33		11		7		1135.53		0		18.8226446
Bt22		14		11		13		670.60		0		13.5128913
Bt23		13		8		9		200.44		0		7.4523320
Bt24		28		10		11		781.86		0		34.5468367
Bt25		15		6		6		174.22		0		14.8890619
Bt26		13		11		13		596.26		0		18.1200566
Bt27		23		14		10		661.15		0		23.6460053
Bt28		26		7		9		593.61		0		31.7948234
Bt29		30		12		8		575.19		1		3.2022673
Bt30		28		9		11		868.52		0		12.5313960
Bt31		20		10		6		355.03		0		11.8670140
Bt32		25		8		8		1636.21		1		14.0622150
Bt33		13		5		9		285.79		1		17.3692936
Bt34		27		14		10		417.63		1		1.8240754
Bt35		22		10		7		655.16		0		23.5902512
Bt36		31		13		7		471.52		0		11.7647598
Bt37		19		9		7		804.91		0		223.3012329
Bt38		24		13		14		2429.33		1		7.3490749
Bt39		21		9		8		551.36		0		16.0176498
Bt40		24		13		9		677.02		0		40.5741202
Bt41		12		7		14		307.70		0		78.2679141
Bt42		14		13		7		1339.61		0		153.8934981
Bt43		35		8		6		261.06		0		12.2020962
Bt44		15		8		9		508.37		0		43.3109722
Bt45		35		6		10		1175.46		0		72.7517993
Bt46		17		12		13		776.91		0		68.2891700
Bt47		34		7		10		251.11		0		5.3957347
Bt48		14		10		11		694.94		0		116.6451382
Bt49		18		5		6		204.90		0		25.9711368
Bt50		25		5		14		448.33		0		39.6300916
Bt51		20		8		9		578.68		0		52.9334319
Bt52		20		14		13		1096		0		19.9509515
Bt53		27		10		8		2262.10		1		29.2806527
Bt54		31		7		11		469.33		0		11.7447592
Bt55		32		12		9		1700.70		0		14.2254575
Bt56		31		10		10		803.99		1		10.2293534
Bt57		18		6		7		265.01		0		24.9433043
Bt58		28		10		13		371.54		0		23.3861701
Bt59		25		7		10		1259.14		0		67.5777024
Bt60		16		7		13		621.98		1		46.1955219
Bt61		19		6		9		547.30		0		94.5051441
Bt62		18		12		8		221.63		0		9.9024775
Bt63		22		11		7		846.65		0		87.1733796
Bt64		14		9		11		637.74		1		17.1493846
Bt65		29		11		11		1721.94		1		8.4863994
Bt66		22		13		11		608.04		0		30.7434298
Bt67		19		9		10		883.94		0		49.3811695
Bt68		17		14		8		702.61		0		24.1674183
Bt69		12		6		13		204.86		0		17.9621984
Bt70		20		10		14		955.14		1		25.6753520
Bt71		14		14		10		218.35		0		54.3612849
Bt72		21		7		8		508.47		0		79.1192990
Bt73		31		12		7		819.73		1		22.5209660
Bt74		24		12		10		1320.34		1		10.3198039
Bt75		26		11		14		967.86		0		23.4978148
Bt76		15		9		9		661.90		0		15.5783484
Bt77		34		5		12		1011.36		1		7.4229595
Bt78		18		12		11		1273.56		0		60.2901541
Bt79		26		11		13		864.36		0		9.7432212
Bt80		24		11		10		549.57		0		9.3418197
Bt81		29		11		9		1397.22		1		16.8383374
Bt82		25		14		7		1549.74		0		42.7306302
Bt83		32		9		7		1069.99		0		189.8788310
Bt84		32		12		11		1989.80		0		37.3290930
Bt85		15		12		8		326		0		14.6167071
Bt86		19		7		11		1136.43		0		82.3899627
Bt87		20		6		8		192.35		0		8.3325674
Bt88		17		14		10		1293.04		1		14.9362368
Bt89		20		10		10		675.11		1		8.5152545
Bt90		35		13		14		3467.52		0		23.0353804
Bt91		21		7		10		355.54		0		44.0711178
Bt92		21		13		13		1712.69		0		177.7183753
Bt93		32		13		10		1528.52		0		24.7615375
Bt94		23		5		13		421.81		0		34.6808940
Bt95		29		12		8		501.32		0		10.7944583
Bt96		12		5		13		389.98		0		193.3393252
Bt97		17		9		14		946.87		0		40.8132177
Bt98		35		14		13		2994.82		0		111.0998086
Bt99		14		6		14		308.72		1		3.6601343
Bt100		30		5		7		620.79		0		42.0606278

DEMANDS PER CUSTOMER
i	Type Quantity
1	Bt47 1	Bt84 1	
2	Bt36 1	Bt42 1	Bt85 1	
3	Bt64 1	Bt71 2	
4	Bt5 1	Bt35 1	
5	Bt5 1	Bt87 1	Bt96 1	
6	Bt57 1	Bt59 1	
7	Bt30 1	Bt48 1	
8	Bt5 1	Bt61 1	
9	Bt30 1	
10	Bt4 1	Bt5 1	Bt100 1	
11	Bt74 1	
12	Bt7 1	Bt43 1	Bt86 1	
13	Bt46 1	Bt51 1	
14	Bt21 1	Bt46 1	
15	Bt26 1	
16	Bt66 1	
17	Bt5 1	Bt23 1	Bt69 1	
18	Bt40 1	Bt100 1	
19	Bt19 1	Bt83 1	
20	Bt97 1	
21	Bt81 1	Bt82 1	
22	Bt8 1	
23	Bt46 1	
24	Bt36 1	Bt70 1	Bt88 1	
25	Bt99 1	
26	Bt25 1	
27	Bt31 1	Bt35 1	Bt84 1	
28	Bt12 1	Bt21 1	Bt43 1	
29	Bt1 1	Bt68 1	
30	Bt79 1	
31	Bt4 1	Bt35 1	Bt79 1	
32	Bt1 1	
33	Bt1 1	Bt55 1	Bt97 1	
34	Bt63 1	Bt82 1	
35	Bt73 1	
36	Bt46 1	
37	Bt3 1	Bt74 1	
38	Bt58 1	Bt92 1	Bt95 1	
39	Bt48 1	Bt77 1	
40	Bt36 1	Bt45 1	Bt92 1	
41	Bt71 1	
42	Bt45 1	Bt78 1	
43	Bt47 1	Bt99 1	
44	Bt20 1	Bt66 1	
45	Bt23 1	Bt61 1	Bt62 1	
46	Bt6 1	Bt9 1	Bt85 1	
47	Bt26 1	Bt75 1	
48	Bt5 1	Bt48 1	Bt96 1	
49	Bt42 1	
50	Bt35 1	
51	Bt4 1	Bt80 1	
52	Bt24 1	
53	Bt12 1	Bt48 1	Bt58 1	
54	Bt5 1	
55	Bt60 1	Bt83 1	
56	Bt63 1	
57	Bt26 1	Bt72 1	
58	Bt87 1	
59	Bt45 1	Bt49 1	
60	Bt16 1	Bt87 1	
61	Bt65 1	
62	Bt52 1	
63	Bt48 1	
64	Bt15 1	Bt27 1	Bt28 1	
65	Bt29 1	Bt99 2	
66	Bt21 1	Bt35 1	Bt87 1	
67	Bt8 1	Bt20 1	
68	Bt6 1	Bt84 1	Bt100 1	
69	Bt49 1	Bt94 1	
70	Bt1 1	Bt38 1	
71	Bt7 1	Bt71 1	
72	Bt50 1	
73	Bt22 1	Bt86 1	
74	Bt55 1	Bt71 1	Bt84 1	
75	Bt43 1	Bt65 1	
76	Bt17 1	
77	Bt28 1	
78	Bt87 1	
79	Bt48 1	Bt56 1	Bt93 1	
80	Bt11 1	Bt15 1	Bt78 1	
81	Bt64 1	
82	Bt25 1	Bt32 1	
83	Bt9 1	Bt62 1	Bt75 1	
84	Bt4 1	Bt31 1	Bt40 1	
85	Bt70 1	Bt73 1	Bt100 1	
86	Bt40 1	
87	Bt46 1	Bt96 1	
88	Bt35 1	Bt69 1	Bt98 1	
89	Bt17 1	Bt46 1	
90	Bt23 1	Bt88 1	Bt92 1	
91	Bt34 1	
92	Bt44 1	Bt68 1	
93	Bt46 1	Bt71 1	
94	Bt41 1	Bt70 1	Bt98 1	
95	Bt54 1	Bt66 1	
96	Bt49 1	Bt87 1	Bt91 1	
97	Bt10 1	Bt39 1	Bt79 1	
98	Bt93 1	Bt96 1	
99	Bt60 1	
100	Bt68 1	