Name				201_n100_m200_bt10
Number_of_Customers		100
Number_of_Items			200
Number_of_ItemTypes		10
Number_of_Vehicles		19
TimeWindows			1

VEHICLE
Mass_Capacity			12595
CargoSpace_Length		60
CargoSpace_Width		25
CargoSpace_Height		30
Wheelbase			48
Max_Mass_FrontAxle		7100
Max_Mass_RearAxle		11500
Distance_FrontAxle_CargoSpace	4

CUSTOMERS
i		x		y		Demand		ReadyTime	DueDate		ServiceTime	DemandedMass	DemandedVolume
0		35		35		0		0		230		0		0		0
1		16		48		2		0		196		10		480.71		764
2		33		42		3		138		172		10		394.3		776
3		27		51		2		0		202		10		467.31		994
4		62		12		2		0		184		10		202.37		234
5		19		71		2		68		86		10		335.32		620
6		52		27		3		0		201		10		493.88		672
7		64		76		3		0		169		10		693.79		1312
8		29		75		1		0		179		10		117.2		168
9		39		46		2		0		208		10		195.91		300
10		7		24		2		16		44		10		415.2		576
11		7		59		1		0		183		10		65.44		90
12		37		30		3		182		204		10		358.51		560
13		58		65		2		0		182		10		254.13		312
14		21		61		1		154		186		10		110.79		208
15		64		46		1		132		154		10		74.63		240
16		48		57		1		75		101		10		136.93		144
17		54		35		1		0		201		10		65.44		90
18		37		19		2		0		203		10		335.32		620
19		22		5		3		0		187		10		426.38		852
20		34		49		1		0		205		10		198.39		476
21		3		35		2		0		188		10		412.79		498
22		6		76		3		0		169		10		315.89		658
23		66		60		3		0		180		10		374.14		706
24		64		33		3		0		190		10		277		474
25		0		32		3		0		184		10		668.11		1548
26		45		42		2		0		207		10		273.86		288
27		16		9		1		0		187		10		74.63		240
28		40		76		2		105		133		10		454.04		952
29		22		65		2		137		161		10		419.25		432
30		40		23		3		0		207		10		400.76		710
31		25		46		2		0		205		10		315.59		644
32		8		46		1		0		190		10		74.63		240
33		20		16		2		155		181		10		254.13		312
34		1		6		2		0		175		10		243.67		496
35		56		49		3		48		82		10		597.91		932
36		58		23		2		0		194		10		335.32		620
37		44		51		3		0		201		10		405.9		1004
38		40		29		3		0		212		10		533.71		1096
39		36		77		3		0		177		10		901.48		1360
40		49		35		3		0		206		10		309.11		586
41		41		37		1		0		213		10		65.44		90
42		22		72		3		158		190		10		611.18		974
43		35		2		1		0		187		10		117.2		168
44		30		26		1		14		44		10		130.47		210
45		61		67		3		0		178		10		465.79		830
46		23		40		2		132		166		10		347.76		378
47		58		34		1		0		196		10		132.88		288
48		0		22		2		0		182		10		243.67		496
49		21		11		3		0		192		10		439.65		894
50		13		26		3		0		196		10		378.19		562
51		23		79		3		55		79		10		337.98		738
52		48		13		3		0		194		10		309.03		576
53		44		28		1		0		208		10		136.93		144
54		14		35		3		0		199		10		639.27		816
55		65		54		3		0		184		10		404.33		498
56		34		53		1		12		38		10		132.88		288
57		37		59		3		0		195		10		684.6		1162
58		31		1		1		0		185		10		74.63		240
59		34		39		3		0		215		10		442.06		972
60		29		58		3		145		175		10		404.33		498
61		26		21		1		0		203		10		336.84		784
62		34		31		2		0		215		10		411.47		1024
63		66		39		1		0		188		10		336.84		784
64		6		17		3		0		185		10		396.71		854
65		32		66		3		0		188		10		328.79		588
66		39		79		1		0		175		10		110.79		208
67		29		15		1		0		199		10		65.44		90
68		52		51		2		0		196		10		185.42		448
69		53		40		1		0		201		10		117.2		168
70		38		66		2		0		188		10		176.23		298
71		57		44		1		0		196		10		130.47		210
72		60		29		2		0		194		10		191.83		408
73		1		68		3		0		172		10		597.91		932
74		57		9		3		20		48		10		733.62		1736
75		3		29		1		0		187		10		136.93		144
76		52		72		2		0		179		10		473.77		928
77		24		59		3		0		193		10		394.3		776
78		61		20		1		0		189		10		132.88		288
79		49		61		1		0		190		10		74.63		240
80		3		47		2		0		185		10		207.51		528
81		58		14		1		0		188		10		130.47		210
82		64		80		1		123		157		10		117.2		168
83		47		22		3		0		202		10		347.65		956
84		56		57		2		0		189		10		331.27		764
85		44		7		1		0		190		10		117.2		168
86		7		51		1		0		187		10		336.84		784
87		28		9		3		0		193		10		374.14		706
88		26		71		1		0		182		10		74.63		240
89		12		72		1		0		176		10		65.44		90
90		26		68		3		70		98		10		630.08		666
91		46		38		1		0		208		10		136.93		144
92		7		71		2		0		174		10		309.18		684
93		57		29		3		0		197		10		371.33		480
94		38		13		2		48		78		10		202.37		234
95		1		40		1		0		185		10		132.88		288
96		65		25		1		55		85		10		130.47		210
97		68		71		1		76		116		10		336.84		784
98		52		68		1		117		149		10		132.88		288
99		66		8		2		66		88		10		185.42		448
100		13		80		3		0		169		10		484.69		522

ITEMS
Type		Length		Width		Height		Mass		Fragility	LoadBearingStrength
Bt1		12		6		4		132.88		0		10.5984004
Bt2		17		4		7		198.39		0		14.3920594
Bt3		9		2		5		65.44		1		18.7197807
Bt4		8		6		3		136.93		0		83.5232714
Bt5		16		7		7		336.84		0		9.7702931
Bt6		14		3		5		130.47		0		8.6876970
Bt7		12		5		4		74.63		0		10.9801549
Bt8		16		3		6		282.32		0		11.9843454
Bt9		13		4		4		110.79		1		12.0818693
Bt10		7		4		6		117.20		0		28.8801412

DEMANDS PER CUSTOMER
i	Type Quantity
1	Bt2 1	Bt8 1	
2	Bt2 1	Bt3 1	Bt6 1	
3	Bt5 1	Bt6 1	
4	Bt3 1	Bt4 1	
5	Bt2 1	Bt4 1	
6	Bt4 1	Bt7 1	Bt8 1	
7	Bt5 1	Bt7 1	Bt8 1	
8	Bt10 1	
9	Bt3 1	Bt6 1	
10	Bt1 1	Bt8 1	
11	Bt3 1	
12	Bt4 1	Bt9 2	
13	Bt4 1	Bt10 1	
14	Bt9 1	
15	Bt7 1	
16	Bt4 1	
17	Bt3 1	
18	Bt2 1	Bt4 1	
19	Bt2 1	Bt9 1	Bt10 1	
20	Bt2 1	
21	Bt6 1	Bt8 1	
22	Bt6 1	Bt7 1	Bt9 1	
23	Bt1 1	Bt6 1	Bt9 1	
24	Bt3 1	Bt4 1	Bt7 1	
25	Bt1 1	Bt2 1	Bt5 1	
26	Bt4 2	
27	Bt7 1	
28	Bt5 1	Bt10 1	
29	Bt4 1	Bt8 1	
30	Bt2 1	Bt3 1	Bt4 1	
31	Bt2 1	Bt10 1	
32	Bt7 1	
33	Bt4 1	Bt10 1	
34	Bt1 1	Bt9 1	
35	Bt2 1	Bt8 1	Bt10 1	
36	Bt2 1	Bt4 1	
37	Bt1 1	Bt2 1	Bt7 1	
38	Bt2 2	Bt4 1	
39	Bt5 1	Bt8 2	
40	Bt1 1	Bt3 1	Bt9 1	
41	Bt3 1	
42	Bt2 1	Bt6 1	Bt8 1	
43	Bt10 1	
44	Bt6 1	
45	Bt2 1	Bt4 1	Bt6 1	
46	Bt3 1	Bt8 1	
47	Bt1 1	
48	Bt1 1	Bt9 1	
49	Bt2 1	Bt6 1	Bt9 1	
50	Bt4 1	Bt6 1	Bt9 1	
51	Bt1 1	Bt6 1	Bt7 1	
52	Bt7 1	Bt10 2	
53	Bt4 1	
54	Bt7 1	Bt8 2	
55	Bt4 2	Bt6 1	
56	Bt1 1	
57	Bt3 1	Bt5 1	Bt8 1	
58	Bt7 1	
59	Bt1 1	Bt2 1	Bt9 1	
60	Bt4 2	Bt6 1	
61	Bt5 1	
62	Bt5 1	Bt7 1	
63	Bt5 1	
64	Bt1 1	Bt2 1	Bt3 1	
65	Bt1 1	Bt3 1	Bt6 1	
66	Bt9 1	
67	Bt3 1	
68	Bt7 1	Bt9 1	
69	Bt10 1	
70	Bt3 1	Bt9 1	
71	Bt6 1	
72	Bt7 1	Bt10 1	
73	Bt2 1	Bt8 1	Bt10 1	
74	Bt2 2	Bt5 1	
75	Bt4 1	
76	Bt4 1	Bt5 1	
77	Bt2 1	Bt3 1	Bt6 1	
78	Bt1 1	
79	Bt7 1	
80	Bt1 1	Bt7 1	
81	Bt6 1	
82	Bt10 1	
83	Bt2 1	Bt7 2	
84	Bt1 1	Bt2 1	
85	Bt10 1	
86	Bt5 1	
87	Bt1 1	Bt6 1	Bt9 1	
88	Bt7 1	
89	Bt3 1	
90	Bt3 1	Bt8 2	
91	Bt4 1	
92	Bt2 1	Bt9 1	
93	Bt4 1	Bt10 2	
94	Bt3 1	Bt4 1	
95	Bt1 1	
96	Bt6 1	
97	Bt5 1	
98	Bt1 1	
99	Bt7 1	Bt9 1	
100	Bt3 1	Bt4 1	Bt8 1	