Name				205_n100_m200_bt10
Number_of_Customers		100
Number_of_Items			200
Number_of_ItemTypes		10
Number_of_Vehicles		23
TimeWindows			1

VEHICLE
Mass_Capacity			12595
CargoSpace_Length		60
CargoSpace_Width		25
CargoSpace_Height		30
Wheelbase			48
Max_Mass_FrontAxle		7100
Max_Mass_RearAxle		11500
Distance_FrontAxle_CargoSpace	4

CUSTOMERS
i		x		y		Demand		ReadyTime	DueDate		ServiceTime	DemandedMass	DemandedVolume
0		35		35		0		0		230		0		0		0
1		9		35		2		0		194		10		557.66		1024
2		70		31		2		0		184		10		754.16		645
3		51		52		3		104		136		10		802.48		696
4		42		41		1		123		143		10		249.7		375
5		46		32		1		0		208		10		791.83		504
6		16		49		2		51		79		10		57.48		84
7		39		47		3		0		207		10		500.64		1035
8		39		65		2		0		189		10		600.93		510
9		44		24		3		149		181		10		561.78		968
10		55		47		1		0		196		10		28.74		42
11		63		11		1		44		78		10		28.74		42
12		68		72		2		99		125		10		772.03		1092
13		53		79		2		0		172		10		308.94		840
14		14		62		2		143		159		10		773.74		654
15		47		10		3		0		192		10		1065		953
16		36		80		2		115		145		10		1102.67		812
17		47		74		1		0		179		10		504.46		270
18		60		23		2		146		176		10		710.89		1159
19		19		12		3		85		115		10		618.51		880
20		15		67		3		109		139		10		715.01		1103
21		65		66		2		0		176		10		533.2		312
22		52		22		2		60		96		10		615.66		1204
23		24		44		1		17		55		10		96.47		240
24		68		78		3		0		165		10		868.5		1332
25		46		6		1		34		62		10		79.95		112
26		27		79		2		0		175		10		1041.53		879
27		13		21		2		0		193		10		815.3		578
28		46		18		2		162		200		10		346.17		615
29		21		50		2		34		64		10		159.9		224
30		8		11		3		0		183		10		1545.99		1149
31		17		58		2		131		167		10		1253.02		1288
32		32		73		1		92		126		10		310.84		308
33		27		28		2		0		209		10		946.3		924
34		41		52		3		0		201		10		621.09		1008
35		53		19		2		136		170		10		1253.02		1288
36		11		70		3		72		100		10		834.11		757
37		64		61		1		0		181		10		504.46		270
38		51		38		1		173		203		10		310.84		308
39		24		59		2		14		46		10		234.42		532
40		42		79		2		0		175		10		234.42		532
41		42		8		2		0		192		10		1041.53		879
42		6		49		2		0		187		10		871.78		616
43		52		15		3		60		84		10		951.12		1610
44		47		53		3		39		69		10		1450.76		1194
45		52		57		2		0		192		10		615.66		1204
46		54		0		3		0		180		10		994.39		1096
47		14		18		2		0		192		10		407.31		548
48		59		46		3		0		193		10		853.69		766
49		65		52		2		91		127		10		815.3		578
50		48		35		2		136		172		10		871.78		616
51		49		65		3		0		186		10		1757.48		1558
52		12		52		1		101		129		10		96.47		240
53		2		77		3		0		166		10		1126.14		886
54		2		69		2		0		172		10		1041.53		879
55		58		75		1		0		173		10		79.95		112
56		31		46		1		102		124		10		28.74		42
57		35		24		2		2		36		10		615.66		1204
58		41		31		2		189		217		10		1102.67		812
59		7		15		3		0		185		10		337.68		882
60		0		24		3		31		71		10		153.95		324
61		51		69		2		76		106		10		339.58		350
62		2		8		1		0		177		10		461.19		784
63		32		67		2		135		161		10		922.38		1568
64		45		61		3		0		192		10		917.04		786
65		62		47		2		138		172		10		1583.66		1008
66		32		14		2		0		198		10		815.3		578
67		50		27		2		181		205		10		404.17		795
68		12		78		1		0		171		10		504.46		270
69		65		30		1		0		189		10		269.28		384
70		67		35		2		158		184		10		710.89		1159
71		11		62		1		0		183		10		504.46		270
72		31		60		2		0		194		10		489.93		826
73		12		74		1		0		174		10		269.28		384
74		38		25		2		124		164		10		365.75		624
75		10		2		2		24		66		10		820.57		546
76		16		39		2		0		200		10		404.17		795
77		52		62		2		0		188		10		278.44		417
78		36		59		3		179		209		10		1258.62		915
79		48		40		1		164		196		10		79.95		112
80		51		75		3		114		152		10		608.86		734
81		12		34		1		169		197		10		504.46		270
82		40		74		3		0		180		10		1470.11		1324
83		24		37		3		106		134		10		640.49		795
84		30		49		2		132		162		10		658.93		690
85		34		46		1		43		83		10		79.95		112
86		19		5		2		0		186		10		125.21		282
87		53		43		2		175		201		10		557.66		1024
88		1		41		2		0		185		10		234.42		532
89		22		14		1		11		37		10		96.47		240
90		52		46		3		0		199		10		518.67		868
91		60		50		2		0		190		10		754.16		645
92		21		55		3		0		195		10		1043.02		1038
93		28		75		1		0		179		10		249.7		375
94		24		80		1		51		83		10		791.83		504
95		62		42		1		0		192		10		461.19		784
96		69		17		3		123		163		10		928.21		1074
97		3		28		3		104		134		10		279.68		702
98		2		44		1		0		185		10		154.47		420
99		40		21		1		0		205		10		79.95		112
100		12		9		2		0		185		10		404.17		795

ITEMS
Type		Length		Width		Height		Mass		Fragility	LoadBearingStrength
Bt1		15		5		5		249.70		0		24.9617129
Bt2		16		4		6		269.28		1		27.1368187
Bt3		14		2		4		79.95		0		44.8880332
Bt4		7		2		3		28.74		0		15.3173655
Bt5		12		6		7		791.83		1		9.4397949
Bt6		15		4		4		96.47		0		47.2607057
Bt7		16		7		7		461.19		0		47.2197922
Bt8		11		4		7		310.84		0		41.4171527
Bt9		15		4		7		154.47		0		19.0479119
Bt10		15		6		3		504.46		0		158.7431168

DEMANDS PER CUSTOMER
i	Type Quantity
1	Bt6 1	Bt7 1	
2	Bt1 1	Bt10 1	
3	Bt2 1	Bt4 1	Bt10 1	
4	Bt1 1	
5	Bt5 1	
6	Bt4 2	
7	Bt1 1	Bt6 1	Bt9 1	
8	Bt6 1	Bt10 1	
9	Bt6 1	Bt8 1	Bt9 1	
10	Bt4 1	
11	Bt4 1	
12	Bt7 1	Bt8 1	
13	Bt9 2	
14	Bt2 1	Bt10 1	
15	Bt1 1	Bt8 1	Bt10 1	
16	Bt5 1	Bt8 1	
17	Bt10 1	
18	Bt1 1	Bt7 1	
19	Bt2 2	Bt3 1	
20	Bt1 1	Bt8 1	Bt9 1	
21	Bt4 1	Bt10 1	
22	Bt7 1	Bt9 1	
23	Bt6 1	
24	Bt6 1	Bt7 1	Bt8 1	
25	Bt3 1	
26	Bt1 1	Bt5 1	
27	Bt8 1	Bt10 1	
28	Bt1 1	Bt6 1	
29	Bt3 2	
30	Bt1 1	Bt5 1	Bt10 1	
31	Bt5 1	Bt7 1	
32	Bt8 1	
33	Bt5 1	Bt9 1	
34	Bt3 2	Bt7 1	
35	Bt5 1	Bt7 1	
36	Bt1 1	Bt3 1	Bt10 1	
37	Bt10 1	
38	Bt8 1	
39	Bt3 1	Bt9 1	
40	Bt3 1	Bt9 1	
41	Bt1 1	Bt5 1	
42	Bt3 1	Bt5 1	
43	Bt4 1	Bt7 2	
44	Bt5 1	Bt9 1	Bt10 1	
45	Bt7 1	Bt9 1	
46	Bt4 1	Bt7 1	Bt10 1	
47	Bt6 1	Bt8 1	
48	Bt2 1	Bt3 1	Bt10 1	
49	Bt8 1	Bt10 1	
50	Bt3 1	Bt5 1	
51	Bt5 1	Bt7 1	Bt10 1	
52	Bt6 1	
53	Bt8 2	Bt10 1	
54	Bt1 1	Bt5 1	
55	Bt3 1	
56	Bt4 1	
57	Bt7 1	Bt9 1	
58	Bt5 1	Bt8 1	
59	Bt4 1	Bt9 2	
60	Bt4 2	Bt6 1	
61	Bt4 1	Bt8 1	
62	Bt7 1	
63	Bt7 2	
64	Bt4 1	Bt5 1	Bt6 1	
65	Bt5 2	
66	Bt8 1	Bt10 1	
67	Bt1 1	Bt9 1	
68	Bt10 1	
69	Bt2 1	
70	Bt1 1	Bt7 1	
71	Bt10 1	
72	Bt4 1	Bt7 1	
73	Bt2 1	
74	Bt2 1	Bt6 1	
75	Bt4 1	Bt5 1	
76	Bt1 1	Bt9 1	
77	Bt1 1	Bt4 1	
78	Bt1 1	Bt10 2	
79	Bt3 1	
80	Bt2 1	Bt4 1	Bt8 1	
81	Bt10 1	
82	Bt7 1	Bt10 2	
83	Bt1 1	Bt3 1	Bt8 1	
84	Bt9 1	Bt10 1	
85	Bt3 1	
86	Bt4 1	Bt6 1	
87	Bt6 1	Bt7 1	
88	Bt3 1	Bt9 1	
89	Bt6 1	
90	Bt4 2	Bt7 1	
91	Bt1 1	Bt10 1	
92	Bt2 2	Bt10 1	
93	Bt1 1	
94	Bt5 1	
95	Bt7 1	
96	Bt2 1	Bt9 1	Bt10 1	
97	Bt4 1	Bt6 1	Bt9 1	
98	Bt9 1	
99	Bt3 1	
100	Bt1 1	Bt9 1	