Name				213_n100_m200_bt3
Number_of_Customers		100
Number_of_Items			200
Number_of_ItemTypes		3
Number_of_Vehicles		33
TimeWindows			1

VEHICLE
Mass_Capacity			12595
CargoSpace_Length		60
CargoSpace_Width		25
CargoSpace_Height		30
Wheelbase			48
Max_Mass_FrontAxle		7100
Max_Mass_RearAxle		11500
Distance_FrontAxle_CargoSpace	4

CUSTOMERS
i		x		y		Demand		ReadyTime	DueDate		ServiceTime	DemandedMass	DemandedVolume
0               35              35              0               0               230             0               0.00            0
1               29              49              1               0               204             10              512.16          1680
2               68              55              1               0               181             10              523.33          1881
3               23              19              3               43              173             10              1736.52         5073
4               21              75              1               0               177             10              701.03          1512
5               40              63              3               0               191             10              1558.82         5442
6               62              25              3               0               191             10              2103.09         4536
7               40              16              2               0               200             10              1213.19         3192
8               10              62              1               0               183             10              512.16          1680
9               35              39              3               9               137             10              1736.52         5073
10              40              61              1               33              165             10              523.33          1881
11              39              80              3               0               174             10              1736.52         5073
12              24              13              1               83              111             10              523.33          1881
13              14              39              2               166             200             10              1035.49         3561
14              62              12              1               111             141             10              523.33          1881
15              23              27              3               67              105             10              1547.65         5241
16              13              57              1               78              102             10              701.03          1512
17              50              10              2               0               190             10              1035.49         3561
18              35              24              3               0               209             10              1547.65         5241
19              21              72              2               0               170             10              1024.32         3360
20              45              50              3               0               201             10              1558.82         5442
21              13              14              3               0               189             10              1736.52         5073
22              54              43              2               0               199             10              1213.19         3192
23              53              54              1               0               193             10              523.33          1881
24              50              30              2               0               181             10              1024.32         3360
25              54              48              2               0               196             10              1213.19         3192
26              63              44              1               0               190             10              701.03          1512
27              32              64              3               0               190             10              1747.69         5274
28              39              30              1               48              184             10              523.33          1881
29              59              69              3               0               178             10              2103.09         4536
30              52              40              2               0               202             10              1224.36         3393
31              17              29              1               81              125             10              701.03          1512
32              15              18              1               0               193             10              512.16          1680
33              10              28              2               0               194             10              1035.49         3561
34              43              17              3               0               200             10              1558.82         5442
35              33              36              3               0               190             10              1536.48         5040
36              70              33              1               0               172             10              523.33          1881
37              25              43              2               0               188             10              1213.19         3192
38              37              70              1               0               175             10              523.33          1881
39              23              20              1               0               183             10              701.03          1512
40              23              64              2               0               188             10              1213.19         3192
41              16              58              1               0               190             10              523.33          1881
42              23              60              3               0               192             10              1925.39         4905
43              42              42              3               0               210             10              1725.35         4872
44              59              21              2               0               192             10              1402.06         3024
45              45              10              3               0               183             10              1736.52         5073
46              70              66              1               0               173             10              512.16          1680
47              67              29              1               0               187             10              523.33          1881
48              14              55              1               0               183             10              701.03          1512
49              51              65              3               0               186             10              1536.48         5040
50              38              72              2               0               182             10              1035.49         3561
51              39              30              2               107             141             10              1224.36         3393
52              52              31              2               0               183             10              1035.49         3561
53              47              60              3               0               192             10              1547.65         5241
54              31              78              3               0               176             10              1736.52         5073
55              52              24              1               0               199             10              523.33          1881
56              13              46              3               167             197             10              1736.52         5073
57              22              18              3               0               182             10              1725.35         4872
58              59              37              3               167             197             10              1736.52         5073
59              18              49              3               0               197             10              1569.99         5643
60              55              11              2               0               188             10              1213.19         3192
61              29              59              1               0               195             10              512.16          1680
62              19              70              1               78              110             10              512.16          1680
63              56              28              3               0               197             10              1736.52         5073
64              51              14              1               0               183             10              701.03          1512
65              22              15              1               0               196             10              701.03          1512
66              66              59              1               0               180             10              512.16          1680
67              27              39              3               0               211             10              1725.35         4872
68              55              18              2               0               193             10              1224.36         3393
69              18              24              1               64              98              10              512.16          1680
70              34              58              1               0               196             10              512.16          1680
71              39              59              3               0               195             10              2103.09         4536
72              42              54              2               114             146             10              1402.06         3024
73              32              30              3               0               171             10              1736.52         5073
74              53              38              2               109             143             10              1224.36         3393
75              48              73              3               0               179             10              1547.65         5241
76              59              37              3               0               183             10              1925.39         4905
77              62              30              2               174             204             10              1213.19         3192
78              47              45              1               0               204             10              701.03          1512
79              12              51              2               0               191             10              1024.32         3360
80              24              73              2               0               180             10              1213.19         3192
81              49              79              2               126             154             10              1046.66         3762
82              38              42              2               0               212             10              1402.06         3024
83              59              49              2               20              52              10              1035.49         3561
84              58              12              3               0               187             10              1747.69         5274
85              70              21              2               0               182             10              1035.49         3561
86              16              45              3               0               198             10              1558.82         5442
87              43              34              1               0               187             10              701.03          1512
88              49              28              3               0               204             10              1569.99         5643
89              27              67              1               84              118             10              523.33          1881
90              29              20              2               0               203             10              1224.36         3393
91              37              65              2               64              92              10              1224.36         3393
92              23              69              2               44              72              10              1035.49         3561
93              35              54              1               167             199             10              523.33          1881
94              40              45              2               0               208             10              1024.32         3360
95              16              80              2               60              84              10              1035.49         3561
96              12              36              1               0               196             10              512.16          1680
97              63              70              2               0               175             10              1035.49         3561
98              28              58              2               0               184             10              1402.06         3024
99              70              43              2               0               184             10              1035.49         3561
100             15              63              3               0               185             10              1736.52         5073

ITEMS
Type		Length		Width		Height		Mass		Fragility	LoadBearingStrength
Bt1		19		11		9		523.33		0		47.0792123
Bt2		30		8		7		512.16		1		7.2309307
Bt3		21		9		8		701.03		0		24.2817572

DEMANDS PER CUSTOMER
i	Type Quantity
1	Bt2 1	
2	Bt1 1	
3	Bt1 1	Bt2 1	Bt3 1	
4	Bt3 1	
5	Bt1 2	Bt2 1	
6	Bt3 3	
7	Bt2 1	Bt3 1	
8	Bt2 1	
9	Bt1 1	Bt2 1	Bt3 1	
10	Bt1 1	
11	Bt1 1	Bt2 1	Bt3 1	
12	Bt1 1	
13	Bt1 1	Bt2 1	
14	Bt1 1	
15	Bt1 1	Bt2 2	
16	Bt3 1	
17	Bt1 1	Bt2 1	
18	Bt1 1	Bt2 2	
19	Bt2 2	
20	Bt1 2	Bt2 1	
21	Bt1 1	Bt2 1	Bt3 1	
22	Bt2 1	Bt3 1	
23	Bt1 1	
24	Bt2 2	
25	Bt2 1	Bt3 1	
26	Bt3 1	
27	Bt1 2	Bt3 1	
28	Bt1 1	
29	Bt3 3	
30	Bt1 1	Bt3 1	
31	Bt3 1	
32	Bt2 1	
33	Bt1 1	Bt2 1	
34	Bt1 2	Bt2 1	
35	Bt2 3	
36	Bt1 1	
37	Bt2 1	Bt3 1	
38	Bt1 1	
39	Bt3 1	
40	Bt2 1	Bt3 1	
41	Bt1 1	
42	Bt1 1	Bt3 2	
43	Bt2 2	Bt3 1	
44	Bt3 2	
45	Bt1 1	Bt2 1	Bt3 1	
46	Bt2 1	
47	Bt1 1	
48	Bt3 1	
49	Bt2 3	
50	Bt1 1	Bt2 1	
51	Bt1 1	Bt3 1	
52	Bt1 1	Bt2 1	
53	Bt1 1	Bt2 2	
54	Bt1 1	Bt2 1	Bt3 1	
55	Bt1 1	
56	Bt1 1	Bt2 1	Bt3 1	
57	Bt2 2	Bt3 1	
58	Bt1 1	Bt2 1	Bt3 1	
59	Bt1 3	
60	Bt2 1	Bt3 1	
61	Bt2 1	
62	Bt2 1	
63	Bt1 1	Bt2 1	Bt3 1	
64	Bt3 1	
65	Bt3 1	
66	Bt2 1	
67	Bt2 2	Bt3 1	
68	Bt1 1	Bt3 1	
69	Bt2 1	
70	Bt2 1	
71	Bt3 3	
72	Bt3 2	
73	Bt1 1	Bt2 1	Bt3 1	
74	Bt1 1	Bt3 1	
75	Bt1 1	Bt2 2	
76	Bt1 1	Bt3 2	
77	Bt2 1	Bt3 1	
78	Bt3 1	
79	Bt2 2	
80	Bt2 1	Bt3 1	
81	Bt1 2	
82	Bt3 2	
83	Bt1 1	Bt2 1	
84	Bt1 2	Bt3 1	
85	Bt1 1	Bt2 1	
86	Bt1 2	Bt2 1	
87	Bt3 1	
88	Bt1 3	
89	Bt1 1	
90	Bt1 1	Bt3 1	
91	Bt1 1	Bt3 1	
92	Bt1 1	Bt2 1	
93	Bt1 1	
94	Bt2 2	
95	Bt1 1	Bt2 1	
96	Bt2 1	
97	Bt1 1	Bt2 1	
98	Bt3 2	
99	Bt1 1	Bt2 1	
100	Bt1 1	Bt2 1	Bt3 1	