Name				222_n100_m200_bt100
Number_of_Customers		100
Number_of_Items			200
Number_of_ItemTypes		100
Number_of_Vehicles		43
TimeWindows			1

VEHICLE
Mass_Capacity			12595
CargoSpace_Length		60
CargoSpace_Width		25
CargoSpace_Height		30
Wheelbase			48
Max_Mass_FrontAxle		7100
Max_Mass_RearAxle		11500
Distance_FrontAxle_CargoSpace	4

CUSTOMERS
i		x		y		Demand		ReadyTime	DueDate		ServiceTime	DemandedMass	DemandedVolume
0		35		35		0		0		230		0		0		0
1		4		39		3		79		109		10		3130.24		5600
2		43		36		3		41		81		10		2534.29		4096
3		1		3		2		154		184		10		1866.26		2319
4		29		64		2		75		103		10		1088.15		2394
5		36		39		3		89		113		10		2894.19		6514
6		69		4		2		136		164		10		3173.17		5348
7		16		36		1		174		196		10		834.15		1925
8		44		56		2		155		187		10		2131.45		4314
9		9		80		2		49		73		10		4980.72		9120
10		27		79		2		140		170		10		2380.11		4103
11		37		46		1		38		66		10		1427.76		1485
12		51		6		3		39		65		10		4686.93		4710
13		69		31		1		118		142		10		1534.47		4872
14		12		76		1		159		187		10		469.79		1680
15		24		77		3		138		172		10		2407.51		5229
16		1		17		3		109		135		10		1894.47		4173
17		10		58		2		68		84		10		3122.17		6622
18		45		78		2		159		191		10		1146.27		3139
19		58		62		3		107		141		10		2353.71		3589
20		69		41		1		26		54		10		713.22		1485
21		34		31		1		59		93		10		209.39		900
22		31		60		1		112		138		10		609.63		2574
23		10		5		3		131		157		10		2335.83		3215
24		37		28		3		173		199		10		2201.79		3790
25		14		21		3		117		143		10		6286.08		5045
26		1		77		1		105		129		10		1079.28		4466
27		7		5		2		75		111		10		1077.57		2590
28		61		30		2		116		144		10		695.49		2640
29		37		63		1		28		56		10		177.04		924
30		23		65		2		43		71		10		2415.98		5496
31		60		52		2		81		103		10		783.2		2492
32		35		4		2		132		168		10		1739.21		4917
33		13		36		3		72		102		10		3465.26		6326
34		49		71		3		149		181		10		2792.6		5978
35		62		6		2		126		166		10		2811.7		6300
36		27		70		3		40		74		10		2703.33		5196
37		17		62		1		24		56		10		1443.85		2380
38		46		9		1		128		166		10		668.59		1890
39		16		8		3		56		86		10		3521.34		4165
40		51		27		3		153		181		10		4404.12		6146
41		7		37		2		140		176		10		1053.26		2462
42		4		16		1		22		60		10		609.63		2574
43		42		79		2		85		111		10		515.82		2700
44		30		42		1		155		185		10		177.04		924
45		10		12		3		104		134		10		2933.12		5298
46		13		5		2		28		54		10		2519.89		2870
47		56		36		2		35		67		10		2429.53		5040
48		4		73		3		121		151		10		3437.49		5640
49		36		51		1		170		198		10		748.28		2288
50		54		17		1		32		66		10		455.48		1690
51		63		13		3		119		157		10		3329.95		5708
52		32		34		1		11		35		10		321.49		1368
53		8		77		3		80		112		10		2018.34		7704
54		46		73		3		44		70		10		2183.81		5630
55		26		56		2		154		192		10		794.61		4004
56		21		80		2		47		79		10		2253.99		3744
57		24		71		3		83		115		10		1335.54		3862
58		50		39		2		31		49		10		1803.65		6546
59		69		16		2		58		84		10		1737		4082
60		16		57		1		33		59		10		690.79		1449
61		30		8		1		24		62		10		355.9		1568
62		59		79		2		108		136		10		2776.01		5078
63		6		28		1		97		127		10		1026.1		1260
64		58		2		3		85		109		10		3229.36		6184
65		22		21		2		114		144		10		3766.13		7722
66		25		49		2		145		173		10		4159.96		7524
67		41		0		3		31		55		10		3308.71		8166
68		25		15		1		164		198		10		1091.84		4464
69		38		10		1		126		152		10		928.25		1547
70		30		2		1		32		60		10		852.07		1232
71		60		65		1		47		75		10		247.79		525
72		60		18		1		52		86		10		237.63		1120
73		4		77		3		39		67		10		4696.51		7664
74		49		54		1		97		119		10		1534.47		4872
75		51		58		3		93		131		10		1914.72		7548
76		17		13		3		65		97		10		3016.6		6484
77		16		1		1		25		65		10		315.41		1482
78		57		69		3		83		117		10		3374.07		8919
79		19		33		2		181		207		10		2425.47		3535
80		70		56		2		89		123		10		3597.65		5971
81		46		53		2		188		210		10		5243.32		6702
82		31		16		2		43		77		10		3439.06		3419
83		31		22		3		101		133		10		1451.31		5262
84		2		12		3		130		160		10		2908.51		3591
85		20		49		1		56		82		10		2320.53		3388
86		46		5		3		73		107		10		1219.87		2484
87		48		60		1		94		120		10		981.62		1155
88		64		47		1		38		80		10		209.39		900
89		22		16		1		54		82		10		265.87		1056
90		5		44		1		33		69		10		353.32		810
91		55		65		2		142		172		10		1249.18		2156
92		8		17		3		43		77		10		1956.35		4110
93		64		80		3		55		89		10		4236.99		5544
94		19		27		2		52		80		10		2549.47		3982
95		49		14		2		15		39		10		4059.86		6580
96		57		7		3		99		125		10		4199.12		7236
97		29		34		1		90		118		10		1796.17		2268
98		12		49		1		110		146		10		719.02		1950
99		59		37		2		160		178		10		1060.86		2384
100		21		38		2		161		193		10		2810.84		4616

ITEMS
Type		Length		Width		Height		Mass		Fragility	LoadBearingStrength
Bt1		29		12		7		438.71		0		22.8595118
Bt2		27		13		10		1808.56		1		11.9947810
Bt3		17		7		13		928.25		0		94.7693808
Bt4		13		10		13		455.48		0		12.9262198
Bt5		22		7		8		1072.14		0		35.3962345
Bt6		15		6		13		949.50		1		8.7408430
Bt7		21		10		9		668.59		0		29.5541663
Bt8		27		14		10		1866.74		0		21.0657369
Bt9		31		6		13		3524.72		0		125.8522375
Bt10		32		12		6		676.65		0		39.0864645
Bt11		14		9		8		440.75		0		28.9967396
Bt12		19		6		12		321.49		1		7.1132324
Bt13		12		6		7		278.63		0		28.9061542
Bt14		24		13		6		998.34		0		176.1175793
Bt15		23		9		7		690.79		1		10.4067997
Bt16		31		12		12		1091.84		0		19.0859199
Bt17		13		12		13		1752.60		0		123.5803698
Bt18		28		7		8		1138.66		0		31.8610903
Bt19		14		12		12		1093.10		0		16.3151920
Bt20		17		6		7		477		0		398.6108612
Bt21		35		5		11		834.15		1		8.4916765
Bt22		17		12		10		1292.22		0		28.2654567
Bt23		13		11		12		501.39		1		3.5462971
Bt24		33		11		6		1545.96		1		51.9107743
Bt25		14		12		6		570.10		0		52.6274359
Bt26		32		5		13		724.37		0		77.9711647
Bt27		30		5		13		719.02		1		4.2319174
Bt28		18		11		10		1660.58		0		89.9377636
Bt29		34		9		14		1718.60		0		20.2289222
Bt30		32		12		7		897.84		0		18.7189617
Bt31		28		5		7		737.85		1		10.0887339
Bt32		17		10		14		1443.85		1		16.1358839
Bt33		28		8		8		374.22		0		78.3893077
Bt34		32		5		13		1158.09		0		39.6160527
Bt35		15		5		7		247.79		0		111.7761922
Bt36		27		5		11		713.22		0		29.0672415
Bt37		29		14		11		1079.28		0		22.6656794
Bt38		31		5		9		1689.22		0		46.3018389
Bt39		25		12		9		839.50		0		28.4899685
Bt40		25		9		6		257.91		0		16.1509112
Bt41		25		7		13		1717.21		0		110.7608795
Bt42		35		9		6		1268.87		0		34.3106431
Bt43		19		12		14		1739.33		0		162.4949080
Bt44		32		5		13		1639.08		0		59.6009050
Bt45		15		11		9		1427.76		0		92.0025366
Bt46		22		11		13		1857.70		0		159.9221306
Bt47		32		5		7		237.63		0		21.9330664
Bt48		15		6		9		353.32		0		92.4246092
Bt49		16		7		14		355.90		0		8.6990593
Bt50		24		9		14		1853.17		0		157.7786904
Bt51		21		8		10		469.79		1		35.5931154
Bt52		31		13		12		3262.12		0		73.3557422
Bt53		18		6		13		505.37		0		26.1674101
Bt54		14		11		11		1368.55		0		57.3921087
Bt55		33		9		13		1473.34		0		25.7762053
Bt56		18		8		8		208.79		0		73.1814407
Bt57		28		11		7		2042.89		1		15.0739576
Bt58		33		5		7		981.62		0		485.7496101
Bt59		30		6		12		523.50		0		16.8837187
Bt60		27		7		12		1796.17		0		322.4321748
Bt61		29		5		9		881.83		1		11.5184869
Bt62		14		14		6		1327.13		0		326.0905581
Bt63		22		11		10		531.91		0		10.0371017
Bt64		25		11		10		1697.40		1		63.1648646
Bt65		24		5		12		775.08		0		101.3042639
Bt66		34		11		7		1206.26		1		14.5758174
Bt67		29		9		11		1877.52		0		40.0669937
Bt68		19		7		14		1586.76		0		243.1926606
Bt69		19		13		6		315.41		0		43.9336198
Bt70		19		5		12		953.42		0		38.9475078
Bt71		22		13		9		609.63		0		30.1859717
Bt72		29		12		14		1534.47		0		25.4331319
Bt73		15		8		8		225.70		0		16.5342634
Bt74		16		11		13		748.28		0		21.7816310
Bt75		26		10		8		756.82		1		8.6815438
Bt76		22		8		7		852.07		0		14.6754885
Bt77		21		13		10		1966.91		0		100.8222089
Bt78		22		8		6		265.87		0		17.4695212
Bt79		21		6		8		750.25		1		13.1789579
Bt80		26		5		10		289.49		1		5.3159362
Bt81		14		11		6		177.04		0		15.1259476
Bt82		18		7		9		214.60		0		68.2557991
Bt83		25		10		6		1473.47		0		47.9813785
Bt84		30		11		14		3908.69		0		63.2663105
Bt85		20		9		7		1026.10		0		128.2139565
Bt86		17		13		10		738.66		0		57.9770957
Bt87		34		9		9		1224.08		0		35.9173732
Bt88		21		11		14		2408.84		0		39.2118841
Bt89		33		5		8		524		0		97.2553973
Bt90		20		5		9		209.39		0		12.5833789
Bt91		25		12		12		1654.45		0		59.1683337
Bt92		35		8		10		957.17		0		69.3458491
Bt93		23		11		8		1749.84		0		111.4659508
Bt94		28		12		8		1428.42		0		140.4185916
Bt95		14		6		6		416.82		1		22.8910543
Bt96		32		13		11		1908.43		0		31.1432850
Bt97		14		5		10		408.98		1		11.2895827
Bt98		34		10		7		509.94		0		13.6934369
Bt99		28		11		11		2320.53		0		98.7216957
Bt100		14		12		10		611.15		0		205.0538614

DEMANDS PER CUSTOMER
i	Type Quantity
1	Bt7 1	Bt19 1	Bt54 1	
2	Bt35 1	Bt67 1	Bt97 1	
3	Bt38 1	Bt81 1	
4	Bt20 1	Bt100 1	
5	Bt2 1	Bt10 1	Bt97 1	
6	Bt66 1	Bt77 1	
7	Bt21 1	
8	Bt20 1	Bt91 1	
9	Bt29 1	Bt52 1	
10	Bt21 1	Bt24 1	
11	Bt45 1	
12	Bt9 1	Bt56 1	Bt70 1	
13	Bt72 1	
14	Bt51 1	
15	Bt36 1	Bt78 1	Bt94 1	
16	Bt25 1	Bt36 1	Bt100 1	
17	Bt37 1	Bt57 1	
18	Bt4 1	Bt15 1	
19	Bt3 1	Bt5 1	Bt48 1	
20	Bt36 1	
21	Bt90 1	
22	Bt71 1	
23	Bt38 1	Bt47 1	Bt97 1	
24	Bt44 1	Bt48 1	Bt90 1	
25	Bt5 1	Bt9 1	Bt38 1	
26	Bt37 1	
27	Bt7 1	Bt97 1	
28	Bt51 1	Bt73 1	
29	Bt81 1	
30	Bt10 1	Bt43 1	
31	Bt33 1	Bt97 1	
32	Bt55 1	Bt78 1	
33	Bt42 1	Bt68 1	Bt71 1	
34	Bt49 1	Bt51 1	Bt77 1	
35	Bt19 1	Bt29 1	
36	Bt12 1	Bt70 1	Bt94 1	
37	Bt32 1	
38	Bt7 1	
39	Bt20 1	Bt41 1	Bt62 1	
40	Bt9 1	Bt49 1	Bt59 1	
41	Bt31 1	Bt69 1	
42	Bt71 1	
43	Bt40 2	
44	Bt81 1	
45	Bt22 1	Bt87 1	Bt95 1	
46	Bt20 1	Bt57 1	
47	Bt65 1	Bt91 1	
48	Bt41 1	Bt58 1	Bt86 1	
49	Bt74 1	
50	Bt4 1	
51	Bt17 1	Bt31 1	Bt39 1	
52	Bt12 1	
53	Bt7 1	Bt16 1	Bt40 1	
54	Bt6 1	Bt26 1	Bt98 1	
55	Bt1 1	Bt49 1	
56	Bt17 1	Bt23 1	
57	Bt69 1	Bt97 1	Bt100 1	
58	Bt26 1	Bt37 1	
59	Bt14 1	Bt86 1	
60	Bt15 1	
61	Bt49 1	
62	Bt4 1	Bt99 1	
63	Bt85 1	
64	Bt34 1	Bt91 1	Bt95 1	
65	Bt46 1	Bt96 1	
66	Bt30 1	Bt52 1	
67	Bt42 1	Bt53 1	Bt72 1	
68	Bt16 1	
69	Bt3 1	
70	Bt76 1	
71	Bt35 1	
72	Bt47 1	
73	Bt22 1	Bt91 1	Bt93 1	
74	Bt72 1	
75	Bt12 1	Bt16 1	Bt23 1	
76	Bt75 1	Bt93 1	Bt98 1	
77	Bt69 1	
78	Bt10 1	Bt55 1	Bt87 1	
79	Bt32 1	Bt58 1	
80	Bt38 1	Bt96 1	
81	Bt9 1	Bt29 1	
82	Bt38 1	Bt93 1	
83	Bt27 1	Bt56 1	Bt59 1	
84	Bt38 1	Bt70 1	Bt78 1	
85	Bt99 1	
86	Bt20 2	Bt78 1	
87	Bt58 1	
88	Bt90 1	
89	Bt78 1	
90	Bt48 1	
91	Bt5 1	Bt81 1	
92	Bt21 1	Bt36 1	Bt97 1	
93	Bt32 1	Bt57 1	Bt79 1	
94	Bt64 1	Bt76 1	
95	Bt43 1	Bt99 1	
96	Bt8 1	Bt57 1	Bt80 1	
97	Bt60 1	
98	Bt27 1	
99	Bt56 1	Bt76 1	
100	Bt68 1	Bt87 1	