Name				223_n100_m200_bt100
Number_of_Customers		100
Number_of_Items			200
Number_of_ItemTypes		100
Number_of_Vehicles		33
TimeWindows			1

VEHICLE
Mass_Capacity			12595
CargoSpace_Length		60
CargoSpace_Width		25
CargoSpace_Height		30
Wheelbase			48
Max_Mass_FrontAxle		7100
Max_Mass_RearAxle		11500
Distance_FrontAxle_CargoSpace	4

CUSTOMERS
i		x		y		Demand		ReadyTime	DueDate		ServiceTime	DemandedMass	DemandedVolume
0		35		35		0		0		230		0		0		0
1		45		22		2		0		203		10		4457.24		6570
2		6		68		2		0		176		10		884.49		3276
3		37		49		1		70		100		10		713.87		2783
4		41		3		2		25		45		10		2405.3		5606
5		15		70		1		48		78		10		689.7		1920
6		1		13		1		100		124		10		708.66		920
7		63		74		1		0		171		10		689.7		1920
8		41		28		2		75		115		10		1051.01		4112
9		23		52		1		87		113		10		499.3		1750
10		67		47		1		0		185		10		166.45		1020
11		53		50		1		0		196		10		1978.99		4030
12		23		29		3		108		144		10		2517.98		9294
13		1		77		3		142		172		10		989.3		4775
14		36		0		1		80		110		10		307.71		2093
15		9		73		3		0		173		10		3080.88		8466
16		52		16		2		142		168		10		837.8		2460
17		32		51		2		41		79		10		2233.53		5894
18		51		43		2		0		202		10		2366.71		4279
19		21		33		2		92		122		10		836.08		4686
20		1		60		2		0		177		10		657.84		3126
21		33		38		1		124		156		10		538.67		1960
22		35		21		1		0		206		10		791.25		1584
23		47		4		3		0		186		10		2281.13		6743
24		63		48		2		0		189		10		1233.23		4828
25		54		62		2		0		186		10		979.44		3872
26		20		1		3		0		182		10		3008.15		4426
27		2		40		2		164		194		10		774.41		4509
28		29		59		2		88		118		10		1231		4646
29		12		13		3		0		188		10		2178.88		5982
30		65		8		3		0		179		10		2209.65		7145
31		37		72		2		39		77		10		1171.42		4569
32		69		51		2		0		182		10		845.03		3393
33		23		64		1		102		128		10		360.87		2040
34		17		42		2		90		116		10		1848.55		3624
35		19		5		1		0		186		10		321.98		1520
36		9		76		3		41		65		10		2244.99		6470
37		14		43		1		0		197		10		499.3		1750
38		40		38		2		0		214		10		785.55		2760
39		45		78		3		0		175		10		2207.32		5374
40		11		62		2		0		183		10		1497.8		4368
41		47		40		3		85		115		10		1069.85		5296
42		50		59		1		0		191		10		1082.14		2530
43		34		30		2		180		216		10		1262.15		3734
44		31		77		3		0		177		10		1625.35		5488
45		49		74		1		0		178		10		1810.52		3472
46		58		61		3		54		92		10		2449.84		8676
47		47		16		1		0		197		10		499.3		1750
48		39		7		3		0		191		10		2484.89		6512
49		41		48		2		11		39		10		2535.81		3633
50		55		17		1		0		193		10		522.87		2100
51		49		50		1		0		199		10		926.66		2800
52		12		58		1		0		187		10		273.8		1512
53		53		1		3		0		181		10		2207.67		6466
54		18		62		2		0		188		10		2520.56		5676
55		60		69		1		148		178		10		1978.99		4030
56		14		4		2		0		182		10		1051.22		2480
57		3		67		2		0		174		10		1454.51		3762
58		63		42		3		133		155		10		3024.64		5488
59		24		17		3		0		198		10		1748.63		4692
60		41		56		2		74		108		10		1390.83		6996
61		63		66		3		35		65		10		3777.54		8272
62		54		71		1		0		179		10		321.98		1520
63		17		45		2		76		106		10		1403.57		4703
64		6		61		3		156		178		10		4211.3		6442
65		58		38		3		165		197		10		2406.09		6014
66		24		60		3		0		192		10		2176.76		7544
67		13		46		1		0		195		10		474.46		3510
68		0		1		2		0		171		10		730.95		2534
69		1		26		2		42		68		10		1124.21		4699
70		65		28		3		0		189		10		2010.6		6332
71		3		18		1		45		75		10		1441.34		5236
72		29		16		2		0		200		10		2175.51		4620
73		62		12		2		0		184		10		790.93		4531
74		45		66		2		56		96		10		2271.94		4200
75		35		61		3		0		194		10		2014.63		7163
76		53		36		3		0		201		10		1480.59		4720
77		1		36		3		113		147		10		1421.32		4563
78		25		37		2		0		209		10		2368		8036
79		31		4		1		46		76		10		1939.31		1392
80		7		52		3		0		187		10		2748.41		7148
81		18		54		1		113		145		10		197.29		520
82		6		40		1		0		190		10		924.43		2618
83		56		44		2		20		42		10		2475.19		6399
84		61		21		3		0		190		10		3735.14		9381
85		55		11		1		148		178		10		657.46		2352
86		35		27		2		0		212		10		3461.23		6748
87		10		23		1		84		108		10		606.24		2992
88		8		45		1		0		191		10		474.46		3510
89		38		26		1		176		212		10		273.8		1512
90		67		67		3		34		66		10		1488.28		7292
91		68		28		3		160		194		10		1308.7		5023
92		14		29		1		65		101		10		924.43		2618
93		57		29		3		126		146		10		3905.94		5714
94		34		13		1		115		145		10		791.25		1584
95		13		74		3		62		86		10		1508.34		5104
96		68		38		3		88		112		10		2117.63		5376
97		42		53		2		140		170		10		3249.2		4632
98		54		4		1		0		183		10		1650.71		3276
99		69		12		3		58		100		10		1711.3		5955
100		25		10		3		80		108		10		3870.11		6810

ITEMS
Type		Length		Width		Height		Mass		Fragility	LoadBearingStrength
Bt1		31		11		9		571.04		0		9.8175396
Bt2		22		14		9		1175.14		0		99.1120634
Bt3		20		6		9		135.70		1		5.0313747
Bt4		22		6		13		801.39		1		26.5878373
Bt5		22		6		9		269.17		1		2.5719145
Bt6		27		13		8		438.54		0		4.5046932
Bt7		27		6		13		491.39		0		88.6172053
Bt8		35		12		9		1745.52		0		14.1691942
Bt9		19		13		9		555.01		0		23.1491817
Bt10		23		6		14		667.74		0		47.0152445
Bt11		19		9		14		2537.06		0		138.9907617
Bt12		32		11		9		1722.52		0		113.7113698
Bt13		16		12		11		488.81		0		31.7105762
Bt14		26		5		11		749.81		1		33.7061213
Bt15		25		12		11		2176.86		1		10.3221107
Bt16		16		9		9		520.32		1		7.5067303
Bt17		24		14		7		657.46		0		13.6386479
Bt18		23		11		11		713.87		0		9.9219932
Bt19		12		7		14		361.62		0		10.3622500
Bt20		12		6		11		106.23		0		12.0489833
Bt21		21		10		13		1433.39		0		34.3747833
Bt22		35		14		9		1321.23		0		26.3305424
Bt23		16		14		6		524.80		0		9.5707002
Bt24		26		5		10		537.32		0		54.8506220
Bt25		22		5		10		553.75		0		29.1629277
Bt26		14		10		8		824.03		0		38.8194369
Bt27		18		8		10		668.92		1		39.0306815
Bt28		27		9		8		323.44		0		34.1361287
Bt29		30		10		7		641.65		0		19.0378953
Bt30		15		12		8		671.35		0		26.2372960
Bt31		28		5		14		538.67		0		10.5160533
Bt32		32		8		8		635.50		0		30.7911254
Bt33		27		11		10		1320.37		0		26.0192116
Bt34		29		13		6		854.13		0		61.6134028
Bt35		24		9		12		672.80		0		13.0389754
Bt36		35		5		10		499.30		0		95.1541685
Bt37		17		11		13		268.06		0		14.7098953
Bt38		20		8		7		444.77		1		7.5382823
Bt39		16		13		7		625.26		0		24.9318378
Bt40		31		10		13		1978.99		0		36.5262407
Bt41		30		10		7		522.87		0		27.4173952
Bt42		34		5		12		360.87		0		9.1994993
Bt43		29		12		12		1920.18		0		46.9766960
Bt44		32		14		9		1193.64		0		35.3250862
Bt45		23		11		10		1082.14		0		22.0497688
Bt46		31		12		7		722.47		1		9.2180039
Bt47		18		6		14		273.80		0		8.4439875
Bt48		17		5		12		166.45		0		24.1402531
Bt49		17		11		14		374.20		0		5.3591411
Bt50		31		6		11		272.28		0		7.6858560
Bt51		29		6		8		1939.31		0		87.7915029
Bt52		20		12		6		639		1		9.4402760
Bt53		32		14		12		2354.37		1		26.8865971
Bt54		15		10		10		600.38		0		30.2999921
Bt55		13		5		8		197.29		0		30.6355932
Bt56		21		6		9		392.35		0		31.1991462
Bt57		27		12		7		856.15		0		15.7184555
Bt58		21		8		13		418.95		0		15.3306733
Bt59		27		11		9		690.72		1		4.6284641
Bt60		25		12		14		1252.27		0		17.5228433
Bt61		14		12		11		960.86		0		47.1500122
Bt62		32		12		7		289.55		0		9.1781069
Bt63		26		8		12		643.35		0		17.1703844
Bt64		27		13		9		1542.68		0		74.0706719
Bt65		29		7		13		1179.10		0		112.8033899
Bt66		15		14		8		1525.11		0		38.2780760
Bt67		23		13		7		307.71		0		14.3095380
Bt68		20		5		9		419.73		1		9.4680124
Bt69		24		6		11		791.25		0		33.0488542
Bt70		16		12		7		439.18		0		29.4583657
Bt71		13		8		14		313.55		0		22.5521639
Bt72		27		7		9		335.87		0		10.5344866
Bt73		21		13		12		1650.71		0		27.4484842
Bt74		29		11		11		1484.45		0		22.0414029
Bt75		25		9		12		2581.46		0		254.0207084
Bt76		34		8		11		606.24		1		5.4779922
Bt77		22		14		10		1447.91		0		241.6661250
Bt78		29		14		8		533.18		0		19.4540503
Bt79		20		10		14		926.66		0		15.2722383
Bt80		23		5		8		708.66		0		31.3171310
Bt81		34		10		14		1841.18		0		46.5890776
Bt82		26		5		8		160.49		0		10.7604987
Bt83		30		6		11		994.44		0		32.9750865
Bt84		30		10		9		288.78		0		8.2934652
Bt85		13		11		10		485.12		1		20.9773708
Bt86		17		5		14		206.15		0		13.1589603
Bt87		16		12		10		689.70		0		22.6427680
Bt88		26		11		14		784.59		1		5.2806643
Bt89		23		8		8		408.02		0		46.8304906
Bt90		32		8		10		640.18		1		3.0407957
Bt91		31		8		14		1810.52		0		53.3264146
Bt92		14		9		6		295.12		0		19.6044445
Bt93		19		8		10		321.98		0		31.9729471
Bt94		16		5		13		382.30		0		55.5914304
Bt95		22		5		6		262.68		1		4.5664570
Bt96		13		12		13		306.57		0		22.0062264
Bt97		23		7		9		2116.86		0		270.7229963
Bt98		27		10		13		474.46		1		4.4740798
Bt99		34		11		7		924.43		1		8.6273922
Bt100		34		11		14		1441.34		0		41.3685934

DEMANDS PER CUSTOMER
i	Type Quantity
1	Bt11 1	Bt43 1	
2	Bt19 1	Bt41 1	
3	Bt18 1	
4	Bt43 1	Bt85 1	
5	Bt87 1	
6	Bt80 1	
7	Bt87 1	
8	Bt38 1	Bt76 1	
9	Bt36 1	
10	Bt48 1	
11	Bt40 1	
12	Bt60 1	Bt69 1	Bt98 1	
13	Bt9 1	Bt47 1	Bt82 1	
14	Bt67 1	
15	Bt34 1	Bt43 1	Bt96 1	
16	Bt30 1	Bt48 1	
17	Bt56 1	Bt81 1	
18	Bt26 1	Bt64 1	
19	Bt19 1	Bt98 1	
20	Bt7 1	Bt48 1	
21	Bt31 1	
22	Bt69 1	
23	Bt18 1	Bt45 1	Bt85 1	
24	Bt79 1	Bt96 1	
25	Bt17 1	Bt93 1	
26	Bt11 1	Bt47 1	Bt55 1	
27	Bt6 1	Bt72 1	
28	Bt96 1	Bt99 1	
29	Bt9 1	Bt38 1	Bt65 1	
30	Bt18 1	Bt29 1	Bt34 1	
31	Bt1 1	Bt54 1	
32	Bt24 1	Bt67 1	
33	Bt42 1	
34	Bt28 1	Bt66 1	
35	Bt93 1	
36	Bt23 1	Bt50 1	Bt77 1	
37	Bt36 1	
38	Bt41 1	Bt95 1	
39	Bt23 1	Bt45 1	Bt54 1	
40	Bt29 1	Bt57 1	
41	Bt20 1	Bt28 1	Bt90 1	
42	Bt45 1	
43	Bt34 1	Bt89 1	
44	Bt35 1	Bt52 1	Bt71 1	
45	Bt91 1	
46	Bt6 1	Bt12 1	Bt84 1	
47	Bt36 1	
48	Bt3 1	Bt31 1	Bt91 1	
49	Bt58 1	Bt97 1	
50	Bt41 1	
51	Bt79 1	
52	Bt47 1	
53	Bt2 1	Bt56 1	Bt90 1	
54	Bt43 1	Bt54 1	
55	Bt40 1	
56	Bt27 1	Bt94 1	
57	Bt34 1	Bt54 1	
58	Bt31 1	Bt61 1	Bt66 1	
59	Bt4 1	Bt39 1	Bt93 1	
60	Bt76 1	Bt88 1	
61	Bt15 1	Bt76 1	Bt83 1	
62	Bt93 1	
63	Bt18 1	Bt87 1	
64	Bt11 1	Bt14 1	Bt99 1	
65	Bt21 1	Bt25 1	Bt58 1	
66	Bt28 1	Bt79 2	
67	Bt98 1	
68	Bt23 1	Bt86 1	
69	Bt37 1	Bt57 1	
70	Bt18 1	Bt61 1	Bt72 1	
71	Bt100 1	
72	Bt23 1	Bt73 1	
73	Bt37 1	Bt41 1	
74	Bt26 1	Bt77 1	
75	Bt44 1	Bt72 1	Bt85 1	
76	Bt29 2	Bt55 1	
77	Bt18 1	Bt38 1	Bt95 1	
78	Bt79 1	Bt100 1	
79	Bt51 1	
80	Bt10 1	Bt43 1	Bt82 1	
81	Bt55 1	
82	Bt99 1	
83	Bt9 1	Bt43 1	
84	Bt43 1	Bt50 1	Bt64 1	
85	Bt17 1	
86	Bt73 1	Bt91 1	
87	Bt76 1	
88	Bt98 1	
89	Bt47 1	
90	Bt6 1	Bt18 1	Bt72 1	
91	Bt16 2	Bt37 1	
92	Bt99 1	
93	Bt11 1	Bt61 1	Bt89 1	
94	Bt69 1	
95	Bt26 1	Bt28 1	Bt42 1	
96	Bt17 1	Bt27 1	Bt69 1	
97	Bt10 1	Bt75 1	
98	Bt73 1	
99	Bt34 1	Bt48 1	Bt59 1	
100	Bt11 1	Bt63 1	Bt87 1	