Name				224_n100_m200_bt100
Number_of_Customers		100
Number_of_Items			200
Number_of_ItemTypes		100
Number_of_Vehicles		34
TimeWindows			1

VEHICLE
Mass_Capacity			12595
CargoSpace_Length		60
CargoSpace_Width		25
CargoSpace_Height		30
Wheelbase			48
Max_Mass_FrontAxle		7100
Max_Mass_RearAxle		11500
Distance_FrontAxle_CargoSpace	4

CUSTOMERS
i		x		y		Demand		ReadyTime	DueDate		ServiceTime	DemandedMass	DemandedVolume
0		35		35		0		0		230		0		0		0
1		7		25		1		0		190		10		285.5		1960
2		51		1		1		92		120		10		709.11		1620
3		20		4		2		48		74		10		882.68		2340
4		36		12		1		93		115		10		1900.01		3920
5		7		22		1		89		121		10		292.26		1860
6		27		23		3		91		131		10		3559.48		7622
7		24		2		2		0		185		10		1805.41		6873
8		20		20		2		37		67		10		3809.66		5790
9		54		5		1		0		184		10		585.67		1188
10		48		22		3		108		134		10		5077.98		8628
11		24		8		2		0		190		10		1246.3		1860
12		21		32		3		0		205		10		2675.1		5488
13		50		52		3		0		197		10		7570.62		10198
14		31		32		1		0		215		10		239.36		1078
15		28		6		3		0		190		10		826.6		5016
16		61		19		1		0		189		10		2430.26		3696
17		69		6		3		44		66		10		2690		5446
18		31		73		1		0		181		10		459.16		1100
19		26		28		1		6		46		10		921.53		2016
20		18		36		2		0		202		10		715.14		3402
21		64		30		3		0		190		10		1358.63		3492
22		20		28		2		0		203		10		932.26		2448
23		36		25		2		0		209		10		1274.05		2796
24		17		14		3		0		192		10		2454.32		8190
25		1		79		2		0		164		10		1623.56		4016
26		47		14		3		13		43		10		2894.57		7629
27		50		46		1		119		155		10		198.44		720
28		3		31		2		0		187		10		701.56		2832
29		3		67		1		0		174		10		860.31		1672
30		33		19		3		66		96		10		3742.63		4490
31		66		52		1		57		95		10		198.44		720
32		48		26		2		109		143		10		3559.29		7248
33		37		65		2		114		144		10		590.51		3178
34		46		8		3		0		190		10		3367.33		8402
35		12		1		2		130		160		10		4054.64		7840
36		49		36		1		44		74		10		274.3		1458
37		23		68		2		0		184		10		1604.72		3780
38		66		70		2		0		173		10		675.1		3036
39		13		4		1		78		100		10		1236.62		2310
40		43		30		1		50		84		10		893.78		1080
41		35		77		3		0		178		10		2199.32		6580
42		41		46		3		0		207		10		3190.48		7556
43		20		9		2		65		97		10		3383.68		4306
44		44		45		2		0		206		10		603.53		3222
45		58		37		1		159		189		10		2430.26		3696
46		4		16		2		0		183		10		3067.71		5906
47		37		38		1		88		112		10		132.27		1020
48		39		14		3		15		37		10		2080.31		6928
49		23		49		2		168		192		10		859.2		2472
50		62		72		3		44		80		10		1207.57		4608
51		14		37		3		0		198		10		2424.32		5950
52		48		30		3		173		203		10		2777.17		5466
53		69		1		2		40		66		10		2892.36		5724
54		27		62		1		0		191		10		593.28		4774
55		51		24		1		40		74		10		198.44		720
56		43		61		3		0		192		10		3079.79		6664
57		52		14		3		26		62		10		6031.02		8630
58		56		75		1		78		102		10		1388.36		2310
59		40		7		2		0		191		10		1787.39		2436
60		63		58		3		132		170		10		3917.25		7992
61		58		69		3		0		178		10		1072.09		5836
62		43		26		2		0		25		10		1026.72		3312
63		69		57		1		80		116		10		559.53		5040
64		67		9		2		81		105		10		1379.15		3660
65		15		62		3		0		186		10		1616.94		6432
66		8		80		3		103		129		10		1400.95		3618
67		67		27		2		0		187		10		1340.93		4650
68		19		42		2		188		218		10		2129.42		4455
69		13		68		2		0		180		10		2349.69		6711
70		58		49		2		170		200		10		1710.38		4676
71		12		41		1		0		196		10		292.26		1860
72		6		7		2		0		179		10		3204.54		4830
73		51		62		2		0		188		10		1560.51		3558
74		65		65		2		0		177		10		1933.28		4064
75		15		43		3		82		110		10		1393.4		3712
76		10		61		1		0		183		10		1216.33		3430
77		59		11		2		0		186		10		978.1		2916
78		33		59		3		0		195		10		1626.15		4984
79		52		80		3		68		92		10		1371.97		4602
80		24		74		3		0		179		10		2282.47		6816
81		13		31		2		107		143		10		2435.72		7249
82		65		46		1		143		175		10		1549.57		4290
83		67		23		1		56		88		10		500.67		1920
84		66		57		1		0		181		10		566.24		1050
85		3		4		3		0		175		10		4566.44		9148
86		36		55		2		0		199		10		1792.45		3060
87		7		12		3		164		192		10		2207.47		5052
88		1		7		2		0		175		10		751.46		4536
89		43		2		1		90		128		10		559.53		5040
90		25		52		1		51		81		10		314.21		1440
91		41		40		3		0		212		10		3025.42		8552
92		29		19		1		34		52		10		3955.66		6664
93		16		79		2		0		172		10		1583.65		7000
94		16		74		1		112		150		10		577.63		3328
95		0		46		1		86		114		10		1338.91		2028
96		36		51		2		0		203		10		1302.49		3797
97		58		30		3		0		196		10		1702.22		6232
98		22		39		1		0		206		10		377.9		882
99		61		61		3		158		192		10		1244.12		4134
100		17		5		2		68		94		10		2173.54		4830

ITEMS
Type		Length		Width		Height		Mass		Fragility	LoadBearingStrength
Bt1		18		8		13		961.24		0		25.8718918
Bt2		31		6		10		292.26		1		3.4005362
Bt3		27		8		7		527.68		0		33.0145960
Bt4		30		11		6		425.33		0		16.7641489
Bt5		34		5		13		637.45		0		21.6819811
Bt6		35		5		6		566.24		1		9.7518816
Bt7		12		9		9		738.67		0		128.7449383
Bt8		34		8		12		1901.53		0		24.3467614
Bt9		16		5		9		1060.32		0		71.5804348
Bt10		28		11		13		1813.97		0		28.0259795
Bt11		32		5		9		255.58		1		5.6403738
Bt12		19		9		12		1323.78		0		167.4837134
Bt13		29		12		10		2421.30		1		28.4450281
Bt14		29		10		14		3249.31		0		128.3367838
Bt15		32		12		6		1166.20		0		29.7053646
Bt16		19		10		14		1359.38		0		39.2922011
Bt17		35		8		7		285.50		0		8.8312622
Bt18		17		5		12		400.82		0		21.1873192
Bt19		33		13		10		1549.57		1		9.4487377
Bt20		35		7		14		1216.33		1		13.6045673
Bt21		22		14		7		1331.30		0		42.3769844
Bt22		31		14		11		593.28		0		12.6782696
Bt23		17		6		10		132.27		0		6.9338202
Bt24		33		13		13		1575.41		0		22.3195461
Bt25		17		10		14		465.51		1		9.0461779
Bt26		15		8		9		893.78		0		41.4397639
Bt27		22		6		14		290.08		0		7.3053913
Bt28		15		8		11		363.58		0		16.2670406
Bt29		29		6		6		355.20		1		5.3457615
Bt30		35		14		12		3030.52		0		24.8155376
Bt31		33		5		6		246.57		0		11.5328739
Bt32		33		8		6		216.72		0		21.5858034
Bt33		29		6		8		526.05		0		35.8823851
Bt34		18		13		7		385.91		1		10.9843469
Bt35		13		6		10		352.52		0		40.6079311
Bt36		15		5		12		627.10		1		13.2708436
Bt37		15		8		9		1047		0		287.6435413
Bt38		19		11		8		860.31		1		9.0633340
Bt39		32		14		9		1841.97		1		10.2799791
Bt40		26		7		7		677.75		0		76.6697966
Bt41		35		6		13		840.26		0		47.1511093
Bt42		21		11		10		322.27		0		31.6603578
Bt43		22		6		11		458.38		0		47.3101907
Bt44		22		5		10		459.16		0		15.1539682
Bt45		35		8		7		1024.12		0		18.0212676
Bt46		34		11		11		4273.83		0		127.8085649
Bt47		15		6		10		121.26		0		5.3918765
Bt48		34		5		6		712.75		0		54.2915757
Bt49		22		14		8		769.17		0		68.7142635
Bt50		27		5		12		709.11		0		32.5870240
Bt51		35		12		12		559.53		0		12.9784378
Bt52		19		13		12		1474.12		0		182.8426502
Bt53		21		8		12		351		0		12.2939460
Bt54		20		11		11		2769.46		0		99.5091606
Bt55		27		6		9		274.30		0		13.1698221
Bt56		26		13		6		1338.91		1		18.6945706
Bt57		21		12		7		329.23		0		34.3856244
Bt58		25		7		11		341.25		0		39.6349239
Bt59		32		14		9		1995.14		0		38.9450712
Bt60		19		8		9		528.77		0		43.5143527
Bt61		33		7		13		1671.04		0		57.0262484
Bt62		28		14		10		1900.01		0		33.5847056
Bt63		15		8		14		1549.27		0		41.0038312
Bt64		29		14		14		7352.71		0		221.3667438
Bt65		22		9		6		585.67		1		15.2368631
Bt66		21		12		8		921.53		0		22.7790533
Bt67		34		14		14		3955.66		0		39.1668992
Bt68		27		6		8		230		0		16.2350474
Bt69		29		7		6		305.01		0		21.2903310
Bt70		31		5		6		538.89		0		75.2775520
Bt71		25		6		14		1286.21		0		126.8428335
Bt72		12		8		6		57.93		1		3.5526767
Bt73		22		10		11		2449.06		1		103.5603631
Bt74		35		7		14		1698.08		0		38.5896712
Bt75		32		8		13		577.63		1		7.6427102
Bt76		13		11		12		727.07		0		33.9911949
Bt77		30		8		8		500.67		0		29.5195712
Bt78		35		14		14		4885.16		0		76.1901776
Bt79		24		6		8		702.26		0		62.0372786
Bt80		33		7		10		1388.36		1		31.8301029
Bt81		15		13		11		985.64		0		282.8509358
Bt82		32		6		9		280.94		0		58.2017263
Bt83		22		14		12		1700.48		0		27.6384409
Bt84		16		5		9		198.44		0		25.3639859
Bt85		14		7		11		239.36		0		18.0039646
Bt86		32		7		12		461.38		0		24.5212596
Bt87		32		10		14		1516.41		0		15.6192292
Bt88		18		14		10		785.18		0		21.8336464
Bt89		24		11		10		1558.53		0		87.7439417
Bt90		29		8		12		499.85		1		8.7768283
Bt91		18		7		7		377.90		0		37.0745122
Bt92		26		12		12		2467.03		0		262.0620888
Bt93		32		5		9		314.21		0		15.1333070
Bt94		18		7		9		774.28		0		48.5714127
Bt95		23		10		6		243.18		0		6.6347156
Bt96		30		11		7		1236.62		0		154.0529696
Bt97		33		8		14		2430.26		0		316.9404220
Bt98		29		12		8		835.33		0		37.8070652
Bt99		17		14		7		1825.15		1		21.2137338
Bt100		29		10		13		2172.91		0		120.7274778

DEMANDS PER CUSTOMER
i	Type Quantity
1	Bt17 1	
2	Bt50 1	
3	Bt11 1	Bt36 1	
4	Bt62 1	
5	Bt2 1	
6	Bt1 1	Bt4 1	Bt100 1	
7	Bt24 1	Bt68 1	
8	Bt13 1	Bt80 1	
9	Bt65 1	
10	Bt13 1	Bt61 1	Bt81 1	
11	Bt26 1	Bt35 1	
12	Bt3 1	Bt42 1	Bt99 1	
13	Bt38 1	Bt78 1	Bt99 1	
14	Bt85 1	
15	Bt11 1	Bt27 1	Bt82 1	
16	Bt97 1	
17	Bt44 1	Bt72 1	Bt100 1	
18	Bt44 1	
19	Bt66 1	
20	Bt34 1	Bt57 1	
21	Bt34 1	Bt84 1	Bt94 1	
22	Bt68 1	Bt79 1	
23	Bt35 1	Bt66 1	
24	Bt27 1	Bt39 1	Bt42 1	
25	Bt2 1	Bt21 1	
26	Bt21 1	Bt75 1	Bt81 1	
27	Bt84 1	
28	Bt43 1	Bt95 1	
29	Bt38 1	
30	Bt31 1	Bt37 1	Bt73 1	
31	Bt84 1	
32	Bt30 1	Bt60 1	
33	Bt17 1	Bt69 1	
34	Bt16 1	Bt19 1	Bt43 1	
35	Bt30 1	Bt45 1	
36	Bt55 1	
37	Bt12 1	Bt82 1	
38	Bt32 1	Bt43 1	
39	Bt96 1	
40	Bt26 1	
41	Bt69 1	Bt87 1	Bt91 1	
42	Bt1 1	Bt57 1	Bt62 1	
43	Bt89 1	Bt99 1	
44	Bt55 1	Bt57 1	
45	Bt97 1	
46	Bt5 1	Bt97 1	
47	Bt23 1	
48	Bt22 1	Bt48 1	Bt94 1	
49	Bt18 1	Bt43 1	
50	Bt29 1	Bt35 1	Bt90 1	
51	Bt20 1	Bt26 1	Bt93 1	
52	Bt52 1	Bt60 1	Bt94 1	
53	Bt4 1	Bt92 1	
54	Bt22 1	
55	Bt84 1	
56	Bt8 1	Bt25 1	Bt48 1	
57	Bt13 1	Bt41 1	Bt54 1	
58	Bt80 1	
59	Bt9 1	Bt76 1	
60	Bt28 1	Bt59 1	Bt89 1	
61	Bt11 1	Bt25 1	Bt53 1	
62	Bt33 1	Bt77 1	
63	Bt51 1	
64	Bt41 1	Bt70 1	
65	Bt77 1	Bt82 1	Bt98 1	
66	Bt26 1	Bt34 1	Bt47 1	
67	Bt41 1	Bt77 1	
68	Bt43 1	Bt61 1	
69	Bt24 1	Bt94 1	
70	Bt16 1	Bt53 1	
71	Bt2 1	
72	Bt94 1	Bt97 1	
73	Bt55 1	Bt71 1	
74	Bt44 1	Bt52 1	
75	Bt18 1	Bt23 1	Bt38 1	
76	Bt20 1	
77	Bt36 1	Bt53 1	
78	Bt25 1	Bt43 1	Bt79 1	
79	Bt3 1	Bt34 1	Bt43 1	
80	Bt15 1	Bt82 1	Bt98 1	
81	Bt24 1	Bt38 1	
82	Bt19 1	
83	Bt77 1	
84	Bt6 1	
85	Bt11 1	Bt29 1	Bt67 1	
86	Bt63 1	Bt95 1	
87	Bt3 1	Bt47 1	Bt89 1	
88	Bt27 1	Bt86 1	
89	Bt51 1	
90	Bt93 1	
91	Bt27 1	Bt62 1	Bt98 1	
92	Bt67 1	
93	Bt45 1	Bt51 1	
94	Bt75 1	
95	Bt56 1	
96	Bt1 1	Bt58 1	
97	Bt32 1	Bt45 1	Bt86 1	
98	Bt91 1	
99	Bt50 1	Bt68 1	Bt69 1	
100	Bt80 1	Bt88 1	