Name				225_n100_m200_bt100
Number_of_Customers		100
Number_of_Items			200
Number_of_ItemTypes		100
Number_of_Vehicles		38
TimeWindows			1

VEHICLE
Mass_Capacity			12595
CargoSpace_Length		60
CargoSpace_Width		25
CargoSpace_Height		30
Wheelbase			48
Max_Mass_FrontAxle		7100
Max_Mass_RearAxle		11500
Distance_FrontAxle_CargoSpace	4

CUSTOMERS
i		x		y		Demand		ReadyTime	DueDate		ServiceTime	DemandedMass	DemandedVolume
0		35		35		0		0		230		0		0		0
1		45		28		1		0		207		10		2237.74		2880
2		53		7		2		31		63		10		2557.05		7936
3		7		18		2		38		70		10		2786.79		5161
4		20		49		3		44		66		10		2587.31		4934
5		7		56		1		100		124		10		186.37		420
6		5		70		3		112		138		10		5182.57		9505
7		69		34		3		74		104		10		3379.79		11384
8		20		45		3		32		52		10		1248.06		6955
9		25		65		3		160		188		10		2175.63		6132
10		66		49		2		95		121		10		3341.82		6792
11		13		2		1		95		125		10		2042.46		1540
12		57		23		3		166		188		10		3150.78		7052
13		43		53		1		168		194		10		1728.51		2916
14		14		25		2		0		196		10		676.83		2604
15		39		29		3		90		110		10		4390.55		10820
16		41		66		3		146		174		10		2005.03		4995
17		43		6		1		54		78		10		621.35		4836
18		4		46		3		45		79		10		1687.35		7168
19		63		9		1		132		158		10		845.46		2268
20		16		18		2		88		114		10		1907.02		7969
21		8		75		3		40		78		10		1800.92		3900
22		17		6		2		156		182		10		1557.09		4428
23		39		60		3		147		181		10		2841.45		10102
24		22		80		3		106		142		10		4430.22		9353
25		49		53		1		0		197		10		951.53		2800
26		43		50		1		176		200		10		673.16		2093
27		24		33		2		107		127		10		3563.33		6930
28		47		49		1		56		82		10		956.68		2079
29		18		26		3		112		140		10		2978.1		8049
30		29		25		3		0		208		10		2034.91		4902
31		51		77		1		57		83		10		1609.4		3520
32		44		11		3		131		159		10		3485.05		7840
33		65		28		2		23		59		10		1670.81		6328
34		40		19		3		0		203		10		1397		5823
35		53		3		1		150		176		10		687.07		2730
36		59		80		2		132		160		10		927.99		3492
37		40		23		2		126		162		10		1964.81		4102
38		5		13		2		101		133		10		1790.25		7148
39		16		14		1		0		191		10		1573.36		2560
40		52		74		3		64		96		10		2709.89		5616
41		11		44		1		144		172		10		837.82		1920
42		59		58		2		69		103		10		1523.89		7086
43		38		2		1		0		186		10		836.82		4356
44		26		53		1		152		180		10		1501.32		5096
45		56		14		2		79		113		10		2346.78		7364
46		33		76		3		47		75		10		3683.86		5800
47		3		29		2		0		187		10		1270.93		2544
48		35		47		2		137		163		10		1322.82		3252
49		59		75		1		34		58		10		133.3		1092
50		34		56		2		19		39		10		1551.22		8085
51		45		25		3		0		205		10		3251.56		7638
52		15		47		2		38		62		10		1203.92		8160
53		65		75		1		34		70		10		1218.81		1764
54		33		53		1		64		90		10		478.38		3136
55		57		0		3		97		119		10		2009.05		6819
56		32		18		1		0		202		10		511.89		2079
57		64		43		2		23		49		10		3304.11		5442
58		42		29		3		0		210		10		1898.43		6163
59		40		38		1		133		159		10		551.39		1944
60		60		3		1		114		150		10		165.91		816
61		68		16		3		135		167		10		1622.69		4296
62		2		7		2		31		61		10		357.46		2619
63		61		17		1		113		139		10		339.99		1617
64		32		71		3		55		81		10		2186.8		6740
65		55		61		2		115		139		10		1334.4		4299
66		60		22		1		146		170		10		836.82		4356
67		60		29		3		83		119		10		1412.12		4452
68		0		71		3		96		124		10		3123.33		7812
69		14		56		2		0		190		10		1549.45		4080
70		29		42		2		28		56		10		1195.51		3816
71		62		63		2		25		53		10		1310.45		4746
72		21		2		1		35		71		10		186.37		420
73		54		20		3		99		125		10		1552.78		6680
74		7		22		2		105		129		10		2023.51		2497
75		27		20		3		124		156		10		4279.95		5160
76		15		38		1		77		101		10		1029.05		1782
77		28		30		1		0		211		10		165.91		816
78		29		49		3		179		205		10		1944.26		4956
79		22		60		3		0		191		10		3508.16		6203
80		48		74		2		0		178		10		1926.64		8200
81		67		24		3		48		78		10		3255.67		5629
82		24		13		1		180		206		10		2480.94		3300
83		16		30		2		0		200		10		1953.36		4941
84		9		41		1		0		193		10		1046.26		2376
85		66		3		3		68		100		10		3485.53		8105
86		63		22		3		142		170		10		2523.2		7000
87		1		34		3		0		185		10		3661.2		8518
88		52		56		2		0		192		10		1524.99		3423
89		31		21		1		0		205		10		1041.65		1932
90		57		7		3		31		73		10		3065.46		5190
91		64		57		3		0		183		10		2413.04		6342
92		49		32		1		127		145		10		687.07		2730
93		45		41		1		105		133		10		528.91		980
94		42		79		2		102		126		10		971.66		2413
95		17		73		3		0		177		10		3507.58		5881
96		55		69		1		133		169		10		214.18		1449
97		69		5		1		0		174		10		511.89		2079
98		57		38		1		168		198		10		2042.46		1540
99		21		76		1		0		176		10		611.19		1092
100		36		50		1		0		204		10		137.01		1280

ITEMS
Type		Length		Width		Height		Mass		Fragility	LoadBearingStrength
Bt1		14		8		7		184.06		0		50.9357820
Bt2		14		9		6		434.12		0		54.6500301
Bt3		32		8		10		1573.36		1		13.8847292
Bt4		20		9		12		711.63		0		23.5940756
Bt5		16		12		11		925.09		1		24.5100836
Bt6		24		9		9		551.39		0		34.1666319
Bt7		20		14		7		1141.64		0		83.3677582
Bt8		22		13		12		493.04		0		4.0545513
Bt9		16		14		6		568.31		1		10.9488258
Bt10		33		11		10		1082.39		0		15.5228575
Bt11		31		8		12		1132.86		0		39.6680179
Bt12		12		9		11		388.12		0		31.5385823
Bt13		32		10		11		1609.40		0		27.7580720
Bt14		16		10		12		837.82		0		34.9103725
Bt15		28		7		14		409.75		0		48.7261671
Bt16		18		14		13		602.52		0		26.8830036
Bt17		33		9		6		1029.05		1		68.0318894
Bt18		15		11		11		301.51		0		16.3453461
Bt19		24		9		7		543.53		0		34.3289821
Bt20		32		14		8		1944.83		0		86.5108676
Bt21		24		9		6		155.92		0		10.7092955
Bt22		21		10		13		687.07		0		13.9407123
Bt23		14		7		10		528.91		0		12.8346465
Bt24		17		6		8		165.91		1		11.6680581
Bt25		27		12		9		1728.51		0		50.2670082
Bt26		35		5		7		583.54		1		31.0721859
Bt27		21		9		12		845.46		0		18.9934570
Bt28		33		12		11		836.82		0		36.3576569
Bt29		30		13		12		2416.73		0		30.6957726
Bt30		28		9		7		1218.81		0		67.2503077
Bt31		24		10		14		1463.63		0		42.6492368
Bt32		33		10		10		707.07		0		10.7569265
Bt33		20		13		14		871.59		0		15.4519113
Bt34		23		13		11		1964		0		87.9061579
Bt35		34		9		7		823.17		0		22.0589549
Bt36		34		14		14		4040.51		0		206.6246060
Bt37		23		6		14		1041.65		0		38.9812599
Bt38		12		7		13		611.19		0		27.2875305
Bt39		30		8		13		312.75		0		6.3770096
Bt40		23		7		9		214.18		1		6.7983615
Bt41		12		9		12		370.85		1		15.9571744
Bt42		15		9		9		652.16		0		16.6171030
Bt43		15		8		7		474.52		0		39.6514068
Bt44		32		6		9		1105.02		0		24.9858827
Bt45		34		12		7		1228.63		1		5.9509068
Bt46		19		12		9		288.93		0		15.7591772
Bt47		15		14		14		1613.09		0		179.1023254
Bt48		16		11		12		1188.79		0		54.0644268
Bt49		32		13		14		880.38		0		5.2900655
Bt50		32		6		11		1259.42		1		13.3248144
Bt51		34		7		14		1173.95		0		36.0821570
Bt52		30		10		11		2480.94		1		14.3816508
Bt53		35		14		10		3033.02		0		138.2016983
Bt54		24		13		10		406		1		4.1613973
Bt55		19		6		7		95.41		1		1.7216185
Bt56		28		8		14		478.38		0		37.9736567
Bt57		30		5		6		458.48		0		118.0426524
Bt58		20		8		8		137.01		0		14.8917569
Bt59		25		8		14		951.53		0		25.4734037
Bt60		28		12		6		623.38		1		4.5022478
Bt61		25		7		10		1126.91		0		61.7853166
Bt62		14		7		12		196.48		0		28.7171782
Bt63		33		7		7		339.99		1		7.4916274
Bt64		24		12		10		2237.74		0		73.6929035
Bt65		19		8		10		1100.73		0		48.1183594
Bt66		13		5		11		994.46		0		50.5673876
Bt67		15		13		11		1026.64		0		46.7908971
Bt68		21		9		7		201.54		0		14.7204351
Bt69		35		6		7		1551.77		0		82.6842913
Bt70		29		8		13		1760.15		1		69.8077982
Bt71		20		11		7		2042.46		0		358.1718062
Bt72		15		6		13		416.69		0		153.7937899
Bt73		33		9		9		1107.90		1		18.4127070
Bt74		14		10		11		175.68		0		31.5519285
Bt75		33		9		7		511.89		0		30.5397076
Bt76		12		5		7		186.37		1		4.0755772
Bt77		33		12		13		2497.64		1		19.0891081
Bt78		18		8		12		893.24		0		37.7366019
Bt79		33		10		8		999.03		0		72.2834529
Bt80		24		12		8		3168.11		0		189.3050930
Bt81		31		12		13		621.35		0		13.9309256
Bt82		32		12		14		983.69		0		12.9669000
Bt83		33		7		13		603.77		0		9.2456699
Bt84		22		14		14		1047.43		0		15.3181120
Bt85		24		6		8		320.02		0		41.7064037
Bt86		12		7		13		133.30		0		7.5858126
Bt87		26		14		14		1501.32		0		18.2907993
Bt88		28		6		11		507.16		1		34.5259998
Bt89		27		6		14		868.84		0		71.9369707
Bt90		22		9		12		1046.26		0		26.9868169
Bt91		35		14		14		967.68		0		27.2925553
Bt92		27		7		11		956.68		0		43.9794090
Bt93		18		7		13		607.82		0		74.0628398
Bt94		17		8		13		521.79		0		19.8276970
Bt95		21		6		9		643.10		0		17.6754004
Bt96		29		5		11		165.40		0		13.7465241
Bt97		20		5		13		236.24		0		41.8793268
Bt98		23		7		13		673.16		0		22.1627527
Bt99		25		8		12		316.80		0		37.8323664
Bt100		15		6		10		177.77		0		26.9946972

DEMANDS PER CUSTOMER
i	Type Quantity
1	Bt64 1	
2	Bt3 1	Bt82 1	
3	Bt67 1	Bt70 1	
4	Bt1 1	Bt70 1	Bt95 1	
5	Bt76 1	
6	Bt37 1	Bt53 1	Bt73 1	
7	Bt28 1	Bt37 1	Bt87 1	
8	Bt24 1	Bt56 1	Bt83 1	
9	Bt22 1	Bt27 1	Bt95 1	
10	Bt5 1	Bt29 1	
11	Bt71 1	
12	Bt70 1	Bt89 1	Bt94 1	
13	Bt25 1	
14	Bt19 1	Bt86 1	
15	Bt53 1	Bt54 1	Bt59 1	
16	Bt12 1	Bt44 1	Bt75 1	
17	Bt81 1	
18	Bt16 1	Bt59 1	Bt86 1	
19	Bt27 1	
20	Bt49 1	Bt67 1	
21	Bt66 1	Bt86 1	Bt98 1	
22	Bt4 1	Bt27 1	
23	Bt4 1	Bt10 1	Bt84 1	
24	Bt50 1	Bt77 1	Bt98 1	
25	Bt59 1	
26	Bt98 1	
27	Bt10 1	Bt52 1	
28	Bt92 1	
29	Bt26 1	Bt78 1	Bt87 1	
30	Bt55 1	Bt78 1	Bt90 1	
31	Bt13 1	
32	Bt30 2	Bt84 1	
33	Bt60 1	Bt84 1	
34	Bt9 1	Bt75 1	Bt99 1	
35	Bt22 1	
36	Bt38 1	Bt99 1	
37	Bt7 1	Bt35 1	
38	Bt46 1	Bt87 1	
39	Bt3 1	
40	Bt4 1	Bt44 1	Bt78 1	
41	Bt14 1	
42	Bt22 1	Bt28 1	
43	Bt28 1	
44	Bt87 1	
45	Bt27 1	Bt87 1	
46	Bt31 1	Bt71 1	Bt100 1	
47	Bt24 1	Bt44 1	
48	Bt4 1	Bt38 1	
49	Bt86 1	
50	Bt26 1	Bt91 1	
51	Bt54 1	Bt64 1	Bt93 1	
52	Bt91 1	Bt97 1	
53	Bt30 1	
54	Bt56 1	
55	Bt16 1	Bt18 1	Bt44 1	
56	Bt75 1	
57	Bt35 1	Bt52 1	
58	Bt26 1	Bt32 1	Bt93 1	
59	Bt6 1	
60	Bt24 1	
61	Bt12 1	Bt38 1	Bt60 1	
62	Bt21 1	Bt68 1	
63	Bt63 1	
64	Bt59 1	Bt79 1	Bt97 1	
65	Bt11 1	Bt68 1	
66	Bt28 1	
67	Bt62 1	Bt93 2	
68	Bt22 1	Bt35 1	Bt47 1	
69	Bt4 1	Bt14 1	
70	Bt62 1	Bt79 1	
71	Bt22 1	Bt60 1	
72	Bt76 1	
73	Bt23 1	Bt32 1	Bt99 1	
74	Bt17 1	Bt66 1	
75	Bt9 1	Bt19 1	Bt80 1	
76	Bt17 1	
77	Bt24 1	
78	Bt4 1	Bt76 1	Bt90 1	
79	Bt44 1	Bt64 1	Bt96 1	
80	Bt49 1	Bt90 1	
81	Bt40 1	Bt71 1	Bt79 1	
82	Bt52 1	
83	Bt27 1	Bt73 1	
84	Bt90 1	
85	Bt10 1	Bt64 1	Bt96 1	
86	Bt2 1	Bt37 1	Bt84 1	
87	Bt13 1	Bt35 1	Bt45 1	
88	Bt9 1	Bt92 1	
89	Bt37 1	
90	Bt14 1	Bt61 1	Bt65 1	
91	Bt22 1	Bt30 1	Bt88 1	
92	Bt22 1	
93	Bt23 1	
94	Bt12 1	Bt26 1	
95	Bt25 1	Bt42 1	Bt61 1	
96	Bt40 1	
97	Bt75 1	
98	Bt71 1	
99	Bt38 1	
100	Bt58 1	