Name				226_n100_m200_bt3
Number_of_Customers		100
Number_of_Items			200
Number_of_ItemTypes		3
Number_of_Vehicles		25
TimeWindows			1

VEHICLE
Mass_Capacity			12595
CargoSpace_Length		60
CargoSpace_Width		25
CargoSpace_Height		30
Wheelbase			48
Max_Mass_FrontAxle		7100
Max_Mass_RearAxle		11500
Distance_FrontAxle_CargoSpace	4

CUSTOMERS
i		x		y		Demand		ReadyTime	DueDate		ServiceTime	DemandedMass	DemandedVolume
0		35		35		0		0		230		0		0		0
1		64		42		3		175		191		10		448.42		774
2		24		63		1		74		102		10		171.93		378
3		11		59		1		161		197		10		172.02		240
4		41		24		3		0		207		10		380.96		552
5		29		40		3		0		212		10		448.33		912
6		7		37		1		0		191		10		104.47		156
7		25		43		3		0		207		10		448.33		912
8		27		49		3		0		203		10		448.42		774
9		33		17		1		0		201		10		172.02		240
10		53		47		3		0		198		10		448.42		774
11		3		80		3		0		164		10		448.33		912
12		68		58		1		0		179		10		171.93		378
13		54		18		2		0		194		10		343.95		618
14		30		45		2		0		208		10		208.94		312
15		27		63		2		141		171		10		276.4		534
16		4		55		1		95		121		10		171.93		378
17		0		44		1		56		78		10		172.02		240
18		21		61		3		116		146		10		380.96		552
19		44		4		1		0		187		10		172.02		240
20		10		79		1		0		169		10		172.02		240
21		46		26		2		90		116		10		343.95		618
22		18		25		2		0		200		10		276.49		396
23		6		42		2		165		191		10		343.86		756
24		7		49		3		167		189		10		515.88		996
25		1		4		2		0		173		10		276.4		534
26		14		70		1		119		151		10		104.47		156
27		17		46		3		0		198		10		448.42		774
28		62		13		2		50		78		10		343.95		618
29		49		8		2		153		187		10		276.4		534
30		55		56		2		90		116		10		276.49		396
31		0		63		1		0		175		10		172.02		240
32		24		11		2		0		193		10		208.94		312
33		64		49		2		0		187		10		276.49		396
34		27		80		2		69		105		10		343.86		756
35		49		0		2		0		182		10		276.4		534
36		49		64		1		0		187		10		172.02		240
37		22		69		3		0		183		10		448.42		774
38		21		31		2		190		222		10		276.4		534
39		65		17		2		0		185		10		343.95		618
40		10		20		2		35		69		10		276.49		396
41		39		68		3		0		186		10		448.51		636
42		7		32		2		23		47		10		343.95		618
43		56		32		1		0		198		10		104.47		156
44		28		77		1		63		83		10		171.93		378
45		25		27		2		0		207		10		343.95		618
46		37		51		2		30		62		10		344.04		480
47		49		12		2		0		193		10		343.95		618
48		1		34		2		123		163		10		343.95		618
49		7		11		2		113		139		10		276.49		396
50		31		65		2		88		118		10		343.86		756
51		16		19		1		24		58		10		171.93		378
52		38		18		3		7		37		10		448.42		774
53		61		42		3		162		194		10		515.97		858
54		58		41		2		104		142		10		343.95		618
55		31		74		1		93		125		10		104.47		156
56		12		56		3		27		53		10		448.33		912
57		8		57		2		57		83		10		343.95		618
58		36		63		3		50		84		10		380.96		552
59		19		21		2		32		58		10		343.95		618
60		11		49		2		0		192		10		276.49		396
61		43		15		3		0		198		10		515.97		858
62		16		9		2		0		187		10		276.4		534
63		29		33		1		84		116		10		172.02		240
64		64		25		1		109		137		10		172.02		240
65		40		21		3		103		141		10		515.97		858
66		70		43		3		0		184		10		380.87		690
67		2		21		2		0		184		10		343.86		756
68		68		15		1		0		181		10		171.93		378
69		57		13		2		0		188		10		276.49		396
70		28		9		1		0		193		10		104.47		156
71		3		15		2		0		182		10		343.86		756
72		69		4		2		109		141		10		276.4		534
73		33		27		2		0		211		10		276.49		396
74		46		40		2		182		218		10		276.49		396
75		14		47		1		0		195		10		171.93		378
76		6		71		1		0		173		10		104.47		156
77		42		31		3		0		211		10		380.87		690
78		59		72		3		0		175		10		515.97		858
79		55		75		2		0		175		10		276.49		396
80		43		9		1		0		192		10		171.93		378
81		55		51		2		38		72		10		276.4		534
82		4		58		1		0		181		10		104.47		156
83		61		46		2		52		80		10		344.04		480
84		22		24		1		185		215		10		172.02		240
85		15		52		2		122		158		10		276.49		396
86		67		53		2		144		178		10		344.04		480
87		35		55		2		0		200		10		276.49		396
88		18		62		2		0		188		10		343.86		756
89		53		42		3		111		135		10		516.06		720
90		6		78		3		0		168		10		448.42		774
91		39		65		1		0		189		10		104.47		156
92		19		51		3		155		183		10		515.79		1134
93		68		29		3		108		144		10		448.42		774
94		35		48		3		0		207		10		515.97		858
95		10		5		2		50		66		10		208.94		312
96		38		77		3		47		75		10		515.88		996
97		34		39		2		0		215		10		344.04		480
98		58		58		2		44		76		10		276.49		396
99		16		14		1		43		71		10		171.93		378
100		18		40		2		125		161		10		344.04		480

ITEMS
Type		Length		Width		Height		Mass		Fragility	LoadBearingStrength
Bt1		16		3		5		172.02		1		5.5992337
Bt2		9		7		6		171.93		0		13.6347395
Bt3		13		2		6		104.47		0		16.7258133

DEMANDS PER CUSTOMER
i	Type Quantity
1	Bt1 1	Bt2 1	Bt3 1	
2	Bt2 1	
3	Bt1 1	
4	Bt1 1	Bt3 2	
5	Bt2 2	Bt3 1	
6	Bt3 1	
7	Bt2 2	Bt3 1	
8	Bt1 1	Bt2 1	Bt3 1	
9	Bt1 1	
10	Bt1 1	Bt2 1	Bt3 1	
11	Bt2 2	Bt3 1	
12	Bt2 1	
13	Bt1 1	Bt2 1	
14	Bt3 2	
15	Bt2 1	Bt3 1	
16	Bt2 1	
17	Bt1 1	
18	Bt1 1	Bt3 2	
19	Bt1 1	
20	Bt1 1	
21	Bt1 1	Bt2 1	
22	Bt1 1	Bt3 1	
23	Bt2 2	
24	Bt1 1	Bt2 2	
25	Bt2 1	Bt3 1	
26	Bt3 1	
27	Bt1 1	Bt2 1	Bt3 1	
28	Bt1 1	Bt2 1	
29	Bt2 1	Bt3 1	
30	Bt1 1	Bt3 1	
31	Bt1 1	
32	Bt3 2	
33	Bt1 1	Bt3 1	
34	Bt2 2	
35	Bt2 1	Bt3 1	
36	Bt1 1	
37	Bt1 1	Bt2 1	Bt3 1	
38	Bt2 1	Bt3 1	
39	Bt1 1	Bt2 1	
40	Bt1 1	Bt3 1	
41	Bt1 2	Bt3 1	
42	Bt1 1	Bt2 1	
43	Bt3 1	
44	Bt2 1	
45	Bt1 1	Bt2 1	
46	Bt1 2	
47	Bt1 1	Bt2 1	
48	Bt1 1	Bt2 1	
49	Bt1 1	Bt3 1	
50	Bt2 2	
51	Bt2 1	
52	Bt1 1	Bt2 1	Bt3 1	
53	Bt1 2	Bt2 1	
54	Bt1 1	Bt2 1	
55	Bt3 1	
56	Bt2 2	Bt3 1	
57	Bt1 1	Bt2 1	
58	Bt1 1	Bt3 2	
59	Bt1 1	Bt2 1	
60	Bt1 1	Bt3 1	
61	Bt1 2	Bt2 1	
62	Bt2 1	Bt3 1	
63	Bt1 1	
64	Bt1 1	
65	Bt1 2	Bt2 1	
66	Bt2 1	Bt3 2	
67	Bt2 2	
68	Bt2 1	
69	Bt1 1	Bt3 1	
70	Bt3 1	
71	Bt2 2	
72	Bt2 1	Bt3 1	
73	Bt1 1	Bt3 1	
74	Bt1 1	Bt3 1	
75	Bt2 1	
76	Bt3 1	
77	Bt2 1	Bt3 2	
78	Bt1 2	Bt2 1	
79	Bt1 1	Bt3 1	
80	Bt2 1	
81	Bt2 1	Bt3 1	
82	Bt3 1	
83	Bt1 2	
84	Bt1 1	
85	Bt1 1	Bt3 1	
86	Bt1 2	
87	Bt1 1	Bt3 1	
88	Bt2 2	
89	Bt1 3	
90	Bt1 1	Bt2 1	Bt3 1	
91	Bt3 1	
92	Bt2 3	
93	Bt1 1	Bt2 1	Bt3 1	
94	Bt1 2	Bt2 1	
95	Bt3 2	
96	Bt1 1	Bt2 2	
97	Bt1 2	
98	Bt1 1	Bt3 1	
99	Bt2 1	
100	Bt1 2	