Name				228_n100_m200_bt3
Number_of_Customers		100
Number_of_Items			200
Number_of_ItemTypes		3
Number_of_Vehicles		20
TimeWindows			1

VEHICLE
Mass_Capacity			12595
CargoSpace_Length		60
CargoSpace_Width		25
CargoSpace_Height		30
Wheelbase			48
Max_Mass_FrontAxle		7100
Max_Mass_RearAxle		11500
Distance_FrontAxle_CargoSpace	4

CUSTOMERS
i		x		y		Demand		ReadyTime	DueDate		ServiceTime	DemandedMass	DemandedVolume
0		35		35		0		0		230		0		0		0
1		52		57		2		0		192		10		507.59		508
2		6		53		2		0		185		10		526.79		636
3		64		67		1		0		176		10		285.21		364
4		33		40		2		0		214		10		483.16		544
5		54		16		3		0		193		10		729.97		652
6		17		48		2		13		41		10		507.59		508
7		50		5		3		116		152		10		768.37		908
8		4		78		3		134		162		10		749.17		780
9		22		44		2		0		204		10		570.42		728
10		59		34		3		0		195		10		812		1000
11		29		6		3		0		190		10		729.97		652
12		55		37		2		0		199		10		570.42		728
13		28		68		2		141		173		10		570.42		728
14		1		26		2		45		69		10		570.42		728
15		8		28		3		0		192		10		705.54		688
16		29		10		2		0		194		10		483.16		544
17		7		24		3		0		189		10		686.34		560
18		55		9		1		0		187		10		285.21		364
19		10		10		1		0		184		10		241.58		272
20		12		22		2		0		193		10		483.16		544
21		59		50		2		160		186		10		526.79		636
22		39		22		3		155		187		10		792.8		872
23		34		23		1		0		207		10		285.21		364
24		26		31		1		0		210		10		285.21		364
25		65		51		1		0		186		10		241.58		272
26		38		32		3		0		215		10		812		1000
27		49		49		1		0		200		10		241.58		272
28		48		52		3		0		198		10		729.97		652
29		11		18		3		0		190		10		749.17		780
30		24		54		1		0		198		10		285.21		364
31		4		61		2		0		179		10		526.79		636
32		12		79		2		0		170		10		570.42		728
33		61		80		3		0		168		10		792.8		872
34		24		1		2		0		184		10		507.59		508
35		70		33		1		77		101		10		241.58		272
36		64		78		1		0		168		10		222.38		144
37		46		79		2		0		174		10		570.42		728
38		18		61		3		0		188		10		749.17		780
39		5		66		3		0		176		10		792.8		872
40		7		63		1		150		186		10		285.21		364
41		69		69		2		0		171		10		507.59		508
42		48		64		2		0		188		10		507.59		508
43		31		1		1		65		91		10		241.58		272
44		44		37		3		0		210		10		768.37		908
45		68		59		1		0		179		10		241.58		272
46		39		43		3		20		48		10		812		1000
47		13		72		3		0		176		10		667.14		432
48		58		64		2		0		182		10		463.96		416
49		4		5		1		60		94		10		241.58		272
50		43		58		1		55		77		10		241.58		272
51		12		69		2		0		178		10		444.76		288
52		47		21		1		0		201		10		222.38		144
53		9		35		2		0		194		10		570.42		728
54		60		3		2		0		179		10		483.16		544
55		52		74		3		0		177		10		686.34		560
56		18		27		3		0		201		10		705.54		688
57		24		66		2		0		187		10		463.96		416
58		10		52		3		0		189		10		724.74		816
59		35		29		2		0		214		10		570.42		728
60		31		18		3		135		165		10		705.54		688
61		13		38		1		0		197		10		222.38		144
62		46		3		1		0		186		10		222.38		144
63		70		25		1		159		193		10		241.58		272
64		54		4		3		67		97		10		705.54		688
65		53		80		3		157		185		10		792.8		872
66		23		31		1		60		94		10		285.21		364
67		68		19		1		0		183		10		222.38		144
68		49		30		2		0		205		10		507.59		508
69		50		2		1		0		183		10		285.21		364
70		18		33		1		62		94		10		222.38		144
71		21		40		2		0		205		10		526.79		636
72		59		6		1		110		136		10		222.38		144
73		49		41		2		0		204		10		570.42		728
74		8		18		3		0		188		10		792.8		872
75		18		66		3		0		184		10		705.54		688
76		15		23		1		0		196		10		222.38		144
77		40		47		1		0		207		10		241.58		272
78		25		35		2		0		210		10		463.96		416
79		37		8		2		0		192		10		463.96		416
80		34		65		1		0		189		10		222.38		144
81		17		72		2		0		178		10		526.79		636
82		38		58		1		0		196		10		241.58		272
83		62		55		3		0		186		10		792.8		872
84		69		11		2		111		133		10		570.42		728
85		18		30		3		0		202		10		792.8		872
86		2		14		2		0		180		10		526.79		636
87		40		2		1		0		186		10		241.58		272
88		59		40		1		55		81		10		285.21		364
89		13		31		1		0		197		10		222.38		144
90		44		45		3		0		206		10		749.17		780
91		65		1		3		95		125		10		749.17		780
92		60		22		1		0		191		10		241.58		272
93		67		73		3		0		170		10		705.54		688
94		32		48		2		0		206		10		463.96		416
95		11		45		2		0		194		10		507.59		508
96		70		14		3		105		131		10		768.37		908
97		52		19		3		41		87		10		705.54		688
98		4		18		2		0		184		10		526.79		636
99		20		76		3		0		176		10		705.54		688
100		19		56		1		0		193		10		222.38		144

ITEMS
Type		Length		Width		Height		Mass		Fragility	LoadBearingStrength
Bt1		6		3		8		222.38		1		11.9253109
Bt2		13		4		7		285.21		0		27.0561423
Bt3		17		4		4		241.58		0		77.0873871

DEMANDS PER CUSTOMER
i	Type Quantity
1	Bt1 1	Bt2 1	
2	Bt2 1	Bt3 1	
3	Bt2 1	
4	Bt3 2	
5	Bt1 2	Bt2 1	
6	Bt1 1	Bt2 1	
7	Bt2 1	Bt3 2	
8	Bt1 1	Bt2 1	Bt3 1	
9	Bt2 2	
10	Bt2 2	Bt3 1	
11	Bt1 2	Bt2 1	
12	Bt2 2	
13	Bt2 2	
14	Bt2 2	
15	Bt1 1	Bt3 2	
16	Bt3 2	
17	Bt1 2	Bt3 1	
18	Bt2 1	
19	Bt3 1	
20	Bt3 2	
21	Bt2 1	Bt3 1	
22	Bt1 1	Bt2 2	
23	Bt2 1	
24	Bt2 1	
25	Bt3 1	
26	Bt2 2	Bt3 1	
27	Bt3 1	
28	Bt1 2	Bt2 1	
29	Bt1 1	Bt2 1	Bt3 1	
30	Bt2 1	
31	Bt2 1	Bt3 1	
32	Bt2 2	
33	Bt1 1	Bt2 2	
34	Bt1 1	Bt2 1	
35	Bt3 1	
36	Bt1 1	
37	Bt2 2	
38	Bt1 1	Bt2 1	Bt3 1	
39	Bt1 1	Bt2 2	
40	Bt2 1	
41	Bt1 1	Bt2 1	
42	Bt1 1	Bt2 1	
43	Bt3 1	
44	Bt2 1	Bt3 2	
45	Bt3 1	
46	Bt2 2	Bt3 1	
47	Bt1 3	
48	Bt1 1	Bt3 1	
49	Bt3 1	
50	Bt3 1	
51	Bt1 2	
52	Bt1 1	
53	Bt2 2	
54	Bt3 2	
55	Bt1 2	Bt3 1	
56	Bt1 1	Bt3 2	
57	Bt1 1	Bt3 1	
58	Bt3 3	
59	Bt2 2	
60	Bt1 1	Bt3 2	
61	Bt1 1	
62	Bt1 1	
63	Bt3 1	
64	Bt1 1	Bt3 2	
65	Bt1 1	Bt2 2	
66	Bt2 1	
67	Bt1 1	
68	Bt1 1	Bt2 1	
69	Bt2 1	
70	Bt1 1	
71	Bt2 1	Bt3 1	
72	Bt1 1	
73	Bt2 2	
74	Bt1 1	Bt2 2	
75	Bt1 1	Bt3 2	
76	Bt1 1	
77	Bt3 1	
78	Bt1 1	Bt3 1	
79	Bt1 1	Bt3 1	
80	Bt1 1	
81	Bt2 1	Bt3 1	
82	Bt3 1	
83	Bt1 1	Bt2 2	
84	Bt2 2	
85	Bt1 1	Bt2 2	
86	Bt2 1	Bt3 1	
87	Bt3 1	
88	Bt2 1	
89	Bt1 1	
90	Bt1 1	Bt2 1	Bt3 1	
91	Bt1 1	Bt2 1	Bt3 1	
92	Bt3 1	
93	Bt1 1	Bt3 2	
94	Bt1 1	Bt3 1	
95	Bt1 1	Bt2 1	
96	Bt2 1	Bt3 2	
97	Bt1 1	Bt3 2	
98	Bt2 1	Bt3 1	
99	Bt1 1	Bt3 2	
100	Bt1 1	