Name				232_n100_m200_bt10
Number_of_Customers		100
Number_of_Items			200
Number_of_ItemTypes		10
Number_of_Vehicles		19
TimeWindows			1

VEHICLE
Mass_Capacity			12595
CargoSpace_Length		60
CargoSpace_Width		25
CargoSpace_Height		30
Wheelbase			48
Max_Mass_FrontAxle		7100
Max_Mass_RearAxle		11500
Distance_FrontAxle_CargoSpace	4

CUSTOMERS
i		x		y		Demand		ReadyTime	DueDate		ServiceTime	DemandedMass	DemandedVolume
0		35		35		0		0		230		0		0		0
1		58		38		2		69		101		10		452.76		546
2		39		37		1		0		215		10		157.53		455
3		23		73		1		0		180		10		202.29		210
4		57		47		2		0		194		10		534.23		847
5		70		59		2		0		177		10		179.33		308
6		70		70		1		0		170		10		102.38		224
7		20		29		1		0		203		10		202.29		210
8		19		36		3		0		203		10		649.58		1232
9		3		19		1		0		184		10		147.96		128
10		4		53		3		0		184		10		562.11		875
11		45		53		2		58		96		10		292.75		453
12		67		13		2		154		184		10		304.67		434
13		7		17		1		0		186		10		226.38		273
14		68		10		3		0		178		10		404.7		1004
15		40		34		1		0		214		10		202.29		210
16		33		28		3		33		67		10		715.85		1365
17		41		20		2		0		203		10		250.34		352
18		37		16		1		0		200		10		102.38		224
19		55		6		1		0		184		10		147.96		128
20		25		27		1		173		199		10		32.6		72
21		44		39		2		0		210		10		279.24		294
22		11		34		1		0		195		10		226.38		273
23		43		69		3		0		185		10		311.84		366
24		0		49		3		0		182		10		491.87		860
25		49		53		1		0		197		10		147.96		128
26		34		69		2		0		185		10		489.47		1092
27		7		31		3		0		191		10		590.92		982
28		28		20		2		0		203		10		177.39		397
29		6		5		1		140		170		10		226.38		273
30		44		10		1		0		193		10		157.53		455
31		60		53		2		0		189		10		408.89		721
32		34		24		2		0		208		10		489.47		1092
33		6		60		2		114		144		10		383.91		728
34		47		12		1		0		194		10		102.38		224
35		0		0		1		0		170		10		202.29		210
36		32		75		1		156		190		10		32.6		72
37		69		65		3		0		174		10		213.16		272
38		14		63		3		0		185		10		448.12		682
39		33		66		3		0		188		10		347.66		982
40		27		52		2		161		197		10		302.32		780
41		1		72		3		152		176		10		808.67		1599
42		22		25		1		0		203		10		331.94		637
43		3		43		1		35		69		10		76.95		84
44		2		39		2		0		186		10		423.2		959
45		70		15		2		84		110		10		347.08		535
46		58		64		3		0		182		10		594.43		1001
47		49		57		2		0		193		10		177.39		397
48		10		23		3		159		191		10		866.17		1484
49		52		65		3		0		185		10		452.63		562
50		20		39		3		0		204		10		490.58		716
51		3		27		1		0		187		10		76.95		84
52		30		12		3		0		196		10		591.85		1316
53		48		60		3		0		191		10		634.26		1417
54		55		70		3		0		179		10		500.56		786
55		26		9		2		0		192		10		305.49		583
56		45		73		3		0		180		10		536.7		1085
57		20		20		2		0		198		10		342.62		588
58		14		34		1		0		198		10		32.6		72
59		11		31		1		0		195		10		331.94		637
60		66		33		2		0		188		10		558.32		910
61		12		4		2		0		181		10		109.55		156
62		45		4		3		36		68		10		476.72		625
63		63		34		3		0		191		10		448.12		682
64		20		33		2		0		204		10		221.74		409
65		14		46		3		0		196		10		403.77		670
66		28		77		2		85		115		10		364.54		709
67		45		23		2		0		204		10		234.48		539
68		57		78		2		0		171		10		423.2		959
69		5		72		1		0		172		10		226.38		273
70		28		56		1		0		197		10		265.67		504
71		47		48		1		0		202		10		157.53		455
72		17		20		2		0		196		10		234.48		539
73		52		2		2		0		182		10		180.56		200
74		22		14		1		0		195		10		265.67		504
75		8		42		2		34		62		10		234.89		282
76		29		43		2		0		210		10		413.63		632
77		64		3		3		155		179		10		715.85		1365
78		15		72		2		52		88		10		304.67		434
79		65		80		2		0		165		10		190.13		527
80		64		20		3		0		187		10		291.58		417
81		36		55		1		0		199		10		331.94		637
82		13		53		1		0		191		10		76.95		84
83		59		71		3		0		176		10		325.35		525
84		56		33		3		111		139		10		567.99		1284
85		68		51		3		0		183		10		745.57		1269
86		61		37		2		166		198		10		531.34		1008
87		43		27		3		0		208		10		630.21		1213
88		34		8		1		0		192		10		265.67		504
89		67		76		1		0		167		10		144.79		325
90		16		76		2		0		174		10		476.73		962
91		9		63		1		52		86		10		202.29		210
92		0		61		2		34		60		10		371.17		598
93		28		29		2		19		37		10		65.2		144
94		64		42		3		0		190		10		211.93		380
95		61		40		2		0		193		10		258.98		345
96		37		49		2		0		205		10		364.54		709
97		36		19		1		0		203		10		157.53		455
98		11		73		3		113		145		10		375.22		660
99		49		31		3		49		73		10		476.72		625
100		50		74		3		0		178		10		500.15		1043

ITEMS
Type		Length		Width		Height		Mass		Fragility	LoadBearingStrength
Bt1		13		3		7		226.38		0		19.2392875
Bt2		16		2		4		147.96		0		34.6698754
Bt3		14		2		8		102.38		0		26.9960464
Bt4		7		4		3		76.95		0		14.2225578
Bt5		14		3		5		202.29		0		33.1123729
Bt6		6		2		6		32.60		0		5.1672332
Bt7		13		7		7		331.94		1		4.1653428
Bt8		12		7		6		265.67		1		8.0582356
Bt9		13		5		5		144.79		0		22.4027280
Bt10		13		5		7		157.53		0		22.3750753

DEMANDS PER CUSTOMER
i	Type Quantity
1	Bt1 2	
2	Bt10 1	
3	Bt5 1	
4	Bt5 1	Bt7 1	
5	Bt3 1	Bt4 1	
6	Bt3 1	
7	Bt5 1	
8	Bt1 1	Bt8 1	Bt10 1	
9	Bt2 1	
10	Bt5 2	Bt10 1	
11	Bt2 1	Bt9 1	
12	Bt3 1	Bt5 1	
13	Bt1 1	
14	Bt3 1	Bt9 1	Bt10 1	
15	Bt5 1	
16	Bt1 1	Bt7 1	Bt10 1	
17	Bt2 1	Bt3 1	
18	Bt3 1	
19	Bt2 1	
20	Bt6 1	
21	Bt4 1	Bt5 1	
22	Bt1 1	
23	Bt4 1	Bt5 1	Bt6 1	
24	Bt5 1	Bt9 2	
25	Bt2 1	
26	Bt7 1	Bt10 1	
27	Bt1 1	Bt6 1	Bt7 1	
28	Bt6 1	Bt9 1	
29	Bt1 1	
30	Bt10 1	
31	Bt4 1	Bt7 1	
32	Bt7 1	Bt10 1	
33	Bt1 1	Bt10 1	
34	Bt3 1	
35	Bt5 1	
36	Bt6 1	
37	Bt2 1	Bt6 2	
38	Bt1 1	Bt4 1	Bt9 1	
39	Bt6 1	Bt10 2	
40	Bt9 1	Bt10 1	
41	Bt7 2	Bt9 1	
42	Bt7 1	
43	Bt4 1	
44	Bt8 1	Bt10 1	
45	Bt5 1	Bt9 1	
46	Bt1 1	Bt3 1	Bt8 1	
47	Bt6 1	Bt9 1	
48	Bt5 1	Bt7 2	
49	Bt2 1	Bt3 1	Bt5 1	
50	Bt2 1	Bt4 1	Bt8 1	
51	Bt4 1	
52	Bt3 1	Bt7 1	Bt10 1	
53	Bt7 1	Bt9 1	Bt10 1	
54	Bt5 1	Bt6 1	Bt8 1	
55	Bt2 1	Bt10 1	
56	Bt3 2	Bt7 1	
57	Bt4 1	Bt8 1	
58	Bt6 1	
59	Bt7 1	
60	Bt1 1	Bt7 1	
61	Bt4 1	Bt6 1	
62	Bt1 1	Bt2 1	Bt3 1	
63	Bt1 1	Bt4 1	Bt9 1	
64	Bt4 1	Bt9 1	
65	Bt1 1	Bt6 1	Bt9 1	
66	Bt6 1	Bt7 1	
67	Bt4 1	Bt10 1	
68	Bt8 1	Bt10 1	
69	Bt1 1	
70	Bt8 1	
71	Bt10 1	
72	Bt4 1	Bt10 1	
73	Bt2 1	Bt6 1	
74	Bt8 1	
75	Bt5 1	Bt6 1	
76	Bt2 1	Bt8 1	
77	Bt1 1	Bt7 1	Bt10 1	
78	Bt3 1	Bt5 1	
79	Bt6 1	Bt10 1	
80	Bt1 1	Bt6 2	
81	Bt7 1	
82	Bt4 1	
83	Bt2 1	Bt6 1	Bt9 1	
84	Bt8 1	Bt9 1	Bt10 1	
85	Bt2 1	Bt7 1	Bt8 1	
86	Bt8 2	
87	Bt6 1	Bt7 1	Bt8 1	
88	Bt8 1	
89	Bt9 1	
90	Bt7 1	Bt9 1	
91	Bt5 1	
92	Bt1 1	Bt9 1	
93	Bt6 2	
94	Bt3 1	Bt4 1	Bt6 1	
95	Bt1 1	Bt6 1	
96	Bt6 1	Bt7 1	
97	Bt10 1	
98	Bt4 1	Bt6 1	Bt8 1	
99	Bt1 1	Bt2 1	Bt3 1	
100	Bt4 1	Bt8 1	Bt10 1	