Name				233_n100_m200_bt10
Number_of_Customers		100
Number_of_Items			200
Number_of_ItemTypes		10
Number_of_Vehicles		43
TimeWindows			1

VEHICLE
Mass_Capacity			12595
CargoSpace_Length		60
CargoSpace_Width		25
CargoSpace_Height		30
Wheelbase			48
Max_Mass_FrontAxle		7100
Max_Mass_RearAxle		11500
Distance_FrontAxle_CargoSpace	4

CUSTOMERS
i		x		y		Demand		ReadyTime	DueDate		ServiceTime	DemandedMass	DemandedVolume
0		35		35		0		0		230		0		0		0
1		66		66		3		159		187		10		569.41		940
2		66		40		3		101		129		10		404.78		620
3		0		30		2		150		184		10		434.35		728
4		22		21		1		154		184		10		65.14		108
5		54		8		3		40		72		10		386.4		684
6		3		17		1		31		69		10		257.44		144
7		43		40		3		103		141		10		514.85		657
8		66		19		1		43		63		10		210.32		308
9		45		22		1		169		195		10		257.44		144
10		36		28		2		125		151		10		375.31		288
11		61		15		2		118		148		10		485.89		896
12		31		69		3		72		108		10		532.9		560
13		51		2		1		34		70		10		83.71		120
14		46		30		1		51		83		10		210.32		308
15		25		30		3		30		68		10		411.9		572
16		69		25		3		87		113		10		654.89		951
17		6		32		1		130		158		10		97.23		156
18		58		12		3		149		181		10		781.22		921
19		4		61		2		115		143		10		322.58		252
20		37		0		3		148		180		10		620.95		1108
21		8		21		1		14		46		10		97.23		156
22		22		61		3		41		79		10		734.1		1085
23		1		44		2		127		159		10		328.19		452
24		38		76		1		106		130		10		299.75		357
25		22		17		1		178		214		10		83.71		120
26		37		16		1		10		36		10		257.44		144
27		54		55		1		103		139		10		210.32		308
28		27		43		2		11		39		10		557.66		795
29		18		20		3		95		127		10		264.65		396
30		35		20		3		131		167		10		852.93		995
31		70		20		2		71		99		10		379.73		620
32		49		28		3		125		155		10		627.94		809
33		51		7		2		141		165		10		275.46		416
34		27		38		2		124		148		10		321.26		576
35		50		72		2		164		186		10		345.57		596
36		62		19		3		52		72		10		805.81		1159
37		24		3		1		45		71		10		257.44		144
38		0		27		2		86		116		10		322.58		252
39		51		51		2		92		116		10		434.35		728
40		61		60		2		132		160		10		215.1		300
41		45		34		2		161		197		10		379.73		620
42		28		0		3		157		181		10		688.3		675
43		42		25		3		110		140		10		771.93		1141
44		17		37		2		151		183		10		307.55		464
45		56		20		1		27		57		10		224.03		420
46		62		64		2		166		190		10		162.37		264
47		29		3		3		45		73		10		809.82		1022
48		14		52		2		180		200		10		561.61		833
49		59		53		3		126		152		10		354.31		636
50		24		78		2		49		85		10		633.38		732
51		68		52		1		73		97		10		224.03		420
52		67		29		2		90		124		10		201.58		264
53		24		55		2		159		187		10		451.5		519
54		7		9		1		65		101		10		97.23		156
55		11		55		1		25		59		10		261.86		476
56		66		70		3		134		164		10		856.94		858
57		0		22		2		87		111		10		162.37		264
58		1		61		2		77		111		10		375.31		288
59		62		67		1		72		92		10		65.14		108
60		30		18		3		131		155		10		785.64		1253
61		11		22		1		31		51		10		210.32		308
62		48		38		3		59		95		10		575.21		773
63		16		1		2		125		149		10		354.67		300
64		34		75		2		36		66		10		523.72		952
65		39		35		2		112		142		10		379.73		620
66		18		51		1		119		153		10		333.63		375
67		60		33		3		113		137		10		386.4		684
68		68		60		3		56		86		10		764.49		906
69		44		57		1		174		202		10		65.14		108
70		2		5		2		88		120		10		289.17		528
71		17		56		3		11		49		10		696.21		1204
72		63		28		3		103		131		10		641.18		839
73		67		13		1		144		178		10		117.87		144
74		44		60		1		164		194		10		117.87		144
75		15		33		1		173		203		10		333.63		375
76		62		48		2		83		115		10		341.15		264
77		39		4		3		30		54		10		514.85		657
78		28		61		1		11		45		10		117.87		144
79		47		62		3		29		55		10		819.52		1271
80		24		71		1		161		193		10		261.86		476
81		15		14		2		164		188		10		194.46		312
82		34		45		3		116		154		10		575.21		773
83		68		44		1		112		142		10		210.32		308
84		58		48		1		56		82		10		261.86		476
85		4		25		1		124		144		10		97.23		156
86		49		12		2		132		160		10		345.57		596
87		38		57		2		38		68		10		379.73		620
88		34		40		1		97		127		10		257.44		144
89		10		70		2		116		152		10		451.5		519
90		5		2		1		114		140		10		261.86		476
91		59		78		3		128		162		10		569.6		1016
92		3		69		3		110		142		10		410.71		704
93		53		60		3		108		142		10		584.44		728
94		19		78		2		128		160		10		543.95		683
95		22		24		2		9		41		10		485.89		896
96		44		79		1		140		180		10		261.86		476
97		60		7		3		161		195		10		535.49		645
98		27		70		2		55		83		10		398.77		483
99		56		64		1		151		185		10		65.14		108
100		26		6		3		97		119		10		814.63		645

ITEMS
Type		Length		Width		Height		Mass		Fragility	LoadBearingStrength
Bt1		10		4		3		83.71		0		13.0831322
Bt2		15		5		5		333.63		0		39.8524661
Bt3		17		3		7		299.75		1		12.2357639
Bt4		9		3		4		65.14		0		12.6584957
Bt5		13		4		3		97.23		0		9.9002374
Bt6		9		2		8		257.44		0		113.5657104
Bt7		17		4		7		261.86		0		15.5017206
Bt8		9		4		4		117.87		1		5.8129022
Bt9		12		7		5		224.03		0		22.4583464
Bt10		11		4		7		210.32		0		41.1873155

DEMANDS PER CUSTOMER
i	Type Quantity
1	Bt5 1	Bt7 1	Bt10 1	
2	Bt5 2	Bt10 1	
3	Bt9 1	Bt10 1	
4	Bt4 1	
5	Bt4 1	Bt5 1	Bt9 1	
6	Bt6 1	
7	Bt3 1	Bt5 1	Bt8 1	
8	Bt10 1	
9	Bt6 1	
10	Bt6 1	Bt8 1	
11	Bt7 1	Bt9 1	
12	Bt4 1	Bt6 1	Bt10 1	
13	Bt1 1	
14	Bt10 1	
15	Bt1 1	Bt8 1	Bt10 1	
16	Bt2 1	Bt5 1	Bt9 1	
17	Bt5 1	
18	Bt3 1	Bt6 1	Bt9 1	
19	Bt4 1	Bt6 1	
20	Bt5 1	Bt7 2	
21	Bt5 1	
22	Bt3 1	Bt9 1	Bt10 1	
23	Bt8 1	Bt10 1	
24	Bt3 1	
25	Bt1 1	
26	Bt6 1	
27	Bt10 1	
28	Bt2 1	Bt9 1	
29	Bt1 2	Bt5 1	
30	Bt2 1	Bt6 1	Bt7 1	
31	Bt7 1	Bt8 1	
32	Bt3 1	Bt8 1	Bt10 1	
33	Bt4 1	Bt10 1	
34	Bt5 1	Bt9 1	
35	Bt1 1	Bt7 1	
36	Bt2 1	Bt7 1	Bt10 1	
37	Bt6 1	
38	Bt4 1	Bt6 1	
39	Bt9 1	Bt10 1	
40	Bt5 1	Bt8 1	
41	Bt7 1	Bt8 1	
42	Bt2 1	Bt5 1	Bt6 1	
43	Bt3 1	Bt7 1	Bt10 1	
44	Bt5 1	Bt10 1	
45	Bt9 1	
46	Bt4 1	Bt5 1	
47	Bt3 2	Bt10 1	
48	Bt3 1	Bt7 1	
49	Bt4 2	Bt9 1	
50	Bt2 1	Bt3 1	
51	Bt9 1	
52	Bt1 1	Bt8 1	
53	Bt2 1	Bt8 1	
54	Bt5 1	
55	Bt7 1	
56	Bt3 2	Bt6 1	
57	Bt4 1	Bt5 1	
58	Bt6 1	Bt8 1	
59	Bt4 1	
60	Bt3 1	Bt7 1	Bt9 1	
61	Bt10 1	
62	Bt3 1	Bt4 1	Bt10 1	
63	Bt5 1	Bt6 1	
64	Bt7 2	
65	Bt7 1	Bt8 1	
66	Bt2 1	
67	Bt4 1	Bt5 1	Bt9 1	
68	Bt2 2	Bt5 1	
69	Bt4 1	
70	Bt4 1	Bt9 1	
71	Bt7 1	Bt9 1	Bt10 1	
72	Bt2 1	Bt5 1	Bt10 1	
73	Bt8 1	
74	Bt8 1	
75	Bt2 1	
76	Bt1 1	Bt6 1	
77	Bt3 1	Bt5 1	Bt8 1	
78	Bt8 1	
79	Bt2 1	Bt7 1	Bt9 1	
80	Bt7 1	
81	Bt5 2	
82	Bt3 1	Bt4 1	Bt10 1	
83	Bt10 1	
84	Bt7 1	
85	Bt5 1	
86	Bt1 1	Bt7 1	
87	Bt7 1	Bt8 1	
88	Bt6 1	
89	Bt2 1	Bt8 1	
90	Bt7 1	
91	Bt1 1	Bt7 1	Bt9 1	
92	Bt1 1	Bt4 1	Bt7 1	
93	Bt4 1	Bt6 1	Bt7 1	
94	Bt2 1	Bt10 1	
95	Bt7 1	Bt9 1	
96	Bt7 1	
97	Bt3 1	Bt8 2	
98	Bt2 1	Bt4 1	
99	Bt4 1	
100	Bt3 1	Bt6 2	