Name				235_n100_m200_bt10
Number_of_Customers		100
Number_of_Items			200
Number_of_ItemTypes		10
Number_of_Vehicles		20
TimeWindows			1

VEHICLE
Mass_Capacity			12595
CargoSpace_Length		60
CargoSpace_Width		25
CargoSpace_Height		30
Wheelbase			48
Max_Mass_FrontAxle		7100
Max_Mass_RearAxle		11500
Distance_FrontAxle_CargoSpace	4

CUSTOMERS
i		x		y		Demand		ReadyTime	DueDate		ServiceTime	DemandedMass	DemandedVolume
0		35		35		0		0		230		0		0		0
1		28		39		1		0		211		10		247.9		340
2		43		45		1		0		207		10		317.59		340
3		24		32		1		0		208		10		262.76		468
4		15		39		3		0		199		10		608.05		880
5		61		61		2		125		151		10		396.11		660
6		8		33		1		0		192		10		247.9		340
7		34		61		1		0		193		10		147.94		300
8		4		14		3		166		188		10		481.86		760
9		53		60		1		0		189		10		147.94		300
10		56		35		3		0		199		10		472.21		739
11		54		25		3		0		198		10		216.19		400
12		13		21		2		0		193		10		320.8		484
13		37		41		2		0		213		10		55.4		144
14		37		55		1		0		199		10		27.7		72
15		44		33		1		49		73		10		247.9		340
16		57		21		1		156		186		10		27.7		72
17		45		75		2		0		178		10		408.96		616
18		21		17		2		89		113		10		69.25		184
19		51		24		3		0		200		10		450.51		728
20		42		12		2		0		195		10		290.46		540
21		28		8		2		63		93		10		478.38		596
22		4		49		1		0		185		10		27.7		72
23		46		20		1		0		201		10		72.9		144
24		39		33		2		0		215		10		175.64		372
25		23		63		1		0		189		10		262.76		468
26		14		25		1		0		196		10		160.79		256
27		40		68		1		150		186		10		72.9		144
28		24		20		3		0		201		10		96.95		256
29		26		13		1		142		176		10		81.72		255
30		14		61		1		0		186		10		41.55		112
31		54		7		3		0		186		10		744.24		1060
32		64		30		1		106		136		10		248.17		360
33		36		29		1		124		154		10		262.76		468
34		17		51		2		47		69		10		478.38		596
35		48		25		1		11		45		10		81.72		255
36		38		76		2		0		178		10		290.46		540
37		28		20		3		0		203		10		231.04		524
38		0		3		3		0		172		10		662.07		1063
39		51		31		1		172		194		10		41.55		112
40		45		71		2		0		182		10		202.34		368
41		20		1		2		0		182		10		408.69		596
42		70		57		3		0		178		10		371.44		727
43		45		15		3		0		197		10		317.42		544
44		35		13		1		0		198		10		160.79		256
45		31		60		3		0		194		10		317.15		524
46		4		66		2		0		176		10		496.34		720
47		5		41		3		104		134		10		716.9		935
48		69		38		3		0		185		10		271.21		667
49		53		75		2		0		176		10		329.62		595
50		60		80		2		0		168		10		289.45		452
51		45		39		2		0		209		10		565.76		700
52		34		6		1		0		190		10		160.79		256
53		12		58		2		0		187		10		229.66		555
54		37		49		2		0		205		10		565.76		700
55		19		27		1		0		202		10		147.94		300
56		20		24		2		166		198		10		242.51		511
57		42		71		3		0		183		10		523.77		772
58		65		71		2		0		173		10		525.52		936
59		26		59		1		0		194		10		41.55		112
60		25		71		3		0		182		10		583.56		952
61		1		6		1		0		175		10		27.7		72
62		50		58		3		0		192		10		402.52		739
63		28		62		3		0		192		10		568.7		824
64		66		40		1		0		188		10		160.79		256
65		23		4		2		149		185		10		321.07		504
66		3		2		3		0		174		10		436.66		688
67		26		24		3		147		171		10		571.49		1024
68		52		64		2		0		186		10		525.52		936
69		32		74		2		0		180		10		510.66		808
70		2		73		3		38		66		10		164.82		479
71		62		12		2		51		83		10		510.66		808
72		24		78		3		141		177		10		813.39		1020
73		1		38		1		0		185		10		147.94		300
74		61		69		1		0		177		10		72.9		144
75		32		67		3		55		79		10		390.45		811
76		0		28		1		0		184		10		72.9		144
77		57		4		2		0		181		10		525.52		936
78		1		16		2		0		181		10		396.11		660
79		22		38		3		0		206		10		381.63		700
80		38		26		1		0		210		10		248.17		360
81		14		12		1		116		138		10		41.55		112
82		62		36		1		0		192		10		317.59		340
83		61		42		3		0		193		10		230.04		440
84		60		45		3		0		193		10		371.44		727
85		11		40		2		0		195		10		395.84		640
86		10		11		3		0		185		10		883.08		1020
87		32		3		3		0		187		10		437.66		772
88		8		8		3		0		181		10		569.24		864
89		56		49		1		0		194		10		147.94		300
90		30		15		2		0		199		10		163.44		510
91		40		22		1		193		217		10		27.7		72
92		12		18		2		0		191		10		114.45		256
93		15		15		2		0		191		10		123.27		367
94		60		55		3		104		128		10		593.46		772
95		46		60		3		0		192		10		440.86		707
96		45		6		3		88		114		10		483.6		912
97		14		55		3		0		191		10		275.24		512
98		18		43		2		0		201		10		408.69		596
99		55		29		3		0		199		10		270.21		583
100		47		3		2		0		185		10		344.48		723

ITEMS
Type		Length		Width		Height		Mass		Fragility	LoadBearingStrength
Bt1		6		4		6		72.90		0		8.9972799
Bt2		13		6		6		262.76		0		58.6641456
Bt3		15		5		4		147.94		0		46.1964438
Bt4		6		3		4		27.70		1		4.5278838
Bt5		17		5		4		317.59		0		16.5445764
Bt6		17		5		3		81.72		0		11.1796075
Bt7		8		2		7		41.55		0		10.4540816
Bt8		17		4		5		247.90		0		10.7012452
Bt9		8		4		8		160.79		1		25.4658040
Bt10		9		5		8		248.17		0		71.1443290

DEMANDS PER CUSTOMER
i	Type Quantity
1	Bt8 1	
2	Bt5 1	
3	Bt2 1	
4	Bt2 1	Bt4 1	Bt5 1	
5	Bt3 1	Bt10 1	
6	Bt8 1	
7	Bt3 1	
8	Bt1 1	Bt9 1	Bt10 1	
9	Bt3 1	
10	Bt1 1	Bt5 1	Bt6 1	
11	Bt4 2	Bt9 1	
12	Bt1 1	Bt8 1	
13	Bt4 2	
14	Bt4 1	
15	Bt8 1	
16	Bt4 1	
17	Bt9 1	Bt10 1	
18	Bt4 1	Bt7 1	
19	Bt7 1	Bt9 1	Bt10 1	
20	Bt2 1	Bt4 1	
21	Bt5 1	Bt9 1	
22	Bt4 1	
23	Bt1 1	
24	Bt3 1	Bt4 1	
25	Bt2 1	
26	Bt9 1	
27	Bt1 1	
28	Bt4 2	Bt7 1	
29	Bt6 1	
30	Bt7 1	
31	Bt8 1	Bt10 2	
32	Bt10 1	
33	Bt2 1	
34	Bt5 1	Bt9 1	
35	Bt6 1	
36	Bt2 1	Bt4 1	
37	Bt3 1	Bt7 2	
38	Bt2 1	Bt5 1	Bt6 1	
39	Bt7 1	
40	Bt7 1	Bt9 1	
41	Bt8 1	Bt9 1	
42	Bt6 1	Bt7 1	Bt10 1	
43	Bt4 1	Bt7 1	Bt10 1	
44	Bt9 1	
45	Bt4 1	Bt7 1	Bt8 1	
46	Bt10 2	
47	Bt5 2	Bt6 1	
48	Bt3 1	Bt6 1	Bt7 1	
49	Bt6 1	Bt8 1	
50	Bt7 1	Bt8 1	
51	Bt5 1	Bt10 1	
52	Bt9 1	
53	Bt3 1	Bt6 1	
54	Bt5 1	Bt10 1	
55	Bt3 1	
56	Bt6 1	Bt9 1	
57	Bt4 1	Bt8 1	Bt10 1	
58	Bt2 2	
59	Bt7 1	
60	Bt1 1	Bt2 1	Bt8 1	
61	Bt4 1	
62	Bt1 1	Bt6 1	Bt8 1	
63	Bt1 1	Bt8 2	
64	Bt9 1	
65	Bt1 1	Bt10 1	
66	Bt4 1	Bt9 1	Bt10 1	
67	Bt2 1	Bt3 1	Bt9 1	
68	Bt2 2	
69	Bt2 1	Bt8 1	
70	Bt6 1	Bt7 2	
71	Bt2 1	Bt8 1	
72	Bt5 1	Bt8 2	
73	Bt3 1	
74	Bt1 1	
75	Bt3 1	Bt6 1	Bt9 1	
76	Bt1 1	
77	Bt2 2	
78	Bt3 1	Bt10 1	
79	Bt1 1	Bt3 1	Bt9 1	
80	Bt10 1	
81	Bt7 1	
82	Bt5 1	
83	Bt4 1	Bt7 1	Bt9 1	
84	Bt6 1	Bt7 1	Bt10 1	
85	Bt3 1	Bt8 1	
86	Bt5 2	Bt8 1	
87	Bt3 1	Bt7 1	Bt10 1	
88	Bt1 1	Bt10 2	
89	Bt3 1	
90	Bt6 2	
91	Bt4 1	
92	Bt1 1	Bt7 1	
93	Bt6 1	Bt7 1	
94	Bt4 1	Bt5 1	Bt10 1	
95	Bt5 1	Bt6 1	Bt7 1	
96	Bt1 1	Bt2 1	Bt3 1	
97	Bt1 1	Bt7 1	Bt9 1	
98	Bt8 1	Bt9 1	
99	Bt4 1	Bt6 1	Bt9 1	
100	Bt2 1	Bt6 1	