Name				240_n100_m200_bt100
Number_of_Customers		100
Number_of_Items			200
Number_of_ItemTypes		100
Number_of_Vehicles		27
TimeWindows			1

VEHICLE
Mass_Capacity			12595
CargoSpace_Length		60
CargoSpace_Width		25
CargoSpace_Height		30
Wheelbase			48
Max_Mass_FrontAxle		7100
Max_Mass_RearAxle		11500
Distance_FrontAxle_CargoSpace	4

CUSTOMERS
i		x		y		Demand		ReadyTime	DueDate		ServiceTime	DemandedMass	DemandedVolume
0		35		35		0		0		230		0		0		0
1		38		67		1		104		132		10		447.33		768
2		13		38		1		0		197		10		315.98		240
3		55		3		3		0		182		10		657.96		1200
4		0		49		2		0		182		10		277.07		490
5		24		66		3		118		148		10		996.96		1351
6		46		12		1		123		157		10		43.9		120
7		70		71		3		53		77		10		856.87		1020
8		19		66		3		109		139		10		826.45		904
9		11		22		1		0		192		10		102.42		126
10		38		70		3		108		138		10		771.4		740
11		56		65		3		65		95		10		515.92		816
12		14		10		1		71		105		10		33.68		84
13		33		44		3		0		210		10		477.7		814
14		30		0		1		99		133		10		121.01		175
15		69		11		3		70		102		10		462.57		800
16		43		65		3		0		188		10		685.28		1188
17		22		71		2		158		206		10		417.78		480
18		68		77		1		0		166		10		133.57		165
19		10		39		2		0		194		10		160.73		270
20		65		52		3		0		185		10		279.85		474
21		46		23		3		0		203		10		314.58		574
22		44		30		2		196		224		10		182.27		278
23		56		40		1		0		198		10		273.01		546
24		5		48		3		91		119		10		337.6		613
25		3		74		3		0		169		10		254.3		422
26		53		80		3		0		171		10		883.08		1114
27		53		39		1		136		162		10		70.57		200
28		46		77		2		76		112		10		460.07		720
29		53		36		1		0		201		10		179.1		357
30		59		15		1		0		188		10		87.92		270
31		11		49		1		28		52		10		112.9		105
32		2		20		1		30		66		10		134.53		360
33		20		46		3		17		39		10		288.96		552
34		12		25		3		90		114		10		370.33		468
35		58		36		1		0		196		10		133.57		165
36		30		63		2		75		101		10		261.99		301
37		18		29		2		7		41		10		369.91		732
38		44		69		1		86		114		10		141.48		408
39		58		24		2		151		183		10		340.46		549
40		36		60		1		0		194		10		188.95		336
41		68		62		2		0		177		10		97.12		204
42		50		63		1		106		142		10		63.07		126
43		44		74		2		0		179		10		220.66		343
44		60		58		2		0		186		10		155.38		312
45		44		45		1		0		206		10		315.98		240
46		66		42		1		0		188		10		181.75		408
47		65		28		3		20		46		10		285.45		429
48		65		79		2		49		81		10		851.68		1143
49		7		16		3		158		186		10		399.57		414
50		59		44		3		25		57		10		639.9		872
51		33		74		1		26		66		10		39.69		54
52		45		1		2		0		184		10		258.68		448
53		16		75		2		142		166		10		221.49		435
54		25		55		2		0		197		10		233.43		415
55		0		54		2		0		180		10		774.95		1148
56		27		80		1		111		139		10		342.22		490
57		40		34		2		0		214		10		188.97		380
58		2		64		3		155		183		10		521.65		1058
59		60		71		3		0		176		10		614.73		934
60		39		50		2		0		204		10		176.27		408
61		66		19		2		0		185		10		250.78		540
62		40		1		2		0		185		10		213.95		552
63		21		13		1		0		193		10		141.48		408
64		46		26		3		179		211		10		839.46		796
65		70		51		2		0		181		10		143.26		312
66		64		63		1		43		65		10		111.74		225
67		50		10		1		91		125		10		133.57		165
68		20		61		3		34		56		10		442.12		800
69		62		0		2		0		175		10		306.69		630
70		43		40		3		0		210		10		389.94		766
71		6		20		1		163		187		10		110.87		252
72		59		76		3		0		172		10		425.47		588
73		45		17		3		151		171		10		466.06		767
74		10		46		1		0		192		10		233.36		288
75		54		28		1		0		199		10		112.9		105
76		69		44		3		0		184		10		565.72		1104
77		10		58		1		0		186		10		63.07		126
78		56		8		2		64		96		10		578.93		372
79		10		43		2		158		188		10		553.62		792
80		35		1		3		165		191		10		480.78		984
81		4		45		3		0		187		10		643.02		606
82		63		41		1		0		191		10		49.54		120
83		48		19		2		0		199		10		180.47		427
84		32		66		1		27		55		10		104.85		144
85		24		75		2		38		62		10		387.02		535
86		65		24		1		97		117		10		315.98		240
87		61		34		2		145		179		10		120.58		224
88		66		49		2		120		144		10		243.11		306
89		62		45		3		0		191		10		282.01		662
90		51		48		1		0		199		10		39.69		54
91		55		74		2		124		148		10		169.99		312
92		7		58		2		0		183		10		373.8		462
93		53		12		1		0		190		10		104.47		192
94		46		40		1		11		35		10		352.67		312
95		12		5		3		71		103		10		976.97		1195
96		8		2		2		0		177		10		366.8		722
97		49		57		3		0		193		10		1005.49		1288
98		61		9		2		0		183		10		201.93		273
99		24		30		3		0		207		10		435.67		798
100		15		20		3		97		131		10		1120.82		1164

ITEMS
Type		Length		Width		Height		Mass		Fragility	LoadBearingStrength
Bt1		11		7		5		331.81		1		7.5924829
Bt2		15		6		4		254.07		0		60.1795760
Bt3		17		2		4		128.42		0		66.1435936
Bt4		8		6		8		296.02		0		45.0403867
Bt5		13		4		6		191.16		0		38.3985233
Bt6		14		7		5		342.22		0		21.2268451
Bt7		16		6		7		506.35		0		114.3179781
Bt8		13		2		4		64.55		0		47.0551437
Bt9		10		3		4		43.90		1		13.5044708
Bt10		13		6		4		352.67		1		15.3442013
Bt11		12		4		6		404.46		0		44.9967169
Bt12		6		4		8		161.36		1		7.8821397
Bt13		7		4		6		75.15		0		20.3493946
Bt14		16		5		6		170.89		0		12.1785734
Bt15		12		3		7		110.87		0		22.9649472
Bt16		17		5		7		559.34		1		12.7794823
Bt17		8		6		3		114.83		0		47.6072628
Bt18		7		4		6		89.03		0		17.0083690
Bt19		15		2		7		173.79		1		5.4189589
Bt20		8		6		8		154.93		0		38.0643834
Bt21		17		3		8		181.75		0		54.9538624
Bt22		7		5		5		131.63		1		8.1313074
Bt23		10		5		4		70.57		0		6.5703636
Bt24		7		6		4		147.19		0		33.4301606
Bt25		9		5		8		293.65		0		26.4726507
Bt26		7		4		4		72.69		1		5.6375638
Bt27		7		5		5		121.01		0		19.7497804
Bt28		10		6		6		266.01		0		23.0057967
Bt29		11		2		5		37.66		0		9.3751825
Bt30		12		5		4		101.80		1		4.4043107
Bt31		12		6		4		160.69		0		11.0748871
Bt32		13		6		6		238.64		0		39.3443856
Bt33		13		5		7		559.11		0		173.5286095
Bt34		17		3		8		141.48		1		27.5227202
Bt35		13		5		4		506.24		0		68.2722620
Bt36		6		5		4		47.27		0		16.3088394
Bt37		12		5		8		157.47		0		54.2947628
Bt38		7		6		4		124.80		0		16.0947678
Bt39		15		4		3		180.04		0		67.7752828
Bt40		9		3		6		98.42		0		36.6714566
Bt41		14		3		3		79.77		0		15.9841130
Bt42		9		7		6		351.56		0		18.6351288
Bt43		7		2		7		40.81		1		5.0088230
Bt44		6		6		4		80.96		0		46.3136855
Bt45		17		4		7		268.60		1		8.5116082
Bt46		12		3		7		99.77		1		25.7030468
Bt47		7		3		5		112.90		0		33.6621649
Bt48		8		5		6		315.98		0		30.2246321
Bt49		8		3		4		77.55		0		13.7032695
Bt50		17		5		4		310.20		0		34.6453317
Bt51		13		3		4		140.14		0		79.9351412
Bt52		17		3		7		179.10		1		9.8750833
Bt53		10		3		4		49.54		0		13.3857438
Bt54		7		5		4		45		0		34.7998953
Bt55		13		5		8		519.29		0		29.1488110
Bt56		16		6		3		233.36		1		54.6267969
Bt57		6		3		8		126.78		0		101.9723293
Bt58		10		7		4		133.88		0		20.7020693
Bt59		16		5		6		261.74		0		36.0508237
Bt60		16		4		8		193.01		0		22.8670120
Bt61		6		3		7		102.42		0		33.7126546
Bt62		15		5		3		111.74		0		35.2987225
Bt63		13		7		6		273.01		0		15.8710893
Bt64		15		6		7		446.10		0		35.5363705
Bt65		12		5		4		143.97		0		12.9389589
Bt66		9		2		7		63.07		1		3.9605617
Bt67		10		3		5		57.43		0		13.3309347
Bt68		6		2		7		33.68		0		21.9933522
Bt69		14		5		5		181.21		0		49.7617049
Bt70		15		2		7		185.43		0		46.3779201
Bt71		8		3		6		104.85		0		55.4141219
Bt72		12		6		3		77.83		0		9.2068513
Bt73		15		3		6		87.92		0		31.5968621
Bt74		16		3		6		132.37		0		42.4530363
Bt75		7		6		7		94.70		0		54.3648199
Bt76		7		7		3		88.83		0		24.2059989
Bt77		7		2		5		51.85		0		28.4001443
Bt78		6		6		8		282.76		0		23.4678239
Bt79		9		5		8		134.53		0		12.8796830
Bt80		9		3		4		92.77		0		17.1241157
Bt81		14		4		5		133.09		0		102.5324959
Bt82		10		4		7		91.64		0		34.2240578
Bt83		6		3		3		39.69		0		100.8717845
Bt84		8		6		5		137.93		0		25.6255499
Bt85		15		5		5		117.21		0		22.8499611
Bt86		11		5		8		368.43		0		61.1611886
Bt87		11		4		4		130.63		0		17.3928056
Bt88		17		6		6		607.88		1		8.0095726
Bt89		14		6		3		199.02		0		26.4329885
Bt90		6		6		5		141.46		0		33.7258168
Bt91		16		3		7		188.95		0		49.5858983
Bt92		16		4		3		170.80		0		39.8094508
Bt93		12		7		4		310.73		0		36.5648419
Bt94		9		2		4		56.48		1		9.4728699
Bt95		15		6		7		374.07		0		27.1467960
Bt96		16		6		8		734.47		1		9.3451955
Bt97		16		6		8		447.33		0		20.5876337
Bt98		12		4		4		104.47		0		26.4271397
Bt99		10		4		7		170.31		0		46.3223602
Bt100		11		3		5		133.57		1		15.5579903

DEMANDS PER CUSTOMER
i	Type Quantity
1	Bt97 1	
2	Bt48 1	
3	Bt6 1	Bt69 1	Bt79 1	
4	Bt70 1	Bt82 1	
5	Bt27 1	Bt34 1	Bt96 1	
6	Bt9 1	
7	Bt24 1	Bt30 1	Bt88 1	
8	Bt6 1	Bt11 1	Bt41 1	
9	Bt61 1	
10	Bt31 1	Bt35 1	Bt98 1	
11	Bt25 1	Bt82 1	Bt87 1	
12	Bt68 1	
13	Bt6 1	Bt30 1	Bt68 1	
14	Bt27 1	
15	Bt2 1	Bt23 1	Bt84 1	
16	Bt21 1	Bt64 1	Bt67 1	
17	Bt30 1	Bt48 1	
18	Bt100 1	
19	Bt41 1	Bt44 1	
20	Bt44 1	Bt67 1	Bt90 1	
21	Bt24 1	Bt26 1	Bt75 1	
22	Bt43 1	Bt90 1	
23	Bt63 1	
24	Bt62 1	Bt80 1	Bt81 1	
25	Bt9 1	Bt41 1	Bt87 1	
26	Bt50 1	Bt57 1	Bt64 1	
27	Bt23 1	
28	Bt82 1	Bt86 1	
29	Bt52 1	
30	Bt73 1	
31	Bt47 1	
32	Bt79 1	
33	Bt20 1	Bt49 1	Bt94 1	
34	Bt17 1	Bt89 1	Bt94 1	
35	Bt100 1	
36	Bt3 1	Bt100 1	
37	Bt14 1	Bt89 1	
38	Bt34 1	
39	Bt12 1	Bt52 1	
40	Bt91 1	
41	Bt67 1	Bt83 1	
42	Bt66 1	
43	Bt18 1	Bt22 1	
44	Bt49 1	Bt72 1	
45	Bt48 1	
46	Bt21 1	
47	Bt27 1	Bt29 1	Bt57 1	
48	Bt85 1	Bt96 1	
49	Bt9 1	Bt48 1	Bt83 1	
50	Bt8 1	Bt11 1	Bt14 1	
51	Bt83 1	
52	Bt38 1	Bt58 1	
53	Bt73 1	Bt100 1	
54	Bt22 1	Bt30 1	
55	Bt7 1	Bt45 1	
56	Bt6 1	
57	Bt54 1	Bt65 1	
58	Bt30 1	Bt32 1	Bt69 1	
59	Bt6 1	Bt51 1	Bt74 1	
60	Bt9 1	Bt74 1	
61	Bt85 1	Bt100 1	
62	Bt37 1	Bt94 1	
63	Bt34 1	
64	Bt11 1	Bt38 1	Bt50 1	
65	Bt23 1	Bt26 1	
66	Bt62 1	
67	Bt100 1	
68	Bt58 1	Bt84 1	Bt99 1	
69	Bt63 1	Bt68 1	
70	Bt12 1	Bt58 1	Bt75 1	
71	Bt15 1	
72	Bt39 1	Bt91 1	Bt94 1	
73	Bt22 1	Bt26 1	Bt59 1	
74	Bt56 1	
75	Bt47 1	
76	Bt34 2	Bt78 1	
77	Bt66 1	
78	Bt26 1	Bt35 1	
79	Bt7 1	Bt36 1	
80	Bt14 1	Bt15 1	Bt89 1	
81	Bt11 1	Bt40 1	Bt51 1	
82	Bt53 1	
83	Bt76 1	Bt82 1	
84	Bt71 1	
85	Bt27 1	Bt28 1	
86	Bt48 1	
87	Bt41 1	Bt43 1	
88	Bt39 1	Bt66 1	
89	Bt26 1	Bt37 1	Bt77 1	
90	Bt83 1	
91	Bt18 1	Bt44 1	
92	Bt66 1	Bt93 1	
93	Bt98 1	
94	Bt10 1	
95	Bt15 1	Bt22 1	Bt96 1	
96	Bt19 1	Bt60 1	
97	Bt81 1	Bt84 1	Bt96 1	
98	Bt18 1	Bt47 1	
99	Bt37 1	Bt70 1	Bt80 1	
100	Bt10 1	Bt68 1	Bt96 1	