Name				248_n100_m200_bt10
Number_of_Customers		100
Number_of_Items			200
Number_of_ItemTypes		10
Number_of_Vehicles		33
TimeWindows			1

VEHICLE
Mass_Capacity			12595
CargoSpace_Length		60
CargoSpace_Width		25
CargoSpace_Height		30
Wheelbase			48
Max_Mass_FrontAxle		7100
Max_Mass_RearAxle		11500
Distance_FrontAxle_CargoSpace	4

CUSTOMERS
i		x		y		Demand		ReadyTime	DueDate		ServiceTime	DemandedMass	DemandedVolume
0		35		35		0		0		1000		0		0		0
1		46		67		3		216		414		10		2518.83		3747
2		62		6		2		438		648		10		1602.57		2958
3		37		42		2		828		998		10		2765.56		3744
4		53		36		1		156		372		10		830.5		1176
5		20		19		1		70		288		10		500.39		1456
6		51		61		3		789		1000		10		2220.69		7424
7		68		16		1		796		966		10		321.68		1248
8		39		26		3		44		268		10		4726.56		7518
9		48		14		2		631		869		10		643.36		2496
10		47		17		3		363		657		10		2970.06		5019
11		51		53		2		406		636		10		760.25		4768
12		42		46		2		250		524		10		1358.22		2851
13		18		73		2		146		370		10		2281.84		4284
14		30		66		2		573		793		10		2945.11		4690
15		12		30		3		708		964		10		2014.13		7932
16		16		63		3		626		858		10		1652.57		3880
17		4		24		2		658		874		10		877.14		7040
18		27		39		3		293		599		10		5211.12		7716
19		36		20		1		0		167		10		1000.11		1836
20		40		39		3		0		233		10		1590.75		5944
21		24		18		3		638		860		10		1871.85		7491
22		27		0		1		291		597		10		1000.11		1836
23		37		39		3		7		237		10		2102.96		4414
24		36		8		2		785		1000		10		1857.94		3231
25		28		45		1		592		802		10		830.5		1176
26		63		72		3		120		350		10		2009.17		3081
27		69		74		2		223		433		10		938.96		4976
28		8		42		2		568		814		10		1320.95		2346
29		59		66		1		4		260		10		830.5		1176
30		44		23		1		318		562		10		575.45		2576
31		4		9		3		484		718		10		1924.25		4206
32		26		71		2		590		816		10		1150.9		5152
33		13		72		3		0		227		10		1081.09		5278
34		4		0		2		230		418		10		1433.28		3971
35		39		7		3		490		730		10		1925.09		4944
36		30		72		1		0		240		10		857.83		1395
37		11		58		3		0		219		10		2099.57		5872
38		50		27		2		568		820		10		822.07		2704
39		8		65		2		307		507		10		1320.95		2346
40		6		77		1		93		407		10		575.45		2576
41		21		62		3		401		627		10		1906.34		5208
42		37		57		1		0		241		10		2444.72		3234
43		21		25		3		147		395		10		2126.9		6091
44		10		27		2		12		236		10		2281.84		4284
45		43		9		2		682		946		10		3444.83		5070
46		64		44		3		252		474		10		2009.17		3081
47		62		9		1		390		640		10		1000.11		1836
48		31		48		3		755		1000		10		1906.34		5208
49		52		72		2		738		968		10		1075.84		4032
50		18		38		1		46		246		10		321.68		1248
51		68		9		3		458		738		10		2296.51		6751
52		21		52		1		507		725		10		438.57		3520
53		17		55		3		609		851		10		1754.96		5219
54		16		1		3		429		649		10		2178.78		3741
55		50		69		2		749		991		10		822.07		2704
56		51		18		2		632		912		10		877.14		7040
57		64		77		2		551		797		10		3302.55		4629
58		10		19		3		0		144		10		2179.62		4479
59		59		80		3		207		427		10		6171.17		8916
60		14		11		1		253		485		10		438.57		3520
61		30		0		1		545		753		10		500.39		1456
62		39		75		1		458		678		10		830.5		1176
63		5		16		2		0		189		10		1296.4		4915
64		4		43		2		91		315		10		1575.56		4412
65		22		67		3		688		936		10		2639.95		5299
66		4		63		1		537		749		10		438.57		3520
67		22		76		1		191		451		10		575.45		2576
68		7		13		3		731		949		10		2639.95		5299
69		54		52		1		431		699		10		2444.72		3234
70		17		17		2		539		751		10		2945.11		4690
71		0		51		2		703		879		10		1075.84		4032
72		39		51		2		808		1000		10		938.96		4976
73		35		71		2		221		441		10		2139.56		3843
74		28		34		1		286		540		10		438.57		3520
75		50		79		2		531		801		10		1857.18		5024
76		36		16		2		852		1000		10		1178.67		1905
77		47		48		1		846		1000		10		1281.73		2448
78		68		59		1		83		329		10		321.68		1248
79		12		6		3		425		677		10		1142.91		3214
80		21		80		3		563		789		10		2263.78		5147
81		56		23		2		639		859		10		1857.94		3231
82		19		12		2		634		796		10		1500.5		3292
83		62		48		2		590		828		10		1330.89		2632
84		1		8		1		446		698		10		321.68		1248
85		45		56		1		739		1000		10		500.39		1456
86		4		20		1		453		633		10		438.57		3520
87		53		49		2		804		998		10		1000.78		2912
88		65		18		2		0		207		10		2766.4		4482
89		7		24		1		253		523		10		320.84		510
90		6		38		3		125		313		10		1473.02		2934
91		21		72		1		540		750		10		320.84		510
92		46		27		2		266		454		10		1438.68		5356
93		15		27		2		20		304		10		1014.02		6096
94		14		67		2		531		793		10		1320.95		2346
95		64		66		3		93		357		10		2688.44		4407
96		52		41		1		826		1000		10		1000.11		1836
97		42		4		1		0		204		10		500.39		1456
98		40		15		2		651		887		10		1715.66		2790
99		18		47		2		378		616		10		1405.95		3752
100		9		68		2		147		455		10		1000.78		2912

ITEMS
Type		Length		Width		Height		Mass		Fragility	LoadBearingStrength
Bt1		21		11		14		2444.72		0		43.9451010
Bt2		23		8		14		575.45		0		20.5559928
Bt3		31		5		9		857.83		0		54.4809365
Bt4		17		12		9		1000.11		0		33.3705993
Bt5		24		7		7		830.50		0		25.7376627
Bt6		17		5		6		320.84		0		12.8167179
Bt7		32		10		11		438.57		0		16.2612878
Bt8		34		8		9		1281.73		1		4.0923564
Bt9		14		8		13		500.39		1		4.8397580
Bt10		13		8		12		321.68		0		11.6535824

DEMANDS PER CUSTOMER
i	Type Quantity
1	Bt3 1	Bt5 2	
2	Bt6 1	Bt8 1	
3	Bt1 1	Bt6 1	
4	Bt5 1	
5	Bt9 1	
6	Bt7 1	Bt8 1	Bt9 1	
7	Bt10 1	
8	Bt1 1	Bt4 1	Bt8 1	
9	Bt10 2	
10	Bt3 1	Bt5 1	Bt8 1	
11	Bt7 1	Bt10 1	
12	Bt3 1	Bt9 1	
13	Bt4 1	Bt8 1	
14	Bt1 1	Bt9 1	
15	Bt2 1	Bt4 1	Bt7 1	
16	Bt5 1	Bt9 1	Bt10 1	
17	Bt7 2	
18	Bt1 2	Bt10 1	
19	Bt4 1	
20	Bt5 1	Bt7 1	Bt10 1	
21	Bt2 1	Bt3 1	Bt7 1	
22	Bt4 1	
23	Bt6 1	Bt8 1	Bt9 1	
24	Bt3 1	Bt4 1	
25	Bt5 1	
26	Bt3 1	Bt5 1	Bt6 1	
27	Bt7 1	Bt9 1	
28	Bt4 1	Bt6 1	
29	Bt5 1	
30	Bt2 1	
31	Bt6 1	Bt8 1	Bt10 1	
32	Bt2 2	
33	Bt6 1	Bt7 1	Bt10 1	
34	Bt2 1	Bt3 1	
35	Bt8 1	Bt10 2	
36	Bt3 1	
37	Bt5 2	Bt7 1	
38	Bt9 1	Bt10 1	
39	Bt4 1	Bt6 1	
40	Bt2 1	
41	Bt2 1	Bt5 1	Bt9 1	
42	Bt1 1	
43	Bt3 1	Bt5 1	Bt7 1	
44	Bt4 1	Bt8 1	
45	Bt1 1	Bt4 1	
46	Bt3 1	Bt5 1	Bt6 1	
47	Bt4 1	
48	Bt2 1	Bt5 1	Bt9 1	
49	Bt2 1	Bt9 1	
50	Bt10 1	
51	Bt3 1	Bt4 1	Bt7 1	
52	Bt7 1	
53	Bt2 1	Bt3 1	Bt10 1	
54	Bt3 1	Bt4 1	Bt6 1	
55	Bt9 1	Bt10 1	
56	Bt7 2	
57	Bt1 1	Bt3 1	
58	Bt3 1	Bt4 1	Bt10 1	
59	Bt1 2	Bt8 1	
60	Bt7 1	
61	Bt9 1	
62	Bt5 1	
63	Bt3 1	Bt7 1	
64	Bt2 1	Bt4 1	
65	Bt3 1	Bt8 1	Bt9 1	
66	Bt7 1	
67	Bt2 1	
68	Bt3 1	Bt8 1	Bt9 1	
69	Bt1 1	
70	Bt1 1	Bt9 1	
71	Bt2 1	Bt9 1	
72	Bt7 1	Bt9 1	
73	Bt3 1	Bt8 1	
74	Bt7 1	
75	Bt2 1	Bt8 1	
76	Bt3 1	Bt6 1	
77	Bt8 1	
78	Bt10 1	
79	Bt6 1	Bt9 1	Bt10 1	
80	Bt2 1	Bt3 1	Bt5 1	
81	Bt3 1	Bt4 1	
82	Bt4 1	Bt9 1	
83	Bt5 1	Bt9 1	
84	Bt10 1	
85	Bt9 1	
86	Bt7 1	
87	Bt9 2	
88	Bt1 1	Bt10 1	
89	Bt6 1	
90	Bt5 1	Bt6 1	Bt10 1	
91	Bt6 1	
92	Bt4 1	Bt7 1	
93	Bt2 1	Bt7 1	
94	Bt4 1	Bt6 1	
95	Bt3 1	Bt4 1	Bt5 1	
96	Bt4 1	
97	Bt9 1	
98	Bt3 2	
99	Bt2 1	Bt5 1	
100	Bt9 2	