Name				249_n100_m200_bt10
Number_of_Customers		100
Number_of_Items			200
Number_of_ItemTypes		10
Number_of_Vehicles		28
TimeWindows			1

VEHICLE
Mass_Capacity			12595
CargoSpace_Length		60
CargoSpace_Width		25
CargoSpace_Height		30
Wheelbase			48
Max_Mass_FrontAxle		7100
Max_Mass_RearAxle		11500
Distance_FrontAxle_CargoSpace	4

CUSTOMERS
i		x		y		Demand		ReadyTime	DueDate		ServiceTime	DemandedMass	DemandedVolume
0		35		35		0		0		1000		0		0		0
1		45		77		2		429		639		10		1161.27		3471
2		23		42		1		0		976		10		331.6		630
3		14		32		2		0		968		10		1517.03		3948
4		36		54		2		0		970		10		902.75		6279
5		59		48		2		0		962		10		454.91		2833
6		20		63		1		285		513		10		240.95		975
7		6		23		1		0		958		10		661.8		5304
8		12		0		1		328		592		10		661.8		5304
9		41		45		3		258		528		10		1492.87		4101
10		55		5		3		0		953		10		979.35		3505
11		4		64		2		684		948		10		1654.99		5967
12		23		76		3		0		947		10		4112.87		9460
13		1		24		1		0		954		10		1414.04		4992
14		67		12		2		836		1000		10		1840.64		4992
15		33		70		3		0		954		10		3485.34		10751
16		32		79		3		289		543		10		2931.07		8940
17		26		45		3		0		976		10		1288.24		8814
18		37		31		2		0		985		10		909.93		3207
19		26		77		3		487		757		10		3793.83		12692
20		24		65		2		0		958		10		953.31		4326
21		37		1		1		0		955		10		141.69		1078
22		14		75		1		635		927		10		313.22		1755
23		65		29		1		593		829		10		240.95		975
24		36		50		3		0		219		10		1234.35		6909
25		27		23		2		0		172		10		993.4		5934
26		65		50		1		549		779		10		596.71		1452
27		29		18		3		444		718		10		4436.48		10504
28		46		30		1		0		977		10		313.22		1755
29		46		26		1		0		975		10		621.71		3696
30		52		60		1		25		299		10		596.71		1452
31		31		48		2		287		587		10		1745.64		5622
32		66		66		2		777		953		10		1251.92		3126
33		10		48		3		195		467		10		976.42		3015
34		29		72		3		724		1000		10		3313.81		10074
35		40		55		2		351		581		10		454.91		2833
36		43		50		3		0		973		10		1873.63		6822
37		49		24		1		0		972		10		621.71		3696
38		16		49		3		0		966		10		1986.59		6597
39		21		20		2		326		580		10		2010.75		6444
40		66		78		1		16		250		10		141.69		1078
41		48		76		2		0		946		10		763.4		4774
42		28		2		1		0		956		10		661.8		5304
43		6		67		3		568		800		10		2632.46		10140
44		54		20		2		512		764		10		993.4		5934
45		23		55		3		178		400		10		2348.97		10443
46		33		21		1		0		975		10		313.22		1755
47		8		28		1		514		736		10		1758.08		4004
48		29		43		2		0		980		10		763.4		4774
49		23		35		1		0		978		10		1758.08		4004
50		49		66		2		0		955		10		803.49		6382
51		26		29		2		0		979		10		909.93		3207
52		28		64		2		333		569		10		738.4		2530
53		16		7		2		0		956		10		803.49		6382
54		12		80		2		0		939		10		1233.54		4251
55		54		55		2		793		1000		10		1582.12		7800
56		6		6		2		0		948		10		481.9		1950
57		21		67		1		0		955		10		240.95		975
58		25		6		1		0		959		10		240.95		975
59		2		45		2		0		955		10		862.66		4671
60		70		72		2		0		939		10		572.55		1605
61		69		61		3		558		830		10		1499.46		7731
62		11		43		1		350		600		10		1414.04		4992
63		19		14		3		299		549		10		2693.01		9455
64		11		71		3		0		160		10		1076.62		6529
65		58		59		2		661		899		10		644.82		2385
66		2		55		2		0		951		10		1218.42		5148
67		57		77		1		0		942		10		1758.08		4004
68		63		18		3		0		957		10		2693.01		9455
69		17		79		3		247		517		10		3768.83		10448
70		9		2		2		0		947		10		1517.03		3948
71		52		14		2		0		962		10		2419.88		9308
72		16		67		1		0		952		10		661.8		5304
73		46		14		2		0		139		10		2379.79		7700
74		61		55		2		663		917		10		1161.27		3471
75		22		72		1		0		950		10		1758.08		4004
76		50		4		2		0		955		10		2334.36		7488
77		39		60		2		167		397		10		454.91		2833
78		60		8		1		0		953		10		313.22		1755
79		37		11		2		0		965		10		1582.12		7800
80		21		4		3		0		955		10		2991.62		8255
81		64		12		2		580		782		10		1251.92		3126
82		7		49		2		179		447		10		1251.92		3126
83		9		16		2		0		957		10		928.31		2082
84		36		26		3		0		980		10		1135.09		7012
85		11		36		3		713		885		10		2177.44		9766
86		9		25		2		0		962		10		928.31		2082
87		68		30		3		169		427		10		3485.34		10751
88		66		0		2		617		937		10		1283.51		9000
89		1		70		2		0		941		10		1542.03		6192
90		7		77		3		0		939		10		1150.88		4182
91		15		72		2		640		822		10		1555.73		6070
92		8		19		2		109		329		10		934.93		5451
93		32		52		3		358		572		10		2668.01		7211
94		60		5		1		0		222		10		331.6		630
95		38		76		2		25		213		10		928.31		2082
96		2		80		2		311		547		10		1727.26		6747
97		70		52		1		0		951		10		331.6		630
98		50		9		2		0		959		10		909.93		3207
99		27		58		3		18		238		10		1051.62		4285
100		12		5		2		826		1000		10		928.31		2082

ITEMS
Type		Length		Width		Height		Mass		Fragility	LoadBearingStrength
Bt1		15		9		13		313.22		0		5.3882811
Bt2		21		5		6		331.60		0		54.3003398
Bt3		28		11		13		1758.08		0		207.0997191
Bt4		34		13		12		661.80		1		4.5485194
Bt5		14		11		7		141.69		0		5.2766480
Bt6		32		13		12		1414.04		0		6.4660723
Bt7		15		5		13		240.95		1		16.6772019
Bt8		28		12		11		621.71		0		13.3949037
Bt9		12		11		11		596.71		0		37.6903927
Bt10		26		12		8		920.32		0		59.1068901

DEMANDS PER CUSTOMER
i	Type Quantity
1	Bt7 1	Bt10 1	
2	Bt2 1	
3	Bt9 1	Bt10 1	
4	Bt4 1	Bt7 1	
5	Bt1 1	Bt5 1	
6	Bt7 1	
7	Bt4 1	
8	Bt4 1	
9	Bt2 1	Bt7 1	Bt10 1	
10	Bt5 1	Bt7 1	Bt9 1	
11	Bt6 1	Bt7 1	
12	Bt3 2	Bt9 1	
13	Bt6 1	
14	Bt10 2	
15	Bt1 1	Bt3 1	Bt6 1	
16	Bt6 1	Bt9 1	Bt10 1	
17	Bt1 2	Bt4 1	
18	Bt1 1	Bt9 1	
19	Bt3 1	Bt6 1	Bt8 1	
20	Bt2 1	Bt8 1	
21	Bt5 1	
22	Bt1 1	
23	Bt7 1	
24	Bt2 1	Bt4 1	Bt7 1	
25	Bt2 1	Bt4 1	
26	Bt9 1	
27	Bt3 2	Bt10 1	
28	Bt1 1	
29	Bt8 1	
30	Bt9 1	
31	Bt2 1	Bt6 1	
32	Bt2 1	Bt10 1	
33	Bt1 1	Bt2 2	
34	Bt3 1	Bt5 1	Bt6 1	
35	Bt1 1	Bt5 1	
36	Bt2 1	Bt8 1	Bt10 1	
37	Bt8 1	
38	Bt2 1	Bt6 1	Bt7 1	
39	Bt6 1	Bt9 1	
40	Bt5 1	
41	Bt5 1	Bt8 1	
42	Bt4 1	
43	Bt6 1	Bt8 1	Bt9 1	
44	Bt2 1	Bt4 1	
45	Bt1 1	Bt6 1	Bt8 1	
46	Bt1 1	
47	Bt3 1	
48	Bt5 1	Bt8 1	
49	Bt3 1	
50	Bt4 1	Bt5 1	
51	Bt1 1	Bt9 1	
52	Bt5 1	Bt9 1	
53	Bt4 1	Bt5 1	
54	Bt1 1	Bt10 1	
55	Bt4 1	Bt10 1	
56	Bt7 2	
57	Bt7 1	
58	Bt7 1	
59	Bt7 1	Bt8 1	
60	Bt2 1	Bt7 1	
61	Bt4 1	Bt7 1	Bt9 1	
62	Bt6 1	
63	Bt1 1	Bt3 1	Bt8 1	
64	Bt1 1	Bt5 1	Bt8 1	
65	Bt1 1	Bt2 1	
66	Bt8 1	Bt9 1	
67	Bt3 1	
68	Bt1 1	Bt3 1	Bt8 1	
69	Bt3 1	Bt6 1	Bt9 1	
70	Bt9 1	Bt10 1	
71	Bt3 1	Bt4 1	
72	Bt4 1	
73	Bt3 1	Bt8 1	
74	Bt7 1	Bt10 1	
75	Bt3 1	
76	Bt6 1	Bt10 1	
77	Bt1 1	Bt5 1	
78	Bt1 1	
79	Bt4 1	Bt10 1	
80	Bt1 1	Bt3 1	Bt10 1	
81	Bt2 1	Bt10 1	
82	Bt2 1	Bt10 1	
83	Bt2 1	Bt9 1	
84	Bt2 1	Bt4 1	Bt5 1	
85	Bt5 1	Bt6 1	Bt8 1	
86	Bt2 1	Bt9 1	
87	Bt1 1	Bt3 1	Bt6 1	
88	Bt4 1	Bt8 1	
89	Bt8 1	Bt10 1	
90	Bt1 1	Bt7 1	Bt9 1	
91	Bt5 1	Bt6 1	
92	Bt1 1	Bt8 1	
93	Bt1 1	Bt3 1	Bt9 1	
94	Bt2 1	
95	Bt2 1	Bt9 1	
96	Bt1 1	Bt6 1	
97	Bt2 1	
98	Bt1 1	Bt9 1	
99	Bt1 1	Bt5 1	Bt9 1	
100	Bt2 1	Bt9 1	