Name				251_n100_m200_bt100
Number_of_Customers		100
Number_of_Items			200
Number_of_ItemTypes		100
Number_of_Vehicles		33
TimeWindows			1

VEHICLE
Mass_Capacity			12595
CargoSpace_Length		60
CargoSpace_Width		25
CargoSpace_Height		30
Wheelbase			48
Max_Mass_FrontAxle		7100
Max_Mass_RearAxle		11500
Distance_FrontAxle_CargoSpace	4

CUSTOMERS
i		x		y		Demand		ReadyTime	DueDate		ServiceTime	DemandedMass	DemandedVolume
0		35		35		0		0		1000		0		0		0
1		55		27		2		681		959		10		2597.86		3946
2		23		25		3		0		214		10		3101.56		5922
3		26		9		2		47		261		10		4046.2		7406
4		62		0		2		0		167		10		3222.54		5492
5		70		1		1		277		479		10		714.68		1440
6		69		36		1		3		193		10		594.68		780
7		14		14		2		179		433		10		535.53		4060
8		19		53		3		571		773		10		2609.98		6936
9		58		67		2		150		388		10		3535.96		4970
10		69		78		3		116		344		10		2612.42		4914
11		14		79		2		0		207		10		1882.24		3405
12		22		40		3		724		994		10		2933.52		6072
13		38		58		2		602		830		10		1583.98		3766
14		37		75		2		47		275		10		1622.4		3096
15		10		16		1		270		498		10		3323.88		4928
16		6		37		1		280		472		10		774.73		1026
17		34		13		2		164		408		10		745.81		3042
18		26		65		1		356		628		10		404.36		864
19		34		76		1		97		313		10		225.03		1260
20		47		11		3		256		528		10		1500.86		4680
21		63		80		2		797		1000		10		3119.9		4614
22		40		67		1		523		779		10		2596.54		3380
23		70		9		1		323		617		10		841.67		1848
24		3		1		3		243		467		10		1204.25		2632
25		29		37		2		400		682		10		2288.9		4962
26		44		25		3		553		753		10		1959.14		5790
27		47		68		2		136		372		10		1822.26		5137
28		12		37		3		531		775		10		1092.27		4864
29		60		37		3		566		824		10		2307.99		8090
30		30		63		2		726		948		10		1088.51		2320
31		18		8		1		697		987		10		152.84		1280
32		53		75		2		767		1000		10		1993.42		2586
33		49		37		3		438		692		10		5308.95		6552
34		20		31		2		709		883		10		1710.32		7632
35		16		45		2		790		1000		10		991.87		6150
36		65		33		2		435		735		10		2373.04		9128
37		18		65		3		481		683		10		2039.1		4235
38		30		44		2		680		974		10		466.29		2436
39		53		41		2		431		663		10		914.43		3636
40		45		76		1		211		509		10		402.65		1495
41		60		7		2		185		469		10		1244.68		4040
42		25		60		3		0		209		10		3815.04		8583
43		12		45		1		323		549		10		722.81		2520
44		28		0		2		843		1000		10		1846.82		5392
45		18		77		2		340		550		10		1000.34		4212
46		32		28		3		679		941		10		2947.76		7284
47		17		60		3		634		846		10		3172.66		5073
48		70		17		1		0		213		10		673.81		3510
49		6		60		3		657		967		10		2007.54		7257
50		42		61		3		322		580		10		2028.26		8176
51		35		71		2		521		733		10		1288.99		3033
52		57		37		2		556		770		10		1840.21		8248
53		28		41		2		0		154		10		1308.1		5110
54		63		20		3		858		1000		10		2223.01		5258
55		37		39		3		791		1000		10		2052.61		5472
56		20		72		1		260		520		10		811.81		1092
57		12		69		1		417		663		10		290.6		1950
58		16		21		1		297		549		10		1750.97		2352
59		0		72		2		526		790		10		1784.06		5730
60		70		50		3		776		952		10		1589.42		6090
61		22		35		3		0		136		10		1032.56		5776
62		47		41		3		822		1000		10		2339.93		5181
63		2		46		1		0		264		10		136.55		1125
64		64		3		2		446		720		10		2124.53		5600
65		4		6		2		351		621		10		2003.35		5964
66		37		50		1		444		656		10		237.58		504
67		40		24		1		603		835		10		1390.26		1224
68		0		9		3		432		672		10		3103.03		6463
69		27		44		1		631		877		10		893.97		3192
70		69		45		2		55		273		10		1337.04		1992
71		70		4		3		0		219		10		1313.5		4791
72		7		50		2		137		375		10		1858.7		2475
73		7		47		1		137		333		10		428.24		1404
74		33		43		1		135		351		10		618.5		1820
75		56		78		3		0		160		10		1573.86		6372
76		29		14		2		294		546		10		1746.61		2320
77		35		9		1		425		617		10		358.65		672
78		70		57		3		791		1000		10		3186.37		6054
79		12		19		3		158		434		10		2363.94		6261
80		66		49		2		0		218		10		3488.73		6972
81		67		1		2		280		506		10		1954.04		4476
82		48		63		2		811		1000		10		1650.09		4488
83		52		56		1		689		855		10		774.73		1026
84		35		25		3		472		750		10		1420.22		4574
85		59		47		2		27		283		10		1654.09		4760
86		0		79		1		276		522		10		374.34		2100
87		52		21		2		0		179		10		2349.03		4002
88		20		80		1		169		399		10		787.25		1368
89		2		28		2		213		447		10		1252.04		2742
90		53		37		2		747		963		10		1599.06		2460
91		39		0		2		318		542		10		1562.92		4298
92		32		1		2		78		302		10		1510.23		4927
93		55		70		1		694		906		10		421.73		1584
94		29		53		1		114		346		10		2141.17		2898
95		19		43		2		131		401		10		879.72		4496
96		49		30		2		0		196		10		647.5		2646
97		36		20		1		62		312		10		763.49		1470
98		4		21		3		140		384		10		1953.62		4216
99		1		22		2		82		286		10		3035.14		6090
100		19		4		2		0		207		10		987.6		3534

ITEMS
Type		Length		Width		Height		Mass		Fragility	LoadBearingStrength
Bt1		19		8		14		684.86		0		9.3752262
Bt2		34		14		14		1143.21		0		23.9679708
Bt3		12		7		6		237.58		0		39.1673624
Bt4		35		11		7		932.53		0		61.0439499
Bt5		31		9		13		2016.91		1		8.5782001
Bt6		35		8		13		605.57		1		1.7592515
Bt7		21		5		9		677.38		0		141.1482946
Bt8		13		5		6		130.97		0		10.9025505
Bt9		24		6		10		714.68		0		26.7645482
Bt10		22		12		10		318.06		0		12.4346269
Bt11		25		5		9		136.55		0		11.1483596
Bt12		19		6		9		273.31		0		32.9417267
Bt13		32		6		11		626		0		25.1543189
Bt14		18		10		10		866.28		1		12.1661789
Bt15		16		12		8		540.09		0		31.7659598
Bt16		21		7		8		241.26		0		10.2330174
Bt17		35		6		7		763.49		0		230.6341208
Bt18		28		5		11		1151.93		0		66.6547530
Bt19		19		8		10		521.87		1		3.8592859
Bt20		32		5		8		152.84		0		9.5235874
Bt21		15		7		12		225.03		0		11.8899440
Bt22		15		6		7		226.66		0		13.2983051
Bt23		18		11		8		494.24		1		6.2668282
Bt24		22		12		6		421.73		0		12.4473352
Bt25		34		7		7		1209.64		0		200.5715585
Bt26		22		7		10		493.83		0		138.1407013
Bt27		33		5		13		705.29		1		7.1597875
Bt28		14		12		14		1750.97		0		164.9654302
Bt29		35		12		10		602.74		1		12.3245684
Bt30		30		11		6		803.94		1		5.0619098
Bt31		17		10		9		1181.32		0		38.6815350
Bt32		15		5		12		881.83		0		141.6914993
Bt33		35		7		10		449.01		0		30.9420184
Bt34		14		9		14		904.16		0		67.4196252
Bt35		33		13		10		1628.09		0		192.8125728
Bt36		30		13		9		673.81		0		11.0255974
Bt37		14		10		13		618.50		0		48.5636879
Bt38		13		12		7		811.81		0		43.3027655
Bt39		13		12		10		1218.69		0		44.5017188
Bt40		17		12		6		1390.26		0		135.1653836
Bt41		23		9		14		2141.17		1		16.7305738
Bt42		16		14		13		457.99		0		6.8014545
Bt43		34		11		8		1116.97		1		9.1285416
Bt44		13		11		12		978.73		1		13.6723080
Bt45		16		6		12		596.73		0		18.6679702
Bt46		27		6		12		1179.43		0		43.1427413
Bt47		23		5		13		402.65		1		5.5482675
Bt48		14		5		13		705.36		0		96.7303677
Bt49		35		12		6		722.81		1		4.8731704
Bt50		21		8		12		3571.54		1		34.3534929
Bt51		15		7		14		406.24		1		4.5622000
Bt52		17		8		10		345.62		0		22.1410054
Bt53		14		13		6		455.21		0		42.4355390
Bt54		17		9		8		224.10		0		16.1426376
Bt55		24		8		13		796.32		0		12.1286312
Bt56		13		6		7		233.87		0		62.7183794
Bt57		21		6		12		382.13		0		22.7341458
Bt58		35		14		11		3346.32		1		14.8539487
Bt59		12		8		9		404.36		0		51.9206785
Bt60		26		11		12		1107.58		0		50.3539215
Bt61		14		12		11		841.67		0		31.6784639
Bt62		26		11		7		3283.21		0		233.0041061
Bt63		15		10		13		290.60		0		11.8866603
Bt64		28		5		14		739.24		0		57.1538469
Bt65		12		12		9		756.12		0		65.1678811
Bt66		16		11		14		1229.83		0		18.1790785
Bt67		29		8		11		1681.17		0		43.0739301
Bt68		19		6		12		787.25		0		61.2232307
Bt69		28		7		8		760.12		0		34.2816874
Bt70		32		14		11		3323.88		0		107.8357385
Bt71		18		14		8		699.88		0		33.0018801
Bt72		20		5		7		464.57		0		84.1487754
Bt73		18		13		14		1512.38		0		26.1161385
Bt74		33		8		6		697		0		30.3632339
Bt75		13		5		12		594.68		0		93.9037800
Bt76		19		9		6		774.73		0		48.2155682
Bt77		33		10		7		239.62		0		36.9705546
Bt78		20		14		10		310.50		0		6.5948150
Bt79		25		9		14		1891.85		0		92.9605569
Bt80		19		14		12		893.97		0		79.8030911
Bt81		25		14		6		374.34		0		21.9884729
Bt82		14		13		11		1418.43		0		45.2513940
Bt83		15		14		7		1061.27		0		66.8897866
Bt84		35		9		12		1506.03		1		12.1204245
Bt85		12		7		8		358.65		1		19.2761876
Bt86		35		5		14		721.25		1		25.6335013
Bt87		22		6		13		1073.80		0		77.9309685
Bt88		15		5		14		140.24		0		26.8863786
Bt89		35		13		12		3106.60		0		49.5760837
Bt90		33		8		12		2501.31		0		69.1493274
Bt91		31		14		7		1006.70		0		123.4265882
Bt92		26		13		10		2596.54		0		47.7600286
Bt93		13		9		9		131.27		0		14.7205374
Bt94		33		7		7		607.85		0		191.3495574
Bt95		24		7		13		497.32		0		41.8128647
Bt96		14		7		8		414.95		0		204.7083341
Bt97		15		11		12		1157.72		0		86.5522453
Bt98		31		13		6		1854.79		1		16.7553799
Bt99		26		6		9		428.24		0		21.1926972
Bt100		31		13		14		1481.90		0		25.9133586

DEMANDS PER CUSTOMER
i	Type Quantity
1	Bt46 1	Bt82 1	
2	Bt3 1	Bt41 1	Bt49 1	
3	Bt58 1	Bt71 1	
4	Bt13 1	Bt92 1	
5	Bt9 1	
6	Bt75 1	
7	Bt21 1	Bt78 1	
8	Bt39 1	Bt80 1	Bt95 1	
9	Bt67 1	Bt98 1	
10	Bt28 1	Bt51 1	Bt53 1	
11	Bt28 1	Bt93 1	
12	Bt32 1	Bt80 1	Bt97 1	
13	Bt25 1	Bt81 1	
14	Bt14 1	Bt65 1	
15	Bt70 1	
16	Bt76 1	
17	Bt53 1	Bt63 1	
18	Bt59 1	
19	Bt21 1	
20	Bt24 1	Bt57 1	Bt74 1	
21	Bt41 1	Bt44 1	
22	Bt92 1	
23	Bt61 1	
24	Bt48 1	Bt85 1	Bt88 1	
25	Bt31 1	Bt60 1	
26	Bt15 1	Bt46 1	Bt77 1	
27	Bt27 1	Bt43 1	
28	Bt26 1	Bt54 1	Bt81 1	
29	Bt24 1	Bt59 1	Bt100 1	
30	Bt26 1	Bt75 1	
31	Bt20 1	
32	Bt39 1	Bt76 1	
33	Bt21 1	Bt50 1	Bt73 1	
34	Bt29 1	Bt60 1	
35	Bt10 1	Bt36 1	
36	Bt2 1	Bt66 1	
37	Bt22 1	Bt67 1	Bt93 1	
38	Bt16 1	Bt21 1	
39	Bt15 1	Bt81 1	
40	Bt47 1	
41	Bt19 1	Bt49 1	
42	Bt5 1	Bt34 1	Bt80 1	
43	Bt49 1	
44	Bt60 1	Bt64 1	
45	Bt13 1	Bt81 1	
46	Bt35 1	Bt46 1	Bt88 1	
47	Bt11 1	Bt31 1	Bt98 1	
48	Bt36 1	
49	Bt4 1	Bt13 1	Bt33 1	
50	Bt6 1	Bt49 1	Bt71 1	
51	Bt93 1	Bt97 1	
52	Bt2 1	Bt74 1	
53	Bt29 1	Bt48 1	
54	Bt3 1	Bt44 1	Bt91 1	
55	Bt13 1	Bt48 1	Bt86 1	
56	Bt38 1	
57	Bt63 1	
58	Bt28 1	
59	Bt29 1	Bt31 1	
60	Bt26 1	Bt81 1	Bt86 1	
61	Bt20 1	Bt24 1	Bt42 1	
62	Bt27 1	Bt46 1	Bt53 1	
63	Bt11 1	
64	Bt37 1	Bt84 1	
65	Bt84 1	Bt95 1	
66	Bt3 1	
67	Bt40 1	
68	Bt43 1	Bt93 1	Bt98 1	
69	Bt80 1	
70	Bt32 1	Bt53 1	
71	Bt27 1	Bt56 1	Bt81 1	
72	Bt7 1	Bt31 1	
73	Bt99 1	
74	Bt37 1	
75	Bt22 1	Bt60 1	Bt77 1	
76	Bt18 1	Bt75 1	
77	Bt85 1	
78	Bt16 1	Bt30 1	Bt41 1	
79	Bt25 1	Bt27 1	Bt33 1	
80	Bt57 1	Bt89 1	
81	Bt55 1	Bt97 1	
82	Bt65 1	Bt80 1	
83	Bt76 1	
84	Bt48 1	Bt59 1	Bt78 1	
85	Bt69 1	Bt80 1	
86	Bt81 1	
87	Bt23 1	Bt98 1	
88	Bt68 1	
89	Bt12 1	Bt44 1	
90	Bt38 1	Bt68 1	
91	Bt61 1	Bt86 1	
92	Bt47 1	Bt60 1	
93	Bt24 1	
94	Bt41 1	
95	Bt24 1	Bt42 1	
96	Bt16 1	Bt51 1	
97	Bt17 1	
98	Bt61 1	Bt74 1	Bt96 1	
99	Bt41 1	Bt80 1	
100	Bt63 1	Bt74 1	