Name				256_n100_m200_bt3
Number_of_Customers		100
Number_of_Items			200
Number_of_ItemTypes		3
Number_of_Vehicles		25
TimeWindows			1

VEHICLE
Mass_Capacity			12595
CargoSpace_Length		60
CargoSpace_Width		25
CargoSpace_Height		30
Wheelbase			48
Max_Mass_FrontAxle		7100
Max_Mass_RearAxle		11500
Distance_FrontAxle_CargoSpace	4

CUSTOMERS
i		x		y		Demand		ReadyTime	DueDate		ServiceTime	DemandedMass	DemandedVolume
0		35		35		0		0		1000		0		0		0
1		34		55		2		366		586		10		659.49		756
2		1		21		3		326		554		10		945.98		1128
3		3		12		3		531		787		10		757.05		1212
4		55		40		1		628		848		10		228.22		408
5		7		57		2		119		349		10		587.1		768
6		13		44		2		95		297		10		528.83		804
7		61		17		1		13		227		10		358.88		360
8		34		19		2		154		374		10		528.83		804
9		51		70		2		488		726		10		528.83		804
10		63		25		1		163		451		10		228.22		408
11		41		5		2		32		266		10		601.22		792
12		46		57		3		655		877		10		901.83		1188
13		34		73		3		409		621		10		901.83		1188
14		7		14		1		262		490		10		228.22		408
15		64		16		3		351		537		10		901.83		1188
16		51		47		2		323		569		10		587.1		768
17		37		61		3		51		291		10		945.98		1128
18		48		53		1		91		361		10		300.61		396
19		70		64		1		609		839		10		228.22		408
20		21		45		3		250		506		10		1076.64		1080
21		24		52		1		28		276		10		228.22		408
22		65		65		1		0		237		10		300.61		396
23		33		2		3		756		982		10		829.44		1200
24		67		40		3		614		854		10		960.1		1152
25		58		11		1		768		962		10		300.61		396
26		2		15		1		789		1000		10		228.22		408
27		1		58		3		684		964		10		757.05		1212
28		59		14		2		393		643		10		587.1		768
29		49		7		3		770		1000		10		684.66		1224
30		60		39		1		789		1000		10		228.22		408
31		10		32		2		510		722		10		587.1		768
32		1		50		2		216		404		10		528.83		804
33		18		73		1		187		407		10		300.61		396
34		67		47		1		577		863		10		358.88		360
35		62		51		2		158		408		10		659.49		756
36		47		38		2		61		281		10		456.44		816
37		59		44		2		0		150		10		587.1		768
38		28		36		3		662		852		10		757.05		1212
39		55		79		3		203		453		10		829.44		1200
40		12		66		1		677		929		10		300.61		396
41		39		22		2		51		309		10		659.49		756
42		29		10		3		846		1000		10		1018.37		1116
43		26		19		3		189		441		10		887.71		1164
44		31		20		1		840		1000		10		300.61		396
45		30		27		2		452		730		10		528.83		804
46		29		74		1		49		307		10		358.88		360
47		55		70		2		270		500		10		456.44		816
48		31		13		1		40		262		10		228.22		408
49		54		37		3		56		246		10		960.1		1152
50		5		35		1		709		1000		10		358.88		360
51		55		11		3		89		353		10		815.32		1176
52		27		56		1		543		761		10		300.61		396
53		1		24		1		508		710		10		358.88		360
54		16		45		3		375		625		10		829.44		1200
55		32		32		1		587		821		10		358.88		360
56		20		34		3		0		164		10		829.44		1200
57		68		37		1		416		692		10		228.22		408
58		20		51		1		378		620		10		300.61		396
59		35		68		2		495		687		10		659.49		756
60		57		6		1		57		311		10		300.61		396
61		61		29		1		349		599		10		358.88		360
62		22		70		3		248		568		10		887.71		1164
63		5		73		1		291		561		10		228.22		408
64		57		59		3		840		1000		10		887.71		1164
65		5		52		2		0		164		10		659.49		756
66		19		54		3		240		484		10		757.05		1212
67		7		42		3		162		416		10		960.1		1152
68		48		45		2		418		664		10		601.22		792
69		42		43		3		700		948		10		960.1		1152
70		39		66		2		620		844		10		528.83		804
71		21		40		3		868		1000		10		757.05		1212
72		66		57		3		537		773		10		684.66		1224
73		63		76		1		444		740		10		228.22		408
74		67		60		2		540		800		10		528.83		804
75		1		38		1		257		455		10		358.88		360
76		44		52		2		591		825		10		601.22		792
77		45		34		2		832		1000		10		528.83		804
78		10		55		1		0		202		10		358.88		360
79		18		42		2		519		801		10		528.83		804
80		29		4		1		0		157		10		300.61		396
81		47		10		2		96		318		10		587.1		768
82		12		3		1		659		899		10		300.61		396
83		6		32		3		497		711		10		757.05		1212
84		10		12		3		85		309		10		757.05		1212
85		17		62		2		85		325		10		528.83		804
86		7		80		1		400		634		10		300.61		396
87		25		14		3		592		822		10		815.32		1176
88		10		7		3		10		248		10		887.71		1164
89		3		68		2		415		639		10		601.22		792
90		30		79		3		634		878		10		901.83		1188
91		41		52		3		60		250		10		829.44		1200
92		42		65		3		686		888		10		945.98		1128
93		49		57		2		538		744		10		717.76		720
94		15		17		1		635		853		10		300.61		396
95		22		67		3		183		397		10		887.71		1164
96		1		73		2		178		450		10		528.83		804
97		5		28		1		490		704		10		358.88		360
98		57		54		2		82		338		10		528.83		804
99		38		73		2		0		228		10		587.1		768
100		39		44		2		392		608		10		456.44		816

ITEMS
Type		Length		Width		Height		Mass		Fragility	LoadBearingStrength
Bt1		17		4		6		228.22		0		30.5930460
Bt2		9		5		8		358.88		1		10.0127863
Bt3		11		6		6		300.61		0		23.8210767

DEMANDS PER CUSTOMER
i	Type Quantity
1	Bt2 1	Bt3 1	
2	Bt1 1	Bt2 2	
3	Bt1 2	Bt3 1	
4	Bt1 1	
5	Bt1 1	Bt2 1	
6	Bt1 1	Bt3 1	
7	Bt2 1	
8	Bt1 1	Bt3 1	
9	Bt1 1	Bt3 1	
10	Bt1 1	
11	Bt3 2	
12	Bt3 3	
13	Bt3 3	
14	Bt1 1	
15	Bt3 3	
16	Bt1 1	Bt2 1	
17	Bt1 1	Bt2 2	
18	Bt3 1	
19	Bt1 1	
20	Bt2 3	
21	Bt1 1	
22	Bt3 1	
23	Bt1 1	Bt3 2	
24	Bt2 1	Bt3 2	
25	Bt3 1	
26	Bt1 1	
27	Bt1 2	Bt3 1	
28	Bt1 1	Bt2 1	
29	Bt1 3	
30	Bt1 1	
31	Bt1 1	Bt2 1	
32	Bt1 1	Bt3 1	
33	Bt3 1	
34	Bt2 1	
35	Bt2 1	Bt3 1	
36	Bt1 2	
37	Bt1 1	Bt2 1	
38	Bt1 2	Bt3 1	
39	Bt1 1	Bt3 2	
40	Bt3 1	
41	Bt2 1	Bt3 1	
42	Bt2 2	Bt3 1	
43	Bt1 1	Bt2 1	Bt3 1	
44	Bt3 1	
45	Bt1 1	Bt3 1	
46	Bt2 1	
47	Bt1 2	
48	Bt1 1	
49	Bt2 1	Bt3 2	
50	Bt2 1	
51	Bt1 2	Bt2 1	
52	Bt3 1	
53	Bt2 1	
54	Bt1 1	Bt3 2	
55	Bt2 1	
56	Bt1 1	Bt3 2	
57	Bt1 1	
58	Bt3 1	
59	Bt2 1	Bt3 1	
60	Bt3 1	
61	Bt2 1	
62	Bt1 1	Bt2 1	Bt3 1	
63	Bt1 1	
64	Bt1 1	Bt2 1	Bt3 1	
65	Bt2 1	Bt3 1	
66	Bt1 2	Bt3 1	
67	Bt2 1	Bt3 2	
68	Bt3 2	
69	Bt2 1	Bt3 2	
70	Bt1 1	Bt3 1	
71	Bt1 2	Bt3 1	
72	Bt1 3	
73	Bt1 1	
74	Bt1 1	Bt3 1	
75	Bt2 1	
76	Bt3 2	
77	Bt1 1	Bt3 1	
78	Bt2 1	
79	Bt1 1	Bt3 1	
80	Bt3 1	
81	Bt1 1	Bt2 1	
82	Bt3 1	
83	Bt1 2	Bt3 1	
84	Bt1 2	Bt3 1	
85	Bt1 1	Bt3 1	
86	Bt3 1	
87	Bt1 2	Bt2 1	
88	Bt1 1	Bt2 1	Bt3 1	
89	Bt3 2	
90	Bt3 3	
91	Bt1 1	Bt3 2	
92	Bt1 1	Bt2 2	
93	Bt2 2	
94	Bt3 1	
95	Bt1 1	Bt2 1	Bt3 1	
96	Bt1 1	Bt3 1	
97	Bt2 1	
98	Bt1 1	Bt3 1	
99	Bt1 1	Bt2 1	
100	Bt1 2	