Name				258_n100_m200_bt3
Number_of_Customers		100
Number_of_Items			200
Number_of_ItemTypes		3
Number_of_Vehicles		12
TimeWindows			1

VEHICLE
Mass_Capacity			12595
CargoSpace_Length		60
CargoSpace_Width		25
CargoSpace_Height		30
Wheelbase			48
Max_Mass_FrontAxle		7100
Max_Mass_RearAxle		11500
Distance_FrontAxle_CargoSpace	4

CUSTOMERS
i		x		y		Demand		ReadyTime	DueDate		ServiceTime	DemandedMass	DemandedVolume
0		35		35		0		0		1000		0		0		0
1		33		76		1		659		971		10		132.03		231
2		62		68		2		0		947		10		507.88		1224
3		69		36		1		0		955		10		268.6		270
4		58		28		3		0		965		10		805.8		810
5		2		10		2		299		555		10		264.06		462
6		7		23		1		646		860		10		132.03		231
7		65		11		1		436		668		10		253.94		612
8		10		67		3		0		949		10		669.23		771
9		45		73		2		0		950		10		264.06		462
10		57		18		1		613		917		10		253.94		612
11		59		53		3		667		887		10		776.48		1494
12		70		23		1		0		953		10		132.03		231
13		55		53		1		684		982		10		268.6		270
14		38		25		1		0		979		10		268.6		270
15		15		13		2		0		960		10		522.54		882
16		57		74		3		0		945		10		532.66		732
17		46		24		3		0		974		10		639.91		1455
18		7		74		2		0		941		10		400.63		501
19		11		73		3		684		880		10		654.57		1113
20		27		62		2		0		961		10		522.54		882
21		64		34		2		0		960		10		264.06		462
22		63		39		2		520		808		10		385.97		843
23		52		53		3		0		965		10		532.66		732
24		41		41		2		303		595		10		385.97		843
25		68		79		2		637		847		10		522.54		882
26		66		50		3		0		955		10		776.48		1494
27		57		48		3		0		964		10		791.14		1152
28		63		78		2		0		938		10		522.54		882
29		18		57		1		0		962		10		268.6		270
30		38		5		2		0		959		10		400.63		501
31		3		68		1		0		944		10		132.03		231
32		21		28		2		0		974		10		537.2		540
33		41		21		2		0		974		10		400.63		501
34		69		65		3		0		944		10		669.23		771
35		5		50		1		768		1000		10		253.94		612
36		20		71		3		0		951		10		654.57		1113
37		53		1		3		0		951		10		669.23		771
38		41		67		2		0		957		10		507.88		1224
39		36		61		1		0		963		10		253.94		612
40		0		43		1		0		220		10		132.03		231
41		30		60		2		0		964		10		522.54		882
42		43		62		2		0		961		10		522.54		882
43		23		64		1		0		958		10		132.03		231
44		15		29		3		0		969		10		791.14		1152
45		28		10		2		0		964		10		385.97		843
46		15		24		2		709		967		10		522.54		882
47		5		41		1		0		959		10		268.6		270
48		47		15		1		0		966		10		132.03		231
49		26		57		1		0		966		10		268.6		270
50		50		11		3		607		873		10		791.14		1152
51		21		8		3		0		959		10		532.66		732
52		21		25		1		0		972		10		253.94		612
53		46		53		2		0		968		10		522.54		882
54		1		58		1		0		948		10		268.6		270
55		17		37		3		0		971		10		532.66		732
56		53		42		3		199		405		10		639.91		1455
57		8		12		2		0		954		10		264.06		462
58		69		31		2		778		1000		10		507.88		1224
59		38		44		3		515		707		10		518		1074
60		32		24		2		0		978		10		264.06		462
61		27		38		1		0		981		10		253.94		612
62		46		48		3		0		972		10		776.48		1494
63		43		38		3		853		1000		10		518		1074
64		24		42		3		800		1000		10		791.14		1152
65		25		72		2		0		951		10		385.97		843
66		30		34		3		0		238		10		805.8		810
67		58		4		1		0		951		10		268.6		270
68		1		31		1		0		955		10		253.94		612
69		41		5		3		0		959		10		654.57		1113
70		9		37		2		0		219		10		264.06		462
71		28		72		2		0		952		10		385.97		843
72		61		23		2		0		961		10		385.97		843
73		15		72		3		678		914		10		518		1074
74		11		2		2		0		949		10		385.97		843
75		23		60		2		0		962		10		507.88		1224
76		49		19		1		0		968		10		268.6		270
77		10		7		2		0		952		10		385.97		843
78		50		64		2		0		957		10		400.63		501
79		34		80		2		0		944		10		385.97		843
80		68		8		2		483		709		10		522.54		882
81		12		70		1		218		510		10		268.6		270
82		5		79		3		0		936		10		639.91		1455
83		41		51		3		0		972		10		518		1074
84		26		20		3		0		972		10		776.48		1494
85		41		35		2		0		984		10		385.97		843
86		57		8		2		0		955		10		264.06		462
87		13		48		3		0		964		10		532.66		732
88		15		18		3		0		963		10		518		1074
89		30		37		1		0		984		10		132.03		231
90		15		52		1		0		963		10		132.03		231
91		70		68		1		0		941		10		132.03		231
92		35		2		3		0		957		10		654.57		1113
93		18		18		2		0		965		10		264.06		462
94		54		9		1		0		957		10		253.94		612
95		8		32		1		0		962		10		132.03		231
96		45		5		1		0		958		10		268.6		270
97		12		56		2		0		958		10		400.63		501
98		8		45		3		0		961		10		669.23		771
99		23		77		1		0		946		10		132.03		231
100		43		55		2		0		968		10		385.97		843

ITEMS
Type		Length		Width		Height		Mass		Fragility	LoadBearingStrength
Bt1		9		5		6		268.60		0		12.0681798
Bt2		11		3		7		132.03		0		19.8063492
Bt3		17		6		6		253.94		1		8.4432332

DEMANDS PER CUSTOMER
i	Type Quantity
1	Bt2 1	
2	Bt3 2	
3	Bt1 1	
4	Bt1 3	
5	Bt2 2	
6	Bt2 1	
7	Bt3 1	
8	Bt1 2	Bt2 1	
9	Bt2 2	
10	Bt3 1	
11	Bt1 1	Bt3 2	
12	Bt2 1	
13	Bt1 1	
14	Bt1 1	
15	Bt1 1	Bt3 1	
16	Bt1 1	Bt2 2	
17	Bt2 1	Bt3 2	
18	Bt1 1	Bt2 1	
19	Bt1 1	Bt2 1	Bt3 1	
20	Bt1 1	Bt3 1	
21	Bt2 2	
22	Bt2 1	Bt3 1	
23	Bt1 1	Bt2 2	
24	Bt2 1	Bt3 1	
25	Bt1 1	Bt3 1	
26	Bt1 1	Bt3 2	
27	Bt1 2	Bt3 1	
28	Bt1 1	Bt3 1	
29	Bt1 1	
30	Bt1 1	Bt2 1	
31	Bt2 1	
32	Bt1 2	
33	Bt1 1	Bt2 1	
34	Bt1 2	Bt2 1	
35	Bt3 1	
36	Bt1 1	Bt2 1	Bt3 1	
37	Bt1 2	Bt2 1	
38	Bt3 2	
39	Bt3 1	
40	Bt2 1	
41	Bt1 1	Bt3 1	
42	Bt1 1	Bt3 1	
43	Bt2 1	
44	Bt1 2	Bt3 1	
45	Bt2 1	Bt3 1	
46	Bt1 1	Bt3 1	
47	Bt1 1	
48	Bt2 1	
49	Bt1 1	
50	Bt1 2	Bt3 1	
51	Bt1 1	Bt2 2	
52	Bt3 1	
53	Bt1 1	Bt3 1	
54	Bt1 1	
55	Bt1 1	Bt2 2	
56	Bt2 1	Bt3 2	
57	Bt2 2	
58	Bt3 2	
59	Bt2 2	Bt3 1	
60	Bt2 2	
61	Bt3 1	
62	Bt1 1	Bt3 2	
63	Bt2 2	Bt3 1	
64	Bt1 2	Bt3 1	
65	Bt2 1	Bt3 1	
66	Bt1 3	
67	Bt1 1	
68	Bt3 1	
69	Bt1 1	Bt2 1	Bt3 1	
70	Bt2 2	
71	Bt2 1	Bt3 1	
72	Bt2 1	Bt3 1	
73	Bt2 2	Bt3 1	
74	Bt2 1	Bt3 1	
75	Bt3 2	
76	Bt1 1	
77	Bt2 1	Bt3 1	
78	Bt1 1	Bt2 1	
79	Bt2 1	Bt3 1	
80	Bt1 1	Bt3 1	
81	Bt1 1	
82	Bt2 1	Bt3 2	
83	Bt2 2	Bt3 1	
84	Bt1 1	Bt3 2	
85	Bt2 1	Bt3 1	
86	Bt2 2	
87	Bt1 1	Bt2 2	
88	Bt2 2	Bt3 1	
89	Bt2 1	
90	Bt2 1	
91	Bt2 1	
92	Bt1 1	Bt2 1	Bt3 1	
93	Bt2 2	
94	Bt3 1	
95	Bt2 1	
96	Bt1 1	
97	Bt1 1	Bt2 1	
98	Bt1 2	Bt2 1	
99	Bt2 1	
100	Bt2 1	Bt3 1	