Name				259_n100_m200_bt3
Number_of_Customers		100
Number_of_Items			200
Number_of_ItemTypes		3
Number_of_Vehicles		24
TimeWindows			1

VEHICLE
Mass_Capacity			12595
CargoSpace_Length		60
CargoSpace_Width		25
CargoSpace_Height		30
Wheelbase			48
Max_Mass_FrontAxle		7100
Max_Mass_RearAxle		11500
Distance_FrontAxle_CargoSpace	4

CUSTOMERS
i		x		y		Demand		ReadyTime	DueDate		ServiceTime	DemandedMass	DemandedVolume
0		35		35		0		0		1000		0		0		0
1		57		55		2		811		1000		10		233.8		280
2		63		30		3		267		537		10		671.44		630
3		31		4		1		299		507		10		116.9		140
4		44		51		1		218		480		10		116.9		140
5		60		75		1		0		942		10		116.9		140
6		60		26		2		0		174		10		432.72		504
7		47		31		1		709		879		10		216.36		252
8		7		37		2		391		613		10		333.26		392
9		24		66		3		0		957		10		560.8		581
10		35		31		2		0		986		10		233.8		280
11		23		39		2		750		954		10		443.9		441
12		10		15		2		706		976		10		344.44		329
13		58		37		2		257		515		10		432.72		504
14		15		17		3		0		284		10		649.08		756
15		14		48		2		121		317		10		233.8		280
16		57		48		3		149		431		10		682.62		567
17		22		47		1		153		411		10		227.54		189
18		29		45		1		0		171		10		116.9		140
19		38		40		2		0		984		10		443.9		441
20		1		65		1		0		944		10		216.36		252
21		64		45		1		0		959		10		116.9		140
22		51		53		2		0		965		10		443.9		441
23		11		67		3		293		565		10		671.44		630
24		31		8		2		0		962		10		344.44		329
25		41		42		2		709		955		10		443.9		441
26		62		48		3		52		276		10		560.8		581
27		40		78		1		0		946		10		227.54		189
28		49		17		1		264		470		10		116.9		140
29		0		36		2		679		931		10		455.08		378
30		51		39		1		436		672		10		116.9		140
31		42		37		3		21		239		10		560.8		581
32		68		58		2		576		814		10		344.44		329
33		6		12		3		0		952		10		350.7		420
34		58		71		2		439		647		10		344.44		329
35		34		73		1		645		899		10		216.36		252
36		32		23		1		764		974		10		116.9		140
37		29		30		2		0		982		10		233.8		280
38		38		32		1		590		798		10		227.54		189
39		63		69		3		0		945		10		560.8		581
40		46		73		2		297		545		10		344.44		329
41		16		79		1		608		816		10		216.36		252
42		52		21		2		0		967		10		455.08		378
43		42		57		2		688		924		10		443.9		441
44		46		64		1		0		958		10		116.9		140
45		53		34		2		720		1000		10		344.44		329
46		3		54		1		395		647		10		216.36		252
47		7		51		3		703		967		10		461.34		469
48		57		64		1		63		257		10		227.54		189
49		34		53		3		422		642		10		571.98		518
50		21		10		2		605		837		10		344.44		329
51		0		1		3		0		160		10		682.62		567
52		50		9		3		0		176		10		571.98		518
53		52		76		1		722		976		10		216.36		252
54		13		8		1		469		721		10		227.54		189
55		44		5		3		514		726		10		350.7		420
56		48		57		3		749		975		10		450.16		532
57		56		34		1		275		515		10		227.54		189
58		56		74		2		0		945		10		344.44		329
59		70		31		3		0		954		10		571.98		518
60		3		69		3		446		668		10		560.8		581
61		25		45		2		790		1000		10		455.08		378
62		37		47		2		386		562		10		443.9		441
63		49		26		2		0		973		10		333.26		392
64		29		19		3		18		274		10		450.16		532
65		9		4		2		311		563		10		432.72		504
66		69		41		3		598		912		10		350.7		420
67		43		20		1		777		1000		10		216.36		252
68		68		73		1		0		212		10		227.54		189
69		60		1		2		461		705		10		333.26		392
70		68		11		3		0		949		10		450.16		532
71		34		80		3		0		270		10		560.8		581
72		19		67		2		561		781		10		432.72		504
73		54		31		3		0		222		10		549.62		644
74		49		12		3		0		174		10		682.62		567
75		50		73		2		340		594		10		432.72		504
76		27		79		2		0		945		10		333.26		392
77		33		11		2		663		849		10		443.9		441
78		23		1		2		336		580		10		333.26		392
79		23		53		2		0		968		10		333.26		392
80		49		6		3		620		872		10		549.62		644
81		29		70		3		345		605		10		461.34		469
82		19		45		3		324		606		10		671.44		630
83		19		16		1		0		163		10		227.54		189
84		11		73		3		0		945		10		560.8		581
85		7		48		3		0		959		10		461.34		469
86		12		0		1		760		1000		10		227.54		189
87		28		60		2		626		868		10		344.44		329
88		56		41		2		0		968		10		432.72		504
89		25		73		1		189		345		10		216.36		252
90		59		80		3		21		261		10		549.62		644
91		34		47		2		380		642		10		455.08		378
92		53		18		3		0		965		10		560.8		581
93		4		20		1		56		288		10		116.9		140
94		7		1		1		28		236		10		216.36		252
95		29		35		1		120		350		10		227.54		189
96		39		17		2		0		971		10		333.26		392
97		39		20		3		248		470		10		660.26		693
98		24		18		1		603		813		10		227.54		189
99		21		76		2		198		454		10		333.26		392
100		7		19		1		213		421		10		216.36		252

ITEMS
Type		Length		Width		Height		Mass		Fragility	LoadBearingStrength
Bt1		9		3		7		227.54		0		84.6042004
Bt2		6		6		7		216.36		1		7.5454384
Bt3		14		2		5		116.90		0		63.5724150

DEMANDS PER CUSTOMER
i	Type Quantity
1	Bt3 2	
2	Bt1 2	Bt2 1	
3	Bt3 1	
4	Bt3 1	
5	Bt3 1	
6	Bt2 2	
7	Bt2 1	
8	Bt2 1	Bt3 1	
9	Bt1 1	Bt2 1	Bt3 1	
10	Bt3 2	
11	Bt1 1	Bt2 1	
12	Bt1 1	Bt3 1	
13	Bt2 2	
14	Bt2 3	
15	Bt3 2	
16	Bt1 3	
17	Bt1 1	
18	Bt3 1	
19	Bt1 1	Bt2 1	
20	Bt2 1	
21	Bt3 1	
22	Bt1 1	Bt2 1	
23	Bt1 2	Bt2 1	
24	Bt1 1	Bt3 1	
25	Bt1 1	Bt2 1	
26	Bt1 1	Bt2 1	Bt3 1	
27	Bt1 1	
28	Bt3 1	
29	Bt1 2	
30	Bt3 1	
31	Bt1 1	Bt2 1	Bt3 1	
32	Bt1 1	Bt3 1	
33	Bt3 3	
34	Bt1 1	Bt3 1	
35	Bt2 1	
36	Bt3 1	
37	Bt3 2	
38	Bt1 1	
39	Bt1 1	Bt2 1	Bt3 1	
40	Bt1 1	Bt3 1	
41	Bt2 1	
42	Bt1 2	
43	Bt1 1	Bt2 1	
44	Bt3 1	
45	Bt1 1	Bt3 1	
46	Bt2 1	
47	Bt1 1	Bt3 2	
48	Bt1 1	
49	Bt1 2	Bt3 1	
50	Bt1 1	Bt3 1	
51	Bt1 3	
52	Bt1 2	Bt3 1	
53	Bt2 1	
54	Bt1 1	
55	Bt3 3	
56	Bt2 1	Bt3 2	
57	Bt1 1	
58	Bt1 1	Bt3 1	
59	Bt1 2	Bt3 1	
60	Bt1 1	Bt2 1	Bt3 1	
61	Bt1 2	
62	Bt1 1	Bt2 1	
63	Bt2 1	Bt3 1	
64	Bt2 1	Bt3 2	
65	Bt2 2	
66	Bt3 3	
67	Bt2 1	
68	Bt1 1	
69	Bt2 1	Bt3 1	
70	Bt2 1	Bt3 2	
71	Bt1 1	Bt2 1	Bt3 1	
72	Bt2 2	
73	Bt2 2	Bt3 1	
74	Bt1 3	
75	Bt2 2	
76	Bt2 1	Bt3 1	
77	Bt1 1	Bt2 1	
78	Bt2 1	Bt3 1	
79	Bt2 1	Bt3 1	
80	Bt2 2	Bt3 1	
81	Bt1 1	Bt3 2	
82	Bt1 2	Bt2 1	
83	Bt1 1	
84	Bt1 1	Bt2 1	Bt3 1	
85	Bt1 1	Bt3 2	
86	Bt1 1	
87	Bt1 1	Bt3 1	
88	Bt2 2	
89	Bt2 1	
90	Bt2 2	Bt3 1	
91	Bt1 2	
92	Bt1 1	Bt2 1	Bt3 1	
93	Bt3 1	
94	Bt2 1	
95	Bt1 1	
96	Bt2 1	Bt3 1	
97	Bt1 1	Bt2 2	
98	Bt1 1	
99	Bt2 1	Bt3 1	
100	Bt2 1	