Name				261_n100_m200_bt10
Number_of_Customers		100
Number_of_Items			200
Number_of_ItemTypes		10
Number_of_Vehicles		26
TimeWindows			1

VEHICLE
Mass_Capacity			12595
CargoSpace_Length		60
CargoSpace_Width		25
CargoSpace_Height		30
Wheelbase			48
Max_Mass_FrontAxle		7100
Max_Mass_RearAxle		11500
Distance_FrontAxle_CargoSpace	4

CUSTOMERS
i		x		y		Demand		ReadyTime	DueDate		ServiceTime	DemandedMass	DemandedVolume
0		35		35		0		0		1000		0		0		0
1		56		2		2		591		875		10		300.52		372
2		41		80		2		593		861		10		790.22		692
3		4		41		2		765		1000		10		555.28		504
4		31		36		3		659		903		10		470.6		540
5		62		23		1		0		217		10		511.76		392
6		22		74		2		256		528		10		491.77		858
7		67		41		1		235		485		10		47.12		144
8		3		44		3		0		194		10		551.24		918
9		1		56		1		150		414		10		511.76		392
10		70		24		1		259		517		10		511.76		392
11		49		60		2		505		755		10		710.95		632
12		13		64		3		221		445		10		677.22		624
13		4		22		2		0		174		10		533.82		464
14		51		77		1		182		398		10		47.12		144
15		26		54		2		205		453		10		509.95		849
16		30		32		3		209		473		10		830.72		1122
17		21		55		3		64		282		10		620.58		639
18		61		60		1		195		413		10		508.16		360
19		69		64		3		83		301		10		818.56		740
20		25		67		3		804		1000		10		684.67		635
21		57		69		1		189		415		10		508.16		360
22		7		73		2		292		536		10		44.12		144
23		66		30		1		621		827		10		65.3		135
24		66		13		2		439		617		10		556.92		600
25		53		14		2		185		391		10		558.88		536
26		49		38		3		0		121		10		330.84		516
27		0		32		3		488		744		10		368.25		504
28		40		68		3		717		907		10		661.59		659
29		27		62		3		0		225		10		641.43		572
30		64		57		1		520		772		10		65.3		135
31		3		71		2		456		656		10		889.3		1428
32		39		71		1		811		1000		10		199.19		240
33		38		46		2		0		151		10		44.12		144
34		24		25		3		568		860		10		791.88		732
35		44		54		3		0		154		10		385.05		504
36		18		26		1		405		631		10		47.12		144
37		2		29		2		408		650		10		491.77		858
38		60		46		3		289		585		10		220.03		387
39		37		14		1		240		492		10		22.06		72
40		43		49		3		799		1000		10		353.92		492
41		11		53		3		3		277		10		1104.45		884
42		11		68		3		0		203		10		1041.98		824
43		24		79		2		179		383		10		552.26		822
44		43		30		1		11		259		10		278.46		300
45		66		22		1		424		608		10		511.76		392
46		25		73		2		73		285		10		44.12		144
47		47		77		2		138		384		10		221.25		312
48		60		52		1		724		1000		10		22.06		72
49		10		11		2		130		384		10		131.65		276
50		4		52		2		281		527		10		386.07		408
51		20		13		2		405		631		10		106.59		204
52		35		67		3		366		606		10		814.96		708
53		7		9		3		0		161		10		1531.68		1144
54		19		37		3		0		136		10		1041.98		824
55		14		31		1		125		339		10		47.12		144
56		70		30		1		64		292		10		444.65		714
57		5		63		2		320		564		10		509.95		849
58		17		33		3		211		503		10		390.88		579
59		39		18		2		629		917		10		131.65		276
60		58		9		1		488		754		10		107.61		108
61		60		77		3		546		750		10		795.48		764
62		32		77		1		704		952		10		278.46		300
63		7		36		3		0		184		10		134.48		351
64		40		52		1		796		1000		10		65.3		135
65		63		2		2		367		591		10		283.72		372
66		0		6		2		323		547		10		149.83		267
67		41		3		2		52		262		10		192.14		240
68		58		31		1		356		588		10		511.76		392
69		6		5		1		350		598		10		22.06		72
70		33		6		3		360		594		10		1001.57		1314
71		12		0		2		818		1000		10		956.41		1106
72		25		34		1		827		1000		10		65.3		135
73		27		27		2		458		694		10		172.91		243
74		44		34		2		828		1000		10		555.28		504
75		22		18		1		762		996		10		107.61		108
76		70		14		1		822		1000		10		107.61		108
77		30		68		1		71		341		10		199.19		240
78		27		10		3		109		345		10		1333.95		2142
79		46		22		2		80		362		10		325.58		444
80		22		45		1		391		623		10		22.06		72
81		23		48		1		673		855		10		508.16		360
82		54		53		3		0		197		10		385.05		504
83		59		36		1		0		254		10		107.61		108
84		45		72		1		721		957		10		278.46		300
85		16		72		3		605		793		10		620.58		639
86		40		24		3		28		246		10		677.22		624
87		3		2		3		16		276		10		562.18		672
88		5		17		3		370		620		10		922.3		1254
89		17		45		1		430		706		10		511.76		392
90		24		38		2		707		981		10		398.38		480
91		40		32		3		550		810		10		329.79		510
92		46		65		2		296		518		10		149.83		267
93		20		1		3		55		307		10		390.88		579
94		47		43		1		0		238		10		47.12		144
95		17		61		2		313		551		10		283.72		372
96		17		54		3		456		650		10		620.58		639
97		14		4		2		554		806		10		533.82		464
98		47		9		2		335		565		10		790.22		692
99		28		18		1		319		573		10		199.19		240
100		49		67		2		584		872		10		362.99		432

ITEMS
Type		Length		Width		Height		Mass		Fragility	LoadBearingStrength
Bt1		9		2		4		22.06		1		5.1058145
Bt2		10		6		6		508.16		0		62.5493234
Bt3		11		4		3		84.53		0		81.0806084
Bt4		12		5		5		278.46		0		49.1250190
Bt5		6		6		4		47.12		0		6.5393317
Bt6		17		6		7		444.65		0		8.2926380
Bt7		15		2		8		199.19		0		28.1332550
Bt8		14		4		7		511.76		0		16.5425238
Bt9		9		5		3		65.30		0		14.1255250
Bt10		12		3		3		107.61		1		31.5734956

DEMANDS PER CUSTOMER
i	Type Quantity
1	Bt1 1	Bt4 1	
2	Bt4 1	Bt8 1	
3	Bt2 1	Bt5 1	
4	Bt3 1	Bt4 1	Bt10 1	
5	Bt8 1	
6	Bt5 1	Bt6 1	
7	Bt5 1	
8	Bt1 1	Bt3 1	Bt6 1	
9	Bt8 1	
10	Bt8 1	
11	Bt7 1	Bt8 1	
12	Bt2 1	Bt3 2	
13	Bt1 1	Bt8 1	
14	Bt5 1	
15	Bt6 1	Bt9 1	
16	Bt4 1	Bt6 1	Bt10 1	
17	Bt2 1	Bt5 1	Bt9 1	
18	Bt2 1	
19	Bt7 1	Bt8 1	Bt10 1	
20	Bt8 1	Bt9 1	Bt10 1	
21	Bt2 1	
22	Bt1 2	
23	Bt9 1	
24	Bt4 2	
25	Bt5 1	Bt8 1	
26	Bt3 1	Bt5 1	Bt7 1	
27	Bt3 2	Bt7 1	
28	Bt3 1	Bt8 1	Bt9 1	
29	Bt1 1	Bt8 1	Bt10 1	
30	Bt9 1	
31	Bt6 2	
32	Bt7 1	
33	Bt1 2	
34	Bt2 1	Bt3 1	Bt7 1	
35	Bt1 1	Bt3 1	Bt4 1	
36	Bt5 1	
37	Bt5 1	Bt6 1	
38	Bt5 1	Bt9 1	Bt10 1	
39	Bt1 1	
40	Bt5 1	Bt7 1	Bt10 1	
41	Bt2 1	Bt3 1	Bt8 1	
42	Bt1 1	Bt2 1	Bt8 1	
43	Bt6 1	Bt10 1	
44	Bt4 1	
45	Bt8 1	
46	Bt1 2	
47	Bt1 1	Bt7 1	
48	Bt1 1	
49	Bt3 1	Bt5 1	
50	Bt4 1	Bt10 1	
51	Bt1 1	Bt3 1	
52	Bt2 1	Bt7 1	Bt10 1	
53	Bt2 1	Bt8 2	
54	Bt1 1	Bt2 1	Bt8 1	
55	Bt5 1	
56	Bt6 1	
57	Bt6 1	Bt9 1	
58	Bt4 1	Bt5 1	Bt9 1	
59	Bt3 1	Bt5 1	
60	Bt10 1	
61	Bt3 1	Bt7 1	Bt8 1	
62	Bt4 1	
63	Bt1 1	Bt5 1	Bt9 1	
64	Bt9 1	
65	Bt3 1	Bt7 1	
66	Bt3 1	Bt9 1	
67	Bt3 1	Bt10 1	
68	Bt8 1	
69	Bt1 1	
70	Bt4 2	Bt6 1	
71	Bt6 1	Bt8 1	
72	Bt9 1	
73	Bt9 1	Bt10 1	
74	Bt2 1	Bt5 1	
75	Bt10 1	
76	Bt10 1	
77	Bt7 1	
78	Bt6 3	
79	Bt4 1	Bt5 1	
80	Bt1 1	
81	Bt2 1	
82	Bt1 1	Bt3 1	Bt4 1	
83	Bt10 1	
84	Bt4 1	
85	Bt2 1	Bt5 1	Bt9 1	
86	Bt2 1	Bt3 2	
87	Bt3 1	Bt4 1	Bt7 1	
88	Bt4 1	Bt6 1	Bt7 1	
89	Bt8 1	
90	Bt7 2	
91	Bt7 1	Bt9 2	
92	Bt3 1	Bt9 1	
93	Bt4 1	Bt5 1	Bt9 1	
94	Bt5 1	
95	Bt3 1	Bt7 1	
96	Bt2 1	Bt5 1	Bt9 1	
97	Bt1 1	Bt8 1	
98	Bt4 1	Bt8 1	
99	Bt7 1	
100	Bt3 1	Bt4 1	