Name				263_n100_m200_bt10
Number_of_Customers		100
Number_of_Items			200
Number_of_ItemTypes		10
Number_of_Vehicles		19
TimeWindows			1

VEHICLE
Mass_Capacity			12595
CargoSpace_Length		60
CargoSpace_Width		25
CargoSpace_Height		30
Wheelbase			48
Max_Mass_FrontAxle		7100
Max_Mass_RearAxle		11500
Distance_FrontAxle_CargoSpace	4

CUSTOMERS
i		x		y		Demand		ReadyTime	DueDate		ServiceTime	DemandedMass	DemandedVolume
0		35		35		0		0		1000		0		0		0
1		19		74		2		32		294		10		714.51		720
2		7		38		2		496		738		10		429.05		475
3		7		43		2		241		415		10		592.11		630
4		1		3		2		0		943		10		722.09		732
5		8		69		3		0		946		10		856.89		1018
6		2		0		2		0		289		10		301.33		360
7		24		34		3		440		720		10		454.44		564
8		16		65		2		264		478		10		535.72		693
9		40		27		2		161		383		10		968.14		901
10		54		45		2		787		1000		10		443.58		660
11		57		12		1		410		682		10		646.97		576
12		46		33		2		0		978		10		719.83		745
13		2		71		1		0		223		10		263.57		336
14		44		2		1		291		619		10		646.97		576
15		11		60		2		0		955		10		466.2		564
16		67		10		3		384		636		10		1120.75		1152
17		30		32		3		815		1000		10		543.88		798
18		40		60		1		459		681		10		75.12		156
19		53		3		3		398		618		10		563.55		670
20		70		2		1		0		941		10		263.57		336
21		61		46		1		198		410		10		398.66		420
22		50		28		3		475		765		10		383.02		489
23		38		65		3		520		740		10		462.02		576
24		12		6		3		0		952		10		948.3		936
25		21		71		3		581		823		10		336.11		510
26		12		3		2		466		702		10		388.71		469
27		46		9		3		610		830		10		770.11		906
28		23		43		3		0		975		10		829.97		882
29		22		8		1		84		310		10		368.46		504
30		65		34		3		141		429		10		1231.71		1237
31		5		63		3		444		702		10		435.83		555
32		28		42		1		712		1000		10		67.54		144
33		43		13		2		0		966		10		388.71		469
34		22		27		1		0		192		10		646.97		576
35		45		27		3		0		219		10		699.57		984
36		66		6		2		0		947		10		234.8		333
37		10		39		1		0		964		10		193.45		210
38		37		62		2		391		619		10		142.66		300
39		18		69		1		210		410		10		193.45		210
40		54		23		3		0		967		10		764.75		985
41		16		29		1		801		1000		10		398.66		420
42		47		76		1		160		392		10		368.46		504
43		16		40		1		0		970		10		398.66		420
44		2		46		1		311		571		10		193.45		210
45		18		19		3		650		876		10		409.64		534
46		10		46		1		288		486		10		368.46		504
47		47		43		1		225		451		10		75.12		156
48		14		56		3		0		199		10		930.37		1218
49		6		72		3		128		348		10		1135.4		1090
50		31		74		1		373		661		10		646.97		576
51		51		66		1		435		673		10		398.66		420
52		70		16		2		63		281		10		175.42		294
53		8		13		2		0		955		10		466.2		564
54		43		63		3		0		960		10		1088.29		1249
55		21		0		3		0		179		10		541.32		720
56		24		39		2		555		779		10		719.83		745
57		39		21		2		256		466		10		642.34		650
58		44		72		3		0		951		10		1043.26		1057
59		55		70		3		421		703		10		637.03		870
60		2		43		3		47		273		10		564.9		696
61		34		80		1		249		521		10		75.12		156
62		22		13		3		0		964		10		398.65		624
63		51		9		2		118		412		10		175.42		294
64		16		7		3		664		860		10		1103.99		1122
65		65		45		2		0		958		10		514.62		535
66		61		55		3		686		932		10		1113.17		1140
67		1		78		3		573		773		10		757.17		973
68		58		69		3		256		490		10		350.26		495
69		57		21		2		384		686		10		662.23		756
70		47		67		2		49		319		10		592.11		630
71		64		76		3		256		458		10		563.55		670
72		69		38		1		667		927		10		398.66		420
73		14		45		1		0		966		10		263.57		336
74		3		33		1		699		937		10		107.88		150
75		58		73		3		73		281		10		342.68		483
76		52		73		3		0		948		10		1123.31		1230
77		18		44		3		0		970		10		655.69		703
78		27		28		1		200		438		10		263.57		336
79		37		50		1		294		570		10		67.54		144
80		33		3		1		0		188		10		398.66		420
81		67		23		3		146		342		10		633.46		753
82		58		32		3		759		985		10		960.57		1134
83		53		36		1		453		723		10		368.46		504
84		30		54		3		0		201		10		875		1074
85		55		73		3		797		1000		10		428.25		543
86		7		1		1		0		236		10		167.26		189
87		43		79		2		152		454		10		514.62		535
88		42		33		2		71		353		10		476.34		654
89		5		80		1		0		275		10		167.26		189
90		16		33		1		302		548		10		107.88		150
91		32		63		1		0		961		10		193.45		210
92		37		17		1		482		718		10		646.97		576
93		58		44		1		409		629		10		75.12		156
94		13		69		1		732		962		10		398.66		420
95		10		66		1		0		950		10		263.57		336
96		47		63		1		0		959		10		646.97		576
97		17		11		2		0		178		10		175.42		294
98		28		60		1		0		964		10		167.26		189
99		58		76		2		0		942		10		592.11		630
100		5		7		3		170		354		10		983.4		1081

ITEMS
Type		Length		Width		Height		Mass		Fragility	LoadBearingStrength
Bt1		15		2		5		107.88		0		51.7645905
Bt2		13		5		5		321.17		1		10.8420515
Bt3		13		2		6		75.12		0		16.2593310
Bt4		14		5		6		398.66		0		20.7863809
Bt5		9		3		7		167.26		0		80.2814581
Bt6		9		2		8		67.54		0		11.6873477
Bt7		10		7		3		193.45		0		90.4381589
Bt8		12		6		7		368.46		0		11.8119234
Bt9		14		4		6		263.57		0		20.1422006
Bt10		12		6		8		646.97		1		9.5363916

DEMANDS PER CUSTOMER
i	Type Quantity
1	Bt6 1	Bt10 1	
2	Bt1 1	Bt2 1	
3	Bt4 1	Bt7 1	
4	Bt3 1	Bt10 1	
5	Bt2 1	Bt5 1	Bt8 1	
6	Bt1 1	Bt7 1	
7	Bt6 1	Bt7 2	
8	Bt5 1	Bt8 1	
9	Bt2 1	Bt10 1	
10	Bt3 1	Bt8 1	
11	Bt10 1	
12	Bt2 1	Bt4 1	
13	Bt9 1	
14	Bt10 1	
15	Bt4 1	Bt6 1	
16	Bt3 1	Bt4 1	Bt10 1	
17	Bt1 1	Bt6 1	Bt8 1	
18	Bt3 1	
19	Bt2 1	Bt3 1	Bt5 1	
20	Bt9 1	
21	Bt4 1	
22	Bt1 2	Bt5 1	
23	Bt3 1	Bt7 2	
24	Bt1 1	Bt7 1	Bt10 1	
25	Bt3 1	Bt6 1	Bt7 1	
26	Bt2 1	Bt6 1	
27	Bt1 1	Bt4 1	Bt9 1	
28	Bt1 1	Bt3 1	Bt10 1	
29	Bt8 1	
30	Bt2 1	Bt9 1	Bt10 1	
31	Bt3 1	Bt5 1	Bt7 1	
32	Bt6 1	
33	Bt2 1	Bt6 1	
34	Bt10 1	
35	Bt6 1	Bt8 1	Bt9 1	
36	Bt5 1	Bt6 1	
37	Bt7 1	
38	Bt3 1	Bt6 1	
39	Bt7 1	
40	Bt2 1	Bt3 1	Bt8 1	
41	Bt4 1	
42	Bt8 1	
43	Bt4 1	
44	Bt7 1	
45	Bt3 1	Bt5 2	
46	Bt8 1	
47	Bt3 1	
48	Bt7 1	Bt8 2	
49	Bt2 1	Bt5 1	Bt10 1	
50	Bt10 1	
51	Bt4 1	
52	Bt1 1	Bt6 1	
53	Bt4 1	Bt6 1	
54	Bt2 1	Bt4 1	Bt8 1	
55	Bt3 1	Bt4 1	Bt6 1	
56	Bt2 1	Bt4 1	
57	Bt2 2	
58	Bt2 1	Bt3 1	Bt10 1	
59	Bt3 1	Bt7 1	Bt8 1	
60	Bt1 1	Bt7 1	Bt9 1	
61	Bt3 1	
62	Bt6 2	Bt9 1	
63	Bt1 1	Bt6 1	
64	Bt7 1	Bt9 1	Bt10 1	
65	Bt2 1	Bt7 1	
66	Bt4 1	Bt6 1	Bt10 1	
67	Bt2 1	Bt6 1	Bt8 1	
68	Bt1 1	Bt3 1	Bt5 1	
69	Bt4 1	Bt9 1	
70	Bt4 1	Bt7 1	
71	Bt2 1	Bt3 1	Bt5 1	
72	Bt4 1	
73	Bt9 1	
74	Bt1 1	
75	Bt1 1	Bt5 1	Bt6 1	
76	Bt1 1	Bt8 1	Bt10 1	
77	Bt2 1	Bt5 2	
78	Bt9 1	
79	Bt6 1	
80	Bt4 1	
81	Bt4 1	Bt5 1	Bt6 1	
82	Bt4 1	Bt7 1	Bt8 1	
83	Bt8 1	
84	Bt1 1	Bt4 1	Bt8 1	
85	Bt5 1	Bt6 1	Bt7 1	
86	Bt5 1	
87	Bt2 1	Bt7 1	
88	Bt1 1	Bt8 1	
89	Bt5 1	
90	Bt1 1	
91	Bt7 1	
92	Bt10 1	
93	Bt3 1	
94	Bt4 1	
95	Bt9 1	
96	Bt10 1	
97	Bt1 1	Bt6 1	
98	Bt5 1	
99	Bt4 1	Bt7 1	
100	Bt2 1	Bt4 1	Bt9 1	