Name				264_n100_m200_bt10
Number_of_Customers		100
Number_of_Items			200
Number_of_ItemTypes		10
Number_of_Vehicles		22
TimeWindows			1

VEHICLE
Mass_Capacity			12595
CargoSpace_Length		60
CargoSpace_Width		25
CargoSpace_Height		30
Wheelbase			48
Max_Mass_FrontAxle		7100
Max_Mass_RearAxle		11500
Distance_FrontAxle_CargoSpace	4

CUSTOMERS
i		x		y		Demand		ReadyTime	DueDate		ServiceTime	DemandedMass	DemandedVolume
0		35		35		0		0		1000		0		0		0
1		14		19		2		0		963		10		446.63		516
2		59		9		1		829		1000		10		72.83		108
3		66		78		3		0		936		10		485.72		588
4		23		71		3		94		328		10		868.66		1296
5		25		14		2		0		966		10		500.55		652
6		56		73		3		425		647		10		272.18		612
7		17		56		1		357		607		10		258.5		192
8		29		73		1		264		478		10		169.49		520
9		55		34		1		0		200		10		120.56		216
10		15		59		1		568		792		10		165.95		196
11		22		9		3		288		470		10		492.16		824
12		49		78		1		0		944		10		72.83		108
13		41		27		2		0		980		10		427.99		712
14		53		11		2		0		960		10		500.55		652
15		66		1		2		565		807		10		708.4		864
16		70		27		3		33		271		10		567.19		732
17		62		10		2		0		953		10		286.51		412
18		47		60		2		382		608		10		159.65		288
19		40		36		2		0		984		10		193.39		324
20		60		48		2		0		240		10		238.78		304
21		5		41		2		468		724		10		473.47		544
22		39		64		3		742		942		10		757.47		1496
23		50		40		2		359		587		10		424.45		388
24		61		56		2		720		962		10		401.24		536
25		64		7		1		64		340		10		258.5		192
26		67		59		2		559		809		10		362.28		744
27		58		3		3		754		982		10		401.37		816
28		67		62		1		410		758		10		258.5		192
29		1		17		2		394		606		10		539.18		512
30		60		20		3		0		180		10		266.22		432
31		13		31		2		223		421		10		451.29		416
32		70		34		3		671		937		10		570.73		1056
33		54		7		1		597		779		10		192.79		224
34		55		63		3		813		1000		10		551.53		644
35		11		15		2		0		958		10		401.24		536
36		62		27		2		0		165		10		233.09		540
37		8		64		1		0		950		10		192.79		224
38		44		50		3		0		972		10		677.26		816
39		66		49		2		519		773		10		517		384
40		26		68		1		281		539		10		120.56		216
41		53		26		2		643		867		10		329.75		952
42		42		5		3		52		300		10		523		948
43		24		76		2		0		236		10		280.82		648
44		20		27		2		628		904		10		855.44		1088
45		2		59		3		542		756		10		198.74		360
46		13		42		1		0		966		10		120.56		216
47		60		23		2		697		925		10		193.39		324
48		26		3		1		0		956		10		280.68		320
49		11		68		3		51		259		10		757.47		1496
50		51		20		3		0		209		10		304.71		404
51		70		3		1		0		942		10		72.83		108
52		16		8		1		246		496		10		192.79		224
53		28		44		1		540		758		10		165.95		196
54		52		23		3		0		969		10		708.67		1032
55		20		53		3		703		917		10		528.23		940
56		17		73		1		810		1000		10		120.56		216
57		27		80		3		708		962		10		708.67		1032
58		54		80		2		0		168		10		353.05		656
59		38		32		2		93		339		10		159.65		288
60		67		23		2		202		462		10		427.99		712
61		19		50		2		268		512		10		708.4		864
62		61		68		1		0		947		10		258.5		192
63		14		36		3		448		668		10		617.24		612
64		39		70		2		0		954		10		385.58		448
65		59		78		2		61		261		10		145.66		216
66		36		21		1		466		706		10		169.49		520
67		48		36		1		0		976		10		258.5		192
68		70		53		1		758		1000		10		165.95		196
69		58		40		3		363		625		10		441.08		1080
70		19		14		2		0		963		10		708.4		864
71		63		78		2		276		538		10		620.51		768
72		39		77		1		0		947		10		39.09		72
73		44		27		2		0		977		10		358.74		420
74		65		66		3		787		1000		10		632.76		812
75		46		65		2		0		170		10		353.05		656
76		31		8		2		74		272		10		440.94		752
77		4		22		3		152		406		10		392.14		728
78		0		52		3		36		322		10		989.08		1184
79		17		4		1		512		736		10		120.56		216
80		7		23		2		0		959		10		111.92		180
81		40		42		2		0		229		10		242.32		628
82		33		11		3		220		404		10		1021.39		1284
83		31		51		2		785		1000		10		242.32		628
84		67		46		1		0		223		10		72.83		108
85		33		77		2		117		369		10		208.58		592
86		14		4		2		42		232		10		424.45		388
87		0		27		3		0		954		10		431.57		528
88		3		66		1		528		782		10		280.68		320
89		44		56		2		0		212		10		280.82		648
90		48		72		2		0		950		10		427.99		712
91		13		72		1		0		221		10		280.68		320
92		41		54		1		633		869		10		165.95		196
93		57		12		2		828		1000		10		286.51		412
94		46		22		3		379		623		10		747.49		936
95		33		44		1		0		980		10		258.5		192
96		49		52		2		105		377		10		686.22		736
97		61		45		2		856		1000		10		242.32		628
98		23		42		3		665		961		10		451.89		516
99		13		55		3		826		1000		10		621.11		868
100		10		78		2		770		1000		10		587.98		976

ITEMS
Type		Length		Width		Height		Mass		Fragility	LoadBearingStrength
Bt1		16		4		5		280.68		0		55.5107810
Bt2		9		3		4		72.83		0		30.1858321
Bt3		12		6		6		160.26		0		19.3641839
Bt4		8		7		4		192.79		0		65.0213956
Bt5		12		2		3		39.09		1		7.3295849
Bt6		6		4		8		258.50		1		8.1492789
Bt7		17		4		8		427.72		0		25.6465214
Bt8		13		5		8		169.49		0		4.6094992
Bt9		7		7		4		165.95		0		20.1850287
Bt10		9		3		8		120.56		0		26.3455442

DEMANDS PER CUSTOMER
i	Type Quantity
1	Bt1 1	Bt9 1	
2	Bt2 1	
3	Bt1 1	Bt5 1	Bt9 1	
4	Bt1 1	Bt3 1	Bt7 1	
5	Bt2 1	Bt7 1	
6	Bt2 1	Bt3 1	Bt5 1	
7	Bt6 1	
8	Bt8 1	
9	Bt10 1	
10	Bt9 1	
11	Bt3 1	Bt9 2	
12	Bt2 1	
13	Bt6 1	Bt8 1	
14	Bt2 1	Bt7 1	
15	Bt1 1	Bt7 1	
16	Bt1 1	Bt9 1	Bt10 1	
17	Bt9 1	Bt10 1	
18	Bt5 1	Bt10 1	
19	Bt2 1	Bt10 1	
20	Bt2 1	Bt9 1	
21	Bt1 1	Bt4 1	
22	Bt3 1	Bt7 1	Bt8 1	
23	Bt6 1	Bt9 1	
24	Bt1 1	Bt10 1	
25	Bt6 1	
26	Bt4 1	Bt8 1	
27	Bt4 1	Bt5 1	Bt8 1	
28	Bt6 1	
29	Bt1 1	Bt6 1	
30	Bt2 2	Bt10 1	
31	Bt4 1	Bt6 1	
32	Bt1 1	Bt8 1	Bt10 1	
33	Bt4 1	
34	Bt4 2	Bt9 1	
35	Bt1 1	Bt10 1	
36	Bt2 1	Bt3 1	
37	Bt4 1	
38	Bt3 1	Bt6 2	
39	Bt6 2	
40	Bt10 1	
41	Bt3 1	Bt8 1	
42	Bt1 1	Bt2 1	Bt8 1	
43	Bt3 1	Bt10 1	
44	Bt7 2	
45	Bt5 2	Bt10 1	
46	Bt10 1	
47	Bt2 1	Bt10 1	
48	Bt1 1	
49	Bt3 1	Bt7 1	Bt8 1	
50	Bt2 1	Bt4 1	Bt5 1	
51	Bt2 1	
52	Bt4 1	
53	Bt9 1	
54	Bt1 1	Bt6 1	Bt8 1	
55	Bt4 1	Bt8 1	Bt9 1	
56	Bt10 1	
57	Bt1 1	Bt6 1	Bt8 1	
58	Bt3 1	Bt4 1	
59	Bt5 1	Bt10 1	
60	Bt6 1	Bt8 1	
61	Bt1 1	Bt7 1	
62	Bt6 1	
63	Bt4 1	Bt6 1	Bt9 1	
64	Bt4 2	
65	Bt2 2	
66	Bt8 1	
67	Bt6 1	
68	Bt9 1	
69	Bt3 2	Bt10 1	
70	Bt1 1	Bt7 1	
71	Bt4 1	Bt7 1	
72	Bt5 1	
73	Bt4 1	Bt9 1	
74	Bt5 1	Bt7 1	Bt9 1	
75	Bt3 1	Bt4 1	
76	Bt1 1	Bt3 1	
77	Bt3 1	Bt4 1	Bt5 1	
78	Bt1 2	Bt7 1	
79	Bt10 1	
80	Bt2 1	Bt5 1	
81	Bt2 1	Bt8 1	
82	Bt7 2	Bt9 1	
83	Bt2 1	Bt8 1	
84	Bt2 1	
85	Bt5 1	Bt8 1	
86	Bt6 1	Bt9 1	
87	Bt2 1	Bt4 1	Bt9 1	
88	Bt1 1	
89	Bt3 1	Bt10 1	
90	Bt6 1	Bt8 1	
91	Bt1 1	
92	Bt9 1	
93	Bt9 1	Bt10 1	
94	Bt1 1	Bt5 1	Bt7 1	
95	Bt6 1	
96	Bt6 1	Bt7 1	
97	Bt2 1	Bt8 1	
98	Bt2 1	Bt6 1	Bt10 1	
99	Bt2 1	Bt7 1	Bt10 1	
100	Bt3 1	Bt7 1	