Name				266_n100_m200_bt100
Number_of_Customers		100
Number_of_Items			200
Number_of_ItemTypes		100
Number_of_Vehicles		15
TimeWindows			1

VEHICLE
Mass_Capacity			12595
CargoSpace_Length		60
CargoSpace_Width		25
CargoSpace_Height		30
Wheelbase			48
Max_Mass_FrontAxle		7100
Max_Mass_RearAxle		11500
Distance_FrontAxle_CargoSpace	4

CUSTOMERS
i		x		y		Demand		ReadyTime	DueDate		ServiceTime	DemandedMass	DemandedVolume
0		35		35		0		0		1000		0		0		0
1		54		19		1		0		965		10		69.2		120
2		36		76		1		0		948		10		292.47		350
3		65		74		3		0		940		10		718.97		1344
4		66		22		3		0		956		10		465.45		693
5		33		69		1		0		955		10		102.56		108
6		35		48		3		0		212		10		345.68		542
7		67		10		2		0		949		10		226.03		727
8		9		4		3		218		400		10		786.38		1292
9		70		24		2		0		953		10		248.83		544
10		65		31		3		0		959		10		407.98		684
11		65		66		3		0		946		10		257.4		440
12		22		57		3		0		964		10		992.09		1295
13		21		14		2		0		964		10		1012.31		800
14		11		42		2		0		965		10		174.25		255
15		43		46		2		826		1000		10		200.25		240
16		37		23		1		0		977		10		175.35		224
17		61		37		2		0		963		10		305.08		551
18		47		53		3		327		579		10		315.99		712
19		29		42		3		0		980		10		1224.64		1736
20		9		36		1		0		963		10		76.9		128
21		37		17		3		373		591		10		437.9		690
22		47		32		2		0		977		10		371		464
23		43		50		3		0		973		10		302.59		429
24		20		2		2		0		953		10		763.69		669
25		44		76		2		0		948		10		137.39		436
26		21		54		2		531		755		10		274.31		346
27		24		11		2		0		963		10		728.52		1309
28		68		31		2		0		956		10		295.14		444
29		24		38		1		0		978		10		200.41		216
30		0		6		2		0		944		10		434.08		755
31		62		41		2		500		732		10		166.15		384
32		28		66		3		96		320		10		470.95		893
33		2		9		1		0		947		10		32.21		81
34		0		57		1		0		948		10		79.47		162
35		23		28		3		850		1000		10		466.26		864
36		44		34		1		0		980		10		162.9		408
37		70		57		3		0		948		10		410.83		696
38		56		41		1		238		466		10		91.75		96
39		6		36		2		0		960		10		285.19		444
40		22		25		2		0		973		10		260.29		492
41		8		11		1		0		953		10		292.47		350
42		64		48		2		207		429		10		367.86		456
43		30		79		3		0		945		10		622.51		968
44		7		64		2		0		949		10		351.21		796
45		27		35		3		709		967		10		534.76		792
46		40		53		3		830		1000		10		443.45		722
47		11		69		3		0		948		10		278.35		522
48		33		52		2		0		972		10		328.36		376
49		12		18		1		0		961		10		93.1		306
50		7		27		1		0		960		10		162.9		408
51		26		58		1		0		965		10		167.45		240
52		46		2		2		45		279		10		225.16		430
53		50		22		1		0		970		10		198.44		108
54		40		56		1		0		968		10		334.09		360
55		10		47		2		0		962		10		195.4		360
56		1		66		3		510		734		10		446.62		555
57		53		61		1		0		958		10		268.95		540
58		58		70		1		0		948		10		261.09		336
59		53		37		3		0		971		10		140.58		216
60		27		11		1		0		964		10		198.31		357
61		31		47		2		0		977		10		753.54		1074
62		53		44		2		217		447		10		371		464
63		67		47		2		0		955		10		233.3		376
64		27		19		1		0		972		10		254.82		357
65		12		31		1		0		966		10		231.2		324
66		54		10		1		0		958		10		109.74		128
67		25		75		3		548		726		10		1125		970
68		24		67		1		0		956		10		175.35		224
69		50		49		3		651		975		10		924.26		1477
70		42		0		2		591		841		10		364.83		580
71		3		48		2		0		955		10		330.08		534
72		26		54		2		0		968		10		212.78		432
73		9		15		2		0		957		10		450.54		636
74		58		17		1		349		603		10		302.2		560
75		48		39		3		0		976		10		230.84		532
76		25		14		1		0		966		10		78.21		90
77		40		64		3		0		960		10		1054.6		920
78		44		7		3		0		960		10		1132.76		1524
79		11		55		3		0		958		10		442.91		833
80		68		73		1		0		939		10		100.79		189
81		61		3		1		48		322		10		166.7		168
82		36		7		3		0		961		10		531.04		696
83		69		61		2		0		155		10		128.83		420
84		51		56		1		809		1000		10		105.83		220
85		51		16		1		0		965		10		302.2		560
86		59		56		2		0		958		10		384.22		446
87		46		71		2		492		752		10		546.72		848
88		20		68		3		0		953		10		1020.13		1385
89		9		8		1		0		952		10		202.15		216
90		70		38		2		0		954		10		894.1		804
91		39		80		2		0		944		10		574.94		750
92		46		11		2		0		963		10		344.6		402
93		3		75		2		0		938		10		347.35		522
94		4		31		1		367		549		10		334.45		336
95		20		37		1		0		974		10		102.82		204
96		14		61		3		0		956		10		564		857
97		60		53		2		0		959		10		318.76		477
98		56		24		3		0		966		10		209.76		316
99		42		30		3		0		981		10		932.87		1386
100		15		0		3		0		949		10		434.79		592

ITEMS
Type		Length		Width		Height		Mass		Fragility	LoadBearingStrength
Bt1		6		5		4		66.44		0		12.1140673
Bt2		6		6		7		229.53		0		35.3619716
Bt3		17		7		3		254.82		0		41.9387997
Bt4		15		2		8		217.02		0		25.6159487
Bt5		9		3		3		32.21		0		7.6954198
Bt6		7		5		8		248.74		0		55.9607526
Bt7		15		6		5		223.82		1		10.3664340
Bt8		6		3		5		86.39		0		12.9624235
Bt9		7		6		8		334.45		0		30.2048524
Bt10		10		3		4		63.94		0		23.1742551
Bt11		14		5		5		292.47		0		38.0561101
Bt12		16		6		5		662.90		0		274.7303312
Bt13		12		5		5		220.75		1		5.1880486
Bt14		8		3		5		69.20		0		15.1818664
Bt15		11		6		3		90.55		1		12.5896978
Bt16		14		5		6		294.51		0		14.2561763
Bt17		9		4		7		179.04		0		75.0939012
Bt18		8		4		7		175.35		0		16.9951341
Bt19		8		6		5		175.70		0		30.3947292
Bt20		11		4		3		42.30		1		17.7569511
Bt21		11		5		8		354.39		1		11.2261527
Bt22		16		7		8		734.94		0		16.8572839
Bt23		17		4		7		633.01		0		38.8651126
Bt24		14		4		8		191.86		1		2.6316720
Bt25		10		4		7		260.85		1		6.5749114
Bt26		17		5		7		183.73		0		26.4075545
Bt27		6		5		3		78.21		0		39.4078907
Bt28		14		3		8		261.26		0		57.3900846
Bt29		14		3		4		100.67		0		20.6344205
Bt30		6		4		7		119.81		0		12.2413407
Bt31		9		3		8		200.41		0		22.7106427
Bt32		11		5		7		166.02		0		24.1690015
Bt33		16		5		7		343.55		0		38.6488024
Bt34		10		6		4		167.45		0		43.4994105
Bt35		16		2		3		31.15		0		21.8299395
Bt36		12		6		3		152.92		0		26.7874307
Bt37		14		4		3		166.70		0		40.5926848
Bt38		16		3		4		103.08		1		6.1490049
Bt39		11		2		7		127.22		0		11.4991614
Bt40		14		5		8		266.02		1		21.1980387
Bt41		8		2		8		76.90		1		8.0049194
Bt42		15		6		7		525.17		0		14.4763205
Bt43		17		4		5		106.24		0		46.6500130
Bt44		7		6		6		405.61		0		39.3738622
Bt45		13		3		8		247.64		0		17.6293910
Bt46		15		6		6		268.95		0		24.5607516
Bt47		8		6		7		261.09		0		19.1888795
Bt48		9		6		6		256.80		0		17.9214618
Bt49		8		6		7		121.03		1		19.0300524
Bt50		17		4		7		755.51		0		144.8957999
Bt51		8		4		3		79.62		0		32.9575408
Bt52		7		3		5		102.77		0		43.5922934
Bt53		15		2		3		59.40		1		50.7758311
Bt54		9		7		3		100.79		0		16.9442134
Bt55		14		4		6		220.58		0		15.4970006
Bt56		16		5		7		302.20		0		22.3417436
Bt57		17		6		3		93.10		0		9.8697131
Bt58		11		7		8		305.11		0		27.9660501
Bt59		9		6		3		79.47		0		24.1519988
Bt60		13		3		3		45.21		0		16.3660645
Bt61		11		4		4		125.58		0		74.6598254
Bt62		16		2		8		82.26		0		14.0748360
Bt63		8		3		6		169.10		0		258.2976889
Bt64		15		2		5		71.48		0		38.2597880
Bt65		13		5		7		213.33		0		17.8041850
Bt66		8		5		5		88.43		0		68.0294444
Bt67		17		3		4		102.82		0		96.0138086
Bt68		8		6		5		159.15		0		34.7766347
Bt69		9		6		6		231.20		0		205.9041634
Bt70		10		6		6		334.09		1		8.2543378
Bt71		7		3		3		45.33		0		70.6045624
Bt72		9		4		6		202.15		0		24.2538503
Bt73		6		4		4		91.75		0		40.3676234
Bt74		15		4		5		116.09		0		11.3113197
Bt75		12		3		7		209.46		0		41.9484470
Bt76		17		4		6		252.98		0		21.7305321
Bt77		17		3		8		162.90		0		22.9562891
Bt78		9		3		4		198.44		1		15.1997862
Bt79		10		3		7		108.83		0		8.0033392
Bt80		14		5		4		153.68		0		13.7292602
Bt81		17		2		8		233.41		1		24.4740905
Bt82		9		2		7		77.10		1		4.6500203
Bt83		11		2		3		25.57		1		7.8370087
Bt84		6		4		3		63.04		0		72.3199817
Bt85		6		4		4		56.97		0		76.9324967
Bt86		13		6		8		269.56		0		51.1364841
Bt87		17		3		8		192.33		1		8.1617561
Bt88		17		3		7		198.31		0		61.8362387
Bt89		12		4		6		86.53		1		4.0035449
Bt90		14		6		3		92.84		0		25.2396085
Bt91		6		6		3		102.56		0		67.9818535
Bt92		14		4		6		319.03		1		10.4850160
Bt93		8		2		8		109.74		0		57.7750646
Bt94		13		5		6		245.76		0		29.7739534
Bt95		13		3		7		265.33		0		43.3082479
Bt96		17		6		7		544.79		0		97.3087716
Bt97		15		6		7		511		0		43.2175919
Bt98		11		4		5		105.83		0		15.9501064
Bt99		11		2		7		127.65		0		23.5480672
Bt100		13		6		8		529.72		0		73.2060260

DEMANDS PER CUSTOMER
i	Type Quantity
1	Bt14 1	
2	Bt11 1	
3	Bt24 1	Bt40 1	Bt47 1	
4	Bt47 1	Bt60 1	Bt68 1	
5	Bt91 1	
6	Bt17 1	Bt27 1	Bt66 1	
7	Bt20 1	Bt26 1	
8	Bt56 1	Bt69 1	Bt76 1	
9	Bt24 1	Bt85 1	
10	Bt53 1	Bt67 1	Bt94 1	
11	Bt29 1	Bt35 1	Bt61 1	
12	Bt18 1	Bt23 1	Bt26 1	
13	Bt48 1	Bt50 1	
14	Bt52 1	Bt64 1	
15	Bt35 1	Bt63 1	
16	Bt18 1	
17	Bt65 1	Bt73 1	
18	Bt20 1	Bt34 1	Bt43 1	
19	Bt13 1	Bt22 1	Bt46 1	
20	Bt41 1	
21	Bt19 1	Bt57 1	Bt63 1	
22	Bt28 1	Bt93 1	
23	Bt31 1	Bt60 1	Bt85 1	
24	Bt12 1	Bt54 1	
25	Bt35 1	Bt43 1	
26	Bt6 1	Bt83 1	
27	Bt26 1	Bt96 1	
28	Bt10 1	Bt69 1	
29	Bt31 1	
30	Bt13 1	Bt65 1	
31	Bt51 1	Bt89 1	
32	Bt77 1	Bt88 1	Bt93 1	
33	Bt5 1	
34	Bt59 1	
35	Bt55 1	Bt68 1	Bt89 1	
36	Bt77 1	
37	Bt28 1	Bt84 1	Bt89 1	
38	Bt73 1	
39	Bt63 1	Bt74 1	
40	Bt34 1	Bt90 1	
41	Bt11 1	
42	Bt31 1	Bt34 1	
43	Bt30 1	Bt33 1	Bt68 1	
44	Bt46 1	Bt62 1	
45	Bt20 1	Bt28 1	Bt69 1	
46	Bt27 1	Bt56 1	Bt84 1	
47	Bt1 1	Bt38 1	Bt79 1	
48	Bt6 1	Bt51 1	
49	Bt57 1	
50	Bt77 1	
51	Bt34 1	
52	Bt64 1	Bt80 1	
53	Bt78 1	
54	Bt70 1	
55	Bt90 1	Bt91 1	
56	Bt27 1	Bt38 1	Bt95 1	
57	Bt46 1	
58	Bt47 1	
59	Bt5 1	Bt71 1	Bt84 1	
60	Bt88 1	
61	Bt7 1	Bt100 1	
62	Bt28 1	Bt93 1	
63	Bt51 1	Bt80 1	
64	Bt3 1	
65	Bt69 1	
66	Bt93 1	
67	Bt9 1	Bt12 1	Bt99 1	
68	Bt18 1	
69	Bt2 1	Bt26 1	Bt97 1	
70	Bt6 1	Bt74 1	
71	Bt76 1	Bt82 1	
72	Bt49 1	Bt73 1	
73	Bt9 1	Bt74 1	
74	Bt56 1	
75	Bt62 1	Bt64 1	Bt82 1	
76	Bt27 1	
77	Bt23 1	Bt91 1	Bt92 1	
78	Bt46 1	Bt70 1	Bt100 1	
79	Bt3 1	Bt62 1	Bt98 1	
80	Bt54 1	
81	Bt37 1	
82	Bt28 1	Bt37 1	Bt38 1	
83	Bt20 1	Bt89 1	
84	Bt98 1	
85	Bt56 1	
86	Bt11 1	Bt73 1	
87	Bt21 1	Bt87 1	
88	Bt5 1	Bt22 1	Bt76 1	
89	Bt72 1	
90	Bt12 1	Bt69 1	
91	Bt10 1	Bt97 1	
92	Bt83 1	Bt92 1	
93	Bt15 1	Bt48 1	
94	Bt9 1	
95	Bt67 1	
96	Bt3 1	Bt13 1	Bt66 1	
97	Bt3 1	Bt10 1	
98	Bt39 1	Bt83 1	Bt85 1	
99	Bt36 1	Bt46 1	Bt97 1	
100	Bt4 1	Bt15 1	Bt39 1	