Name				267_n100_m200_bt100
Number_of_Customers		100
Number_of_Items			200
Number_of_ItemTypes		100
Number_of_Vehicles		17
TimeWindows			1

VEHICLE
Mass_Capacity			12595
CargoSpace_Length		60
CargoSpace_Width		25
CargoSpace_Height		30
Wheelbase			48
Max_Mass_FrontAxle		7100
Max_Mass_RearAxle		11500
Distance_FrontAxle_CargoSpace	4

CUSTOMERS
i		x		y		Demand		ReadyTime	DueDate		ServiceTime	DemandedMass	DemandedVolume
0		35		35		0		0		1000		0		0		0
1		14		14		2		382		610		10		136.6		300
2		1		30		1		106		380		10		88.12		105
3		67		10		3		501		759		10		476.15		811
4		69		21		1		509		739		10		260.29		200
5		50		13		3		0		963		10		526.06		984
6		59		22		3		0		962		10		551.11		751
7		54		71		3		0		949		10		636.05		782
8		18		60		1		0		959		10		147.32		364
9		63		58		2		0		953		10		430.78		819
10		2		20		1		499		723		10		230.17		336
11		37		29		3		369		611		10		957.87		1259
12		5		73		1		0		941		10		212.01		420
13		33		49		2		0		276		10		365.39		517
14		1		44		1		588		788		10		132.25		180
15		63		53		1		0		956		10		345.88		360
16		12		31		3		0		966		10		672.1		1062
17		36		52		1		0		972		10		648.28		450
18		50		24		1		23		225		10		242.75		360
19		8		70		1		0		250		10		253.64		360
20		0		12		1		18		300		10		146.46		224
21		27		36		3		0		981		10		540.95		768
22		19		69		2		0		952		10		1121.75		840
23		45		40		3		0		978		10		625.79		619
24		11		60		2		820		1000		10		126.52		348
25		11		10		3		0		146		10		448.31		798
26		64		70		1		24		238		10		205.97		252
27		48		79		1		0		944		10		112.01		196
28		66		36		1		843		1000		10		126.91		168
29		22		8		2		570		800		10		532.1		424
30		2		59		2		0		949		10		582.96		920
31		39		48		2		859		1000		10		162.75		314
32		42		53		1		0		970		10		207.96		270
33		57		18		3		159		457		10		529.89		770
34		54		63		3		0		956		10		1007.27		1370
35		53		31		3		0		971		10		416.47		684
36		63		11		3		0		953		10		486.13		558
37		35		80		3		93		365		10		1080.45		1327
38		3		27		2		0		957		10		205.15		366
39		59		69		3		0		948		10		754.85		936
40		65		49		1		704		944		10		290.85		168
41		39		61		2		0		963		10		422.53		735
42		19		13		3		0		962		10		920.13		1020
43		10		41		3		0		964		10		433.02		601
44		51		78		2		387		607		10		401.99		685
45		34		72		2		0		952		10		324.92		844
46		38		39		1		438		682		10		66.54		156
47		1		77		2		375		609		10		1265.17		900
48		51		34		3		0		973		10		802.9		1094
49		52		48		1		0		191		10		149.17		392
50		25		40		3		0		978		10		806.43		1116
51		19		78		2		0		944		10		359.71		699
52		25		30		2		0		978		10		471.71		513
53		65		33		3		0		959		10		616.4		977
54		37		65		2		755		1000		10		461.89		480
55		5		48		3		0		262		10		416.71		679
56		26		15		3		0		968		10		361.41		668
57		48		42		3		289		509		10		1216.33		1176
58		18		41		3		0		971		10		428.48		776
59		19		3		1		0		954		10		471.05		576
60		25		18		2		0		970		10		435.99		570
61		67		4		1		540		790		10		147.32		364
62		43		50		3		183		399		10		284.24		656
63		2		72		1		0		940		10		319.81		520
64		14		70		1		493		725		10		201.08		315
65		67		13		1		0		951		10		153.72		220
66		41		40		3		231		429		10		725.12		952
67		19		54		1		0		199		10		160.11		385
68		9		25		3		550		774		10		411.99		705
69		4		67		1		0		945		10		160.11		385
70		40		65		3		0		959		10		654.51		1019
71		22		72		1		0		950		10		97.79		144
72		65		80		2		420		688		10		329.57		488
73		36		10		1		54		316		10		61.22		63
74		46		13		2		0		965		10		246.21		380
75		16		63		1		0		956		10		504.33		560
76		17		74		1		0		947		10		228.7		525
77		22		21		1		0		970		10		70.06		144
78		70		41		2		483		741		10		316.83		450
79		54		26		2		0		968		10		291.62		388
80		14		6		2		185		431		10		414.18		468
81		36		76		3		506		678		10		625.08		804
82		70		70		1		574		772		10		409.19		450
83		16		28		1		0		969		10		414.18		480
84		29		80		3		305		535		10		511.56		764
85		46		2		1		0		955		10		120.67		168
86		35		69		1		569		803		10		648.28		450
87		8		3		3		0		948		10		539.25		774
88		54		43		1		332		576		10		24.56		81
89		61		63		1		240		484		10		157.91		189
90		1		24		1		751		1000		10		158.69		240
91		67		57		3		0		951		10		875.62		841
92		68		45		3		0		955		10		858.47		1065
93		20		16		3		15		213		10		807.38		970
94		68		73		3		129		353		10		629.52		763
95		12		51		3		0		961		10		388.6		880
96		36		42		2		71		291		10		212.92		376
97		8		28		3		420		660		10		875		1276
98		40		69		2		730		984		10		170.6		342
99		1		7		3		0		945		10		737.34		943
100		28		56		1		36		240		10		132.25		180

ITEMS
Type		Length		Width		Height		Mass		Fragility	LoadBearingStrength
Bt1		15		5		6		409.19		0		21.3712045
Bt2		10		6		7		397.06		0		162.4451586
Bt3		12		5		5		248.20		0		48.8506671
Bt4		6		4		4		36.02		1		4.0878299
Bt5		15		4		4		158.69		0		27.0204449
Bt6		14		4		3		120.67		1		4.3501602
Bt7		7		6		6		231.66		0		47.7108220
Bt8		16		3		7		198.49		0		13.4858652
Bt9		8		5		3		98.32		0		23.5495934
Bt10		13		5		8		319.81		1		10.4049980
Bt11		10		5		4		260.29		1		24.7319946
Bt12		10		6		6		244.62		0		27.5795260
Bt13		12		4		8		158.63		0		19.2170461
Bt14		17		5		5		298.97		0		96.0541566
Bt15		8		5		5		173.04		0		43.7457569
Bt16		9		4		4		97.79		1		8.4036568
Bt17		6		3		5		66.98		0		22.9152148
Bt18		6		5		6		84.14		0		73.6463746
Bt19		16		2		7		146.46		0		23.6770084
Bt20		17		3		6		486.12		0		84.6194348
Bt21		6		3		5		88.50		0		40.8133946
Bt22		17		5		8		366.41		0		15.7522014
Bt23		17		6		6		344.38		0		13.3620084
Bt24		12		6		8		471.05		1		9.1077833
Bt25		17		3		3		218.07		0		40.7761188
Bt26		9		7		3		157.91		0		30.2963702
Bt27		8		4		8		366.12		0		44.6107500
Bt28		16		7		3		103.94		0		29.0571453
Bt29		7		4		7		112.01		0		19.7128764
Bt30		9		5		6		178.70		0		12.7397125
Bt31		13		2		8		151.70		0		25.1290988
Bt32		16		6		5		414.18		0		26.9308858
Bt33		11		4		5		153.72		1		6.1427241
Bt34		15		5		8		446.77		0		88.8716030
Bt35		15		6		5		648.28		0		143.8271332
Bt36		8		3		4		82.61		0		54.5972530
Bt37		15		3		7		201.08		0		37.0203653
Bt38		13		5		5		266.27		0		16.3930799
Bt39		15		7		7		758.24		0		140.3444182
Bt40		15		5		3		68.30		0		12.2566481
Bt41		11		5		7		160.11		0		41.0561057
Bt42		11		7		5		383.16		1		20.0719564
Bt43		12		4		3		70.06		0		24.2031121
Bt44		6		3		5		89.28		0		27.3742169
Bt45		17		5		8		486.42		1		4.8538627
Bt46		13		4		7		147.32		0		49.2558868
Bt47		15		7		4		212.01		0		16.3938276
Bt48		13		2		7		179.74		0		43.8098474
Bt49		14		5		8		504.33		0		21.1558658
Bt50		7		3		8		165.98		1		12.0356882
Bt51		7		5		3		88.12		0		79.6651667
Bt52		10		6		7		372.17		0		92.1639605
Bt53		7		3		8		126.91		0		104.8595123
Bt54		12		5		6		253.64		1		12.1487166
Bt55		15		4		6		242.75		0		71.2902658
Bt56		10		4		4		52.31		0		19.0767599
Bt57		15		7		5		228.70		0		27.1467685
Bt58		13		4		4		92.25		0		21.2449854
Bt59		17		5		7		335.01		0		41.0001231
Bt60		11		5		7		353.92		0		53.1887961
Bt61		15		5		5		337.19		0		47.4663244
Bt62		14		3		6		116.49		0		34.7852209
Bt63		12		3		6		86.93		0		10.0702687
Bt64		11		3		4		95.45		0		97.2842418
Bt65		8		6		5		237.25		0		43.9344313
Bt66		7		3		3		61.22		0		47.4778098
Bt67		6		6		3		86.79		0		42.9523784
Bt68		11		2		4		43.42		0		30.1637661
Bt69		13		3		4		66.54		0		52.0881547
Bt70		12		4		4		59.98		0		11.5292057
Bt71		6		4		5		109.46		1		13.7186040
Bt72		10		2		4		55.57		0		100.9708949
Bt73		9		6		5		207.96		1		11.8022154
Bt74		10		5		7		130.33		0		8.7464576
Bt75		16		4		5		136.19		0		18.8298283
Bt76		8		7		4		95.77		0		5.2485919
Bt77		10		4		8		208.90		0		33.7422385
Bt78		15		6		7		417.41		1		10.7336957
Bt79		11		6		8		464.53		0		14.9947444
Bt80		7		6		6		205.97		0		93.6332326
Bt81		14		4		7		149.17		0		82.8917542
Bt82		13		3		4		115.04		0		18.7981910
Bt83		10		7		3		90.11		0		11.1352050
Bt84		14		3		8		230.17		0		26.7548566
Bt85		10		6		4		209.24		0		45.5834550
Bt86		10		3		3		74.08		1		13.8577110
Bt87		16		2		5		126.99		1		20.8657468
Bt88		6		4		7		290.85		0		53.5214151
Bt89		9		3		3		24.56		1		4.1173982
Bt90		15		7		6		503.99		0		79.6620266
Bt91		11		6		3		100.54		0		21.9947667
Bt92		7		4		5		87.52		0		23.7513842
Bt93		12		5		3		132.25		0		61.7282097
Bt94		7		5		5		85.86		1		5.8741251
Bt95		10		5		3		59.84		0		27.9627275
Bt96		14		5		3		80.38		1		3.7550045
Bt97		12		5		6		345.88		1		13.2434986
Bt98		15		4		8		868.11		0		65.3443533
Bt99		8		3		7		52.89		0		29.3044329
Bt100		16		6		5		177.60		0		17.8026143

DEMANDS PER CUSTOMER
i	Type Quantity
1	Bt43 1	Bt69 1	
2	Bt51 1	
3	Bt7 1	Bt13 1	Bt94 1	
4	Bt11 1	
5	Bt10 1	Bt43 1	Bt75 1	
6	Bt61 1	Bt63 1	Bt87 1	
7	Bt18 1	Bt48 1	Bt52 1	
8	Bt46 1	
9	Bt59 1	Bt76 1	
10	Bt84 1	
11	Bt39 1	Bt46 1	Bt56 1	
12	Bt47 1	
13	Bt25 1	Bt46 1	
14	Bt93 1	
15	Bt97 1	
16	Bt23 1	Bt54 1	Bt86 1	
17	Bt35 1	
18	Bt55 1	
19	Bt54 1	
20	Bt19 1	
21	Bt7 1	Bt55 1	Bt69 1	
22	Bt54 1	Bt98 1	
23	Bt25 1	Bt42 1	Bt89 1	
24	Bt69 1	Bt70 1	
25	Bt29 1	Bt74 1	Bt80 1	
26	Bt80 1	
27	Bt29 1	
28	Bt53 1	
29	Bt27 1	Bt50 1	
30	Bt34 1	Bt75 1	
31	Bt17 1	Bt76 1	
32	Bt73 1	
33	Bt60 1	Bt83 1	Bt94 1	
34	Bt34 1	Bt45 1	Bt86 1	
35	Bt55 1	Bt63 1	Bt67 1	
36	Bt17 1	Bt25 1	Bt37 1	
37	Bt15 1	Bt39 1	Bt81 1	
38	Bt82 1	Bt83 1	
39	Bt2 1	Bt55 1	Bt82 1	
40	Bt88 1	
41	Bt59 1	Bt92 1	
42	Bt35 1	Bt47 1	Bt95 1	
43	Bt18 1	Bt36 1	Bt38 1	
44	Bt17 1	Bt59 1	
45	Bt46 1	Bt100 1	
46	Bt69 1	
47	Bt2 1	Bt98 1	
48	Bt13 1	Bt48 1	Bt79 1	
49	Bt81 1	
50	Bt12 1	Bt34 1	Bt82 1	
51	Bt13 1	Bt37 1	
52	Bt25 1	Bt54 1	
53	Bt48 1	Bt57 1	Bt73 1	
54	Bt27 1	Bt76 1	
55	Bt38 1	Bt43 1	Bt96 1	
56	Bt4 1	Bt62 1	Bt77 1	
57	Bt27 1	Bt49 1	Bt97 1	
58	Bt13 1	Bt48 1	Bt83 1	
59	Bt24 1	
60	Bt83 1	Bt97 1	
61	Bt46 1	
62	Bt17 1	Bt63 1	Bt74 1	
63	Bt10 1	
64	Bt37 1	
65	Bt33 1	
66	Bt1 1	Bt48 1	Bt75 1	
67	Bt41 1	
68	Bt13 1	Bt26 1	Bt64 1	
69	Bt41 1	
70	Bt15 1	Bt19 1	Bt59 1	
71	Bt16 1	
72	Bt6 1	Bt77 1	
73	Bt66 1	
74	Bt5 1	Bt92 1	
75	Bt49 1	
76	Bt57 1	
77	Bt43 1	
78	Bt55 1	Bt86 1	
79	Bt3 1	Bt68 1	
80	Bt3 1	Bt50 1	
81	Bt50 1	Bt52 1	Bt63 1	
82	Bt1 1	
83	Bt32 1	
84	Bt46 1	Bt65 1	Bt87 1	
85	Bt6 1	
86	Bt35 1	
87	Bt52 1	Bt69 1	Bt91 1	
88	Bt89 1	
89	Bt26 1	
90	Bt5 1	
91	Bt20 1	Bt56 1	Bt61 1	
92	Bt1 1	Bt3 1	Bt37 1	
93	Bt1 1	Bt56 1	Bt97 1	
94	Bt42 1	Bt50 1	Bt96 1	
95	Bt5 1	Bt56 1	Bt100 1	
96	Bt6 1	Bt58 1	
97	Bt10 1	Bt18 1	Bt24 1	
98	Bt43 1	Bt91 1	
99	Bt42 1	Bt54 1	Bt91 1	
100	Bt93 1	