Name				268_n100_m200_bt100
Number_of_Customers		100
Number_of_Items			200
Number_of_ItemTypes		100
Number_of_Vehicles		25
TimeWindows			1

VEHICLE
Mass_Capacity			12595
CargoSpace_Length		60
CargoSpace_Width		25
CargoSpace_Height		30
Wheelbase			48
Max_Mass_FrontAxle		7100
Max_Mass_RearAxle		11500
Distance_FrontAxle_CargoSpace	4

CUSTOMERS
i		x		y		Demand		ReadyTime	DueDate		ServiceTime	DemandedMass	DemandedVolume
0		35		35		0		0		1000		0		0		0
1		43		34		1		630		892		10		296.61		385
2		16		4		3		571		733		10		638.42		641
3		7		25		2		51		311		10		298.98		548
4		24		14		1		93		341		10		446.86		616
5		46		23		3		815		1000		10		938.39		860
6		55		18		1		311		521		10		54.91		128
7		42		65		1		413		679		10		74.45		180
8		29		28		1		362		548		10		190.03		210
9		7		39		2		780		1000		10		328.31		480
10		70		46		2		339		539		10		296.57		400
11		12		34		1		657		889		10		77.03		108
12		34		51		1		510		738		10		306.37		336
13		61		18		3		414		676		10		530.13		534
14		69		50		1		0		190		10		77.03		108
15		21		51		1		230		454		10		120.34		280
16		46		66		2		139		407		10		266.24		462
17		13		76		3		4		214		10		479.81		552
18		33		68		2		6		304		10		466.33		432
19		12		48		2		815		1000		10		268.25		405
20		8		34		3		0		220		10		1113.23		1339
21		0		44		3		257		477		10		1023.74		1029
22		39		4		2		669		931		10		377.73		318
23		50		46		3		825		1000		10		601.41		804
24		17		20		1		868		1000		10		369.95		378
25		54		32		1		464		738		10		234.94		240
26		7		79		1		740		960		10		299.19		300
27		14		11		2		227		391		10		212.79		240
28		17		9		3		726		992		10		862.61		1044
29		46		3		2		53		273		10		382.37		678
30		62		38		2		602		848		10		327.41		555
31		36		18		1		183		431		10		59.47		192
32		50		56		2		132		360		10		289.43		384
33		18		57		2		693		931		10		215.52		418
34		4		15		2		418		690		10		391.16		318
35		44		61		2		2		256		10		236.87		382
36		24		45		1		0		195		10		106.75		300
37		46		13		3		0		235		10		262.81		561
38		21		66		3		622		854		10		631.86		666
39		29		35		3		0		258		10		432.44		530
40		12		2		3		510		734		10		414.06		468
41		48		78		1		725		959		10		253.52		240
42		60		54		2		285		551		10		185.79		292
43		59		49		1		752		984		10		86.62		136
44		32		47		3		819		1000		10		468.92		751
45		23		2		2		758		1000		10		381.74		522
46		64		60		2		454		696		10		370.86		686
47		1		26		2		626		884		10		326.4		456
48		64		69		3		76		296		10		673.38		644
49		67		55		3		498		790		10		609.08		540
50		15		69		2		12		292		10		310.57		255
51		63		22		2		7		269		10		668.05		780
52		54		24		2		0		162		10		129.24		252
53		66		18		2		686		928		10		207.78		445
54		27		11		1		417		663		10		80.56		160
55		42		70		1		0		247		10		77.03		108
56		57		1		3		623		861		10		549.76		694
57		50		75		2		144		324		10		213.76		368
58		52		28		3		741		959		10		409.31		744
59		3		30		1		821		1000		10		123.93		200
60		29		39		3		800		1000		10		917.64		1332
61		15		29		3		263		513		10		455.83		597
62		52		20		2		259		513		10		599.34		482
63		34		77		3		683		897		10		389.81		553
64		27		73		2		734		954		10		192.7		328
65		64		78		2		384		658		10		241.12		360
66		10		60		3		331		547		10		345.28		513
67		3		69		2		656		924		10		537.84		552
68		62		57		1		748		978		10		217.5		150
69		61		27		1		0		225		10		256.67		273
70		11		26		3		425		645		10		315.91		360
71		0		6		3		577		795		10		742.15		976
72		30		17		3		625		929		10		582.28		788
73		46		28		2		798		1000		10		228.34		380
74		49		40		1		402		706		10		157.8		280
75		44		80		3		55		301		10		415.96		664
76		6		42		3		39		265		10		686.32		814
77		60		74		1		389		615		10		253.86		300
78		35		0		1		0		182		10		309.84		420
79		33		15		1		191		479		10		567.43		440
80		53		49		3		151		413		10		384.36		340
81		54		76		2		646		888		10		616.21		756
82		2		48		2		0		169		10		390.14		640
83		42		58		2		626		814		10		393.78		728
84		33		40		1		8		242		10		99.76		112
85		9		63		3		312		556		10		462.45		627
86		2		79		1		91		331		10		296.61		385
87		27		64		1		617		811		10		42.05		132
88		37		9		2		0		212		10		491.89		702
89		16		38		1		605		841		10		220.84		280
90		43		46		2		707		957		10		331.12		453
91		40		26		2		595		827		10		515.81		760
92		19		13		1		306		532		10		253.52		240
93		9		71		2		179		353		10		315.04		420
94		7		47		3		518		774		10		840.88		1153
95		2		75		2		225		471		10		191.01		312
96		21		32		2		0		147		10		673.47		870
97		22		24		1		127		337		10		153.89		200
98		24		38		3		279		553		10		1072.53		1344
99		41		61		3		0		155		10		278.26		412
100		63		43		2		0		262		10		543.26		720

ITEMS
Type		Length		Width		Height		Mass		Fragility	LoadBearingStrength
Bt1		9		6		7		128.51		1		11.5959417
Bt2		13		3		6		107.81		1		5.0111660
Bt3		11		3		5		87.44		1		7.6056199
Bt4		12		5		3		84.85		0		60.4481016
Bt5		9		3		5		83.34		0		21.0922136
Bt6		7		6		3		125.59		0		30.4839568
Bt7		9		4		5		70.24		0		15.3053322
Bt8		10		4		5		123.93		1		6.5113699
Bt9		12		4		6		272.75		0		22.2193741
Bt10		8		5		6		234.94		0		31.0050878
Bt11		10		4		5		142.68		0		26.0159084
Bt12		10		5		5		118.08		1		4.0484240
Bt13		16		2		3		78.42		0		29.8035641
Bt14		11		2		6		42.05		0		8.2297582
Bt15		10		6		5		253.86		1		22.0402569
Bt16		7		4		6		148.51		0		17.0098142
Bt17		6		6		3		106.77		1		23.2357868
Bt18		9		6		3		99.58		0		21.6357441
Bt19		15		6		4		269.80		0		59.0279970
Bt20		12		3		3		70.04		0		29.2306244
Bt21		12		6		6		283.27		0		14.5923814
Bt22		6		2		3		16.56		0		15.0843904
Bt23		8		5		4		80.56		0		17.7054667
Bt24		8		5		5		153.89		0		16.0061851
Bt25		15		7		6		450.49		0		18.3893207
Bt26		13		3		7		256.67		0		85.7477464
Bt27		15		4		4		158.85		0		11.4839996
Bt28		12		4		5		214.12		0		40.7991236
Bt29		11		5		8		567.43		1		10.5774507
Bt30		11		7		8		446.86		0		13.1941430
Bt31		16		4		3		281.47		0		130.8779956
Bt32		17		5		3		217.97		1		6.9478273
Bt33		8		6		8		343.89		0		31.2359485
Bt34		7		6		8		156.55		0		20.9114587
Bt35		8		6		5		180.81		0		38.9196485
Bt36		12		4		5		253.52		0		32.1439408
Bt37		15		6		8		708.81		1		10.4698138
Bt38		8		2		8		54.91		0		10.1901603
Bt39		10		6		3		74.45		0		5.8129178
Bt40		9		3		4		77.03		0		31.0389211
Bt41		12		5		5		106.75		0		19.2867506
Bt42		8		3		3		135.04		0		207.1989067
Bt43		13		6		4		102.08		0		63.9632690
Bt44		10		7		8		305.73		0		18.3593251
Bt45		7		3		3		29.10		0		43.6454220
Bt46		12		3		6		90.52		0		28.5354502
Bt47		16		5		7		245.27		0		24.5853277
Bt48		12		2		6		68.95		0		24.0518438
Bt49		7		4		4		129.53		0		73.0943908
Bt50		10		3		4		71.77		0		22.6324079
Bt51		15		4		4		222.98		0		33.3186610
Bt52		7		2		8		48.33		0		23.9695621
Bt53		9		4		6		121.11		0		25.5048254
Bt54		7		5		8		120.34		0		12.1597477
Bt55		8		3		5		88.85		0		26.3934343
Bt56		8		4		6		268.04		0		278.1694597
Bt57		16		6		3		207.17		1		4.8844989
Bt58		10		6		5		299.19		0		46.7222462
Bt59		14		6		4		306.37		1		13.5404785
Bt60		11		7		5		296.61		0		21.9460713
Bt61		15		3		4		156.19		0		31.2962732
Bt62		8		3		5		87.19		0		30.8120881
Bt63		14		3		4		97.44		0		24.2994254
Bt64		13		2		5		128.90		0		108.0653571
Bt65		7		6		3		66.55		1		4.1196999
Bt66		13		4		7		264.39		1		34.5634424
Bt67		13		6		3		174.57		0		31.3422274
Bt68		9		6		7		369.95		0		41.0421419
Bt69		16		6		7		591.02		1		8.9302942
Bt70		11		4		7		275.84		0		53.1695125
Bt71		16		4		3		59.47		1		6.0525442
Bt72		7		6		3		109.69		1		12.3672293
Bt73		10		6		5		179.42		0		16.4302114
Bt74		12		2		4		28.92		1		4.4571685
Bt75		12		3		6		204.14		0		135.2341367
Bt76		9		4		6		130.61		0		9.0691476
Bt77		11		6		7		333.04		0		26.4199946
Bt78		11		3		5		325.70		0		46.3293949
Bt79		10		6		7		309.84		0		41.7403394
Bt80		14		5		3		190.03		1		44.5243868
Bt81		12		3		7		123.58		0		24.6897498
Bt82		15		4		7		244.07		0		86.1519535
Bt83		12		5		4		112.93		0		18.6705562
Bt84		16		2		5		143.74		0		244.9750871
Bt85		16		4		4		111.28		0		39.0864673
Bt86		7		5		8		220.84		0		33.6655958
Bt87		17		5		3		94.65		0		8.2569242
Bt88		10		3		5		217.50		0		62.1708103
Bt89		14		2		4		99.76		1		6.4769783
Bt90		17		2		4		86.62		0		57.5351376
Bt91		13		7		7		613.02		0		39.6707234
Bt92		16		4		3		285.52		0		312.0142790
Bt93		16		3		6		211.01		0		36.5024478
Bt94		10		6		3		69.97		0		29.1665604
Bt95		14		4		5		157.80		0		29.8143316
Bt96		11		6		3		63.80		0		16.2091391
Bt97		6		3		4		64.28		0		207.2931646
Bt98		7		2		3		31.91		0		41.4803625
Bt99		12		7		4		258.58		0		20.5150413
Bt100		7		6		3		123.39		0		154.3383509

DEMANDS PER CUSTOMER
i	Type Quantity
1	Bt60 1	
2	Bt52 1	Bt66 1	Bt78 1	
3	Bt38 1	Bt82 1	
4	Bt30 1	
5	Bt29 1	Bt50 1	Bt58 1	
6	Bt38 1	
7	Bt39 1	
8	Bt80 1	
9	Bt15 1	Bt39 1	
10	Bt11 1	Bt24 1	
11	Bt40 1	
12	Bt59 1	
13	Bt20 1	Bt67 1	Bt92 1	
14	Bt40 1	
15	Bt54 1	
16	Bt34 1	Bt72 1	
17	Bt8 1	Bt42 1	Bt86 1	
18	Bt35 1	Bt92 1	
19	Bt3 1	Bt35 1	
20	Bt2 1	Bt37 1	Bt60 1	
21	Bt11 1	Bt56 1	Bt91 1	
22	Bt56 1	Bt72 1	
23	Bt15 1	Bt21 1	Bt97 1	
24	Bt68 1	
25	Bt10 1	
26	Bt58 1	
27	Bt16 1	Bt97 1	
28	Bt4 1	Bt37 1	Bt48 1	
29	Bt1 1	Bt15 1	
30	Bt5 1	Bt82 1	
31	Bt71 1	
32	Bt13 1	Bt93 1	
33	Bt12 1	Bt63 1	
34	Bt31 1	Bt72 1	
35	Bt6 1	Bt85 1	
36	Bt41 1	
37	Bt3 1	Bt4 1	Bt46 1	
38	Bt51 1	Bt58 1	Bt72 1	
39	Bt23 1	Bt51 1	Bt64 1	
40	Bt9 1	Bt40 1	Bt97 1	
41	Bt36 1	
42	Bt14 1	Bt84 1	
43	Bt90 1	
44	Bt32 1	Bt54 1	Bt76 1	
45	Bt57 1	Bt67 1	
46	Bt6 1	Bt47 1	
47	Bt22 1	Bt79 1	
48	Bt29 1	Bt40 1	Bt74 1	
49	Bt20 1	Bt36 1	Bt92 1	
50	Bt31 1	Bt45 1	
51	Bt40 1	Bt69 1	
52	Bt14 1	Bt62 1	
53	Bt3 1	Bt54 1	
54	Bt23 1	
55	Bt40 1	
56	Bt49 1	Bt62 1	Bt77 1	
57	Bt27 1	Bt38 1	
58	Bt47 1	Bt89 1	Bt97 1	
59	Bt8 1	
60	Bt37 1	Bt41 1	Bt43 1	
61	Bt18 2	Bt26 1	
62	Bt29 1	Bt98 1	
63	Bt60 1	Bt74 1	Bt97 1	
64	Bt64 1	Bt96 1	
65	Bt65 1	Bt67 1	
66	Bt3 1	Bt35 1	Bt40 1	
67	Bt19 1	Bt56 1	
68	Bt88 1	
69	Bt26 1	
70	Bt49 1	Bt89 1	Bt90 1	
71	Bt2 1	Bt66 1	Bt68 1	
72	Bt8 1	Bt16 1	Bt79 1	
73	Bt24 1	Bt39 1	
74	Bt95 1	
75	Bt28 1	Bt43 1	Bt89 1	
76	Bt36 1	Bt77 1	Bt89 1	
77	Bt15 1	
78	Bt79 1	
79	Bt29 1	
80	Bt22 1	Bt56 1	Bt89 1	
81	Bt59 1	Bt79 1	
82	Bt19 1	Bt54 1	
83	Bt16 1	Bt47 1	
84	Bt89 1	
85	Bt5 1	Bt42 1	Bt82 1	
86	Bt60 1	
87	Bt14 1	
88	Bt27 1	Bt77 1	
89	Bt86 1	
90	Bt26 1	Bt39 1	
91	Bt30 1	Bt48 1	
92	Bt36 1	
93	Bt27 1	Bt61 1	
94	Bt41 1	Bt53 1	Bt91 1	
95	Bt11 1	Bt52 1	
96	Bt25 1	Bt51 1	
97	Bt24 1	
98	Bt34 1	Bt37 1	Bt57 1	
99	Bt7 1	Bt84 1	Bt97 1	
100	Bt58 1	Bt82 1	