Name				269_n100_m200_bt100
Number_of_Customers		100
Number_of_Items			200
Number_of_ItemTypes		100
Number_of_Vehicles		27
TimeWindows			1

VEHICLE
Mass_Capacity			12595
CargoSpace_Length		60
CargoSpace_Width		25
CargoSpace_Height		30
Wheelbase			48
Max_Mass_FrontAxle		7100
Max_Mass_RearAxle		11500
Distance_FrontAxle_CargoSpace	4

CUSTOMERS
i		x		y		Demand		ReadyTime	DueDate		ServiceTime	DemandedMass	DemandedVolume
0		35		35		0		0		1000		0		0		0
1		69		47		2		8		246		10		448.18		525
2		11		25		2		291		577		10		218.78		296
3		62		69		2		409		615		10		733.61		1008
4		61		8		2		364		600		10		655.69		1066
5		8		17		1		0		181		10		176.28		312
6		63		54		1		666		902		10		88.38		144
7		66		7		2		517		723		10		357.89		616
8		58		51		3		302		544		10		271.62		520
9		19		79		1		0		177		10		112.26		120
10		67		74		2		408		622		10		521.64		592
11		67		23		2		351		645		10		422.77		652
12		33		1		3		201		419		10		223.21		333
13		58		80		3		700		970		10		506.41		693
14		53		2		1		755		977		10		118.73		156
15		65		80		1		140		388		10		210.98		225
16		60		74		2		8		248		10		241.61		264
17		33		21		3		566		806		10		496.73		669
18		22		10		2		502		734		10		261.48		525
19		11		80		1		502		742		10		237.97		264
20		51		15		1		272		508		10		105.72		126
21		70		27		2		275		555		10		418.11		574
22		7		52		2		316		590		10		113.76		258
23		30		39		3		858		1000		10		837.1		1105
24		7		28		1		492		648		10		155.88		192
25		41		74		1		644		882		10		103.23		224
26		31		10		3		301		535		10		583.81		931
27		13		36		3		354		626		10		557.79		908
28		47		39		3		0		204		10		598.94		867
29		62		57		3		576		824		10		602.18		906
30		19		33		3		647		937		10		800.06		954
31		33		15		3		657		885		10		754.63		1210
32		38		72		3		70		256		10		745.38		943
33		56		73		1		349		637		10		237.29		280
34		39		21		2		789		1000		10		207.65		264
35		7		10		2		241		505		10		189.87		304
36		69		54		2		109		371		10		227.95		492
37		49		68		3		490		752		10		713.9		1236
38		36		21		2		354		596		10		528.02		909
39		0		78		1		408		642		10		217.78		360
40		37		16		2		305		587		10		182.29		396
41		27		6		3		0		181		10		347.02		581
42		4		25		2		670		888		10		829.61		880
43		26		30		1		328		588		10		210.37		476
44		23		63		1		786		1000		10		100.23		140
45		15		66		1		673		917		10		94.59		144
46		1		16		1		414		632		10		400.13		432
47		63		3		1		555		801		10		262.34		195
48		40		38		1		0		255		10		112.26		120
49		13		22		3		715		979		10		474.03		727
50		67		70		2		110		356		10		183.29		424
51		47		9		2		652		888		10		436.52		510
52		67		60		1		745		975		10		237.97		264
53		48		51		2		786		1000		10		661.97		871
54		68		16		2		0		207		10		102.28		180
55		11		30		2		0		201		10		491.76		807
56		28		21		1		148		372		10		118.5		165
57		6		37		2		662		858		10		1306.4		1065
58		9		57		2		186		420		10		790.3		910
59		22		79		3		759		957		10		557.37		809
60		43		5		2		565		801		10		319.48		345
61		51		76		3		0		191		10		481.22		688
62		46		19		1		807		1000		10		144.61		216
63		54		58		1		861		1000		10		100.23		140
64		56		36		3		413		607		10		819.45		852
65		62		23		3		115		299		10		1539.85		1354
66		1		33		2		825		1000		10		310.46		420
67		29		66		3		762		1000		10		1044.93		895
68		21		42		2		640		876		10		179.27		254
69		52		69		2		90		362		10		425.4		360
70		3		62		2		824		1000		10		802.08		874
71		3		51		2		432		636		10		553.05		846
72		28		2		2		3		293		10		216.75		343
73		18		72		3		194		434		10		614.13		864
74		57		10		2		508		728		10		237.86		608
75		54		25		1		549		747		10		379.17		576
76		66		1		1		468		738		10		210.98		225
77		48		12		2		174		466		10		563.19		597
78		42		79		3		0		163		10		416.84		682
79		40		50		3		651		951		10		1118.56		1241
80		15		47		1		262		572		10		112.59		231
81		53		38		3		17		261		10		1752.1		1374
82		57		41		3		364		552		10		795.85		1484
83		31		24		1		378		662		10		59.31		126
84		35		52		3		653		887		10		343.05		384
85		37		1		2		215		497		10		301.03		380
86		65		63		3		433		767		10		871		1309
87		38		44		1		514		762		10		118.73		156
88		55		54		2		112		360		10		386.28		513
89		70		72		2		277		535		10		459.82		612
90		65		17		3		302		520		10		229.9		348
91		38		79		2		102		328		10		195.62		264
92		14		72		2		449		725		10		699.25		845
93		26		72		1		423		627		10		152.52		224
94		45		33		2		174		420		10		299.95		588
95		52		46		2		112		340		10		611.02		832
96		10		0		2		332		576		10		116.09		324
97		9		62		2		377		617		10		167.81		246
98		51		21		2		114		366		10		596.95		936
99		21		5		1		392		600		10		176.12		210
100		9		6		2		571		805		10		558.23		690

ITEMS
Type		Length		Width		Height		Mass		Fragility	LoadBearingStrength
Bt1		17		4		8		351.19		0		19.9576418
Bt2		12		3		3		93.10		0		36.5338374
Bt3		13		4		7		492.81		1		46.8201456
Bt4		13		5		3		262.34		1		62.9364872
Bt5		11		6		8		1041.25		0		105.0822051
Bt6		6		3		8		88.38		0		28.4544909
Bt7		16		3		8		134.63		0		18.5018144
Bt8		6		4		5		67.10		0		21.4458980
Bt9		13		6		8		598.98		0		28.3231952
Bt10		12		4		3		128.52		0		53.4977731
Bt11		10		2		6		108.50		0		46.7009710
Bt12		8		4		5		85.46		1		15.8227008
Bt13		6		4		6		94.59		0		22.3967867
Bt14		15		4		4		232.06		0		31.3940525
Bt15		17		6		7		1264.92		0		87.9245767
Bt16		13		4		7		231.49		0		14.7068863
Bt17		15		5		3		210.98		0		74.7616715
Bt18		11		3		7		112.59		0		38.0449553
Bt19		9		6		5		108.89		1		4.6667680
Bt20		17		5		5		757.02		0		397.3992829
Bt21		7		5		4		100.23		1		8.7290296
Bt22		12		2		5		112.26		0		24.5847958
Bt23		15		3		7		294.15		0		82.0425921
Bt24		16		6		5		475.05		0		25.1344970
Bt25		10		3		6		78.40		0		50.3202684
Bt26		9		4		6		83.27		0		12.2240462
Bt27		13		4		3		148.51		0		77.5091884
Bt28		9		5		3		61.51		0		17.6534631
Bt29		7		7		3		123.41		0		52.0348302
Bt30		12		4		8		330.80		0		119.6066221
Bt31		7		6		7		161.37		0		43.3136997
Bt32		7		7		4		93.34		0		25.2417983
Bt33		9		5		4		154.50		0		37.5672063
Bt34		17		3		7		166.44		0		18.4052347
Bt35		10		4		3		107.71		0		34.3225250
Bt36		14		3		3		59.31		0		23.2162789
Bt37		7		4		5		77.33		0		35.2951450
Bt38		8		2		6		89.85		0		114.7471582
Bt39		15		4		6		245.29		0		30.8159490
Bt40		11		4		6		237.97		0		85.8112739
Bt41		16		5		8		549.38		0		67.4418460
Bt42		7		5		8		237.29		0		28.5441075
Bt43		14		5		3		176.12		0		48.6467225
Bt44		13		2		8		100.02		0		10.8201767
Bt45		13		2		6		141.45		1		21.4083797
Bt46		14		6		4		123.46		0		14.7828311
Bt47		11		6		5		237.20		0		16.1512095
Bt48		6		3		7		105.72		0		105.1029828
Bt49		8		3		3		56.83		1		12.4796630
Bt50		15		6		5		137.84		0		17.6587486
Bt51		17		4		7		210.37		0		61.3825709
Bt52		11		3		5		163.06		1		37.3275680
Bt53		17		2		7		226.19		1		36.1327785
Bt54		13		6		3		129.12		1		6.8813557
Bt55		16		6		6		379.17		1		8.8329009
Bt56		10		7		3		83.18		0		20.6434256
Bt57		8		7		6		330.50		1		8.0469702
Bt58		9		4		5		99.02		1		40.2825265
Bt59		9		3		8		88.05		0		43.5179694
Bt60		12		2		8		155.88		0		58.6152983
Bt61		11		3		5		118.50		0		30.2094097
Bt62		17		6		7		428.96		0		33.0264955
Bt63		16		3		3		92.16		0		129.3448714
Bt64		13		6		7		287.37		1		26.2406909
Bt65		10		5		5		203.10		1		13.6132832
Bt66		13		3		4		118.73		0		80.5647359
Bt67		8		5		4		131.47		0		48.0333902
Bt68		11		2		5		90.89		0		42.4959667
Bt69		9		6		8		400.13		0		47.4947972
Bt70		8		3		7		117.80		0		40.9083139
Bt71		15		3		3		107.07		0		86.0650159
Bt72		11		4		5		90.62		1		3.6396075
Bt73		16		7		4		429.48		0		37.7629878
Bt74		9		6		7		324.77		0		26.0762031
Bt75		9		5		4		138.60		0		98.4949565
Bt76		17		7		5		496.15		0		13.5479967
Bt77		6		2		3		13.90		0		22.8978098
Bt78		6		4		8		61.64		0		7.1224009
Bt79		11		3		4		54.45		0		12.1412524
Bt80		13		7		8		317.66		0		27.5201267
Bt81		14		6		4		120.60		0		58.8727004
Bt82		14		5		6		184.31		1		4.9211019
Bt83		14		4		4		103.23		0		22.1397844
Bt84		13		7		4		201.58		0		24.7630926
Bt85		12		5		6		217.78		1		7.3323328
Bt86		7		3		8		87.48		0		24.0259861
Bt87		13		5		8		368.32		0		28.5685557
Bt88		6		6		6		144.61		0		32.2799214
Bt89		11		2		8		59.89		0		7.1686302
Bt90		9		7		7		196.72		1		6.8222644
Bt91		9		6		8		151.44		0		34.3944730
Bt92		17		6		5		222.55		0		71.2471507
Bt93		7		3		8		95.04		0		48.1882501
Bt94		7		4		8		152.52		0		44.8236353
Bt95		13		6		4		176.28		0		12.5603454
Bt96		11		4		6		170.79		0		24.7087956
Bt97		14		6		4		289.78		1		13.4803324
Bt98		13		6		6		331.30		0		28.7653924
Bt99		9		5		8		180		0		31.1792525
Bt100		17		7		7		819.25		0		46.1381627

DEMANDS PER CUSTOMER
i	Type Quantity
1	Bt29 1	Bt74 1	
2	Bt37 1	Bt45 1	
3	Bt7 1	Bt9 1	
4	Bt64 1	Bt87 1	
5	Bt95 1	
6	Bt6 1	
7	Bt42 1	Bt81 1	
8	Bt11 1	Bt83 1	Bt89 1	
9	Bt22 1	
10	Bt63 1	Bt73 1	
11	Bt79 1	Bt87 1	
12	Bt36 1	Bt49 1	Bt71 1	
13	Bt31 1	Bt40 1	Bt71 1	
14	Bt66 1	
15	Bt17 1	
16	Bt2 1	Bt27 1	
17	Bt6 1	Bt39 1	Bt52 1	
18	Bt34 1	Bt93 1	
19	Bt40 1	
20	Bt48 1	
21	Bt32 1	Bt74 1	
22	Bt36 1	Bt79 1	
23	Bt14 1	Bt19 1	Bt76 1	
24	Bt60 1	
25	Bt83 1	
26	Bt12 1	Bt17 1	Bt64 1	
27	Bt55 1	Bt66 1	Bt89 1	
28	Bt27 1	Bt52 1	Bt64 1	
29	Bt2 1	Bt74 1	Bt82 1	
30	Bt14 1	Bt30 1	Bt47 1	
31	Bt57 1	Bt84 1	Bt92 1	
32	Bt17 1	Bt65 1	Bt98 1	
33	Bt42 1	
34	Bt38 1	Bt70 1	
35	Bt38 1	Bt44 1	
36	Bt28 1	Bt34 1	
37	Bt34 1	Bt61 1	Bt62 1	
38	Bt90 1	Bt98 1	
39	Bt85 1	
40	Bt26 1	Bt58 1	
41	Bt32 1	Bt52 1	Bt72 1	
42	Bt69 1	Bt73 1	
43	Bt51 1	
44	Bt21 1	
45	Bt13 1	
46	Bt69 1	
47	Bt4 1	
48	Bt22 1	
49	Bt34 1	Bt43 1	Bt67 1	
50	Bt26 1	Bt44 1	
51	Bt30 1	Bt48 1	
52	Bt40 1	
53	Bt18 1	Bt41 1	
54	Bt6 1	Bt77 1	
55	Bt18 1	Bt55 1	
56	Bt61 1	
57	Bt20 1	Bt41 1	
58	Bt23 1	Bt76 1	
59	Bt42 1	Bt61 1	Bt84 1	
60	Bt11 1	Bt17 1	
61	Bt42 1	Bt59 1	Bt60 1	
62	Bt88 1	
63	Bt21 1	
64	Bt24 1	Bt57 1	Bt77 1	
65	Bt15 1	Bt72 1	Bt82 1	
66	Bt14 1	Bt25 1	
67	Bt3 1	Bt4 1	Bt97 1	
68	Bt6 1	Bt68 1	
69	Bt4 1	Bt52 1	
70	Bt9 1	Bt65 1	
71	Bt57 1	Bt92 1	
72	Bt29 1	Bt32 1	
73	Bt1 1	Bt67 2	
74	Bt7 1	Bt83 1	
75	Bt55 1	
76	Bt17 1	
77	Bt52 1	Bt69 1	
78	Bt32 1	Bt48 1	Bt85 1	
79	Bt10 1	Bt96 1	Bt100 1	
80	Bt18 1	
81	Bt15 1	Bt60 1	Bt98 1	
82	Bt55 1	Bt58 1	Bt80 1	
83	Bt36 1	
84	Bt2 1	Bt11 1	Bt45 1	
85	Bt27 1	Bt94 1	
86	Bt64 1	Bt76 1	Bt86 1	
87	Bt66 1	
88	Bt28 1	Bt74 1	
89	Bt10 1	Bt98 1	
90	Bt10 1	Bt77 1	Bt86 1	
91	Bt8 1	Bt10 1	
92	Bt65 1	Bt76 1	
93	Bt94 1	
94	Bt27 1	Bt91 1	
95	Bt41 1	Bt78 1	
96	Bt78 1	Bt79 1	
97	Bt11 1	Bt36 1	
98	Bt55 1	Bt85 1	
99	Bt43 1	
100	Bt24 1	Bt56 1	