Name				271_n100_m200_bt3
Number_of_Customers		100
Number_of_Items			200
Number_of_ItemTypes		3
Number_of_Vehicles		23
TimeWindows			1

VEHICLE
Mass_Capacity			12595
CargoSpace_Length		60
CargoSpace_Width		25
CargoSpace_Height		30
Wheelbase			48
Max_Mass_FrontAxle		7100
Max_Mass_RearAxle		11500
Distance_FrontAxle_CargoSpace	4

CUSTOMERS
i		x		y		Demand		ReadyTime	DueDate		ServiceTime	DemandedMass	DemandedVolume
0		35		35		0		0		1000		0		0		0
1		62		69		3		334		662		10		2016.67		5502
2		51		60		2		0		960		10		1740.84		4752
3		50		53		2		0		966		10		1740.84		4752
4		45		4		3		211		475		10		1994.8		5086
5		37		8		1		797		999		10		870.42		2376
6		49		16		3		347		575		10		2567.52		6296
7		70		73		2		696		932		10		1146.25		3126
8		57		64		2		66		294		10		1718.97		4336
9		1		70		2		0		941		10		1124.38		2710
10		57		74		3		377		631		10		1972.93		4670
11		24		51		3		0		970		10		2016.67		5502
12		21		3		3		322		536		10		1422.08		3876
13		30		5		1		295		535		10		848.55		1960
14		69		25		3		0		954		10		1972.93		4670
15		50		5		2		0		956		10		1718.97		4336
16		65		69		2		0		944		10		1146.25		3126
17		8		53		3		102		312		10		1972.93		4670
18		67		9		2		821		1000		10		1124.38		2710
19		11		63		1		825		1000		10		870.42		2376
20		26		71		2		640		934		10		1740.84		4752
21		51		48		2		0		131		10		1740.84		4752
22		43		62		1		0		961		10		848.55		1960
23		18		3		2		661		837		10		1718.97		4336
24		33		78		3		680		906		10		2016.67		5502
25		12		0		1		0		948		10		848.55		1960
26		16		18		2		814		1000		10		1146.25		3126
27		24		19		2		0		220		10		1146.25		3126
28		53		38		1		0		971		10		275.83		750
29		52		57		3		0		962		10		2016.67		5502
30		55		55		2		450		708		10		551.66		1500
31		14		79		1		392		640		10		275.83		750
32		1		34		3		0		955		10		1972.93		4670
33		20		29		2		526		746		10		1124.38		2710
34		69		35		2		0		956		10		551.66		1500
35		33		70		2		0		179		10		1718.97		4336
36		11		15		2		208		480		10		1124.38		2710
37		29		11		2		0		965		10		1718.97		4336
38		64		62		3		0		950		10		1972.93		4670
39		45		58		3		0		964		10		1994.8		5086
40		26		48		3		0		974		10		1994.8		5086
41		16		74		1		84		330		10		848.55		1960
42		31		66		1		0		225		10		870.42		2376
43		7		71		3		0		944		10		1994.8		5086
44		36		30		2		759		993		10		1697.1		3920
45		48		77		1		0		946		10		275.83		750
46		55		19		1		0		964		10		870.42		2376
47		22		48		1		205		433		10		848.55		1960
48		5		51		2		843		1000		10		1124.38		2710
49		62		17		1		275		537		10		870.42		2376
50		25		58		3		655		941		10		2016.67		5502
51		59		18		2		227		469		10		1718.97		4336
52		54		51		1		0		965		10		870.42		2376
53		42		9		3		450		694		10		2016.67		5502
54		62		2		3		0		947		10		2589.39		6712
55		28		65		2		0		959		10		1740.84		4752
56		37		66		2		0		958		10		1124.38		2710
57		18		61		1		0		958		10		275.83		750
58		39		28		1		449		677		10		870.42		2376
59		43		38		3		0		981		10		2611.26		7128
60		25		12		2		308		528		10		1146.25		3126
61		37		46		2		0		978		10		1124.38		2710
62		27		4		3		0		957		10		2589.39		6712
63		39		49		1		293		559		10		848.55		1960
64		9		50		2		33		235		10		1740.84		4752
65		63		65		1		681		925		10		870.42		2376
66		11		53		1		0		960		10		848.55		1960
67		52		75		3		304		518		10		1994.8		5086
68		21		37		2		596		882		10		1146.25		3126
69		2		78		2		0		935		10		1718.97		4336
70		36		72		3		0		952		10		1400.21		3460
71		68		65		2		0		945		10		1718.97		4336
72		27		26		2		768		1000		10		1718.97		4336
73		33		4		3		225		475		10		1400.21		3460
74		30		59		3		751		989		10		2545.65		5880
75		36		54		2		0		970		10		1718.97		4336
76		51		80		3		0		942		10		1994.8		5086
77		68		22		1		0		954		10		848.55		1960
78		60		5		1		282		506		10		870.42		2376
79		31		14		2		0		968		10		551.66		1500
80		51		26		2		378		652		10		1124.38		2710
81		58		28		1		0		965		10		848.55		1960
82		45		24		1		0		975		10		275.83		750
83		15		49		2		0		965		10		1718.97		4336
84		38		78		3		0		946		10		1400.21		3460
85		39		75		1		280		562		10		870.42		2376
86		4		27		1		0		957		10		275.83		750
87		41		16		3		652		926		10		2545.65		5880
88		1		53		1		0		951		10		275.83		750
89		3		6		1		221		433		10		848.55		1960
90		62		11		3		391		599		10		1400.21		3460
91		51		35		2		0		974		10		1124.38		2710
92		26		34		2		0		980		10		1124.38		2710
93		5		74		1		0		940		10		275.83		750
94		23		30		2		0		977		10		1124.38		2710
95		34		16		3		0		970		10		2016.67		5502
96		32		32		2		77		315		10		1146.25		3126
97		7		47		1		774		996		10		870.42		2376
98		9		43		2		0		962		10		1697.1		3920
99		5		15		2		0		953		10		1146.25		3126
100		9		56		2		0		956		10		1718.97		4336

ITEMS
Type		Length		Width		Height		Mass		Fragility	LoadBearingStrength
Bt1		25		5		6		275.83		0		8.2316743
Bt2		22		9		12		870.42		0		38.2606066
Bt3		14		10		14		848.55		1		7.6734535

DEMANDS PER CUSTOMER
i	Type Quantity
1	Bt1 1	Bt2 2	
2	Bt2 2	
3	Bt2 2	
4	Bt1 1	Bt2 1	Bt3 1	
5	Bt2 1	
6	Bt2 1	Bt3 2	
7	Bt1 1	Bt2 1	
8	Bt2 1	Bt3 1	
9	Bt1 1	Bt3 1	
10	Bt1 1	Bt3 2	
11	Bt1 1	Bt2 2	
12	Bt1 2	Bt2 1	
13	Bt3 1	
14	Bt1 1	Bt3 2	
15	Bt2 1	Bt3 1	
16	Bt1 1	Bt2 1	
17	Bt1 1	Bt3 2	
18	Bt1 1	Bt3 1	
19	Bt2 1	
20	Bt2 2	
21	Bt2 2	
22	Bt3 1	
23	Bt2 1	Bt3 1	
24	Bt1 1	Bt2 2	
25	Bt3 1	
26	Bt1 1	Bt2 1	
27	Bt1 1	Bt2 1	
28	Bt1 1	
29	Bt1 1	Bt2 2	
30	Bt1 2	
31	Bt1 1	
32	Bt1 1	Bt3 2	
33	Bt1 1	Bt3 1	
34	Bt1 2	
35	Bt2 1	Bt3 1	
36	Bt1 1	Bt3 1	
37	Bt2 1	Bt3 1	
38	Bt1 1	Bt3 2	
39	Bt1 1	Bt2 1	Bt3 1	
40	Bt1 1	Bt2 1	Bt3 1	
41	Bt3 1	
42	Bt2 1	
43	Bt1 1	Bt2 1	Bt3 1	
44	Bt3 2	
45	Bt1 1	
46	Bt2 1	
47	Bt3 1	
48	Bt1 1	Bt3 1	
49	Bt2 1	
50	Bt1 1	Bt2 2	
51	Bt2 1	Bt3 1	
52	Bt2 1	
53	Bt1 1	Bt2 2	
54	Bt2 2	Bt3 1	
55	Bt2 2	
56	Bt1 1	Bt3 1	
57	Bt1 1	
58	Bt2 1	
59	Bt2 3	
60	Bt1 1	Bt2 1	
61	Bt1 1	Bt3 1	
62	Bt2 2	Bt3 1	
63	Bt3 1	
64	Bt2 2	
65	Bt2 1	
66	Bt3 1	
67	Bt1 1	Bt2 1	Bt3 1	
68	Bt1 1	Bt2 1	
69	Bt2 1	Bt3 1	
70	Bt1 2	Bt3 1	
71	Bt2 1	Bt3 1	
72	Bt2 1	Bt3 1	
73	Bt1 2	Bt3 1	
74	Bt3 3	
75	Bt2 1	Bt3 1	
76	Bt1 1	Bt2 1	Bt3 1	
77	Bt3 1	
78	Bt2 1	
79	Bt1 2	
80	Bt1 1	Bt3 1	
81	Bt3 1	
82	Bt1 1	
83	Bt2 1	Bt3 1	
84	Bt1 2	Bt3 1	
85	Bt2 1	
86	Bt1 1	
87	Bt3 3	
88	Bt1 1	
89	Bt3 1	
90	Bt1 2	Bt3 1	
91	Bt1 1	Bt3 1	
92	Bt1 1	Bt3 1	
93	Bt1 1	
94	Bt1 1	Bt3 1	
95	Bt1 1	Bt2 2	
96	Bt1 1	Bt2 1	
97	Bt2 1	
98	Bt3 2	
99	Bt1 1	Bt2 1	
100	Bt2 1	Bt3 1	