Name				272_n100_m200_bt3
Number_of_Customers		100
Number_of_Items			200
Number_of_ItemTypes		3
Number_of_Vehicles		21
TimeWindows			1

VEHICLE
Mass_Capacity			12595
CargoSpace_Length		60
CargoSpace_Width		25
CargoSpace_Height		30
Wheelbase			48
Max_Mass_FrontAxle		7100
Max_Mass_RearAxle		11500
Distance_FrontAxle_CargoSpace	4

CUSTOMERS
i		x		y		Demand		ReadyTime	DueDate		ServiceTime	DemandedMass	DemandedVolume
0		35		35		0		0		1000		0		0		0
1		15		74		1		172		412		10		242.68		1750
2		46		38		3		0		978		10		817.56		5684
3		24		48		2		0		972		10		799.6		3514
4		3		49		1		0		955		10		242.68		1750
5		5		36		3		0		959		10		1042.28		5264
6		22		11		1		313		559		10		467.4		1330
7		25		9		2		388		592		10		799.6		3514
8		53		66		3		518		786		10		1267		4844
9		0		37		1		550		734		10		332.2		2184
10		11		60		2		0		955		10		710.08		3080
11		70		39		2		0		954		10		485.36		3500
12		30		28		1		431		683		10		332.2		2184
13		64		9		3		425		665		10		728.04		5250
14		2		77		2		0		936		10		934.8		2660
15		41		54		2		0		970		10		799.6		3514
16		27		17		2		0		970		10		710.08		3080
17		34		55		3		551		789		10		817.56		5684
18		12		39		1		0		966		10		467.4		1330
19		9		66		1		0		949		10		467.4		1330
20		17		60		2		0		959		10		934.8		2660
21		55		77		2		0		943		10		574.88		3934
22		1		72		1		506		756		10		242.68		1750
23		39		27		1		541		789		10		242.68		1750
24		54		5		2		351		589		10		799.6		3514
25		58		62		3		0		954		10		1042.28		5264
26		55		80		1		0		940		10		467.4		1330
27		58		36		1		0		966		10		242.68		1750
28		52		22		1		797		1000		10		332.2		2184
29		62		63		2		123		359		10		799.6		3514
30		47		10		1		0		962		10		332.2		2184
31		62		67		2		0		948		10		485.36		3500
32		67		61		2		0		948		10		574.88		3934
33		60		23		1		0		962		10		467.4		1330
34		67		75		1		48		296		10		242.68		1750
35		68		71		2		149		375		10		799.6		3514
36		68		29		1		354		550		10		467.4		1330
37		8		36		2		0		962		10		574.88		3934
38		44		3		2		0		956		10		799.6		3514
39		6		3		3		49		287		10		728.04		5250
40		52		75		3		96		286		10		1131.8		5698
41		49		56		2		108		340		10		485.36		3500
42		1		25		2		608		852		10		799.6		3514
43		14		14		2		304		524		10		710.08		3080
44		32		4		3		0		958		10		907.08		6118
45		36		14		3		0		968		10		1042.28		5264
46		58		5		2		0		952		10		710.08		3080
47		52		0		2		0		951		10		799.6		3514
48		13		0		3		425		639		10		952.76		4830
49		6		30		3		0		960		10		1131.8		5698
50		14		34		3		379		599		10		1177.48		4410
51		48		14		3		0		965		10		1131.8		5698
52		20		78		3		533		785		10		1042.28		5264
53		11		8		3		170		350		10		1042.28		5264
54		40		64		1		0		960		10		467.4		1330
55		64		17		1		0		955		10		332.2		2184
56		59		52		1		369		567		10		332.2		2184
57		53		39		2		790		1000		10		574.88		3934
58		13		22		3		0		964		10		1042.28		5264
59		68		22		2		0		954		10		799.6		3514
60		40		33		3		180		428		10		1177.48		4410
61		2		46		3		0		201		10		1131.8		5698
62		67		46		1		0		956		10		242.68		1750
63		42		49		2		640		824		10		664.4		4368
64		27		58		1		0		965		10		467.4		1330
65		6		66		3		228		446		10		728.04		5250
66		61		28		2		0		963		10		485.36		3500
67		68		58		3		88		308		10		1042.28		5264
68		26		12		2		0		965		10		710.08		3080
69		55		52		3		206		426		10		952.76		4830
70		15		68		3		0		951		10		1267		4844
71		3		52		1		483		713		10		242.68		1750
72		69		53		2		0		951		10		799.6		3514
73		24		41		1		0		977		10		467.4		1330
74		46		59		2		0		963		10		485.36		3500
75		21		44		2		511		751		10		799.6		3514
76		49		61		2		0		960		10		710.08		3080
77		61		74		2		0		943		10		574.88		3934
78		44		16		1		333		523		10		332.2		2184
79		25		78		3		0		945		10		907.08		6118
80		24		68		2		0		955		10		710.08		3080
81		37		50		1		0		974		10		332.2		2184
82		28		63		2		224		448		10		799.6		3514
83		23		34		1		169		425		10		467.4		1330
84		37		73		3		635		881		10		1402.2		3990
85		56		22		2		473		765		10		574.88		3934
86		8		6		1		0		950		10		242.68		1750
87		10		42		3		0		964		10		1042.28		5264
88		39		17		3		0		971		10		817.56		5684
89		34		76		1		0		254		10		332.2		2184
90		66		34		2		177		421		10		574.88		3934
91		1		66		2		45		265		10		574.88		3934
92		70		47		3		430		678		10		1042.28		5264
93		23		56		2		482		700		10		934.8		2660
94		24		1		2		0		954		10		574.88		3934
95		33		41		3		684		898		10		1042.28		5264
96		52		72		2		471		721		10		574.88		3934
97		18		65		1		211		473		10		242.68		1750
98		11		13		1		0		957		10		332.2		2184
99		59		69		2		343		577		10		799.6		3514
100		65		79		3		133		381		10		1402.2		3990

ITEMS
Type		Length		Width		Height		Mass		Fragility	LoadBearingStrength
Bt1		19		7		10		467.40		1		10.0350441
Bt2		26		6		14		332.20		0		10.5046772
Bt3		35		5		10		242.68		0		8.5316331

DEMANDS PER CUSTOMER
i	Type Quantity
1	Bt3 1	
2	Bt2 1	Bt3 2	
3	Bt1 1	Bt2 1	
4	Bt3 1	
5	Bt1 1	Bt2 1	Bt3 1	
6	Bt1 1	
7	Bt1 1	Bt2 1	
8	Bt1 2	Bt2 1	
9	Bt2 1	
10	Bt1 1	Bt3 1	
11	Bt3 2	
12	Bt2 1	
13	Bt3 3	
14	Bt1 2	
15	Bt1 1	Bt2 1	
16	Bt1 1	Bt3 1	
17	Bt2 1	Bt3 2	
18	Bt1 1	
19	Bt1 1	
20	Bt1 2	
21	Bt2 1	Bt3 1	
22	Bt3 1	
23	Bt3 1	
24	Bt1 1	Bt2 1	
25	Bt1 1	Bt2 1	Bt3 1	
26	Bt1 1	
27	Bt3 1	
28	Bt2 1	
29	Bt1 1	Bt2 1	
30	Bt2 1	
31	Bt3 2	
32	Bt2 1	Bt3 1	
33	Bt1 1	
34	Bt3 1	
35	Bt1 1	Bt2 1	
36	Bt1 1	
37	Bt2 1	Bt3 1	
38	Bt1 1	Bt2 1	
39	Bt3 3	
40	Bt1 1	Bt2 2	
41	Bt3 2	
42	Bt1 1	Bt2 1	
43	Bt1 1	Bt3 1	
44	Bt2 2	Bt3 1	
45	Bt1 1	Bt2 1	Bt3 1	
46	Bt1 1	Bt3 1	
47	Bt1 1	Bt2 1	
48	Bt1 1	Bt3 2	
49	Bt1 1	Bt2 2	
50	Bt1 2	Bt3 1	
51	Bt1 1	Bt2 2	
52	Bt1 1	Bt2 1	Bt3 1	
53	Bt1 1	Bt2 1	Bt3 1	
54	Bt1 1	
55	Bt2 1	
56	Bt2 1	
57	Bt2 1	Bt3 1	
58	Bt1 1	Bt2 1	Bt3 1	
59	Bt1 1	Bt2 1	
60	Bt1 2	Bt3 1	
61	Bt1 1	Bt2 2	
62	Bt3 1	
63	Bt2 2	
64	Bt1 1	
65	Bt3 3	
66	Bt3 2	
67	Bt1 1	Bt2 1	Bt3 1	
68	Bt1 1	Bt3 1	
69	Bt1 1	Bt3 2	
70	Bt1 2	Bt2 1	
71	Bt3 1	
72	Bt1 1	Bt2 1	
73	Bt1 1	
74	Bt3 2	
75	Bt1 1	Bt2 1	
76	Bt1 1	Bt3 1	
77	Bt2 1	Bt3 1	
78	Bt2 1	
79	Bt2 2	Bt3 1	
80	Bt1 1	Bt3 1	
81	Bt2 1	
82	Bt1 1	Bt2 1	
83	Bt1 1	
84	Bt1 3	
85	Bt2 1	Bt3 1	
86	Bt3 1	
87	Bt1 1	Bt2 1	Bt3 1	
88	Bt2 1	Bt3 2	
89	Bt2 1	
90	Bt2 1	Bt3 1	
91	Bt2 1	Bt3 1	
92	Bt1 1	Bt2 1	Bt3 1	
93	Bt1 2	
94	Bt2 1	Bt3 1	
95	Bt1 1	Bt2 1	Bt3 1	
96	Bt2 1	Bt3 1	
97	Bt3 1	
98	Bt2 1	
99	Bt1 1	Bt2 1	
100	Bt1 3	