Name				273_n100_m200_bt3
Number_of_Customers		100
Number_of_Items			200
Number_of_ItemTypes		3
Number_of_Vehicles		23
TimeWindows			1

VEHICLE
Mass_Capacity			12595
CargoSpace_Length		60
CargoSpace_Width		25
CargoSpace_Height		30
Wheelbase			48
Max_Mass_FrontAxle		7100
Max_Mass_RearAxle		11500
Distance_FrontAxle_CargoSpace	4

CUSTOMERS
i		x		y		Demand		ReadyTime	DueDate		ServiceTime	DemandedMass	DemandedVolume
0		35		35		0		0		1000		0		0		0
1               29              51              2               0               972             10              677.04          2276
2               45              57              3               356             570             10              1277.91         4356
3               34              21              2               0               975             10              1131.70         3256
4               29              48              2               0               184             10              292.42          2200
5               43              38              3               88              298             10              893.29          4280
6               11              67              2               0               950             10              1131.70         3256
7               34              67              1               0               196             10              600.87          2080
8               38              23              1               0               977             10              530.83          1176
9               13              19              3               0               962             10              1732.57         5336
10              31              44              3               0               980             10              1347.95         5260
11              40              32              2               0               984             10              677.04          2276
12              28              72              3               0               952             10              1277.91         4356
13              22              55              2               182             408             10              747.08          3180
14              20              20              1               248             520             10              600.87          2080
15              44              31              2               0               980             10              1131.70         3256
16              50              52              2               555             809             10              747.08          3180
17              21              10              2               0               230             10              1201.74         4160
18              70              60              3               353             635             10              1662.53         4432
19              69              72              2               15              267             10              747.08          3180
20              48              10              2               0               961             10              677.04          2276
21              16              12              1               255             499             10              146.21          1100
22              55              48              2               531             819             10              677.04          2276
23              64              67              2               634             892             10              1061.66         2352
24              48              44              2               0               974             10              747.08          3180
25              31              55              3               0               969             10              1662.53         4432
26              29              36              1               0               983             10              146.21          1100
27              25              53              1               773             989             10              600.87          2080
28              31              62              1               454             678             10              600.87          2080
29              24              79              1               0               936             10              600.87          2080
30              20              34              1               0               954             10              600.87          2080
31              37              29              1               0               983             10              146.21          1100
32              21              24              1               628             858             10              600.87          2080
33              13              65              3               215             445             10              1277.91         4356
34              69              57              2               0               949             10              747.08          3180
35              15              45              3               0               967             10              1662.53         4432
36              20              66              3               0               955             10              1277.91         4356
37              50              67              2               0               954             10              292.42          2200
38              16              79              2               0               942             10              747.08          3180
39              61              28              3               779             1000            10              1802.61         6240
40              16              33              3               0               201             10              823.25          3376
41              35              18              1               0               973             10              146.21          1100
42              24              47              3               374             600             10              1347.95         5260
43              19              57              1               0               955             10              600.87          2080
44              24              67              2               0               956             10              1131.70         3256
45              58              37              2               0               966             10              677.04          2276
46              58              28              3               278             536             10              1277.91         4356
47              64              15              3               102             348             10              1662.53         4432
48              12              39              3               529             749             10              1277.91         4356
49              69              38              1               56              324             10              530.83          1176
50              14              15              2               0               953             10              677.04          2276
51              58              13              1               0               958             10              530.83          1176
52              37              80              2               317             555             10              1131.70         3256
53              47              27              2               352             578             10              1131.70         3256
54              26              13              1               370             606             10              530.83          1176
55              27              43              1               0               978             10              530.83          1176
56              70              78              2               630             854             10              1131.70         3256
57              66              35              1               0               959             10              600.87          2080
58              67              46              2               436             618             10              677.04          2276
59              52              17              1               500             694             10              530.83          1176
60              61              70              2               0               946             10              747.08          3180
61              9               78              1               0               939             10              530.83          1176
62              4               69              1               0               943             10              600.87          2080
63              34              14              1               0               968             10              600.87          2080
64              21              12              3               656             918             10              1662.53         4432
65              15              65              1               695             963             10              146.21          1100
66              23              34              3               0               957             10              1277.91         4356
67              59              4               3               0               950             10              893.29          4280
68              14              72              1               327             581             10              146.21          1100
69              38              38              1               0               985             10              530.83          1176
70              21              26              3               0               957             10              1732.57         5336
71              14              52              2               673             887             10              677.04          2276
72              35              10              3               94              344             10              1277.91         4356
73              9               37              3               0               951             10              823.25          3376
74              21              19              3               0               968             10              893.29          4280
75              26              21              1               73              297             10              530.83          1176
76              67              34              2               0               945             10              1201.74         4160
77              48              23              3               218             480             10              823.25          3376
78              52              35              3               0               973             10              1277.91         4356
79              56              41              1               0               968             10              600.87          2080
80              38              44              1               127             349             10              530.83          1176
81              34              36              3               22              302             10              893.29          4280
82              16              24              3               0               968             10              1277.91         4356
83              46              80              2               353             589             10              677.04          2276
84              40              75              3               0               949             10              1277.91         4356
85              24              62              3               783             977             10              823.25          3376
86              30              32              2               58              320             10              1201.74         4160
87              46              21              2               0               972             10              1131.70         3256
88              50              40              1               348             636             10              600.87          2080
89              19              80              1               85              289             10              600.87          2080
90              27              58              2               350             582             10              1131.70         3256
91              24              33              2               0               978             10              677.04          2276
92              15              33              3               177             387             10              1277.91         4356
93              21              41              2               140             346             10              747.08          3180
94              54              29              1               0               970             10              600.87          2080
95              63              25              2               0               960             10              292.42          2200
96              50              79              2               0               943             10              677.04          2276
97              67              29              3               477             695             10              1662.53         4432
98              19              58              3               0               961             10              1277.91         4356
99              39              16              1               728             938             10              600.87          2080
100             61              56              2               5               281             10              1131.70         3256

ITEMS
Type		Length		Width		Height		Mass		Fragility	LoadBearingStrength
Bt1		20		5		11		146.21		0		13.5710983
Bt2		16		10		13		600.87		0		40.7376834
Bt3		21		7		8		530.83		1		10.9407003

DEMANDS PER CUSTOMER
i	Type Quantity
1	Bt1 1	Bt3 1	
2	Bt1 1	Bt2 1	Bt3 1	
3	Bt2 1	Bt3 1	
4	Bt1 2	
5	Bt1 2	Bt2 1	
6	Bt2 1	Bt3 1	
7	Bt2 1	
8	Bt3 1	
9	Bt2 2	Bt3 1	
10	Bt1 1	Bt2 2	
11	Bt1 1	Bt3 1	
12	Bt1 1	Bt2 1	Bt3 1	
13	Bt1 1	Bt2 1	
14	Bt2 1	
15	Bt2 1	Bt3 1	
16	Bt1 1	Bt2 1	
17	Bt2 2	
18	Bt2 1	Bt3 2	
19	Bt1 1	Bt2 1	
20	Bt1 1	Bt3 1	
21	Bt1 1	
22	Bt1 1	Bt3 1	
23	Bt3 2	
24	Bt1 1	Bt2 1	
25	Bt2 1	Bt3 2	
26	Bt1 1	
27	Bt2 1	
28	Bt2 1	
29	Bt2 1	
30	Bt2 1	
31	Bt1 1	
32	Bt2 1	
33	Bt1 1	Bt2 1	Bt3 1	
34	Bt1 1	Bt2 1	
35	Bt2 1	Bt3 2	
36	Bt1 1	Bt2 1	Bt3 1	
37	Bt1 2	
38	Bt1 1	Bt2 1	
39	Bt2 3	
40	Bt1 2	Bt3 1	
41	Bt1 1	
42	Bt1 1	Bt2 2	
43	Bt2 1	
44	Bt2 1	Bt3 1	
45	Bt1 1	Bt3 1	
46	Bt1 1	Bt2 1	Bt3 1	
47	Bt2 1	Bt3 2	
48	Bt1 1	Bt2 1	Bt3 1	
49	Bt3 1	
50	Bt1 1	Bt3 1	
51	Bt3 1	
52	Bt2 1	Bt3 1	
53	Bt2 1	Bt3 1	
54	Bt3 1	
55	Bt3 1	
56	Bt2 1	Bt3 1	
57	Bt2 1	
58	Bt1 1	Bt3 1	
59	Bt3 1	
60	Bt1 1	Bt2 1	
61	Bt3 1	
62	Bt2 1	
63	Bt2 1	
64	Bt2 1	Bt3 2	
65	Bt1 1	
66	Bt1 1	Bt2 1	Bt3 1	
67	Bt1 2	Bt2 1	
68	Bt1 1	
69	Bt3 1	
70	Bt2 2	Bt3 1	
71	Bt1 1	Bt3 1	
72	Bt1 1	Bt2 1	Bt3 1	
73	Bt1 2	Bt3 1	
74	Bt1 2	Bt2 1	
75	Bt3 1	
76	Bt2 2	
77	Bt1 2	Bt3 1	
78	Bt1 1	Bt2 1	Bt3 1	
79	Bt2 1	
80	Bt3 1	
81	Bt1 2	Bt2 1	
82	Bt1 1	Bt2 1	Bt3 1	
83	Bt1 1	Bt3 1	
84	Bt1 1	Bt2 1	Bt3 1	
85	Bt1 2	Bt3 1	
86	Bt2 2	
87	Bt2 1	Bt3 1	
88	Bt2 1	
89	Bt2 1	
90	Bt2 1	Bt3 1	
91	Bt1 1	Bt3 1	
92	Bt1 1	Bt2 1	Bt3 1	
93	Bt1 1	Bt2 1	
94	Bt2 1	
95	Bt1 2	
96	Bt1 1	Bt3 1	
97	Bt2 1	Bt3 2	
98	Bt1 1	Bt2 1	Bt3 1	
99	Bt2 1	
100	Bt2 1	Bt3 1	