Name				274_n100_m200_bt3
Number_of_Customers		100
Number_of_Items			200
Number_of_ItemTypes		3
Number_of_Vehicles		25
TimeWindows			1

VEHICLE
Mass_Capacity			12595
CargoSpace_Length		60
CargoSpace_Width		25
CargoSpace_Height		30
Wheelbase			48
Max_Mass_FrontAxle		7100
Max_Mass_RearAxle		11500
Distance_FrontAxle_CargoSpace	4

CUSTOMERS
i		x		y		Demand		ReadyTime	DueDate		ServiceTime	DemandedMass	DemandedVolume
0		35		35		0		0		1000		0		0		0
1		32		49		2		225		487		10		1649.34		2880
2		0		23		3		169		381		10		2529.53		5040
3		9		41		3		249		463		10		2081.17		4835
4		29		79		1		401		615		10		376.31		1235
5		41		68		1		0		956		10		376.31		1235
6		21		66		1		684		928		10		376.31		1235
7		68		78		2		606		866		10		1228.74		3035
8		56		26		1		649		879		10		824.67		1440
9		63		8		2		40		288		10		1228.74		3035
10		0		52		3		0		188		10		1605.05		4270
11		24		59		2		803		1000		10		1677.1		3240
12		0		73		1		603		797		10		824.67		1440
13		17		51		2		0		965		10		1649.34		2880
14		7		64		3		446		726		10		2025.65		4115
15		46		60		3		441		717		10		2081.17		4835
16		67		16		1		631		869		10		852.43		1800
17		26		33		3		357		561		10		2025.65		4115
18		15		11		1		406		652		10		852.43		1800
19		4		7		2		329		563		10		1677.1		3240
20		27		61		3		341		537		10		2529.53		5040
21		46		47		2		0		973		10		1677.1		3240
22		46		55		3		293		471		10		2501.77		4680
23		59		22		3		0		962		10		2053.41		4475
24		24		55		3		0		967		10		2025.65		4115
25		62		3		3		764		990		10		1605.05		4270
26		66		64		1		529		721		10		376.31		1235
27		24		63		2		0		173		10		1200.98		2675
28		66		50		1		0		955		10		824.67		1440
29		12		63		1		0		953		10		376.31		1235
30		57		64		1		50		270		10		824.67		1440
31		2		37		1		721		947		10		852.43		1800
32		47		25		2		710		912		10		1649.34		2880
33		25		27		1		0		977		10		852.43		1800
34		52		40		1		0		141		10		376.31		1235
35		37		41		2		9		205		10		1200.98		2675
36		35		55		2		800		1000		10		1228.74		3035
37		0		13		3		334		586		10		1605.05		4270
38		65		68		3		0		945		10		1577.29		3910
39		22		21		1		128		352		10		376.31		1235
40		27		18		3		0		971		10		2053.41		4475
41		58		0		1		52		234		10		824.67		1440
42		3		53		2		0		953		10		1704.86		3600
43		64		76		2		0		939		10		1677.1		3240
44		64		41		3		782		970		10		1605.05		4270
45		38		52		2		423		689		10		1228.74		3035
46		29		56		2		0		180		10		1649.34		2880
47		47		28		2		840		1000		10		1704.86		3600
48		40		44		2		0		979		10		752.62		2470
49		7		38		1		592		788		10		852.43		1800
50		18		16		2		813		1000		10		1228.74		3035
51		70		40		2		0		954		10		1200.98		2675
52		57		53		2		0		218		10		1228.74		3035
53		6		73		2		0		942		10		1200.98		2675
54		64		57		2		0		953		10		752.62		2470
55		43		62		3		775		1000		10		1605.05		4270
56		34		32		1		117		325		10		852.43		1800
57		17		4		2		0		954		10		1649.34		2880
58		40		28		1		0		981		10		376.31		1235
59		30		23		1		777		1000		10		852.43		1800
60		17		68		1		647		939		10		376.31		1235
61		25		70		2		219		497		10		1228.74		3035
62		14		2		3		0		198		10		2501.77		4680
63		29		69		1		302		518		10		376.31		1235
64		18		28		3		22		240		10		1577.29		3910
65		13		14		3		0		959		10		2081.17		4835
66		61		51		3		0		959		10		1128.93		3705
67		65		21		2		71		323		10		1228.74		3035
68		20		13		3		24		224		10		1605.05		4270
69		21		57		2		830		1000		10		1704.86		3600
70		3		3		3		0		944		10		2501.77		4680
71		39		72		2		616		824		10		1228.74		3035
72		61		27		3		300		558		10		2529.53		5040
73		48		40		1		330		572		10		852.43		1800
74		42		18		3		310		552		10		1605.05		4270
75		24		51		3		769		1000		10		2081.17		4835
76		7		53		2		0		956		10		1649.34		2880
77		19		62		3		604		870		10		2081.17		4835
78		53		76		3		152		380		10		2529.53		5040
79		15		38		2		349		585		10		752.62		2470
80		37		21		2		831		1000		10		752.62		2470
81		57		14		2		804		1000		10		1649.34		2880
82		53		10		2		295		567		10		752.62		2470
83		11		77		2		0		941		10		1200.98		2675
84		61		18		1		490		742		10		824.67		1440
85		48		14		1		537		797		10		852.43		1800
86		15		65		3		517		831		10		2501.77		4680
87		42		41		3		0		209		10		1605.05		4270
88		2		10		1		158		396		10		824.67		1440
89		57		39		3		393		605		10		2557.29		5400
90		44		6		1		602		794		10		824.67		1440
91		46		52		1		551		767		10		824.67		1440
92		33		20		2		286		568		10		1704.86		3600
93		63		64		3		0		949		10		2529.53		5040
94		25		12		1		297		557		10		376.31		1235
95		65		29		2		292		508		10		1649.34		2880
96		58		19		3		87		365		10		2529.53		5040
97		3		67		2		727		987		10		1200.98		2675
98		29		53		1		0		971		10		376.31		1235
99		42		79		1		163		395		10		852.43		1800
100		67		3		1		491		789		10		376.31		1235

ITEMS
Type		Length		Width		Height		Mass		Fragility	LoadBearingStrength
Bt1		15		12		10		852.43		0		11.7246072
Bt2		20		8		9		824.67		0		58.7584937
Bt3		19		5		13		376.31		1		5.0149015

DEMANDS PER CUSTOMER
i	Type Quantity
1	Bt2 2	
2	Bt1 2	Bt2 1	
3	Bt1 2	Bt3 1	
4	Bt3 1	
5	Bt3 1	
6	Bt3 1	
7	Bt1 1	Bt3 1	
8	Bt2 1	
9	Bt1 1	Bt3 1	
10	Bt1 1	Bt3 2	
11	Bt1 1	Bt2 1	
12	Bt2 1	
13	Bt2 2	
14	Bt2 2	Bt3 1	
15	Bt1 2	Bt3 1	
16	Bt1 1	
17	Bt2 2	Bt3 1	
18	Bt1 1	
19	Bt1 1	Bt2 1	
20	Bt1 2	Bt2 1	
21	Bt1 1	Bt2 1	
22	Bt1 1	Bt2 2	
23	Bt1 1	Bt2 1	Bt3 1	
24	Bt2 2	Bt3 1	
25	Bt1 1	Bt3 2	
26	Bt3 1	
27	Bt2 1	Bt3 1	
28	Bt2 1	
29	Bt3 1	
30	Bt2 1	
31	Bt1 1	
32	Bt2 2	
33	Bt1 1	
34	Bt3 1	
35	Bt2 1	Bt3 1	
36	Bt1 1	Bt3 1	
37	Bt1 1	Bt3 2	
38	Bt2 1	Bt3 2	
39	Bt3 1	
40	Bt1 1	Bt2 1	Bt3 1	
41	Bt2 1	
42	Bt1 2	
43	Bt1 1	Bt2 1	
44	Bt1 1	Bt3 2	
45	Bt1 1	Bt3 1	
46	Bt2 2	
47	Bt1 2	
48	Bt3 2	
49	Bt1 1	
50	Bt1 1	Bt3 1	
51	Bt2 1	Bt3 1	
52	Bt1 1	Bt3 1	
53	Bt2 1	Bt3 1	
54	Bt3 2	
55	Bt1 1	Bt3 2	
56	Bt1 1	
57	Bt2 2	
58	Bt3 1	
59	Bt1 1	
60	Bt3 1	
61	Bt1 1	Bt3 1	
62	Bt1 1	Bt2 2	
63	Bt3 1	
64	Bt2 1	Bt3 2	
65	Bt1 2	Bt3 1	
66	Bt3 3	
67	Bt1 1	Bt3 1	
68	Bt1 1	Bt3 2	
69	Bt1 2	
70	Bt1 1	Bt2 2	
71	Bt1 1	Bt3 1	
72	Bt1 2	Bt2 1	
73	Bt1 1	
74	Bt1 1	Bt3 2	
75	Bt1 2	Bt3 1	
76	Bt2 2	
77	Bt1 2	Bt3 1	
78	Bt1 2	Bt2 1	
79	Bt3 2	
80	Bt3 2	
81	Bt2 2	
82	Bt3 2	
83	Bt2 1	Bt3 1	
84	Bt2 1	
85	Bt1 1	
86	Bt1 1	Bt2 2	
87	Bt1 1	Bt3 2	
88	Bt2 1	
89	Bt1 3	
90	Bt2 1	
91	Bt2 1	
92	Bt1 2	
93	Bt1 2	Bt2 1	
94	Bt3 1	
95	Bt2 2	
96	Bt1 2	Bt2 1	
97	Bt2 1	Bt3 1	
98	Bt3 1	
99	Bt1 1	
100	Bt3 1	