Name				277_n100_m200_bt10
Number_of_Customers		100
Number_of_Items			200
Number_of_ItemTypes		10
Number_of_Vehicles		26
TimeWindows			1

VEHICLE
Mass_Capacity			12595
CargoSpace_Length		60
CargoSpace_Width		25
CargoSpace_Height		30
Wheelbase			48
Max_Mass_FrontAxle		7100
Max_Mass_RearAxle		11500
Distance_FrontAxle_CargoSpace	4

CUSTOMERS
i		x		y		Demand		ReadyTime	DueDate		ServiceTime	DemandedMass	DemandedVolume
0		35		35		0		0		1000		0		0		0
1		22		11		2		0		962		10		696.4		3384
2		20		8		2		0		959		10		2011.71		4680
3		9		38		3		0		963		10		1428.65		5240
4		61		60		3		0		953		10		2117.77		8000
5		66		6		1		0		947		10		467.23		3024
6		19		28		2		0		972		10		1539.26		6754
7		52		74		2		390		612		10		1641.83		6322
8		35		26		2		0		981		10		935.48		3800
9		22		47		1		0		972		10		909.58		4466
10		3		42		2		372		628		10		1215.38		5978
11		38		42		2		0		982		10		879.81		4545
12		48		37		2		0		976		10		1547.97		5408
13		22		76		3		359		593		10		1044.08		4573
14		51		30		3		499		751		10		1845.06		8266
15		70		75		1		327		545		10		412.58		1521
16		65		52		2		0		955		10		1825.67		3416
17		57		14		3		0		959		10		1363.75		4908
18		57		72		1		101		345		10		1093.42		1560
19		46		60		1		0		962		10		732.25		1856
20		63		57		3		0		954		10		1380.73		7175
21		37		16		2		0		970		10		1385.52		6144
22		55		49		2		86		304		10		1243.99		4660
23		6		34		1		0		960		10		283.82		1863
24		24		21		2		0		972		10		611.6		3024
25		52		0		2		0		951		10		2011.71		4680
26		43		46		1		0		976		10		467.23		3024
27		51		60		2		248		502		10		935.48		3800
28		62		79		3		0		938		10		1687.63		5684
29		39		69		3		0		955		10		2111.69		9449
30		25		33		1		0		979		10		305.8		1512
31		32		76		2		0		948		10		1199.48		4880
32		59		19		1		807		1000		10		283.82		1863
33		41		6		2		0		960		10		2011.71		4680
34		37		72		2		0		952		10		696.4		3384
35		28		65		2		0		959		10		1419.12		3100
36		69		25		1		0		954		10		909.58		4466
37		47		66		3		0		956		10		2063.12		6497
38		13		43		2		0		966		10		1057.95		3396
39		15		74		2		0		946		10		913.5		4151
40		51		51		2		698		918		10		1202.11		4983
41		18		12		1		725		967		10		629.68		2288
42		14		12		1		0		958		10		732.25		1856
43		0		11		1		0		947		10		283.82		1863
44		5		21		3		85		317		10		1702.51		9030
45		15		23		3		0		966		10		2177.65		7696
46		58		41		3		0		966		10		1612.06		6401
47		57		23		2		0		964		10		1224.09		4632
48		4		67		3		0		945		10		1667.73		5656
49		15		78		3		90		314		10		1951.84		8275
50		56		61		2		0		956		10		1215.38		5978
51		66		24		1		0		957		10		918.29		3120
52		4		78		3		0		936		10		2117.77		8000
53		19		20		2		0		968		10		1376.81		7490
54		65		79		1		767		1000		10		305.8		1512
55		11		61		3		0		954		10		2632.68		8314
56		60		27		2		0		182		10		1650.54		4976
57		64		13		1		0		953		10		629.68		2288
58		65		29		3		0		959		10		2470.23		9050
59		38		37		1		0		986		10		305.8		1512
60		66		55		2		0		953		10		1547.97		5408
61		67		69		2		813		1000		10		1322.16		5987
62		30		2		3		0		956		10		1866.45		6096
63		63		20		1		0		958		10		918.29		3120
64		22		38		3		0		976		10		1470.53		4917
65		70		36		1		0		954		10		412.58		1521
66		54		7		3		0		956		10		1973.23		6105
67		47		57		3		780		1000		10		1873.67		6948
68		31		33		3		0		985		10		2746.16		10706
69		47		14		1		292		522		10		629.68		2288
70		32		53		1		0		971		10		918.29		3120
71		33		67		2		674		888		10		1506		3081
72		28		57		1		0		966		10		305.8		1512
73		10		17		3		0		959		10		1829.16		7168
74		28		50		2		0		973		10		1215.38		5978
75		55		33		2		0		969		10		1038.05		3368
76		69		40		3		0		955		10		1543.18		6439
77		14		2		1		0		950		10		467.23		3024
78		9		29		1		121		359		10		283.82		1863
79		0		3		2		0		942		10		1376.81		7490
80		1		24		3		0		954		10		2632.68		8314
81		53		69		3		0		229		10		1507.91		6495
82		62		0		3		0		945		10		2930		7800
83		4		30		2		0		958		10		1259.36		4576
84		1		80		1		0		217		10		732.25		1856
85		24		14		1		0		966		10		909.58		4466
86		23		57		2		0		964		10		1144.83		3377
87		22		64		2		0		958		10		825.16		3042
88		46		75		3		624		860		10		2151.37		4956
89		39		10		1		187		441		10		467.23		3024
90		68		48		1		0		954		10		918.29		3120
91		17		48		2		0		967		10		792.93		4564
92		19		1		2		0		952		10		611.6		3024
93		52		40		2		0		972		10		1202.11		4983
94		18		25		1		0		970		10		467.23		3024
95		43		28		3		0		979		10		1789.82		4944
96		17		7		1		0		956		10		283.82		1863
97		27		73		2		327		511		10		1827.87		7586
98		48		63		2		0		959		10		1199.48		4880
99		36		31		2		0		985		10		1547.97		5408
100		32		48		3		0		976		10		1605.98		7850

ITEMS
Type		Length		Width		Height		Mass		Fragility	LoadBearingStrength
Bt1		24		9		7		305.80		1		4.3077233
Bt2		18		12		14		467.23		1		2.7157614
Bt3		23		9		9		283.82		0		22.4500583
Bt4		29		11		14		909.58		0		23.3045308
Bt5		26		8		11		629.68		0		35.8695100
Bt6		20		12		13		918.29		0		26.7438030
Bt7		13		13		9		412.58		0		43.2846127
Bt8		22		7		10		325.70		0		12.1406982
Bt9		29		8		8		732.25		0		22.0393667
Bt10		13		12		10		1093.42		0		38.1450334

DEMANDS PER CUSTOMER
i	Type Quantity
1	Bt3 1	Bt7 1	
2	Bt6 1	Bt10 1	
3	Bt3 1	Bt7 1	Bt9 1	
4	Bt2 1	Bt6 1	Bt9 1	
5	Bt2 1	
6	Bt4 1	Bt5 1	
7	Bt4 1	Bt9 1	
8	Bt1 1	Bt5 1	
9	Bt4 1	
10	Bt1 1	Bt4 1	
11	Bt2 1	Bt7 1	
12	Bt5 1	Bt6 1	
13	Bt1 1	Bt7 1	Bt8 1	
14	Bt1 1	Bt4 1	Bt5 1	
15	Bt7 1	
16	Bt9 1	Bt10 1	
17	Bt1 1	Bt8 1	Bt9 1	
18	Bt10 1	
19	Bt9 1	
20	Bt2 1	Bt3 1	Bt5 1	
21	Bt2 1	Bt6 1	
22	Bt6 1	Bt8 1	
23	Bt3 1	
24	Bt1 2	
25	Bt6 1	Bt10 1	
26	Bt2 1	
27	Bt1 1	Bt5 1	
28	Bt5 1	Bt8 1	Bt9 1	
29	Bt3 1	Bt4 1	Bt6 1	
30	Bt1 1	
31	Bt2 1	Bt9 1	
32	Bt3 1	
33	Bt6 1	Bt10 1	
34	Bt3 1	Bt7 1	
35	Bt8 1	Bt10 1	
36	Bt4 1	
37	Bt6 1	Bt7 1	Bt9 1	
38	Bt8 1	Bt9 1	
39	Bt3 1	Bt5 1	
40	Bt3 1	Bt6 1	
41	Bt5 1	
42	Bt9 1	
43	Bt3 1	
44	Bt2 1	Bt4 1	Bt8 1	
45	Bt5 2	Bt6 1	
46	Bt2 1	Bt7 1	Bt9 1	
47	Bt1 1	Bt6 1	
48	Bt1 1	Bt5 1	Bt9 1	
49	Bt4 1	Bt5 1	Bt7 1	
50	Bt1 1	Bt4 1	
51	Bt6 1	
52	Bt2 1	Bt6 1	Bt9 1	
53	Bt2 1	Bt4 1	
54	Bt1 1	
55	Bt4 1	Bt5 1	Bt10 1	
56	Bt6 1	Bt9 1	
57	Bt5 1	
58	Bt2 1	Bt4 1	Bt10 1	
59	Bt1 1	
60	Bt5 1	Bt6 1	
61	Bt4 1	Bt7 1	
62	Bt1 1	Bt2 1	Bt10 1	
63	Bt6 1	
64	Bt7 1	Bt8 1	Bt9 1	
65	Bt7 1	
66	Bt2 1	Bt7 1	Bt10 1	
67	Bt5 1	Bt6 1	Bt8 1	
68	Bt4 1	Bt6 2	
69	Bt5 1	
70	Bt6 1	
71	Bt7 1	Bt10 1	
72	Bt1 1	
73	Bt2 1	Bt5 1	Bt9 1	
74	Bt1 1	Bt4 1	
75	Bt1 1	Bt9 1	
76	Bt3 1	Bt5 2	
77	Bt2 1	
78	Bt3 1	
79	Bt2 1	Bt4 1	
80	Bt4 1	Bt5 1	Bt10 1	
81	Bt1 1	Bt3 1	Bt6 1	
82	Bt6 2	Bt10 1	
83	Bt5 2	
84	Bt9 1	
85	Bt4 1	
86	Bt7 1	Bt9 1	
87	Bt7 2	
88	Bt8 1	Bt9 1	Bt10 1	
89	Bt2 1	
90	Bt6 1	
91	Bt2 1	Bt8 1	
92	Bt1 2	
93	Bt3 1	Bt6 1	
94	Bt2 1	
95	Bt3 1	Bt7 1	Bt10 1	
96	Bt3 1	
97	Bt4 1	Bt6 1	
98	Bt2 1	Bt9 1	
99	Bt5 1	Bt6 1	
100	Bt3 1	Bt4 1	Bt7 1	