Name				278_n100_m200_bt10
Number_of_Customers		100
Number_of_Items			200
Number_of_ItemTypes		10
Number_of_Vehicles		31
TimeWindows			1

VEHICLE
Mass_Capacity			12595
CargoSpace_Length		60
CargoSpace_Width		25
CargoSpace_Height		30
Wheelbase			48
Max_Mass_FrontAxle		7100
Max_Mass_RearAxle		11500
Distance_FrontAxle_CargoSpace	4

CUSTOMERS
i		x		y		Demand		ReadyTime	DueDate		ServiceTime	DemandedMass	DemandedVolume
0		35		35		0		0		1000		0		0		0
1		17		11		2		395		615		10		3411.87		6528
2		47		35		3		149		369		10		2276.7		8320
3		67		30		1		476		678		10		472.34		1638
4		67		61		2		0		948		10		1966.58		4608
5		50		77		3		0		945		10		1165.38		3060
6		54		55		3		0		962		10		3348.98		7144
7		30		43		1		515		785		10		489.25		1040
8		68		72		1		298		514		10		461.05		2040
9		52		30		1		85		307		10		1217.08		1920
10		39		60		1		417		665		10		472.34		1638
11		55		38		1		0		969		10		1216.82		4200
12		55		49		2		438		720		10		1888.24		7300
13		14		11		1		375		607		10		671.42		3100
14		66		38		3		810		1000		10		2150.21		7878
15		64		64		1		145		327		10		1066.08		1472
16		46		65		2		37		269		10		1371.75		3324
17		66		53		2		0		224		10		2655.84		6648
18		5		12		1		176		442		10		489.25		1040
19		25		60		3		543		753		10		2894.69		10440
20		59		10		3		0		955		10		1520.93		6160
21		1		59		2		6		266		10		1342.84		6200
22		52		61		3		212		464		10		1604.81		6778
23		4		31		3		0		958		10		1439.55		4120
24		39		3		2		294		526		10		3411.87		6528
25		46		31		1		0		978		10		461.05		2040
26		1		56		2		7		289		10		3260.87		6080
27		19		61		2		124		384		10		1472.54		3344
28		2		9		3		0		181		10		2922.89		9440
29		55		24		3		0		967		10		1604.81		6778
30		14		30		3		628		894		10		1310.56		5100
31		67		44		2		438		638		10		950.3		3080
32		25		22		1		315		607		10		388.46		1020
33		59		74		2		431		665		10		2433.9		6120
34		22		29		3		301		531		10		1411.35		5120
35		62		44		3		0		961		10		3872.92		8568
36		29		33		1		0		983		10		1216.82		4200
37		50		40		2		646		880		10		1143.76		4738
38		35		2		2		613		789		10		3178.08		6912
39		31		61		1		101		309		10		2194.79		4608
40		42		30		3		501		745		10		1933.59		5384
41		50		55		1		0		965		10		1066.08		1472
42		40		16		2		0		970		10		933.39		3678
43		56		79		1		833		1000		10		461.05		2040
44		56		33		2		103		359		10		3260.87		6080
45		6		50		2		0		957		10		1444.34		4344
46		53		76		2		300		542		10		2583.25		5628
47		58		63		3		826		1000		10		2198.55		6612
48		60		57		2		160		348		10		860.8		2658
49		3		4		1		531		785		10		2194.79		4608
50		31		8		3		0		962		10		1439.55		4120
51		45		6		3		432		692		10		1999.47		5150
52		11		34		1		153		419		10		2194.79		4608
53		42		57		1		180		412		10		1217.08		1920
54		3		36		3		266		472		10		2621.41		3984
55		10		10		1		146		410		10		388.46		1020
56		60		1		1		615		857		10		472.34		1638
57		70		49		3		820		1000		10		2923.15		7160
58		45		22		3		64		272		10		2016.38		4552
59		19		19		3		426		734		10		1350.05		3698
60		38		31		1		430		634		10		671.42		3100
61		37		28		2		466		686		10		1706.07		5240
62		6		26		1		707		957		10		671.42		3100
63		63		59		3		0		953		10		2150.21		7878
64		10		40		1		255		517		10		461.05		2040
65		26		76		1		0		948		10		1066.08		1472
66		51		51		3		0		967		10		1549.13		5160
67		47		45		1		361		561		10		2194.79		4608
68		8		65		3		554		832		10		2822.36		7140
69		8		46		3		0		246		10		1411.35		5120
70		49		62		2		0		959		10		1143.76		4738
71		44		46		1		650		884		10		671.42		3100
72		64		71		2		0		943		10		1454.54		2492
73		59		79		2		496		702		10		877.71		2060
74		29		3		3		0		957		10		2743.95		7712
75		31		15		2		755		969		10		877.71		2060
76		33		57		3		302		608		10		3355.46		8748
77		6		69		2		0		945		10		2583.25		5628
78		67		24		3		515		773		10		2661.16		8544
79		18		53		1		175		421		10		1217.08		1920
80		22		10		3		637		907		10		2209.84		6210
81		46		12		1		426		720		10		671.42		3100
82		33		28		1		530		768		10		489.25		1040
83		33		80		1		282		502		10		388.46		1020
84		22		47		1		0		187		10		388.46		1020
85		65		34		2		774		996		10		2684.04		5648
86		36		39		2		0		985		10		877.71		2060
87		7		73		2		502		762		10		1538.42		3110
88		7		53		2		596		792		10		922.1		4080
89		37		74		3		827		1000		10		3499.98		7592
90		27		48		3		499		745		10		3105.58		6940
91		49		67		3		0		955		10		2822.36		7140
92		34		17		3		344		580		10		1532.22		5758
93		11		27		1		352		542		10		1066.08		1472
94		59		50		2		0		136		10		3411.87		6528
95		46		27		1		128		418		10		983.29		2304
96		65		5		3		0		947		10		2209.84		6210
97		16		6		2		0		955		10		950.3		3080
98		47		73		3		0		166		10		1633.01		5778
99		53		1		1		84		292		10		388.46		1020
100		0		18		1		726		970		10		2194.79		4608

ITEMS
Type		Length		Width		Height		Mass		Fragility	LoadBearingStrength
Bt1		17		10		12		461.05		0		32.7010157
Bt2		34		5		6		388.46		0		26.4911912
Bt3		32		9		8		983.29		0		30.5093012
Bt4		20		8		12		1217.08		0		24.2695614
Bt5		32		12		12		2194.79		0		14.8294171
Bt6		35		10		12		1216.82		0		20.6897663
Bt7		26		5		8		489.25		1		11.3228908
Bt8		23		8		8		1066.08		0		25.0962814
Bt9		21		13		6		472.34		0		21.6387289
Bt10		31		10		10		671.42		1		2.8281347

DEMANDS PER CUSTOMER
i	Type Quantity
1	Bt4 1	Bt5 1	
2	Bt2 1	Bt6 1	Bt10 1	
3	Bt9 1	
4	Bt3 2	
5	Bt2 3	
6	Bt6 1	Bt8 2	
7	Bt7 1	
8	Bt1 1	
9	Bt4 1	
10	Bt9 1	
11	Bt6 1	
12	Bt6 1	Bt10 1	
13	Bt10 1	
14	Bt1 1	Bt6 1	Bt9 1	
15	Bt8 1	
16	Bt2 1	Bt3 1	
17	Bt1 1	Bt5 1	
18	Bt7 1	
19	Bt1 1	Bt6 2	
20	Bt1 1	Bt2 1	Bt10 1	
21	Bt10 2	
22	Bt1 1	Bt9 1	Bt10 1	
23	Bt1 1	Bt7 2	
24	Bt4 1	Bt5 1	
25	Bt1 1	
26	Bt5 1	Bt8 1	
27	Bt3 1	Bt7 1	
28	Bt6 2	Bt7 1	
29	Bt1 1	Bt9 1	Bt10 1	
30	Bt1 2	Bt2 1	
31	Bt1 1	Bt7 1	
32	Bt2 1	
33	Bt4 1	Bt6 1	
34	Bt1 2	Bt7 1	
35	Bt1 1	Bt4 1	Bt5 1	
36	Bt6 1	
37	Bt9 1	Bt10 1	
38	Bt3 1	Bt5 1	
39	Bt5 1	
40	Bt1 1	Bt3 1	Bt7 1	
41	Bt8 1	
42	Bt1 1	Bt9 1	
43	Bt1 1	
44	Bt5 1	Bt8 1	
45	Bt1 1	Bt3 1	
46	Bt2 1	Bt5 1	
47	Bt1 1	Bt8 1	Bt10 1	
48	Bt2 1	Bt9 1	
49	Bt5 1	
50	Bt1 1	Bt7 2	
51	Bt1 1	Bt8 1	Bt9 1	
52	Bt5 1	
53	Bt4 1	
54	Bt7 1	Bt8 2	
55	Bt2 1	
56	Bt9 1	
57	Bt4 1	Bt6 1	Bt7 1	
58	Bt1 1	Bt7 1	Bt8 1	
59	Bt2 1	Bt7 1	Bt9 1	
60	Bt10 1	
61	Bt6 1	Bt7 1	
62	Bt10 1	
63	Bt1 1	Bt6 1	Bt9 1	
64	Bt1 1	
65	Bt8 1	
66	Bt2 1	Bt7 1	Bt10 1	
67	Bt5 1	
68	Bt2 1	Bt4 1	Bt6 1	
69	Bt1 2	Bt7 1	
70	Bt9 1	Bt10 1	
71	Bt10 1	
72	Bt2 1	Bt8 1	
73	Bt2 1	Bt7 1	
74	Bt1 1	Bt6 1	Bt8 1	
75	Bt2 1	Bt7 1	
76	Bt5 1	Bt7 1	Bt10 1	
77	Bt2 1	Bt5 1	
78	Bt1 1	Bt3 1	Bt6 1	
79	Bt4 1	
80	Bt8 1	Bt9 1	Bt10 1	
81	Bt10 1	
82	Bt7 1	
83	Bt2 1	
84	Bt2 1	
85	Bt5 1	Bt7 1	
86	Bt2 1	Bt7 1	
87	Bt8 1	Bt9 1	
88	Bt1 2	
89	Bt4 1	Bt6 1	Bt8 1	
90	Bt4 2	Bt10 1	
91	Bt2 1	Bt4 1	Bt6 1	
92	Bt2 1	Bt9 1	Bt10 1	
93	Bt8 1	
94	Bt4 1	Bt5 1	
95	Bt3 1	
96	Bt8 1	Bt9 1	Bt10 1	
97	Bt1 1	Bt7 1	
98	Bt7 1	Bt9 1	Bt10 1	
99	Bt2 1	
100	Bt5 1	