Name				286_n100_m200_bt3
Number_of_Customers		100
Number_of_Items			200
Number_of_ItemTypes		3
Number_of_Vehicles		23
TimeWindows			1

VEHICLE
Mass_Capacity			12595
CargoSpace_Length		60
CargoSpace_Width		25
CargoSpace_Height		30
Wheelbase			48
Max_Mass_FrontAxle		7100
Max_Mass_RearAxle		11500
Distance_FrontAxle_CargoSpace	4

CUSTOMERS
i		x		y		Demand		ReadyTime	DueDate		ServiceTime	DemandedMass	DemandedVolume
0		35		35		0		0		1000		0		0		0
1		61		26		3		640		852		10		813.89		687
2		6		68		2		0		946		10		561.51		423
3		55		31		1		653		855		10		52.69		63
4		4		29		3		241		463		10		1270.02		984
5		46		38		1		0		978		10		52.69		63
6		32		16		1		751		993		10		508.82		360
7		51		42		3		74		300		10		757.14		792
8		48		55		3		778		1000		10		1526.46		1080
9		7		78		1		792		1000		10		508.82		360
10		25		0		1		0		202		10		52.69		63
11		61		18		3		179		449		10		557.45		591
12		10		17		1		6		256		10		52.69		63
13		43		20		2		236		514		10		105.38		126
14		41		59		1		189		495		10		252.38		264
15		42		71		2		795		1000		10		305.07		327
16		13		39		3		0		967		10		1270.02		984
17		43		65		2		369		575		10		761.2		624
18		70		22		1		200		452		10		252.38		264
19		22		2		3		33		253		10		1070.33		783
20		20		45		1		0		971		10		52.69		63
21		61		64		3		0		951		10		1070.33		783
22		55		72		1		363		579		10		252.38		264
23		24		71		3		0		952		10		1013.58		888
24		27		58		1		0		147		10		508.82		360
25		46		1		1		360		620		10		252.38		264
26		20		29		1		522		788		10		52.69		63
27		66		31		2		742		1000		10		305.07		327
28		30		22		3		279		503		10		614.2		486
29		51		26		1		97		367		10		508.82		360
30		68		51		3		303		561		10		1070.33		783
31		10		46		1		831		1000		10		252.38		264
32		29		67		1		478		740		10		52.69		63
33		55		34		1		0		969		10		52.69		63
34		69		26		1		151		351		10		252.38		264
35		32		47		1		0		977		10		52.69		63
36		38		28		2		582		824		10		305.07		327
37		10		36		1		464		720		10		52.69		63
38		24		39		1		358		594		10		508.82		360
39		54		45		2		171		379		10		305.07		327
40		36		7		1		522		804		10		508.82		360
41		59		35		2		0		966		10		761.2		624
42		11		29		3		53		323		10		357.76		390
43		52		21		3		235		491		10		1070.33		783
44		60		67		2		0		949		10		305.07		327
45		1		18		1		572		818		10		52.69		63
46		45		17		2		513		785		10		305.07		327
47		46		48		2		416		618		10		504.76		528
48		29		64		1		642		896		10		252.38		264
49		57		69		1		0		949		10		252.38		264
50		63		80		2		275		565		10		305.07		327
51		63		49		1		588		804		10		508.82		360
52		43		27		1		0		978		10		508.82		360
53		43		4		2		657		881		10		105.38		126
54		45		77		1		430		680		10		252.38		264
55		35		48		2		0		977		10		504.76		528
56		10		43		2		0		963		10		504.76		528
57		70		36		2		620		886		10		761.2		624
58		63		9		3		215		437		10		1270.02		984
59		42		30		3		683		955		10		1270.02		984
60		21		20		3		479		697		10		357.76		390
61		11		62		3		403		651		10		1270.02		984
62		54		37		3		776		1000		10		1013.58		888
63		26		34		2		642		864		10		105.38		126
64		36		21		1		0		975		10		52.69		63
65		50		33		2		816		1000		10		305.07		327
66		1		46		2		0		954		10		761.2		624
67		51		62		2		98		330		10		561.51		423
68		38		16		3		240		480		10		1070.33		783
69		16		12		1		828		1000		10		252.38		264
70		37		55		2		565		765		10		305.07		327
71		30		54		2		0		173		10		305.07		327
72		11		10		1		579		817		10		508.82		360
73		67		5		3		31		301		10		813.89		687
74		10		56		3		324		550		10		1270.02		984
75		40		33		3		695		897		10		557.45		591
76		45		13		3		0		965		10		1270.02		984
77		63		22		1		0		959		10		508.82		360
78		40		21		2		827		1000		10		305.07		327
79		64		57		2		815		1000		10		761.2		624
80		21		55		2		48		260		10		305.07		327
81		8		20		3		609		855		10		813.89		687
82		53		10		3		761		1000		10		813.89		687
83		25		50		3		0		971		10		1070.33		783
84		20		74		2		0		948		10		504.76		528
85		70		45		2		20		302		10		761.2		624
86		32		8		3		0		962		10		614.2		486
87		57		42		3		515		733		10		614.2		486
88		24		46		3		0		974		10		557.45		591
89		55		5		3		531		863		10		1270.02		984
90		40		67		3		0		957		10		1270.02		984
91		69		65		3		0		199		10		1270.02		984
92		29		34		1		96		312		10		508.82		360
93		67		62		2		0		948		10		105.38		126
94		37		3		3		211		403		10		1013.58		888
95		1		12		2		812		1000		10		761.2		624
96		3		41		1		0		167		10		252.38		264
97		15		58		1		0		959		10		52.69		63
98		63		15		3		381		611		10		557.45		591
99		48		80		2		646		866		10		1017.64		720
100		9		72		3		0		249		10		614.2		486

ITEMS
Type		Length		Width		Height		Mass		Fragility	LoadBearingStrength
Bt1		11		3		8		252.38		0		15.4623391
Bt2		12		5		6		508.82		0		219.4555695
Bt3		7		3		3		52.69		1		10.1653388

DEMANDS PER CUSTOMER
i	Type Quantity
1	Bt1 1	Bt2 1	Bt3 1	
2	Bt2 1	Bt3 1	
3	Bt3 1	
4	Bt1 1	Bt2 2	
5	Bt3 1	
6	Bt2 1	
7	Bt1 3	
8	Bt2 3	
9	Bt2 1	
10	Bt3 1	
11	Bt1 2	Bt3 1	
12	Bt3 1	
13	Bt3 2	
14	Bt1 1	
15	Bt1 1	Bt3 1	
16	Bt1 1	Bt2 2	
17	Bt1 1	Bt2 1	
18	Bt1 1	
19	Bt2 2	Bt3 1	
20	Bt3 1	
21	Bt2 2	Bt3 1	
22	Bt1 1	
23	Bt1 2	Bt2 1	
24	Bt2 1	
25	Bt1 1	
26	Bt3 1	
27	Bt1 1	Bt3 1	
28	Bt2 1	Bt3 2	
29	Bt2 1	
30	Bt2 2	Bt3 1	
31	Bt1 1	
32	Bt3 1	
33	Bt3 1	
34	Bt1 1	
35	Bt3 1	
36	Bt1 1	Bt3 1	
37	Bt3 1	
38	Bt2 1	
39	Bt1 1	Bt3 1	
40	Bt2 1	
41	Bt1 1	Bt2 1	
42	Bt1 1	Bt3 2	
43	Bt2 2	Bt3 1	
44	Bt1 1	Bt3 1	
45	Bt3 1	
46	Bt1 1	Bt3 1	
47	Bt1 2	
48	Bt1 1	
49	Bt1 1	
50	Bt1 1	Bt3 1	
51	Bt2 1	
52	Bt2 1	
53	Bt3 2	
54	Bt1 1	
55	Bt1 2	
56	Bt1 2	
57	Bt1 1	Bt2 1	
58	Bt1 1	Bt2 2	
59	Bt1 1	Bt2 2	
60	Bt1 1	Bt3 2	
61	Bt1 1	Bt2 2	
62	Bt1 2	Bt2 1	
63	Bt3 2	
64	Bt3 1	
65	Bt1 1	Bt3 1	
66	Bt1 1	Bt2 1	
67	Bt2 1	Bt3 1	
68	Bt2 2	Bt3 1	
69	Bt1 1	
70	Bt1 1	Bt3 1	
71	Bt1 1	Bt3 1	
72	Bt2 1	
73	Bt1 1	Bt2 1	Bt3 1	
74	Bt1 1	Bt2 2	
75	Bt1 2	Bt3 1	
76	Bt1 1	Bt2 2	
77	Bt2 1	
78	Bt1 1	Bt3 1	
79	Bt1 1	Bt2 1	
80	Bt1 1	Bt3 1	
81	Bt1 1	Bt2 1	Bt3 1	
82	Bt1 1	Bt2 1	Bt3 1	
83	Bt2 2	Bt3 1	
84	Bt1 2	
85	Bt1 1	Bt2 1	
86	Bt2 1	Bt3 2	
87	Bt2 1	Bt3 2	
88	Bt1 2	Bt3 1	
89	Bt1 1	Bt2 2	
90	Bt1 1	Bt2 2	
91	Bt1 1	Bt2 2	
92	Bt2 1	
93	Bt3 2	
94	Bt1 2	Bt2 1	
95	Bt1 1	Bt2 1	
96	Bt1 1	
97	Bt3 1	
98	Bt1 2	Bt3 1	
99	Bt2 2	
100	Bt2 1	Bt3 2	