Name				287_n100_m200_bt3
Number_of_Customers		100
Number_of_Items			200
Number_of_ItemTypes		3
Number_of_Vehicles		22
TimeWindows			1

VEHICLE
Mass_Capacity			12595
CargoSpace_Length		60
CargoSpace_Width		25
CargoSpace_Height		30
Wheelbase			48
Max_Mass_FrontAxle		7100
Max_Mass_RearAxle		11500
Distance_FrontAxle_CargoSpace	4

CUSTOMERS
i		x		y		Demand		ReadyTime	DueDate		ServiceTime	DemandedMass	DemandedVolume
0		35		35		0		0		1000		0		0		0
1		8		71		3		732		906		10		921.31		828
2		13		7		1		464		688		10		50.19		112
3		25		53		1		191		445		10		444.17		396
4		40		9		2		0		161		10		494.36		508
5		67		11		2		0		950		10		871.12		716
6		34		68		2		12		262		10		494.36		508
7		18		75		1		629		891		10		50.19		112
8		57		22		3		348		600		10		921.31		828
9		70		52		1		0		951		10		444.17		396
10		1		71		2		0		940		10		100.38		224
11		53		76		2		0		945		10		100.38		224
12		31		35		3		628		842		10		150.57		336
13		17		57		1		253		469		10		444.17		396
14		32		28		3		0		982		10		1280.85		960
15		45		60		3		189		405		10		921.31		828
16		7		12		2		0		198		10		494.36		508
17		63		58		2		0		953		10		888.34		792
18		24		72		3		121		375		10		904.09		752
19		70		43		2		0		954		10		477.14		432
20		66		38		3		249		473		10		921.31		828
21		49		20		2		469		669		10		494.36		508
22		16		67		2		338		596		10		871.12		716
23		62		7		1		31		279		10		444.17		396
24		28		63		2		468		728		10		494.36		508
25		49		80		1		0		942		10		444.17		396
26		3		15		1		66		364		10		50.19		112
27		42		35		3		652		816		10		921.31		828
28		46		52		2		0		246		10		871.12		716
29		45		7		3		20		290		10		904.09		752
30		36		25		1		272		546		10		50.19		112
31		26		67		3		818		1000		10		921.31		828
32		67		42		2		596		834		10		100.38		224
33		62		74		2		0		942		10		494.36		508
34		14		24		2		0		966		10		888.34		792
35		9		32		3		0		963		10		527.33		544
36		21		73		2		324		562		10		100.38		224
37		1		75		2		261		545		10		871.12		716
38		51		72		3		0		949		10		1315.29		1112
39		53		2		1		832		1000		10		50.19		112
40		21		9		1		0		179		10		50.19		112
41		60		60		1		418		600		10		50.19		112
42		65		18		2		314		554		10		477.14		432
43		5		56		2		446		744		10		494.36		508
44		28		48		3		524		750		10		921.31		828
45		35		14		2		326		552		10		888.34		792
46		69		23		2		88		300		10		871.12		716
47		12		72		1		702		926		10		50.19		112
48		55		18		2		837		1000		10		494.36		508
49		25		7		1		0		960		10		444.17		396
50		57		40		3		625		839		10		921.31		828
51		21		64		3		635		841		10		904.09		752
52		5		9		3		281		507		10		904.09		752
53		64		77		2		549		769		10		871.12		716
54		18		7		2		500		746		10		477.14		432
55		38		73		1		687		935		10		426.95		320
56		23		46		3		0		158		10		921.31		828
57		8		80		3		285		511		10		921.31		828
58		45		45		1		176		388		10		444.17		396
59		34		56		2		0		968		10		494.36		508
60		29		18		3		756		988		10		921.31		828
61		61		68		1		277		523		10		50.19		112
62		23		41		1		50		264		10		426.95		320
63		9		59		2		308		548		10		494.36		508
64		28		73		3		0		951		10		1298.07		1036
65		56		64		1		575		767		10		444.17		396
66		3		50		3		5		227		10		1332.51		1188
67		22		6		1		285		523		10		426.95		320
68		5		19		1		0		956		10		50.19		112
69		38		16		3		384		638		10		921.31		828
70		45		3		1		188		372		10		426.95		320
71		24		24		3		364		604		10		904.09		752
72		3		38		1		0		957		10		426.95		320
73		48		73		1		449		715		10		426.95		320
74		40		3		1		51		257		10		444.17		396
75		40		69		3		344		522		10		1315.29		1112
76		37		9		3		428		684		10		527.33		544
77		64		62		3		588		770		10		527.33		544
78		56		54		1		265		435		10		444.17		396
79		9		2		1		674		918		10		444.17		396
80		23		15		1		589		869		10		426.95		320
81		66		58		2		0		951		10		853.9		640
82		68		28		2		0		956		10		494.36		508
83		28		80		2		0		193		10		871.12		716
84		64		14		2		0		954		10		494.36		508
85		3		31		2		0		957		10		100.38		224
86		49		35		2		0		976		10		853.9		640
87		47		70		1		311		587		10		444.17		396
88		59		15		2		559		797		10		494.36		508
89		2		46		3		131		369		10		921.31		828
90		47		40		3		124		332		10		1280.85		960
91		35		64		3		0		961		10		544.55		620
92		19		53		1		176		374		10		426.95		320
93		29		42		3		371		557		10		938.53		904
94		24		19		2		212		498		10		494.36		508
95		62		0		2		0		945		10		494.36		508
96		46		63		3		833		1000		10		904.09		752
97		60		29		1		538		794		10		426.95		320
98		64		28		2		259		531		10		494.36		508
99		41		60		2		0		964		10		477.14		432
100		48		55		2		551		825		10		888.34		792

ITEMS
Type		Length		Width		Height		Mass		Fragility	LoadBearingStrength
Bt1		11		6		6		444.17		1		9.7589287
Bt2		8		5		8		426.95		0		53.3278759
Bt3		7		4		4		50.19		0		8.1365597

DEMANDS PER CUSTOMER
i	Type Quantity
1	Bt1 1	Bt2 1	Bt3 1	
2	Bt3 1	
3	Bt1 1	
4	Bt1 1	Bt3 1	
5	Bt1 1	Bt2 1	
6	Bt1 1	Bt3 1	
7	Bt3 1	
8	Bt1 1	Bt2 1	Bt3 1	
9	Bt1 1	
10	Bt3 2	
11	Bt3 2	
12	Bt3 3	
13	Bt1 1	
14	Bt2 3	
15	Bt1 1	Bt2 1	Bt3 1	
16	Bt1 1	Bt3 1	
17	Bt1 2	
18	Bt2 2	Bt3 1	
19	Bt2 1	Bt3 1	
20	Bt1 1	Bt2 1	Bt3 1	
21	Bt1 1	Bt3 1	
22	Bt1 1	Bt2 1	
23	Bt1 1	
24	Bt1 1	Bt3 1	
25	Bt1 1	
26	Bt3 1	
27	Bt1 1	Bt2 1	Bt3 1	
28	Bt1 1	Bt2 1	
29	Bt2 2	Bt3 1	
30	Bt3 1	
31	Bt1 1	Bt2 1	Bt3 1	
32	Bt3 2	
33	Bt1 1	Bt3 1	
34	Bt1 2	
35	Bt2 1	Bt3 2	
36	Bt3 2	
37	Bt1 1	Bt2 1	
38	Bt1 2	Bt2 1	
39	Bt3 1	
40	Bt3 1	
41	Bt3 1	
42	Bt2 1	Bt3 1	
43	Bt1 1	Bt3 1	
44	Bt1 1	Bt2 1	Bt3 1	
45	Bt1 2	
46	Bt1 1	Bt2 1	
47	Bt3 1	
48	Bt1 1	Bt3 1	
49	Bt1 1	
50	Bt1 1	Bt2 1	Bt3 1	
51	Bt2 2	Bt3 1	
52	Bt2 2	Bt3 1	
53	Bt1 1	Bt2 1	
54	Bt2 1	Bt3 1	
55	Bt2 1	
56	Bt1 1	Bt2 1	Bt3 1	
57	Bt1 1	Bt2 1	Bt3 1	
58	Bt1 1	
59	Bt1 1	Bt3 1	
60	Bt1 1	Bt2 1	Bt3 1	
61	Bt3 1	
62	Bt2 1	
63	Bt1 1	Bt3 1	
64	Bt1 1	Bt2 2	
65	Bt1 1	
66	Bt1 3	
67	Bt2 1	
68	Bt3 1	
69	Bt1 1	Bt2 1	Bt3 1	
70	Bt2 1	
71	Bt2 2	Bt3 1	
72	Bt2 1	
73	Bt2 1	
74	Bt1 1	
75	Bt1 2	Bt2 1	
76	Bt2 1	Bt3 2	
77	Bt2 1	Bt3 2	
78	Bt1 1	
79	Bt1 1	
80	Bt2 1	
81	Bt2 2	
82	Bt1 1	Bt3 1	
83	Bt1 1	Bt2 1	
84	Bt1 1	Bt3 1	
85	Bt3 2	
86	Bt2 2	
87	Bt1 1	
88	Bt1 1	Bt3 1	
89	Bt1 1	Bt2 1	Bt3 1	
90	Bt2 3	
91	Bt1 1	Bt3 2	
92	Bt2 1	
93	Bt1 2	Bt3 1	
94	Bt1 1	Bt3 1	
95	Bt1 1	Bt3 1	
96	Bt2 2	Bt3 1	
97	Bt2 1	
98	Bt1 1	Bt3 1	
99	Bt2 1	Bt3 1	
100	Bt1 2	