Name				288_n100_m200_bt3
Number_of_Customers		100
Number_of_Items			200
Number_of_ItemTypes		3
Number_of_Vehicles		14
TimeWindows			1

VEHICLE
Mass_Capacity			12595
CargoSpace_Length		60
CargoSpace_Width		25
CargoSpace_Height		30
Wheelbase			48
Max_Mass_FrontAxle		7100
Max_Mass_RearAxle		11500
Distance_FrontAxle_CargoSpace	4

CUSTOMERS
i		x		y		Demand		ReadyTime	DueDate		ServiceTime	DemandedMass	DemandedVolume
0		35		35		0		0		1000		0		0		0
1		19		2		3		0		953		10		370.14		704
2		39		70		1		0		954		10		232.12		256
3		17		60		3		0		202		10		240.89		658
4		13		9		3		0		955		10		274.75		644
5		60		26		1		0		963		10		232.12		256
6		21		28		2		0		974		10		464.24		512
7		6		58		3		281		553		10		567.11		722
8		19		45		2		0		971		10		334.99		466
9		56		79		3		0		941		10		567.11		722
10		44		36		2		780		1000		10		171.88		434
11		25		8		2		0		961		10		334.99		466
12		37		31		1		0		985		10		102.87		210
13		51		3		1		332		584		10		232.12		256
14		24		70		3		0		953		10		274.75		644
15		31		48		2		0		976		10		205.74		420
16		40		63		2		0		961		10		334.99		466
17		67		52		1		386		622		10		232.12		256
18		46		43		3		0		976		10		370.14		704
19		11		80		2		0		939		10		301.13		480
20		24		61		2		454		672		10		138.02		448
21		4		28		2		0		958		10		171.88		434
22		56		76		2		46		256		10		464.24		512
23		65		48		2		0		957		10		138.02		448
24		38		39		1		59		383		10		69.01		224
25		48		24		1		442		714		10		232.12		256
26		20		20		2		0		968		10		138.02		448
27		49		41		2		0		974		10		301.13		480
28		70		71		3		0		939		10		533.25		736
29		54		66		3		0		953		10		567.11		722
30		48		69		3		0		953		10		370.14		704
31		61		60		3		542		710		10		404		690
32		24		40		3		0		133		10		274.75		644
33		61		7		2		0		951		10		334.99		466
34		70		38		3		0		954		10		240.89		658
35		35		3		1		0		958		10		102.87		210
36		32		22		3		785		1000		10		533.25		736
37		37		64		3		0		212		10		437.86		676
38		26		45		3		0		976		10		404		690
39		3		2		3		0		944		10		370.14		704
40		67		42		2		25		283		10		171.88		434
41		12		13		1		837		1000		10		102.87		210
42		31		70		3		0		954		10		240.89		658
43		27		78		2		0		946		10		301.13		480
44		11		42		1		0		965		10		69.01		224
45		48		48		3		0		971		10		274.75		644
46		69		47		3		0		953		10		274.75		644
47		41		60		3		0		964		10		696.36		768
48		66		60		3		0		950		10		533.25		736
49		8		65		3		350		632		10		274.75		644
50		42		10		3		0		964		10		370.14		704
51		31		25		1		0		979		10		102.87		210
52		40		15		1		349		587		10		69.01		224
53		61		52		1		0		958		10		102.87		210
54		27		41		1		0		980		10		102.87		210
55		48		10		2		0		961		10		464.24		512
56		9		23		3		0		961		10		404		690
57		35		47		2		0		978		10		171.88		434
58		17		48		1		0		967		10		69.01		224
59		2		45		2		0		955		10		171.88		434
60		50		66		3		0		955		10		274.75		644
61		49		60		3		0		961		10		404		690
62		24		22		1		0		972		10		69.01		224
63		21		40		2		0		975		10		171.88		434
64		60		10		1		0		954		10		102.87		210
65		30		9		1		0		963		10		69.01		224
66		10		46		1		0		962		10		69.01		224
67		66		77		3		0		937		10		533.25		736
68		29		57		3		0		967		10		240.89		658
69		16		53		1		0		963		10		232.12		256
70		34		66		2		0		958		10		301.13		480
71		18		65		1		0		955		10		69.01		224
72		4		74		1		0		940		10		232.12		256
73		55		26		2		0		968		10		301.13		480
74		20		58		3		0		962		10		533.25		736
75		50		21		1		0		969		10		69.01		224
76		13		5		3		142		366		10		533.25		736
77		28		70		2		0		954		10		464.24		512
78		19		69		2		0		952		10		171.88		434
79		14		48		1		0		965		10		232.12		256
80		23		18		1		0		969		10		102.87		210
81		3		18		2		0		953		10		334.99		466
82		31		52		3		0		972		10		274.75		644
83		21		35		3		0		976		10		240.89		658
84		63		3		1		401		609		10		69.01		224
85		25		15		1		0		967		10		102.87		210
86		0		61		1		0		946		10		102.87		210
87		38		3		1		0		957		10		232.12		256
88		26		57		3		768		1000		10		404		690
89		67		55		1		634		914		10		69.01		224
90		46		77		1		584		774		10		102.87		210
91		23		46		3		524		816		10		437.86		676
92		60		75		1		0		209		10		232.12		256
93		6		20		2		0		957		10		334.99		466
94		45		33		1		0		979		10		69.01		224
95		2		35		1		0		957		10		102.87		210
96		66		3		2		0		945		10		334.99		466
97		17		8		3		0		957		10		274.75		644
98		68		20		1		0		953		10		232.12		256
99		39		47		1		816		1000		10		232.12		256
100		24		35		2		0		979		10		464.24		512

ITEMS
Type		Length		Width		Height		Mass		Fragility	LoadBearingStrength
Bt1		7		6		5		102.87		0		28.6249160
Bt2		16		4		4		232.12		0		211.6272172
Bt3		16		2		7		69.01		1		2.7302048

DEMANDS PER CUSTOMER
i	Type Quantity
1	Bt2 1	Bt3 2	
2	Bt2 1	
3	Bt1 1	Bt3 2	
4	Bt1 2	Bt3 1	
5	Bt2 1	
6	Bt2 2	
7	Bt1 1	Bt2 2	
8	Bt1 1	Bt2 1	
9	Bt1 1	Bt2 2	
10	Bt1 1	Bt3 1	
11	Bt1 1	Bt2 1	
12	Bt1 1	
13	Bt2 1	
14	Bt1 2	Bt3 1	
15	Bt1 2	
16	Bt1 1	Bt2 1	
17	Bt2 1	
18	Bt2 1	Bt3 2	
19	Bt2 1	Bt3 1	
20	Bt3 2	
21	Bt1 1	Bt3 1	
22	Bt2 2	
23	Bt3 2	
24	Bt3 1	
25	Bt2 1	
26	Bt3 2	
27	Bt2 1	Bt3 1	
28	Bt2 2	Bt3 1	
29	Bt1 1	Bt2 2	
30	Bt2 1	Bt3 2	
31	Bt1 1	Bt2 1	Bt3 1	
32	Bt1 2	Bt3 1	
33	Bt1 1	Bt2 1	
34	Bt1 1	Bt3 2	
35	Bt1 1	
36	Bt2 2	Bt3 1	
37	Bt1 2	Bt2 1	
38	Bt1 1	Bt2 1	Bt3 1	
39	Bt2 1	Bt3 2	
40	Bt1 1	Bt3 1	
41	Bt1 1	
42	Bt1 1	Bt3 2	
43	Bt2 1	Bt3 1	
44	Bt3 1	
45	Bt1 2	Bt3 1	
46	Bt1 2	Bt3 1	
47	Bt2 3	
48	Bt2 2	Bt3 1	
49	Bt1 2	Bt3 1	
50	Bt2 1	Bt3 2	
51	Bt1 1	
52	Bt3 1	
53	Bt1 1	
54	Bt1 1	
55	Bt2 2	
56	Bt1 1	Bt2 1	Bt3 1	
57	Bt1 1	Bt3 1	
58	Bt3 1	
59	Bt1 1	Bt3 1	
60	Bt1 2	Bt3 1	
61	Bt1 1	Bt2 1	Bt3 1	
62	Bt3 1	
63	Bt1 1	Bt3 1	
64	Bt1 1	
65	Bt3 1	
66	Bt3 1	
67	Bt2 2	Bt3 1	
68	Bt1 1	Bt3 2	
69	Bt2 1	
70	Bt2 1	Bt3 1	
71	Bt3 1	
72	Bt2 1	
73	Bt2 1	Bt3 1	
74	Bt2 2	Bt3 1	
75	Bt3 1	
76	Bt2 2	Bt3 1	
77	Bt2 2	
78	Bt1 1	Bt3 1	
79	Bt2 1	
80	Bt1 1	
81	Bt1 1	Bt2 1	
82	Bt1 2	Bt3 1	
83	Bt1 1	Bt3 2	
84	Bt3 1	
85	Bt1 1	
86	Bt1 1	
87	Bt2 1	
88	Bt1 1	Bt2 1	Bt3 1	
89	Bt3 1	
90	Bt1 1	
91	Bt1 2	Bt2 1	
92	Bt2 1	
93	Bt1 1	Bt2 1	
94	Bt3 1	
95	Bt1 1	
96	Bt1 1	Bt2 1	
97	Bt1 2	Bt3 1	
98	Bt2 1	
99	Bt2 1	
100	Bt2 2	