Name				290_n100_m200_bt3
Number_of_Customers		100
Number_of_Items			200
Number_of_ItemTypes		3
Number_of_Vehicles		24
TimeWindows			1

VEHICLE
Mass_Capacity			12595
CargoSpace_Length		60
CargoSpace_Width		25
CargoSpace_Height		30
Wheelbase			48
Max_Mass_FrontAxle		7100
Max_Mass_RearAxle		11500
Distance_FrontAxle_CargoSpace	4

CUSTOMERS
i		x		y		Demand		ReadyTime	DueDate		ServiceTime	DemandedMass	DemandedVolume
0		35		35		0		0		1000		0		0		0
1		58		23		1		476		706		10		174.76		360
2		40		38		3		428		664		10		274.26		540
3		50		45		2		0		200		10		108.7		168
4		65		32		2		148		396		10		90.3		192
5		50		71		2		693		923		10		219.91		456
6		7		14		3		684		894		10		153.85		264
7		2		10		1		140		400		10		45.15		96
8		55		0		1		679		961		10		174.76		360
9		69		9		3		581		837		10		274.26		540
10		2		66		2		26		228		10		229.11		444
11		44		23		3		152		406		10		394.67		816
12		35		67		3		0		237		10		394.67		816
13		64		39		2		368		576		10		99.5		180
14		58		40		1		0		194		10		174.76		360
15		38		59		2		811		1000		10		349.52		720
16		47		57		1		758		1000		10		45.15		96
17		21		41		1		98		356		10		45.15		96
18		30		18		1		0		219		10		54.35		84
19		3		46		3		379		657		10		163.05		252
20		3		52		3		588		864		10		144.65		276
21		68		32		1		126		388		10		45.15		96
22		62		64		3		129		339		10		524.28		1080
23		1		41		3		472		720		10		283.46		528
24		42		12		2		642		912		10		229.11		444
25		0		45		3		816		1000		10		274.26		540
26		64		1		2		209		453		10		229.11		444
27		9		56		1		28		274		10		54.35		84
28		17		66		1		834		1000		10		174.76		360
29		14		37		3		172		370		10		153.85		264
30		66		26		2		371		647		10		90.3		192
31		27		37		1		705		919		10		45.15		96
32		27		28		1		192		442		10		54.35		84
33		37		19		2		0		224		10		219.91		456
34		4		16		3		743		1000		10		163.05		252
35		70		48		2		279		559		10		90.3		192
36		5		42		2		569		781		10		229.11		444
37		26		48		1		0		212		10		174.76		360
38		34		15		2		28		292		10		229.11		444
39		23		51		1		120		296		10		45.15		96
40		5		27		2		657		877		10		90.3		192
41		62		35		2		202		448		10		90.3		192
42		24		0		1		412		646		10		174.76		360
43		54		54		2		478		698		10		108.7		168
44		8		71		2		17		205		10		90.3		192
45		21		45		3		799		1000		10		144.65		276
46		60		30		3		20		298		10		403.87		804
47		53		59		2		201		425		10		219.91		456
48		21		67		3		546		784		10		274.26		540
49		25		73		3		403		681		10		274.26		540
50		32		36		1		0		145		10		45.15		96
51		69		40		1		244		502		10		174.76		360
52		12		33		2		109		251		10		229.11		444
53		47		33		2		82		288		10		108.7		168
54		8		33		3		376		584		10		274.26		540
55		65		15		1		526		780		10		54.35		84
56		12		61		3		374		572		10		144.65		276
57		8		51		2		624		864		10		108.7		168
58		38		7		1		38		312		10		54.35		84
59		21		61		3		317		591		10		274.26		540
60		52		5		3		542		730		10		144.65		276
61		12		18		2		305		595		10		99.5		180
62		57		62		2		759		1000		10		229.11		444
63		61		57		2		404		614		10		99.5		180
64		41		16		3		597		843		10		394.67		816
65		31		78		1		776		1000		10		174.76		360
66		59		12		2		168		380		10		108.7		168
67		53		37		1		799		1000		10		45.15		96
68		67		66		3		248		498		10		144.65		276
69		51		16		1		526		804		10		54.35		84
70		61		23		2		60		320		10		349.52		720
71		67		49		1		0		215		10		174.76		360
72		55		31		2		110		392		10		99.5		180
73		60		19		1		125		319		10		54.35		84
74		31		32		2		244		466		10		90.3		192
75		31		46		1		835		1000		10		54.35		84
76		38		12		3		738		960		10		144.65		276
77		61		67		3		0		196		10		283.46		528
78		68		15		1		635		877		10		54.35		84
79		67		21		3		698		890		10		274.26		540
80		63		60		3		145		353		10		394.67		816
81		17		72		2		395		661		10		349.52		720
82		26		57		1		224		434		10		54.35		84
83		26		10		2		195		427		10		349.52		720
84		35		63		3		432		642		10		394.67		816
85		27		51		2		674		930		10		229.11		444
86		39		28		2		803		1000		10		229.11		444
87		53		47		1		531		763		10		45.15		96
88		23		24		1		480		740		10		45.15		96
89		9		1		3		563		755		10		274.26		540
90		20		32		3		714		912		10		524.28		1080
91		4		38		3		164		446		10		394.67		816
92		70		66		2		690		896		10		219.91		456
93		0		50		3		136		394		10		144.65		276
94		4		21		3		201		449		10		274.26		540
95		35		78		1		265		469		10		45.15		96
96		56		76		2		139		407		10		229.11		444
97		55		4		1		380		570		10		54.35		84
98		6		75		1		53		247		10		45.15		96
99		37		22		3		2		244		10		135.45		288
100		9		4		1		789		1000		10		54.35		84

ITEMS
Type		Length		Width		Height		Mass		Fragility	LoadBearingStrength
Bt1		14		2		3		54.35		1		1.7929661
Bt2		6		4		4		45.15		0		50.2393509
Bt3		15		4		6		174.76		0		14.5518359

DEMANDS PER CUSTOMER
i	Type Quantity
1	Bt3 1	
2	Bt1 1	Bt2 1	Bt3 1	
3	Bt1 2	
4	Bt2 2	
5	Bt2 1	Bt3 1	
6	Bt1 2	Bt2 1	
7	Bt2 1	
8	Bt3 1	
9	Bt1 1	Bt2 1	Bt3 1	
10	Bt1 1	Bt3 1	
11	Bt2 1	Bt3 2	
12	Bt2 1	Bt3 2	
13	Bt1 1	Bt2 1	
14	Bt3 1	
15	Bt3 2	
16	Bt2 1	
17	Bt2 1	
18	Bt1 1	
19	Bt1 3	
20	Bt1 1	Bt2 2	
21	Bt2 1	
22	Bt3 3	
23	Bt1 2	Bt3 1	
24	Bt1 1	Bt3 1	
25	Bt1 1	Bt2 1	Bt3 1	
26	Bt1 1	Bt3 1	
27	Bt1 1	
28	Bt3 1	
29	Bt1 2	Bt2 1	
30	Bt2 2	
31	Bt2 1	
32	Bt1 1	
33	Bt2 1	Bt3 1	
34	Bt1 3	
35	Bt2 2	
36	Bt1 1	Bt3 1	
37	Bt3 1	
38	Bt1 1	Bt3 1	
39	Bt2 1	
40	Bt2 2	
41	Bt2 2	
42	Bt3 1	
43	Bt1 2	
44	Bt2 2	
45	Bt1 1	Bt2 2	
46	Bt1 1	Bt3 2	
47	Bt2 1	Bt3 1	
48	Bt1 1	Bt2 1	Bt3 1	
49	Bt1 1	Bt2 1	Bt3 1	
50	Bt2 1	
51	Bt3 1	
52	Bt1 1	Bt3 1	
53	Bt1 2	
54	Bt1 1	Bt2 1	Bt3 1	
55	Bt1 1	
56	Bt1 1	Bt2 2	
57	Bt1 2	
58	Bt1 1	
59	Bt1 1	Bt2 1	Bt3 1	
60	Bt1 1	Bt2 2	
61	Bt1 1	Bt2 1	
62	Bt1 1	Bt3 1	
63	Bt1 1	Bt2 1	
64	Bt2 1	Bt3 2	
65	Bt3 1	
66	Bt1 2	
67	Bt2 1	
68	Bt1 1	Bt2 2	
69	Bt1 1	
70	Bt3 2	
71	Bt3 1	
72	Bt1 1	Bt2 1	
73	Bt1 1	
74	Bt2 2	
75	Bt1 1	
76	Bt1 1	Bt2 2	
77	Bt1 2	Bt3 1	
78	Bt1 1	
79	Bt1 1	Bt2 1	Bt3 1	
80	Bt2 1	Bt3 2	
81	Bt3 2	
82	Bt1 1	
83	Bt3 2	
84	Bt2 1	Bt3 2	
85	Bt1 1	Bt3 1	
86	Bt1 1	Bt3 1	
87	Bt2 1	
88	Bt2 1	
89	Bt1 1	Bt2 1	Bt3 1	
90	Bt3 3	
91	Bt2 1	Bt3 2	
92	Bt2 1	Bt3 1	
93	Bt1 1	Bt2 2	
94	Bt1 1	Bt2 1	Bt3 1	
95	Bt2 1	
96	Bt1 1	Bt3 1	
97	Bt1 1	
98	Bt2 1	
99	Bt2 3	
100	Bt1 1	