Name				293_n100_m200_bt10
Number_of_Customers		100
Number_of_Items			200
Number_of_ItemTypes		10
Number_of_Vehicles		11
TimeWindows			1

VEHICLE
Mass_Capacity			12595
CargoSpace_Length		60
CargoSpace_Width		25
CargoSpace_Height		30
Wheelbase			48
Max_Mass_FrontAxle		7100
Max_Mass_RearAxle		11500
Distance_FrontAxle_CargoSpace	4

CUSTOMERS
i		x		y		Demand		ReadyTime	DueDate		ServiceTime	DemandedMass	DemandedVolume
0		35		35		0		0		1000		0		0		0
1		31		49		2		0		975		10		264.83		597
2		42		73		1		0		951		10		156.62		168
3		52		4		3		0		954		10		619.11		960
4		5		9		1		0		950		10		187.09		432
5		53		12		1		0		960		10		105.27		165
6		3		13		1		0		951		10		159.56		432
7		32		66		1		0		958		10		159.56		432
8		49		57		1		222		416		10		175.68		468
9		39		45		1		144		378		10		286.81		324
10		13		43		3		0		966		10		561.27		1296
11		63		65		3		405		649		10		620.67		927
12		48		68		2		701		925		10		316.18		600
13		55		3		1		0		952		10		187.09		432
14		24		27		3		0		976		10		534.57		748
15		63		71		3		244		458		10		827.49		801
16		16		13		3		0		960		10		856.78		918
17		57		17		1		0		961		10		159.56		432
18		6		15		3		695		951		10		537.51		1012
19		44		8		3		0		961		10		565.04		1012
20		27		34		2		727		969		10		332.3		636
21		69		28		1		0		955		10		94.73		189
22		48		32		3		0		976		10		828.87		1098
23		22		6		2		397		637		10		292.36		597
24		16		50		1		0		965		10		159.56		432
25		26		7		1		0		960		10		187.09		432
26		23		40		3		0		977		10		581.54		868
27		41		32		3		0		983		10		305.27		519
28		54		46		3		0		968		10		538.16		681
29		4		37		2		0		958		10		471.65		471
30		3		16		2		495		733		10		196.41		421
31		68		76		3		0		937		10		488.92		804
32		30		0		2		0		954		10		278.23		688
33		59		50		1		235		457		10		286.81		324
34		31		40		2		0		983		10		335.24		900
35		41		25		2		0		978		10		294.73		544
36		28		37		2		551		807		10		292.36		597
37		12		67		2		72		326		10		461.11		495
38		39		65		1		0		959		10		366.38		306
39		4		32		2		0		958		10		461.11		495
40		70		12		3		0		948		10		698.68		942
41		41		8		3		420		676		10		595.67		777
42		3		4		3		0		945		10		519.39		1068
43		36		62		2		0		962		10		196.41		421
44		8		47		2		153		367		10		379.27		756
45		33		74		1		0		950		10		105.27		165
46		66		73		3		0		940		10		812.75		1062
47		13		33		3		0		967		10		376.55		810
48		66		28		1		0		958		10		175.68		468
49		15		30		2		0		969		10		553.47		738
50		50		35		3		0		975		10		468.42		885
51		70		16		3		632		880		10		666.08		1080
52		17		55		1		0		963		10		366.38		306
53		17		60		1		0		959		10		94.73		189
54		0		76		3		0		936		10		717.74		1242
55		60		3		1		0		949		10		94.73		189
56		26		45		3		0		976		10		522.33		1332
57		14		56		2		0		960		10		270.41		657
58		7		77		1		0		939		10		366.38		306
59		52		74		2		0		947		10		200		354
60		2		45		3		0		955		10		454.29		976
61		68		40		1		379		613		10		366.38		306
62		58		63		1		0		953		10		159.56		432
63		61		30		3		708		980		10		522.33		1332
64		18		78		1		0		943		10		175.68		468
65		2		19		2		0		953		10		490.4		612
66		4		77		1		0		937		10		203.59		288
67		1		61		1		327		595		10		91.14		256
68		60		36		1		557		771		10		187.09		432
69		26		52		2		0		970		10		351.36		936
70		42		63		3		0		961		10		468.04		1065
71		70		19		2		0		951		10		374.18		864
72		29		59		2		0		965		10		360.21		456
73		34		29		2		0		983		10		462.49		792
74		65		19		3		0		956		10		468.91		1053
75		10		54		3		0		958		10		614.14		730
76		64		53		3		0		955		10		582.86		1044
77		44		56		3		0		967		10		1019.57		936
78		21		63		2		147		421		10		462.49		792
79		43		70		1		0		954		10		203.59		288
80		70		22		1		0		952		10		159.56		432
81		49		64		2		0		957		10		360.21		456
82		29		68		2		0		956		10		523		474
83		38		27		2		0		981		10		523		474
84		64		25		1		0		959		10		94.73		189
85		13		70		1		517		819		10		156.62		168
86		54		8		3		770		942		10		454.29		976
87		5		62		1		0		949		10		105.27		165
88		48		80		1		758		954		10		187.09		432
89		34		52		3		0		972		10		633.2		1030
90		32		37		1		0		986		10		286.81		324
91		43		40		3		0		980		10		506.21		1296
92		54		16		2		0		963		10		270.41		657
93		29		45		2		372		580		10		294.73		544
94		45		0		3		485		759		10		547.3		888
95		49		46		1		0		972		10		159.56		432
96		28		12		3		0		965		10		576.92		636
97		23		20		1		0		970		10		94.73		189
98		26		15		3		0		968		10		407.32		856
99		70		72		3		0		939		10		668.35		837
100		58		41		1		0		966		10		91.14		256

ITEMS
Type		Length		Width		Height		Mass		Fragility	LoadBearingStrength
Bt1		14		4		3		156.62		0		11.5569412
Bt2		11		5		3		105.27		1		8.4721628
Bt3		8		4		8		91.14		0		17.5125583
Bt4		8		6		6		203.59		0		22.5536535
Bt5		9		3		7		94.73		0		18.2999639
Bt6		9		6		8		187.09		0		14.1230230
Bt7		17		3		6		366.38		0		237.8828739
Bt8		9		6		8		159.56		1		3.6072568
Bt9		13		6		6		175.68		0		7.1898419
Bt10		9		6		6		286.81		0		23.2890727

DEMANDS PER CUSTOMER
i	Type Quantity
1	Bt2 1	Bt8 1	
2	Bt1 1	
3	Bt1 1	Bt9 1	Bt10 1	
4	Bt6 1	
5	Bt2 1	
6	Bt8 1	
7	Bt8 1	
8	Bt9 1	
9	Bt10 1	
10	Bt6 3	
11	Bt5 1	Bt7 1	Bt8 1	
12	Bt1 1	Bt8 1	
13	Bt6 1	
14	Bt1 1	Bt3 1	Bt10 1	
15	Bt5 1	Bt7 2	
16	Bt4 1	Bt7 1	Bt10 1	
17	Bt8 1	
18	Bt3 1	Bt8 1	Bt10 1	
19	Bt3 1	Bt6 1	Bt10 1	
20	Bt1 1	Bt9 1	
21	Bt5 1	
22	Bt7 1	Bt9 1	Bt10 1	
23	Bt2 1	Bt6 1	
24	Bt8 1	
25	Bt6 1	
26	Bt3 1	Bt4 1	Bt10 1	
27	Bt2 2	Bt5 1	
28	Bt1 1	Bt5 1	Bt10 1	
29	Bt2 1	Bt7 1	
30	Bt2 1	Bt3 1	
31	Bt1 2	Bt9 1	
32	Bt3 1	Bt6 1	
33	Bt10 1	
34	Bt8 1	Bt9 1	
35	Bt3 1	Bt4 1	
36	Bt2 1	Bt6 1	
37	Bt5 1	Bt7 1	
38	Bt7 1	
39	Bt5 1	Bt7 1	
40	Bt1 1	Bt7 1	Bt9 1	
41	Bt2 1	Bt4 1	Bt10 1	
42	Bt1 1	Bt6 1	Bt9 1	
43	Bt2 1	Bt3 1	
44	Bt4 1	Bt9 1	
45	Bt2 1	
46	Bt7 1	Bt8 1	Bt10 1	
47	Bt5 2	Bt6 1	
48	Bt9 1	
49	Bt6 1	Bt7 1	
50	Bt2 1	Bt4 1	Bt8 1	
51	Bt4 1	Bt9 1	Bt10 1	
52	Bt7 1	
53	Bt5 1	
54	Bt7 1	Bt9 2	
55	Bt5 1	
56	Bt6 1	Bt8 1	Bt9 1	
57	Bt5 1	Bt9 1	
58	Bt7 1	
59	Bt2 1	Bt5 1	
60	Bt3 1	Bt4 1	Bt8 1	
61	Bt7 1	
62	Bt8 1	
63	Bt6 1	Bt8 1	Bt9 1	
64	Bt9 1	
65	Bt4 1	Bt10 1	
66	Bt4 1	
67	Bt3 1	
68	Bt6 1	
69	Bt9 2	
70	Bt2 1	Bt6 1	Bt9 1	
71	Bt6 2	
72	Bt1 1	Bt4 1	
73	Bt9 1	Bt10 1	
74	Bt5 1	Bt6 2	
75	Bt1 1	Bt3 1	Bt7 1	
76	Bt4 2	Bt9 1	
77	Bt7 2	Bt10 1	
78	Bt9 1	Bt10 1	
79	Bt4 1	
80	Bt8 1	
81	Bt1 1	Bt4 1	
82	Bt1 1	Bt7 1	
83	Bt1 1	Bt7 1	
84	Bt5 1	
85	Bt1 1	
86	Bt3 1	Bt4 1	Bt8 1	
87	Bt2 1	
88	Bt6 1	
89	Bt3 1	Bt7 1	Bt9 1	
90	Bt10 1	
91	Bt6 1	Bt8 2	
92	Bt5 1	Bt9 1	
93	Bt3 1	Bt4 1	
94	Bt1 1	Bt4 1	Bt6 1	
95	Bt8 1	
96	Bt2 2	Bt7 1	
97	Bt5 1	
98	Bt1 1	Bt3 1	Bt8 1	
99	Bt5 1	Bt10 2	
100	Bt3 1	