Name				295_n100_m200_bt10
Number_of_Customers		100
Number_of_Items			200
Number_of_ItemTypes		10
Number_of_Vehicles		22
TimeWindows			1

VEHICLE
Mass_Capacity			12595
CargoSpace_Length		60
CargoSpace_Width		25
CargoSpace_Height		30
Wheelbase			48
Max_Mass_FrontAxle		7100
Max_Mass_RearAxle		11500
Distance_FrontAxle_CargoSpace	4

CUSTOMERS
i		x		y		Demand		ReadyTime	DueDate		ServiceTime	DemandedMass	DemandedVolume
0		35		35		0		0		1000		0		0		0
1		56		59		3		0		958		10		264.87		474
2		39		60		1		0		964		10		279.44		336
3		68		16		3		0		951		10		233.11		600
4		65		18		2		0		307		10		141.98		360
5		58		77		3		631		921		10		313.99		576
6		56		68		2		216		420		10		166.2		302
7		15		78		3		541		751		10		639.94		882
8		4		58		1		795		989		10		68.56		90
9		21		39		2		450		616		10		363.59		458
10		62		22		2		580		844		10		236.49		360
11		14		37		3		0		968		10		542.83		720
12		23		19		2		0		152		10		350.43		516
13		2		48		3		608		852		10		538.28		756
14		26		38		3		394		670		10		445.89		630
15		32		6		2		0		235		10		348		426
16		66		45		2		0		957		10		234.06		270
17		63		27		2		271		513		10		149.37		308
18		21		76		2		608		822		10		398.5		496
19		32		76		2		0		167		10		363.59		458
20		41		47		1		29		243		10		295.28		360
21		4		55		3		515		713		10		434.83		630
22		0		2		1		678		882		10		70.99		180
23		47		63		3		639		911		10		327.62		600
24		25		2		1		578		820		10		295.28		360
25		68		11		2		745		1000		10		236.49		360
26		26		80		1		571		803		10		295.28		360
27		15		34		1		777		1000		10		119.06		160
28		46		50		2		0		213		10		196.56		376
29		34		9		1		49		259		10		70.99		180
30		65		6		1		0		948		10		165.5		180
31		13		70		1		415		681		10		165.5		180
32		23		30		2		217		431		10		149.62		300
33		59		28		3		778		1000		10		482.65		618
34		3		44		1		20		228		10		165.5		180
35		54		72		1		0		948		10		279.44		336
36		46		44		1		781		1000		10		165.5		180
37		56		64		2		305		511		10		155		432
38		62		57		2		0		955		10		284.56		340
39		35		66		3		185		443		10		636.38		888
40		66		74		2		0		940		10		136.87		188
41		23		9		1		286		500		10		119.06		160
42		30		14		2		835		1000		10		166.2		302
43		21		70		3		0		952		10		285.26		462
44		10		68		2		335		575		10		444.94		516
45		13		24		2		8		190		10		200.12		370
46		53		25		1		127		447		10		77.5		216
47		18		5		1		149		435		10		68.31		98
48		10		29		2		0		964		10		246.56		390
49		50		70		2		0		951		10		263.39		384
50		53		35		3		0		235		10		217.68		406
51		5		74		1		360		602		10		77.5		216
52		35		42		1		852		1000		10		279.44		336
53		19		11		3		687		877		10		652.22		912
54		53		28		1		172		438		10		119.06		160
55		68		25		1		0		955		10		165.5		180
56		9		40		2		0		963		10		136.62		196
57		65		23		1		718		944		10		68.56		90
58		44		19		2		380		628		10		139.55		270
59		21		22		2		0		970		10		356.94		552
60		33		63		2		0		961		10		350.43		516
61		67		78		1		481		689		10		68.56		90
62		49		39		3		312		546		10		491.84		736
63		59		14		1		644		876		10		97.89		204
64		68		54		3		0		951		10		538.28		756
65		4		61		1		724		986		10		165.5		180
66		45		35		2		810		1000		10		393.17		564
67		25		73		3		747		945		10		461.48		662
68		64		10		1		478		764		10		165.5		180
69		35		39		1		0		986		10		68.56		90
70		39		24		3		142		394		10		441.09		674
71		31		10		1		0		197		10		68.56		90
72		31		48		3		0		976		10		579.84		700
73		6		28		1		34		196		10		70.99		180
74		54		42		3		569		779		10		444.9		660
75		30		51		1		775		1000		10		68.56		90
76		33		22		3		83		287		10		302.62		360
77		55		78		3		18		252		10		645.71		876
78		22		64		3		298		562		10		230.68		510
79		39		74		3		342		588		10		441.34		666
80		5		80		2		0		235		10		350.43		516
81		66		2		3		483		727		10		256.18		340
82		3		52		3		0		953		10		255.68		356
83		54		10		3		0		958		10		220.36		488
84		29		44		3		582		818		10		307.48		540
85		66		37		2		589		827		10		347.75		434
86		49		33		1		288		500		10		165.5		180
87		29		70		3		0		954		10		870		1056
88		6		77		1		0		163		10		68.31		98
89		24		26		2		292		566		10		356.94		552
90		2		24		2		0		955		10		168.88		384
91		52		63		2		321		561		10		158.56		426
92		16		61		2		363		627		10		366.27		540
93		70		72		1		0		939		10		68.31		98
94		18		1		3		615		879		10		469.49		676
95		14		75		1		587		781		10		81.06		210
96		7		13		3		704		948		10		458.39		750
97		14		64		2		22		278		10		372.78		576
98		4		69		3		774		1000		10		427.93		732
99		38		70		2		51		305		10		187.62		250
100		60		25		3		0		963		10		441.09		674

ITEMS
Type		Length		Width		Height		Mass		Fragility	LoadBearingStrength
Bt1		7		2		7		68.31		0		50.8794311
Bt2		10		6		3		70.99		0		24.5123528
Bt3		9		3		8		77.50		0		16.3275851
Bt4		6		5		7		81.06		0		8.6204911
Bt5		16		3		7		279.44		0		14.8899231
Bt6		10		3		3		68.56		0		36.5151390
Bt7		16		2		5		119.06		0		186.3803844
Bt8		9		5		4		165.50		1		7.0280604
Bt9		17		2		6		97.89		0		39.7721507
Bt10		15		4		6		295.28		1		6.2143262

DEMANDS PER CUSTOMER
i	Type Quantity
1	Bt1 1	Bt3 1	Bt7 1	
2	Bt5 1	
3	Bt2 1	Bt4 2	
4	Bt2 2	
5	Bt2 1	Bt3 1	Bt8 1	
6	Bt1 1	Bt9 1	
7	Bt4 1	Bt5 2	
8	Bt6 1	
9	Bt1 1	Bt10 1	
10	Bt2 1	Bt8 1	
11	Bt5 1	Bt8 1	Bt9 1	
12	Bt2 1	Bt5 1	
13	Bt3 1	Bt8 1	Bt10 1	
14	Bt5 1	Bt6 1	Bt9 1	
15	Bt5 1	Bt6 1	
16	Bt6 1	Bt8 1	
17	Bt1 1	Bt4 1	
18	Bt5 1	Bt7 1	
19	Bt1 1	Bt10 1	
20	Bt10 1	
21	Bt2 1	Bt6 1	Bt10 1	
22	Bt2 1	
23	Bt4 2	Bt8 1	
24	Bt10 1	
25	Bt2 1	Bt8 1	
26	Bt10 1	
27	Bt7 1	
28	Bt3 1	Bt7 1	
29	Bt2 1	
30	Bt8 1	
31	Bt8 1	
32	Bt4 1	Bt6 1	
33	Bt1 1	Bt7 1	Bt10 1	
34	Bt8 1	
35	Bt5 1	
36	Bt8 1	
37	Bt3 2	
38	Bt7 1	Bt8 1	
39	Bt3 1	Bt5 2	
40	Bt1 1	Bt6 1	
41	Bt7 1	
42	Bt1 1	Bt9 1	
43	Bt1 1	Bt7 1	Bt9 1	
44	Bt5 1	Bt8 1	
45	Bt4 1	Bt7 1	
46	Bt3 1	
47	Bt1 1	
48	Bt4 1	Bt8 1	
49	Bt8 1	Bt9 1	
50	Bt1 2	Bt4 1	
51	Bt3 1	
52	Bt5 1	
53	Bt3 1	Bt5 1	Bt10 1	
54	Bt7 1	
55	Bt8 1	
56	Bt1 2	
57	Bt6 1	
58	Bt2 1	Bt6 1	
59	Bt3 1	Bt5 1	
60	Bt2 1	Bt5 1	
61	Bt6 1	
62	Bt3 1	Bt7 1	Bt10 1	
63	Bt9 1	
64	Bt3 1	Bt8 1	Bt10 1	
65	Bt8 1	
66	Bt9 1	Bt10 1	
67	Bt1 1	Bt9 1	Bt10 1	
68	Bt8 1	
69	Bt6 1	
70	Bt1 1	Bt3 1	Bt10 1	
71	Bt6 1	
72	Bt7 1	Bt8 1	Bt10 1	
73	Bt2 1	
74	Bt4 1	Bt6 1	Bt10 1	
75	Bt6 1	
76	Bt6 2	Bt8 1	
77	Bt2 1	Bt5 1	Bt10 1	
78	Bt4 2	Bt6 1	
79	Bt3 1	Bt6 1	Bt10 1	
80	Bt2 1	Bt5 1	
81	Bt6 2	Bt7 1	
82	Bt1 2	Bt7 1	
83	Bt1 1	Bt2 1	Bt4 1	
84	Bt2 2	Bt8 1	
85	Bt1 1	Bt5 1	
86	Bt8 1	
87	Bt5 1	Bt10 2	
88	Bt1 1	
89	Bt3 1	Bt5 1	
90	Bt2 1	Bt9 1	
91	Bt3 1	Bt4 1	
92	Bt2 1	Bt10 1	
93	Bt1 1	
94	Bt2 1	Bt5 1	Bt7 1	
95	Bt4 1	
96	Bt4 1	Bt5 1	Bt9 1	
97	Bt3 1	Bt10 1	
98	Bt2 1	Bt3 1	Bt5 1	
99	Bt6 1	Bt7 1	
100	Bt1 1	Bt3 1	Bt10 1	