Name				297_n100_m200_bt100
Number_of_Customers		100
Number_of_Items			200
Number_of_ItemTypes		100
Number_of_Vehicles		19
TimeWindows			1

VEHICLE
Mass_Capacity			12595
CargoSpace_Length		60
CargoSpace_Width		25
CargoSpace_Height		30
Wheelbase			48
Max_Mass_FrontAxle		7100
Max_Mass_RearAxle		11500
Distance_FrontAxle_CargoSpace	4

CUSTOMERS
i		x		y		Demand		ReadyTime	DueDate		ServiceTime	DemandedMass	DemandedVolume
0		35		35		0		0		1000		0		0		0
1		5		66		2		0		946		10		282.7		264
2		57		72		1		0		946		10		496.45		595
3		3		62		2		294		496		10		974.23		1236
4		34		9		1		126		332		10		107.21		108
5		2		44		3		0		955		10		625.95		840
6		18		35		1		779		1000		10		83.96		90
7		63		33		2		0		961		10		1084.52		1544
8		54		27		2		253		493		10		1572.94		1156
9		36		46		1		0		213		10		127.85		150
10		16		74		3		0		946		10		418.3		616
11		23		68		3		432		658		10		532.3		754
12		33		57		3		0		183		10		542.38		1064
13		38		12		2		0		966		10		351.05		420
14		28		38		3		0		982		10		1089.5		1088
15		70		66		3		0		943		10		466.64		992
16		7		2		1		0		946		10		127.85		150
17		16		77		1		0		943		10		167.83		220
18		42		36		2		680		956		10		1214.44		700
19		44		33		3		312		482		10		668.68		1404
20		17		52		2		0		965		10		173.76		395
21		18		9		1		0		958		10		278.79		252
22		31		54		1		674		850		10		49.54		150
23		26		69		3		0		954		10		463.17		580
24		0		75		3		0		936		10		845.9		576
25		48		31		1		0		976		10		236.55		264
26		5		29		3		0		959		10		318.32		833
27		22		20		3		268		462		10		634.1		920
28		59		18		1		0		169		10		206.26		385
29		25		31		2		806		1000		10		164.55		174
30		17		26		3		0		969		10		386.72		468
31		6		36		3		184		448		10		555.88		684
32		16		47		2		816		1000		10		368.69		414
33		13		57		2		265		497		10		157.02		276
34		11		25		3		307		545		10		577.12		1206
35		1		67		3		721		915		10		605.62		828
36		12		39		1		93		325		10		127.85		150
37		27		52		1		85		349		10		246.04		420
38		34		4		1		0		958		10		317.33		357
39		20		67		2		0		954		10		404.68		426
40		4		76		3		0		938		10		1006.72		1548
41		6		7		1		0		949		10		88.08		200
42		65		27		1		0		958		10		260.53		162
43		65		50		1		661		867		10		107.21		108
44		61		41		3		0		963		10		571.76		776
45		46		24		3		711		911		10		1068.69		1048
46		39		20		1		0		974		10		181.74		210
47		18		19		2		0		966		10		482.71		594
48		49		44		3		497		723		10		427.09		601
49		6		70		3		0		944		10		764.36		1104
50		8		12		1		0		954		10		90.18		273
51		61		8		1		0		208		10		43.62		54
52		9		66		3		0		949		10		623.37		747
53		29		69		3		0		955		10		468.21		1074
54		17		68		3		0		952		10		495.36		720
55		41		26		3		46		298		10		306.01		690
56		15		31		2		0		197		10		911.65		1041
57		24		73		1		23		261		10		260.53		162
58		8		63		2		0		184		10		466.83		672
59		12		30		1		0		966		10		186.29		308
60		67		62		2		0		948		10		418.66		860
61		56		65		1		82		288		10		341.56		816
62		22		33		3		0		976		10		734.81		786
63		48		11		1		467		757		10		528.18		385
64		53		4		3		748		982		10		764.04		731
65		32		19		3		0		973		10		718.06		813
66		5		32		2		0		959		10		209.51		216
67		6		45		2		221		497		10		384.33		432
68		11		2		3		0		949		10		271.31		495
69		35		52		1		144		404		10		181.74		210
70		55		43		1		27		265		10		68.32		108
71		57		37		1		0		967		10		129.18		130
72		46		48		2		0		972		10		328.61		618
73		10		18		1		178		412		10		270.46		336
74		54		17		3		0		963		10		1030.1		1332
75		30		74		2		0		950		10		275.63		647
76		18		57		2		114		392		10		180.94		539
77		14		17		2		179		411		10		1451.18		973
78		45		78		1		819		1000		10		181.74		210
79		30		8		3		0		962		10		471.36		848
80		39		4		1		0		958		10		206.26		385
81		58		75		1		0		943		10		129.18		130
82		30		14		2		0		159		10		360.13		390
83		49		38		1		0		975		10		93.6		270
84		39		78		3		0		946		10		865.15		1558
85		23		3		1		784		980		10		169.15		180
86		55		75		3		363		615		10		784.23		508
87		10		43		2		0		963		10		386.42		880
88		64		20		2		632		844		10		246.65		504
89		66		53		2		0		954		10		303.17		570
90		51		68		2		0		214		10		447.42		561
91		13		9		1		0		955		10		139.5		144
92		25		16		2		168		398		10		222.07		342
93		56		80		2		658		946		10		256.74		450
94		62		63		3		0		951		10		820.45		1049
95		32		23		2		802		1000		10		360.13		390
96		7		54		2		443		721		10		509.07		385
97		16		41		2		591		811		10		220.05		510
98		12		22		1		0		963		10		271.1		441
99		41		58		2		583		803		10		709.92		595
100		63		16		3		249		493		10		797.67		1049

ITEMS
Type		Length		Width		Height		Mass		Fragility	LoadBearingStrength
Bt1		15		7		4		246.04		0		19.1016719
Bt2		13		6		3		154.90		0		27.8404752
Bt3		10		4		5		88.08		0		24.9787777
Bt4		15		5		3		200.43		1		34.4362070
Bt5		8		5		4		156.50		0		22.8183091
Bt6		13		7		8		356.33		0		14.7083425
Bt7		7		3		6		123.58		0		97.4255601
Bt8		14		7		8		285.35		0		8.5900249
Bt9		8		3		6		139.50		0		151.6669824
Bt10		14		6		6		714.32		0		46.9531060
Bt11		15		2		5		127.85		0		31.2350297
Bt12		13		2		5		129.18		1		35.7097368
Bt13		16		6		7		652.10		0		27.8535134
Bt14		17		5		8		248.91		0		94.5507402
Bt15		9		5		4		109.08		0		23.3948088
Bt16		8		4		8		139.47		0		17.8844002
Bt17		9		5		4		169.75		0		240.0571734
Bt18		7		5		7		85.95		0		8.6048399
Bt19		10		6		8		159.46		0		6.9056846
Bt20		17		7		4		212.53		0		20.5335400
Bt21		12		5		7		212.83		1		9.6270091
Bt22		8		3		3		61.05		0		29.7073020
Bt23		15		4		3		169.15		0		33.6662306
Bt24		11		3		4		76.88		0		10.7048544
Bt25		16		2		8		439.74		0		397.0833110
Bt26		16		3		7		270.46		1		6.6345415
Bt27		7		5		8		184.10		0		57.8232101
Bt28		12		4		7		196.37		0		22.7726484
Bt29		9		4		3		68.32		0		24.0585939
Bt30		11		7		8		1133.85		0		52.4459880
Bt31		11		4		7		186.29		0		24.6201529
Bt32		9		7		7		271.10		1		7.7376932
Bt33		17		5		3		237.50		1		12.1977905
Bt34		9		6		3		260.53		0		83.0144166
Bt35		12		3		6		101.84		0		45.5885890
Bt36		11		3		6		82.57		1		5.1768499
Bt37		14		5		6		622.68		0		67.3519111
Bt38		11		7		7		207.31		1		2.5800874
Bt39		6		5		7		181.74		0		24.7737033
Bt40		11		4		5		156.37		0		141.5950976
Bt41		12		7		7		209.04		0		10.0608269
Bt42		9		6		4		106.68		1		15.3765310
Bt43		11		5		7		528.18		0		314.7898748
Bt44		6		5		7		151.66		0		91.0652020
Bt45		10		5		8		226.96		0		20.1237644
Bt46		16		7		8		679		0		35.9629637
Bt47		11		6		4		236.55		0		41.3723799
Bt48		7		6		7		94.99		0		39.4066527
Bt49		15		3		7		269.24		0		17.1715779
Bt50		12		5		7		136.09		0		22.6171353
Bt51		6		4		8		95.25		0		17.7613103
Bt52		8		2		5		68.68		0		149.3776383
Bt53		10		5		6		209.57		0		246.7484481
Bt54		11		4		5		167.83		1		10.8800901
Bt55		17		6		8		341.56		0		24.9320186
Bt56		17		6		8		728.19		1		11.1654784
Bt57		17		4		4		397.76		0		265.5531446
Bt58		15		6		3		93.60		0		20.6700065
Bt59		10		2		6		143.20		0		206.5105709
Bt60		14		3		8		191.94		0		22.8098389
Bt61		11		6		7		288.31		0		35.9037410
Bt62		10		3		5		49.54		0		44.9646012
Bt63		7		3		8		279.60		0		278.2376132
Bt64		14		2		3		80.59		1		89.3770680
Bt65		8		6		7		263.96		0		26.0566501
Bt66		8		6		4		164.18		1		14.3615150
Bt67		17		5		4		237.99		0		34.1775782
Bt68		15		6		6		439.09		0		197.4631879
Bt69		6		3		4		70.01		1		67.7766919
Bt70		12		3		5		178.13		0		42.4753686
Bt71		7		7		7		309.23		0		92.7797319
Bt72		14		3		6		278.79		0		160.7288621
Bt73		16		5		6		412.40		1		12.9076277
Bt74		11		5		5		111.17		0		17.8991156
Bt75		16		5		7		400.44		0		157.2705623
Bt76		6		5		3		83.96		0		45.7462182
Bt77		11		5		7		206.26		1		6.9549915
Bt78		7		6		3		107.48		0		83.7990714
Bt79		6		6		3		107.21		0		19.8791350
Bt80		13		3		7		90.18		1		2.4334262
Bt81		14		6		5		190.07		1		13.6676956
Bt82		12		2		5		62.59		0		17.3000787
Bt83		15		3		5		183.46		0		51.5234637
Bt84		13		6		5		216.74		1		7.3604407
Bt85		12		5		5		273.91		0		35.6372417
Bt86		17		3		7		317.33		0		48.8804244
Bt87		8		5		4		308.64		0		85.6734648
Bt88		17		5		7		496.45		0		27.1804909
Bt89		7		3		4		81.04		0		46.4398491
Bt90		12		3		6		377.54		0		158.5973727
Bt91		6		6		5		105.54		0		27.3079387
Bt92		9		6		4		392.92		0		87.8198595
Bt93		8		3		7		137.51		1		11.6168285
Bt94		14		4		3		188.48		0		272.7402111
Bt95		13		6		3		130.44		0		10.6781880
Bt96		12		2		3		31.86		0		26.8211008
Bt97		17		6		3		261.48		0		33.4649389
Bt98		9		2		3		43.62		0		64.8700487
Bt99		8		4		6		150.51		0		38.2654527
Bt100		12		4		7		279.34		0		33.5583199

DEMANDS PER CUSTOMER
i	Type Quantity
1	Bt9 1	Bt59 1	
2	Bt88 1	
3	Bt1 1	Bt56 1	
4	Bt79 1	
5	Bt2 1	Bt53 1	Bt97 1	
6	Bt76 1	
7	Bt6 1	Bt56 1	
8	Bt30 1	Bt68 1	
9	Bt11 1	
10	Bt15 1	Bt16 1	Bt17 1	
11	Bt2 1	Bt53 1	Bt54 1	
12	Bt8 1	Bt11 1	Bt12 1	
13	Bt26 1	Bt64 1	
14	Bt57 1	Bt73 1	Bt100 1	
15	Bt23 1	Bt38 1	Bt80 1	
16	Bt11 1	
17	Bt54 1	
18	Bt30 1	Bt64 1	
19	Bt8 1	Bt40 1	Bt45 1	
20	Bt74 1	Bt82 1	
21	Bt72 1	
22	Bt62 1	
23	Bt5 1	Bt52 1	Bt67 1	
24	Bt9 1	Bt57 1	Bt87 1	
25	Bt47 1	
26	Bt19 1	Bt52 1	Bt80 1	
27	Bt23 1	Bt45 1	Bt67 1	
28	Bt77 1	
29	Bt64 1	Bt76 1	
30	Bt11 1	Bt44 1	Bt79 1	
31	Bt2 1	Bt9 1	Bt97 1	
32	Bt79 1	Bt97 1	
33	Bt62 1	Bt78 1	
34	Bt55 1	Bt60 1	Bt98 1	
35	Bt36 1	Bt68 1	Bt76 1	
36	Bt11 1	
37	Bt1 1	
38	Bt86 1	
39	Bt59 1	Bt97 1	
40	Bt6 1	Bt67 1	Bt73 1	
41	Bt3 1	
42	Bt34 1	
43	Bt79 1	
44	Bt31 1	Bt42 1	Bt72 1	
45	Bt56 1	Bt87 1	Bt96 1	
46	Bt39 1	
47	Bt68 1	Bt98 1	
48	Bt29 1	Bt62 1	Bt71 1	
49	Bt55 1	Bt59 1	Bt63 1	
50	Bt80 1	
51	Bt98 1	
52	Bt34 1	Bt49 1	Bt58 1	
53	Bt41 1	Bt48 1	Bt66 1	
54	Bt11 1	Bt58 1	Bt85 1	
55	Bt19 1	Bt76 1	Bt82 1	
56	Bt56 1	Bt83 1	
57	Bt34 1	
58	Bt26 1	Bt28 1	
59	Bt31 1	
60	Bt14 1	Bt17 1	
61	Bt55 1	
62	Bt72 1	Bt73 1	Bt98 1	
63	Bt43 1	
64	Bt12 1	Bt42 1	Bt43 1	
65	Bt47 1	Bt66 1	Bt86 1	
66	Bt9 1	Bt69 1	
67	Bt72 1	Bt91 1	
68	Bt80 1	Bt93 1	Bt98 1	
69	Bt39 1	
70	Bt29 1	
71	Bt12 1	
72	Bt1 1	Bt36 1	
73	Bt26 1	
74	Bt28 1	Bt56 1	Bt91 1	
75	Bt29 1	Bt38 1	
76	Bt18 1	Bt48 1	
77	Bt30 1	Bt86 1	
78	Bt39 1	
79	Bt38 1	Bt64 1	Bt83 1	
80	Bt77 1	
81	Bt12 1	
82	Bt7 1	Bt47 1	
83	Bt58 1	
84	Bt55 1	Bt77 1	Bt86 1	
85	Bt23 1	
86	Bt25 1	Bt34 1	Bt76 1	
87	Bt19 1	Bt45 1	
88	Bt44 1	Bt48 1	
89	Bt53 1	Bt58 1	
90	Bt65 1	Bt83 1	
91	Bt9 1	
92	Bt9 1	Bt36 1	
93	Bt2 1	Bt35 1	
94	Bt47 1	Bt75 1	Bt83 1	
95	Bt7 1	Bt47 1	
96	Bt4 1	Bt87 1	
97	Bt50 1	Bt76 1	
98	Bt32 1	
99	Bt39 1	Bt43 1	
100	Bt45 1	Bt71 1	Bt97 1	