Name				362_n060_m400_bt3
Number_of_Customers		60
Number_of_Items			400
Number_of_ItemTypes		3
Number_of_Vehicles		33
TimeWindows			1

VEHICLE
Mass_Capacity			12595
CargoSpace_Length		60
CargoSpace_Width		25
CargoSpace_Height		30
Wheelbase			48
Max_Mass_FrontAxle		7100
Max_Mass_RearAxle		11500
Distance_FrontAxle_CargoSpace	4

CUSTOMERS
i		x		y		Demand		ReadyTime	DueDate		ServiceTime	DemandedMass	DemandedVolume
0		35		35		0		0		230		0		0		0
1		62		12		7		0		184		10		2762.65		14179
2		8		57		7		0		185		10		2744.77		12543
3		54		6		8		92		124		10		3041		15919
4		18		73		3		84		116		10		1017.97		5846
5		18		64		7		99		129		10		2378.93		11291
6		22		7		6		135		171		10		2200.98		10682
7		11		15		8		80		106		10		3005.24		12647
8		58		3		9		67		101		10		3036.03		15902
9		56		39		7		147		167		10		2662.25		13048
10		33		80		5		56		88		10		1904.75		7306
11		38		48		7		68		98		10		2378.93		11291
12		62		35		7		157		179		10		2396.81		12927
13		48		9		8		0		190		10		3123.52		15414
14		22		80		6		0		173		10		2218.86		12318
15		22		46		8		93		125		10		3023.12		14283
16		39		22		8		44		84		10		3206.04		14909
17		7		11		9		75		105		10		3036.03		15902
18		47		67		5		77		105		10		1657.19		8821
19		10		69		8		25		61		10		2739.8		12526
20		38		41		9		101		129		10		3283.59		14387
21		42		5		3		108		136		10		1017.97		5846
22		5		72		9		0		172		10		3236.83		18164
23		11		73		7		78		108		10		3028.09		14300
24		5		29		9		0		189		10		3136.43		17033
25		38		59		6		31		69		10		2018.06		10056
26		44		14		6		0		197		10		2283.5		10177
27		6		1		9		0		175		10		2935.63		14771
28		15		79		6		52		82		10		2383.9		11308
29		56		78		4		55		91		10		1561.76		7707
30		39		3		7		167		199		10		2543.97		10281
31		3		33		8		0		187		10		3206.04		14909
32		49		34		4		113		145		10		1561.76		7707
33		44		67		7		62		90		10		2680.13		14684
34		20		21		5		124		154		10		1822.23		7811
35		34		8		8		52		84		10		3388.96		15535
36		59		37		5		45		77		10		1840.11		9447
37		31		4		3		0		188		10		1000.09		4210
38		5		14		5		0		183		10		1739.71		8316
39		13		0		6		46		74		10		2301.38		11813
40		61		80		6		102		130		10		2301.38		11813
41		12		51		7		18		52		10		2762.65		14179
42		9		2		7		69		93		10		2662.25		13048
43		56		61		9		36		68		10		3366.11		13882
44		2		59		6		123		159		10		2100.58		9551
45		59		29		4		0		195		10		1561.76		7707
46		45		62		9		50		82		10		3383.99		15518
47		1		5		6		29		61		10		2018.06		10056
48		52		32		9		142		172		10		3301.47		16023
49		4		39		6		83		109		10		2200.98		10682
50		14		3		7		145		173		10		2479.33		12422
51		53		27		9		178		204		10		3667.31		17275
52		7		25		9		0		190		10		3201.07		14892
53		50		53		6		146		182		10		2100.58		9551
54		48		25		6		105		139		10		2100.58		9551
55		31		68		5		0		186		10		1657.19		8821
56		5		5		8		73		101		10		2739.8		12526
57		7		76		5		67		95		10		2105.55		9568
58		50		38		4		188		214		10		1543.88		6071
59		20		77		6		0		175		10		2484.3		12439
60		68		44		7		50		82		10		2561.85		11917

ITEMS
Type		Length		Width		Height		Mass		Fragility	LoadBearingStrength
Bt1		29		5		12		278.35		1		1.4787131
Bt2		26		7		13		461.27		0		34.3613192
Bt3		19		5		13		360.87		0		19.8181035

DEMANDS PER CUSTOMER
i	Type Quantity
1	Bt1 2	Bt2 4	Bt3 1	
2	Bt1 1	Bt2 3	Bt3 3	
3	Bt1 3	Bt2 4	Bt3 1	
4	Bt1 2	Bt2 1	
5	Bt1 3	Bt2 1	Bt3 3	
6	Bt1 2	Bt2 2	Bt3 2	
7	Bt1 1	Bt2 2	Bt3 5	
8	Bt1 5	Bt2 2	Bt3 2	
9	Bt1 2	Bt2 3	Bt3 2	
10	Bt2 1	Bt3 4	
11	Bt1 3	Bt2 1	Bt3 3	
12	Bt1 4	Bt2 2	Bt3 1	
13	Bt1 2	Bt2 4	Bt3 2	
14	Bt1 3	Bt2 3	
15	Bt1 2	Bt2 3	Bt3 3	
16	Bt1 1	Bt2 4	Bt3 3	
17	Bt1 5	Bt2 2	Bt3 2	
18	Bt1 3	Bt2 1	Bt3 1	
19	Bt1 3	Bt2 1	Bt3 4	
20	Bt1 2	Bt2 2	Bt3 5	
21	Bt1 2	Bt2 1	
22	Bt1 5	Bt2 4	
23	Bt2 5	Bt3 2	
24	Bt1 5	Bt2 3	Bt3 1	
25	Bt1 3	Bt2 1	Bt3 2	
26	Bt1 1	Bt2 2	Bt3 3	
27	Bt1 5	Bt2 1	Bt3 3	
28	Bt1 1	Bt2 3	Bt3 2	
29	Bt1 1	Bt2 2	Bt3 1	
30	Bt1 1	Bt2 1	Bt3 5	
31	Bt1 1	Bt2 4	Bt3 3	
32	Bt1 1	Bt2 2	Bt3 1	
33	Bt1 3	Bt2 4	
34	Bt1 1	Bt2 1	Bt3 3	
35	Bt2 5	Bt3 3	
36	Bt1 2	Bt2 2	Bt3 1	
37	Bt1 1	Bt3 2	
38	Bt1 2	Bt2 1	Bt3 2	
39	Bt1 2	Bt2 3	Bt3 1	
40	Bt1 2	Bt2 3	Bt3 1	
41	Bt1 2	Bt2 4	Bt3 1	
42	Bt1 2	Bt2 3	Bt3 2	
43	Bt1 1	Bt2 2	Bt3 6	
44	Bt1 2	Bt2 1	Bt3 3	
45	Bt1 1	Bt2 2	Bt3 1	
46	Bt1 2	Bt2 3	Bt3 4	
47	Bt1 3	Bt2 1	Bt3 2	
48	Bt1 3	Bt2 3	Bt3 3	
49	Bt1 2	Bt2 2	Bt3 2	
50	Bt1 3	Bt2 2	Bt3 2	
51	Bt1 1	Bt2 5	Bt3 3	
52	Bt1 3	Bt2 2	Bt3 4	
53	Bt1 2	Bt2 1	Bt3 3	
54	Bt1 2	Bt2 1	Bt3 3	
55	Bt1 3	Bt2 1	Bt3 1	
56	Bt1 3	Bt2 1	Bt3 4	
57	Bt2 3	Bt3 2	
58	Bt2 1	Bt3 3	
59	Bt1 1	Bt2 4	Bt3 1	
60	Bt1 2	Bt2 2	Bt3 3	