Name				367_n060_m400_bt10
Number_of_Customers		60
Number_of_Items			400
Number_of_ItemTypes		10
Number_of_Vehicles		49
TimeWindows			1

VEHICLE
Mass_Capacity			12595
CargoSpace_Length		60
CargoSpace_Width		25
CargoSpace_Height		30
Wheelbase			48
Max_Mass_FrontAxle		7100
Max_Mass_RearAxle		11500
Distance_FrontAxle_CargoSpace	4

CUSTOMERS
i		x		y		Demand		ReadyTime	DueDate		ServiceTime	DemandedMass	DemandedVolume
0		35		35		0		0		230		0		0		0
1		36		66		8		0		188		10		3157.9		17322
2		11		1		6		0		178		10		2413.31		13812
3		32		48		5		0		206		10		1661.52		11446
4		63		35		5		43		77		10		2909.26		15198
5		12		36		9		115		147		10		2634.52		17762
6		62		15		5		0		186		10		2031.32		9276
7		11		17		6		0		190		10		1515.68		10636
8		38		60		9		0		194		10		3060.67		17886
9		5		61		5		0		180		10		2354.59		18264
10		18		11		9		175		201		10		2422.74		16070
11		40		30		9		0		212		10		3274.29		16818
12		57		67		7		0		181		10		3161.73		18890
13		54		76		7		0		174		10		3446.56		13252
14		37		9		5		0		193		10		1288.72		8800
15		42		2		6		169		199		10		2691.58		18236
16		69		10		8		0		177		10		3578.97		16358
17		44		13		9		0		196		10		3614.59		20232
18		59		24		7		0		193		10		3306.92		18104
19		14		69		7		54		86		10		2641.76		18000
20		42		68		8		0		186		10		3224.99		15870
21		5		2		6		0		175		10		1652.62		11360
22		29		61		9		0		193		10		3280.06		17576
23		30		3		6		80		116		10		3123.3		14678
24		59		37		5		0		195		10		2840.63		13938
25		37		54		4		135		171		10		1493.69		10052
26		0		78		4		0		164		10		1337.75		10186
27		59		33		5		0		195		10		1688.73		10390
28		54		9		7		0		187		10		2011.07		15602
29		67		27		8		0		187		10		4028.49		19256
30		43		17		7		0		200		10		2974.76		19444
31		53		15		7		165		189		10		2752.4		20898
32		18		51		4		106		136		10		3394.84		13192
33		57		56		5		0		189		10		1957.45		14014
34		23		0		3		101		135		10		880.18		6588
35		47		34		7		0		207		10		2835.43		15380
36		54		3		7		0		182		10		2785.77		15616
37		68		24		9		0		185		10		2957.67		18946
38		55		49		9		0		195		10		2889.53		20180
39		50		31		7		0		204		10		2140.58		15702
40		66		52		7		0		184		10		3045.93		15728
41		0		32		9		0		184		10		2018.04		17366
42		48		19		7		0		199		10		2319.02		15768
43		26		9		5		0		192		10		1526.93		10258
44		35		69		8		142		172		10		3345.17		17678
45		61		18		7		0		188		10		1836.81		16134
46		26		53		5		12		44		10		989		4784
47		62		27		6		0		191		10		3074.27		14364
48		11		23		6		0		193		10		1745.83		13646
49		40		80		5		157		189		10		2328.05		10366
50		7		20		6		0		188		10		2922.9		14458
51		30		51		7		99		131		10		2540.28		19436
52		36		39		7		0		215		10		2206.55		15302
53		20		0		6		0		181		10		2834.64		14606
54		11		32		8		0		195		10		2138.84		16570
55		43		22		9		0		204		10		4222.72		25496
56		66		8		6		0		178		10		2652.28		10378
57		65		31		7		0		189		10		1285.7		9080
58		35		75		8		0		180		10		3237.44		15534
59		55		62		6		21		51		10		2489.19		18052
60		57		2		6		0		180		10		3095.75		15964

ITEMS
Type		Length		Width		Height		Mass		Fragility	LoadBearingStrength
Bt1		24		7		12		315.21		0		15.4955577
Bt2		30		7		6		323.77		0		20.5512271
Bt3		31		7		14		304.32		0		16.8434074
Bt4		31		12		11		594.85		0		12.7890948
Bt5		23		6		6		180.62		0		20.8627516
Bt6		16		13		7		161.96		0		2.4406610
Bt7		22		14		12		457.90		1		5.1542402
Bt8		26		5		8		123.37		0		3.1367502
Bt9		22		13		14		556.25		1		2.0053224
Bt10		23		11		14		1242.39		0		18.5016204

DEMANDS PER CUSTOMER
i	Type Quantity
1	Bt1 3	Bt3 2	Bt5 2	Bt10 1	
2	Bt3 1	Bt6 1	Bt7 1	Bt8 2	Bt10 1	
3	Bt1 1	Bt2 1	Bt3 1	Bt4 1	Bt8 1	
4	Bt1 1	Bt4 2	Bt6 1	Bt10 1	
5	Bt1 3	Bt2 1	Bt3 1	Bt4 1	Bt5 1	Bt6 1	Bt8 1	
6	Bt3 1	Bt5 2	Bt8 1	Bt10 1	
7	Bt1 2	Bt5 1	Bt7 1	Bt8 2	
8	Bt1 1	Bt2 1	Bt3 2	Bt6 2	Bt8 2	Bt10 1	
9	Bt3 2	Bt4 2	Bt9 1	
10	Bt1 2	Bt2 1	Bt3 1	Bt5 2	Bt8 2	Bt9 1	
11	Bt1 4	Bt2 1	Bt6 2	Bt8 1	Bt10 1	
12	Bt6 2	Bt7 2	Bt8 1	Bt9 1	Bt10 1	
13	Bt1 1	Bt5 2	Bt6 1	Bt8 1	Bt10 2	
14	Bt2 1	Bt6 1	Bt8 2	Bt9 1	
15	Bt1 3	Bt4 2	Bt9 1	
16	Bt3 1	Bt5 1	Bt6 3	Bt8 1	Bt10 2	
17	Bt2 2	Bt3 1	Bt5 1	Bt6 2	Bt7 2	Bt10 1	
18	Bt2 1	Bt3 1	Bt4 2	Bt8 2	Bt10 1	
19	Bt1 2	Bt4 1	Bt5 1	Bt8 1	Bt9 2	
20	Bt1 2	Bt2 2	Bt7 1	Bt8 2	Bt10 1	
21	Bt1 2	Bt5 1	Bt6 1	Bt8 1	Bt9 1	
22	Bt2 2	Bt3 1	Bt5 1	Bt6 2	Bt7 1	Bt8 1	Bt10 1	
23	Bt2 2	Bt4 1	Bt5 1	Bt7 1	Bt10 1	
24	Bt2 1	Bt4 1	Bt8 1	Bt9 1	Bt10 1	
25	Bt4 2	Bt5 1	Bt8 1	
26	Bt1 1	Bt3 1	Bt4 1	Bt8 1	
27	Bt2 2	Bt3 1	Bt5 1	Bt9 1	
28	Bt3 3	Bt5 3	Bt9 1	
29	Bt5 1	Bt6 2	Bt7 2	Bt8 1	Bt10 2	
30	Bt2 2	Bt4 2	Bt7 1	Bt8 1	Bt9 1	
31	Bt3 1	Bt4 2	Bt5 1	Bt6 1	Bt7 2	
32	Bt1 1	Bt4 1	Bt10 2	
33	Bt1 1	Bt2 1	Bt3 1	Bt7 1	Bt9 1	
34	Bt4 1	Bt6 1	Bt8 1	
35	Bt2 1	Bt3 1	Bt6 1	Bt8 2	Bt9 1	Bt10 1	
36	Bt1 1	Bt3 1	Bt5 1	Bt6 1	Bt7 1	Bt8 1	Bt10 1	
37	Bt1 2	Bt2 2	Bt3 1	Bt5 2	Bt7 1	Bt9 1	
38	Bt1 1	Bt2 2	Bt3 2	Bt5 1	Bt7 1	Bt8 1	Bt9 1	
39	Bt3 1	Bt4 1	Bt5 2	Bt6 2	Bt9 1	
40	Bt1 1	Bt2 1	Bt3 1	Bt5 1	Bt8 1	Bt9 1	Bt10 1	
41	Bt1 1	Bt3 3	Bt5 1	Bt6 3	Bt8 1	
42	Bt2 1	Bt5 2	Bt6 1	Bt7 2	Bt9 1	
43	Bt2 1	Bt3 1	Bt4 1	Bt5 1	Bt8 1	
44	Bt2 1	Bt4 1	Bt5 1	Bt6 2	Bt8 1	Bt9 1	Bt10 1	
45	Bt3 3	Bt5 1	Bt6 1	Bt7 1	Bt8 1	
46	Bt2 1	Bt5 3	Bt8 1	
47	Bt2 3	Bt3 1	Bt9 1	Bt10 1	
48	Bt3 1	Bt5 1	Bt7 1	Bt8 2	Bt9 1	
49	Bt2 1	Bt5 1	Bt7 1	Bt8 1	Bt10 1	
50	Bt2 1	Bt4 1	Bt5 1	Bt7 1	Bt8 1	Bt10 1	
51	Bt3 2	Bt5 2	Bt7 1	Bt9 2	
52	Bt2 1	Bt3 1	Bt4 1	Bt5 1	Bt8 2	Bt9 1	
53	Bt1 1	Bt5 2	Bt7 2	Bt10 1	
54	Bt1 2	Bt3 1	Bt4 1	Bt6 3	Bt8 1	
55	Bt2 1	Bt3 1	Bt4 2	Bt7 2	Bt8 2	Bt10 1	
56	Bt1 1	Bt2 3	Bt8 1	Bt10 1	
57	Bt1 1	Bt5 2	Bt6 3	Bt8 1	
58	Bt1 2	Bt2 1	Bt5 2	Bt8 1	Bt9 1	Bt10 1	
59	Bt4 3	Bt7 1	Bt8 2	
60	Bt1 2	Bt2 1	Bt3 1	Bt4 1	Bt10 1	