Name				369_n060_m400_bt10
Number_of_Customers		60
Number_of_Items			400
Number_of_ItemTypes		10
Number_of_Vehicles		47
TimeWindows			1

VEHICLE
Mass_Capacity			12595
CargoSpace_Length		60
CargoSpace_Width		25
CargoSpace_Height		30
Wheelbase			48
Max_Mass_FrontAxle		7100
Max_Mass_RearAxle		11500
Distance_FrontAxle_CargoSpace	4

CUSTOMERS
i		x		y		Demand		ReadyTime	DueDate		ServiceTime	DemandedMass	DemandedVolume
0		35		35		0		0		230		0		0		0
1		15		57		4		169		203		10		1485.28		8916
2		64		79		5		89		117		10		1629.42		9508
3		34		51		7		0		203		10		1900.41		12502
4		63		5		7		53		75		10		1817.79		11996
5		60		62		9		90		114		10		3020.85		19704
6		17		15		9		165		199		10		2795.45		17360
7		41		5		6		98		126		10		1779.53		11808
8		41		28		6		100		132		10		1908.97		13020
9		44		14		8		8		36		10		2326.78		14372
10		9		57		7		120		146		10		2538.91		16702
11		40		18		4		72		114		10		938.16		6622
12		23		35		9		0		208		10		3085.89		19378
13		65		14		6		0		183		10		1855.85		12452
14		17		39		8		0		201		10		2302.03		13910
15		28		75		7		65		97		10		1999.31		12432
16		56		5		8		40		64		10		2203.05		14802
17		46		9		8		18		48		10		2655.86		15708
18		61		0		9		55		83		10		2538.41		16870
19		52		13		9		135		165		10		2111.41		14786
20		44		77		4		94		128		10		1325.05		8638
21		43		57		6		168		196		10		1721.95		12160
22		7		79		8		0		167		10		2182.74		14100
23		70		16		7		36		62		10		2364.89		14476
24		69		40		6		165		193		10		1834.62		11252
25		15		21		5		0		195		10		1861.72		11604
26		23		17		9		24		52		10		2773.23		18060
27		23		46		7		46		82		10		2165.39		14490
28		52		45		7		37		63		10		1722.49		12796
29		6		70		9		140		166		10		2600.38		18240
30		16		54		7		169		197		10		1951.52		13454
31		67		63		6		0		177		10		1472.05		10566
32		18		46		6		128		160		10		1736.91		11722
33		59		7		6		164		190		10		2034.96		12558
34		34		66		9		105		141		10		2653.49		17888
35		69		53		5		105		139		10		1538.39		11030
36		31		32		9		129		161		10		3164.41		19840
37		56		2		9		36		68		10		2747.5		17960
38		45		1		6		49		87		10		1768.9		12372
39		33		5		5		0		189		10		1541.36		9080
40		58		36		4		125		165		10		1107.75		7022
41		42		22		7		24		56		10		1734.15		10416
42		46		20		5		0		201		10		1586		9980
43		47		5		5		0		187		10		1715.68		10346
44		44		63		5		81		113		10		1465.43		9672
45		22		49		6		16		50		10		1696.38		12482
46		5		73		7		0		171		10		2318.2		13510
47		34		46		7		0		208		10		2055.73		12870
48		0		58		8		48		82		10		2177.96		13890
49		51		49		3		0		198		10		1214.21		7144
50		31		2		8		160		198		10		2646.58		16598
51		58		29		6		170		204		10		1555.13		10064
52		25		21		7		0		202		10		1457.43		9340
53		53		75		6		56		82		10		1420.21		10496
54		55		66		6		104		142		10		1888.92		11300
55		33		23		5		131		161		10		1512.47		9718
56		3		54		8		113		153		10		2965.22		19902
57		20		32		5		131		159		10		1631.41		10448
58		53		41		9		0		201		10		3157.69		20792
59		15		5		5		95		119		10		1614.78		9430
60		58		17		6		42		82		10		1917.44		12464

ITEMS
Type		Length		Width		Height		Mass		Fragility	LoadBearingStrength
Bt1		32		11		8		487.25		1		1.9012751
Bt2		14		13		10		329.84		0		41.7418883
Bt3		13		10		11		230.40		0		8.8545231
Bt4		23		14		9		496.56		1		2.3579477
Bt5		16		7		11		152.65		0		6.9940562
Bt6		27		8		10		349.34		0		18.7383056
Bt7		31		8		11		402.46		0		23.8204138
Bt8		15		7		14		256.42		0		6.7243542
Bt9		30		9		10		303.47		0		9.3982507
Bt10		31		7		6		204.49		0		9.0224466

DEMANDS PER CUSTOMER
i	Type Quantity
1	Bt2 1	Bt4 1	Bt7 1	Bt8 1	
2	Bt1 1	Bt2 3	Bt5 1	
3	Bt3 1	Bt4 1	Bt5 1	Bt8 2	Bt9 1	Bt10 1	
4	Bt4 1	Bt5 2	Bt7 1	Bt10 3	
5	Bt3 2	Bt4 1	Bt6 2	Bt7 2	Bt8 1	Bt9 1	
6	Bt2 2	Bt3 1	Bt4 2	Bt5 2	Bt7 1	Bt10 1	
7	Bt1 1	Bt3 1	Bt5 1	Bt6 1	Bt8 1	Bt9 1	
8	Bt4 1	Bt5 1	Bt6 1	Bt7 1	Bt9 1	Bt10 1	
9	Bt2 1	Bt3 1	Bt6 2	Bt7 1	Bt8 1	Bt10 2	
10	Bt1 2	Bt4 1	Bt8 1	Bt9 2	Bt10 1	
11	Bt3 1	Bt5 2	Bt7 1	
12	Bt2 1	Bt4 3	Bt5 1	Bt6 1	Bt8 1	Bt9 1	Bt10 1	
13	Bt4 1	Bt5 1	Bt6 2	Bt9 1	Bt10 1	
14	Bt2 1	Bt3 2	Bt4 1	Bt5 1	Bt6 1	Bt8 2	
15	Bt3 1	Bt4 1	Bt7 1	Bt8 1	Bt10 3	
16	Bt2 1	Bt3 2	Bt5 1	Bt6 1	Bt7 1	Bt9 1	Bt10 1	
17	Bt1 1	Bt2 2	Bt6 3	Bt8 1	Bt10 1	
18	Bt2 1	Bt3 3	Bt7 2	Bt9 1	Bt10 2	
19	Bt3 3	Bt5 2	Bt7 1	Bt9 1	Bt10 2	
20	Bt1 1	Bt2 1	Bt9 1	Bt10 1	
21	Bt5 1	Bt7 2	Bt8 1	Bt9 1	Bt10 1	
22	Bt3 2	Bt4 1	Bt5 1	Bt8 3	Bt9 1	
23	Bt2 1	Bt3 1	Bt4 2	Bt5 1	Bt7 1	Bt8 1	
24	Bt3 1	Bt4 1	Bt6 2	Bt10 2	
25	Bt2 1	Bt3 1	Bt4 1	Bt7 2	
26	Bt2 2	Bt4 1	Bt5 2	Bt6 1	Bt7 1	Bt8 1	Bt9 1	
27	Bt4 1	Bt5 1	Bt6 1	Bt7 1	Bt8 1	Bt9 1	Bt10 1	
28	Bt5 2	Bt6 1	Bt8 1	Bt9 2	Bt10 1	
29	Bt3 1	Bt5 2	Bt6 1	Bt7 3	Bt9 1	Bt10 1	
30	Bt2 1	Bt6 1	Bt8 1	Bt9 2	Bt10 2	
31	Bt5 1	Bt7 1	Bt9 1	Bt10 3	
32	Bt3 1	Bt4 1	Bt5 1	Bt6 1	Bt9 1	Bt10 1	
33	Bt3 1	Bt4 2	Bt7 1	Bt10 2	
34	Bt3 1	Bt4 1	Bt5 2	Bt7 2	Bt8 2	Bt9 1	
35	Bt3 1	Bt4 1	Bt9 2	Bt10 1	
36	Bt1 2	Bt3 3	Bt4 1	Bt6 2	Bt9 1	
37	Bt3 1	Bt4 2	Bt5 1	Bt7 1	Bt8 1	Bt9 1	Bt10 2	
38	Bt4 1	Bt8 1	Bt9 2	Bt10 2	
39	Bt2 1	Bt6 2	Bt8 2	
40	Bt5 1	Bt6 2	Bt8 1	
41	Bt2 2	Bt5 1	Bt8 2	Bt10 2	
42	Bt2 1	Bt4 1	Bt5 1	Bt7 1	Bt10 1	
43	Bt2 1	Bt3 1	Bt4 1	Bt7 1	Bt8 1	
44	Bt4 1	Bt8 1	Bt9 1	Bt10 2	
45	Bt2 1	Bt5 1	Bt7 1	Bt9 2	Bt10 1	
46	Bt2 2	Bt4 2	Bt8 1	Bt10 2	
47	Bt2 2	Bt3 1	Bt6 1	Bt8 2	Bt9 1	
48	Bt3 2	Bt4 1	Bt5 2	Bt7 1	Bt8 2	
49	Bt1 1	Bt3 1	Bt4 1	
50	Bt1 1	Bt4 1	Bt5 1	Bt6 2	Bt7 1	Bt10 2	
51	Bt2 1	Bt8 2	Bt9 1	Bt10 2	
52	Bt3 1	Bt5 1	Bt8 1	Bt10 4	
53	Bt5 2	Bt7 1	Bt9 1	Bt10 2	
54	Bt3 1	Bt4 2	Bt8 1	Bt10 2	
55	Bt3 2	Bt4 1	Bt5 1	Bt7 1	
56	Bt2 1	Bt3 1	Bt4 2	Bt7 2	Bt9 2	
57	Bt3 1	Bt4 1	Bt5 1	Bt6 1	Bt7 1	
58	Bt1 1	Bt6 2	Bt7 3	Bt8 1	Bt9 1	Bt10 1	
59	Bt2 2	Bt6 2	Bt8 1	
60	Bt1 2	Bt3 1	Bt5 1	Bt8 1	Bt9 1	