Name				370_n060_m400_bt10
Number_of_Customers		60
Number_of_Items			400
Number_of_ItemTypes		10
Number_of_Vehicles		52
TimeWindows			1

VEHICLE
Mass_Capacity			12595
CargoSpace_Length		60
CargoSpace_Width		25
CargoSpace_Height		30
Wheelbase			48
Max_Mass_FrontAxle		7100
Max_Mass_RearAxle		11500
Distance_FrontAxle_CargoSpace	4

CUSTOMERS
i		x		y		Demand		ReadyTime	DueDate		ServiceTime	DemandedMass	DemandedVolume
0               35              35              0               0               230             0               0.00            0
1               21              62              9               113             141             10              2163.93         14555
2               59              78              8               144             182             10              2158.62         12433
3               15              63              5               111             141             10              1219.26         7723
4               48              73              7               101             129             10              1910.59         10600
5               54              23              6               0               197             10              1761.36         11136
6               70              16              7               114             142             10              2899.90         14409
7               36              68              8               0               186             10              1941.05         12943
8               58              44              7               126             154             10              2345.03         10974
9               27              11              9               26              52              10              2203.40         13996
10              56              16              5               17              43              10              1242.37         7209
11              38              71              5               90              114             10              1264.86         8598
12              51              70              5               87              111             10              1217.93         6834
13              51              38              4               0               203             10              1311.04         9414
14              20              33              7               0               184             10              1811.56         11437
15              50              45              9               102             132             10              3029.01         17201
16              66              28              5               0               178             10              815.38          5850
17              58              28              9               0               195             10              3439.52         16096
18              41              26              7               174             206             10              2216.30         11886
19              45              25              5               11              39              10              1784.48         8914
20              15              59              6               144             178             10              2738.70         11377
21              57              13              9               149             179             10              3031.96         15464
22              48              14              4               141             179             10              913.45          5103
23              46              19              6               55              85              10              1470.14         8693
24              43              51              8               42              68              10              3088.93         14575
25              64              15              5               116             152             10              2049.74         9578
26              21              29              9               0               185             10              2991.73         14069
27              56              12              7               154             188             10              3055.12         16020
28              13              16              6               0               183             10              2175.59         10765
29              15              32              4               127             159             10              1473.90         6770
30              22              16              9               46              74              10              2312.29         16190
31              18              54              4               83              113             10              1482.69         7532
32              48              42              7               0               205             10              1701.49         13020
33              11              60              4               0               177             10              1595.45         8748
34              38              58              7               0               196             10              1987.18         13985
35              69              47              9               142             178             10              1528.65         11455
36              15              80              5               33              67              10              1636.21         9073
37              68              79              5               85              111             10              2026.68         9254
38              10              60              7               41              71              10              2106.28         12631
39              24              75              9               0               178             10              3018.48         16514
40              16              35              6               0               184             10              1597.27         8903
41              27              78              9               154             184             10              2593.11         14979
42              40              50              8               122             146             10              1885.80         13130
43              42              37              6               34              70              10              1782.70         8984
44              59              48              8               34              54              10              2563.35         12024
45              68              34              8               118             142             10              2738.49         13969
46              42              68              8               41              67              10              1694.72         11529
47              16              47              4               119             141             10              1152.16         7550
48              33              78              5               76              102             10              1591.31         7280
49              27              80              6               160             184             10              1728.32         10919
50              43              48              9               107             127             10              3420.37         17426
51              62              72              5               145             183             10              1848.47         9315
52              62              53              9               100             130             10              3326.87         17220
53              49              14              5               19              45              10              1824.82         12666
54              43              31              7               152             170             10              2051.54         11943
55              11              76              6               0               172             10              1837.91         9481
56              70              38              8               0               175             10              2452.15         13790
57              43              34              7               1               35              10              2387.98         11376
58              65              42              6               178             202             10              2328.45         10396
59              27              26              7               85              113             10              2117.37         11395
60              23              30              6               70              102             10              1803.73         11745

ITEMS
Type		Length		Width		Height		Mass		Fragility	LoadBearingStrength
Bt1		23		9		7		176.69		0		25.5547490
Bt2		25		7		7		265.58		0		33.4671271
Bt3		20		12		8		399.47		0		36.9404995
Bt4		26		9		9		563.88		0		45.0530229
Bt5		18		6		7		148.42		0		26.9084234
Bt6		22		7		8		143.65		1		5.2718716
Bt7		27		9		10		586.94		0		25.4516219
Bt8		21		12		11		279.47		1		1.9628274
Bt9		20		9		8		165.16		0		41.6915319
Bt10		21		10		9		355.80		0		38.0684018

DEMANDS PER CUSTOMER
i	Type Quantity
1	Bt2 1	Bt3 1	Bt5 2	Bt6 2	Bt8 2	Bt10 1	
2	Bt1 2	Bt2 1	Bt3 1	Bt4 1	Bt5 2	Bt8 1	
3	Bt1 1	Bt3 1	Bt6 2	Bt10 1	
4	Bt1 1	Bt2 1	Bt3 2	Bt5 1	Bt9 1	Bt10 1	
5	Bt1 2	Bt3 1	Bt4 1	Bt8 1	Bt9 1	
6	Bt1 1	Bt4 3	Bt7 1	Bt8 1	Bt9 1	
7	Bt2 1	Bt5 1	Bt7 1	Bt8 1	Bt9 4	
8	Bt3 1	Bt4 2	Bt5 2	Bt9 1	Bt10 1	
9	Bt1 2	Bt3 1	Bt5 2	Bt6 2	Bt7 1	Bt8 1	
10	Bt1 3	Bt4 1	Bt5 1	
11	Bt1 1	Bt2 1	Bt3 1	Bt6 1	Bt8 1	
12	Bt2 2	Bt3 1	Bt6 2	
13	Bt7 1	Bt8 2	Bt9 1	
14	Bt1 1	Bt4 1	Bt5 1	Bt6 2	Bt8 1	Bt10 1	
15	Bt2 3	Bt6 1	Bt7 2	Bt8 2	Bt10 1	
16	Bt1 2	Bt5 2	Bt9 1	
17	Bt1 1	Bt2 1	Bt3 1	Bt4 1	Bt5 1	Bt7 2	Bt10 2	
18	Bt3 3	Bt6 3	Bt7 1	
19	Bt1 1	Bt2 1	Bt3 1	Bt7 1	Bt10 1	
20	Bt2 1	Bt4 1	Bt5 1	Bt7 3	
21	Bt1 1	Bt2 1	Bt3 1	Bt4 1	Bt6 2	Bt7 2	Bt9 1	
22	Bt2 1	Bt5 1	Bt6 1	Bt10 1	
23	Bt1 2	Bt2 1	Bt4 1	Bt6 2	
24	Bt1 2	Bt2 1	Bt3 1	Bt4 2	Bt7 1	Bt10 1	
25	Bt3 1	Bt4 1	Bt6 1	Bt7 1	Bt10 1	
26	Bt2 3	Bt4 1	Bt5 1	Bt6 1	Bt7 2	Bt9 1	
27	Bt5 1	Bt7 4	Bt8 2	
28	Bt2 1	Bt3 3	Bt10 2	
29	Bt2 2	Bt7 1	Bt10 1	
30	Bt1 2	Bt5 1	Bt6 1	Bt7 1	Bt8 2	Bt9 1	Bt10 1	
31	Bt6 1	Bt7 2	Bt9 1	
32	Bt6 3	Bt8 2	Bt10 2	
33	Bt4 1	Bt7 1	Bt8 1	Bt9 1	
34	Bt1 1	Bt6 1	Bt7 1	Bt8 2	Bt9 1	Bt10 1	
35	Bt1 2	Bt2 1	Bt5 1	Bt6 3	Bt9 2	
36	Bt2 1	Bt5 1	Bt7 1	Bt8 1	Bt10 1	
37	Bt3 1	Bt4 2	Bt6 1	Bt10 1	
38	Bt1 1	Bt3 2	Bt4 1	Bt6 2	Bt8 1	
39	Bt1 2	Bt4 1	Bt5 1	Bt6 1	Bt7 2	Bt8 1	Bt10 1	
40	Bt1 1	Bt3 1	Bt4 1	Bt5 1	Bt6 1	Bt9 1	
41	Bt1 1	Bt3 1	Bt4 1	Bt5 2	Bt8 1	Bt9 1	Bt10 2	
42	Bt1 1	Bt2 1	Bt6 2	Bt8 1	Bt9 1	Bt10 2	
43	Bt3 1	Bt5 2	Bt6 1	Bt7 1	Bt10 1	
44	Bt3 3	Bt4 1	Bt5 3	Bt10 1	
45	Bt1 2	Bt2 1	Bt4 3	Bt5 1	Bt8 1	
46	Bt1 2	Bt2 1	Bt5 2	Bt6 1	Bt8 1	Bt10 1	
47	Bt4 1	Bt6 1	Bt8 1	Bt9 1	
48	Bt4 1	Bt5 2	Bt6 1	Bt7 1	
49	Bt1 1	Bt3 1	Bt4 1	Bt6 1	Bt8 1	Bt9 1	
50	Bt3 1	Bt4 1	Bt5 1	Bt6 1	Bt7 2	Bt8 1	Bt10 2	
51	Bt1 1	Bt4 1	Bt7 1	Bt9 1	Bt10 1	
52	Bt3 1	Bt7 2	Bt9 2	Bt10 4	
53	Bt3 1	Bt7 1	Bt8 3	
54	Bt1 1	Bt5 2	Bt7 1	Bt8 1	Bt10 2	
55	Bt1 1	Bt2 2	Bt3 1	Bt6 1	Bt7 1	
56	Bt1 2	Bt3 1	Bt4 2	Bt5 1	Bt6 1	Bt8 1	
57	Bt1 2	Bt4 1	Bt5 2	Bt7 2	
58	Bt1 1	Bt2 1	Bt4 1	Bt5 1	Bt7 2	
59	Bt2 1	Bt4 1	Bt5 2	Bt8 1	Bt10 2	
60	Bt1 1	Bt4 1	Bt5 1	Bt8 2	Bt10 1	