Name				378_n060_m400_bt3
Number_of_Customers		60
Number_of_Items			400
Number_of_ItemTypes		3
Number_of_Vehicles		24
TimeWindows			1

VEHICLE
Mass_Capacity			12595
CargoSpace_Length		60
CargoSpace_Width		25
CargoSpace_Height		30
Wheelbase			48
Max_Mass_FrontAxle		7100
Max_Mass_RearAxle		11500
Distance_FrontAxle_CargoSpace	4

CUSTOMERS
i		x		y		Demand		ReadyTime	DueDate		ServiceTime	DemandedMass	DemandedVolume
0		35		35		0		0		230		0		0		0
1		42		3		4		23		63		10		490.28		594
2		61		16		4		68		94		10		544.69		646
3		25		41		5		25		53		10		406.82		528
4		28		5		6		33		65		10		827.29		982
5		59		63		6		43		77		10		772.88		930
6		66		13		5		26		64		10		794.81		918
7		10		15		8		77		103		10		993.95		1188
8		28		13		9		145		169		10		1060.33		1278
9		67		7		8		73		101		10		1143.79		1344
10		46		64		9		107		131		10		1489.34		1720
11		2		38		6		97		133		10		656.94		800
12		22		18		7		60		94		10		948.08		1124
13		33		66		6		82		112		10		881.7		1034
14		53		13		5		31		63		10		481.74		606
15		63		12		7		120		154		10		1002.49		1176
16		26		55		5		16		42		10		685.99		814
17		62		27		9		51		77		10		951.51		1174
18		36		16		9		82		108		10		1080.84		1304
19		25		8		6		16		44		10		731.86		878
20		55		0		5		125		151		10		611.07		736
21		25		19		8		149		181		10		1143.79		1344
22		47		76		4		78		108		10		544.69		646
23		6		32		5		109		137		10		849.22		970
24		60		54		7		17		49		10		1186.23		1358
25		50		38		8		78		100		10		1089.38		1292
26		15		35		6		149		185		10		677.45		826
27		56		65		6		32		60		10		527.61		670
28		45		6		7		61		95		10		1186.23		1358
29		47		12		7		125		161		10		927.57		1098
30		60		1		9		119		147		10		1210.17		1434
31		20		1		6		52		76		10		731.86		878
32		32		33		9		81		111		10		1230.68		1460
33		39		56		7		124		156		10		1131.82		1306
34		28		43		8		181		219		10		1014.46		1214
35		13		67		8		106		136		10		1143.79		1344
36		29		27		9		106		144		10		1339.5		1564
37		30		71		9		95		117		10		1080.84		1304
38		60		77		5		146		180		10		760.91		892
39		64		46		8		131		157		10		919.03		1110
40		23		32		4		106		138		10		599.1		698
41		32		16		3		140		164		10		403.39		478
42		33		63		9		69		101		10		1005.92		1226
43		50		20		6		152		186		10		806.78		956
44		64		67		9		97		125		10		1264.58		1486
45		2		23		4		80		118		10		619.61		724
46		69		49		5		17		55		10		611.07		736
47		65		40		9		170		198		10		1155.76		1382
48		60		73		7		140		172		10		1056.9		1228
49		68		19		7		35		57		10		873.16		1046
50		62		5		9		26		54		10		1176.27		1408
51		67		30		4		171		199		10		490.28		594
52		3		59		6		133		157		10		786.27		930
53		36		12		8		111		133		10		1198.2		1396
54		39		26		7		183		213		10		873.16		1046
55		17		52		8		151		185		10		1034.97		1240
56		69		22		6		154		186		10		861.19		1008
57		32		43		5		197		227		10		665.48		788
58		13		61		8		64		98		10		1143.79		1344
59		49		2		5		33		59		10		536.15		658
60		32		28		6		0		25		10		861.19		1008

ITEMS
Type		Length		Width		Height		Mass		Fragility	LoadBearingStrength
Bt1		12		2		7		141.30		1		4.5350245
Bt2		9		2		5		66.38		0		32.5918328
Bt3		11		5		4		195.71		0		44.9202378

DEMANDS PER CUSTOMER
i	Type Quantity
1	Bt1 3	Bt2 1	
2	Bt1 2	Bt2 1	Bt3 1	
3	Bt1 1	Bt2 4	
4	Bt1 4	Bt2 1	Bt3 1	
5	Bt1 5	Bt2 1	
6	Bt1 1	Bt2 1	Bt3 3	
7	Bt1 1	Bt2 4	Bt3 3	
8	Bt1 1	Bt2 5	Bt3 3	
9	Bt1 3	Bt2 2	Bt3 3	
10	Bt1 5	Bt3 4	
11	Bt2 4	Bt3 2	
12	Bt1 3	Bt2 2	Bt3 2	
13	Bt1 3	Bt2 1	Bt3 2	
14	Bt1 2	Bt2 3	
15	Bt1 2	Bt2 2	Bt3 3	
16	Bt1 3	Bt2 1	Bt3 1	
17	Bt1 3	Bt2 5	Bt3 1	
18	Bt1 3	Bt2 4	Bt3 2	
19	Bt1 1	Bt2 3	Bt3 2	
20	Bt1 2	Bt2 2	Bt3 1	
21	Bt1 3	Bt2 2	Bt3 3	
22	Bt1 2	Bt2 1	Bt3 1	
23	Bt2 1	Bt3 4	
24	Bt1 1	Bt2 1	Bt3 5	
25	Bt1 4	Bt2 2	Bt3 2	
26	Bt1 2	Bt2 3	Bt3 1	
27	Bt2 5	Bt3 1	
28	Bt1 1	Bt2 1	Bt3 5	
29	Bt1 1	Bt2 3	Bt3 3	
30	Bt1 3	Bt2 3	Bt3 3	
31	Bt1 1	Bt2 3	Bt3 2	
32	Bt1 5	Bt2 2	Bt3 2	
33	Bt1 2	Bt2 1	Bt3 4	
34	Bt1 3	Bt2 3	Bt3 2	
35	Bt1 3	Bt2 2	Bt3 3	
36	Bt1 3	Bt2 2	Bt3 4	
37	Bt1 3	Bt2 4	Bt3 2	
38	Bt1 4	Bt3 1	
39	Bt2 5	Bt3 3	
40	Bt1 1	Bt2 1	Bt3 2	
41	Bt1 1	Bt2 1	Bt3 1	
42	Bt1 2	Bt2 5	Bt3 2	
43	Bt1 2	Bt2 2	Bt3 2	
44	Bt1 2	Bt2 3	Bt3 4	
45	Bt1 3	Bt3 1	
46	Bt1 2	Bt2 2	Bt3 1	
47	Bt1 4	Bt2 3	Bt3 2	
48	Bt1 1	Bt2 2	Bt3 4	
49	Bt1 2	Bt2 3	Bt3 2	
50	Bt1 6	Bt2 2	Bt3 1	
51	Bt1 3	Bt2 1	
52	Bt2 3	Bt3 3	
53	Bt1 2	Bt2 2	Bt3 4	
54	Bt1 2	Bt2 3	Bt3 2	
55	Bt1 5	Bt2 2	Bt3 1	
56	Bt1 1	Bt2 2	Bt3 3	
57	Bt1 1	Bt2 2	Bt3 2	
58	Bt1 3	Bt2 2	Bt3 3	
59	Bt1 1	Bt2 3	Bt3 1	
60	Bt1 1	Bt2 2	Bt3 3	