Name				380_n060_m400_bt3
Number_of_Customers		60
Number_of_Items			400
Number_of_ItemTypes		3
Number_of_Vehicles		14
TimeWindows			1

VEHICLE
Mass_Capacity			12595
CargoSpace_Length		60
CargoSpace_Width		25
CargoSpace_Height		30
Wheelbase			48
Max_Mass_FrontAxle		7100
Max_Mass_RearAxle		11500
Distance_FrontAxle_CargoSpace	4

CUSTOMERS
i		x		y		Demand		ReadyTime	DueDate		ServiceTime	DemandedMass	DemandedVolume
0		35		35		0		0		230		0		0		0
1		21		23		8		0		201		10		663.95		2691
2		31		0		8		0		184		10		441.64		2364
3		44		70		6		0		183		10		672.4		2358
4		48		42		6		0		205		10		472.1		2001
5		50		73		5		0		179		10		246.31		1413
6		53		39		6		0		201		10		612.97		2229
7		47		50		7		0		200		10		757.32		2718
8		50		70		9		0		181		10		608		2823
9		11		48		7		101		129		10		757.32		2718
10		62		59		6		0		183		10		590.96		2259
11		53		33		6		151		185		10		872.7		2715
12		30		55		6		22		50		10		813.27		2586
13		31		75		7		0		179		10		838.76		2817
14		66		34		7		0		188		10		898.19		2946
15		44		30		7		0		209		10		898.19		2946
16		32		19		6		113		143		10		472.1		2001
17		26		63		9		0		190		10		1149.47		3765
18		10		6		9		0		181		10		1290.34		3993
19		4		26		8		0		187		10		641.94		2721
20		30		62		7		0		192		10		957.62		3075
21		19		76		5		0		175		10		706.34		2256
22		51		78		8		0		174		10		1123.98		3534
23		35		24		7		0		209		10		697.89		2589
24		50		31		7		57		87		10		557.02		2361
25		54		21		7		48		74		10		697.89		2589
26		62		39		9		170		200		10		927.16		3438
27		2		21		6		155		185		10		872.7		2715
28		44		41		6		0		209		10		753.84		2457
29		36		12		7		0		196		10		1098.49		3303
30		66		17		8		0		184		10		723.38		2820
31		16		78		8		146		184		10		1183.41		3663
32		30		49		8		0		205		10		983.11		3306
33		58		57		6		0		188		10		872.7		2715
34		10		22		4		0		191		10		280.25		1311
35		55		57		7		0		190		10		616.45		2490
36		26		40		6		0		209		10		672.4		2358
37		15		1		8		0		180		10		663.95		2691
38		5		52		9		0		185		10		667.43		2952
39		10		26		9		0		193		10		726.86		3081
40		37		45		6		92		126		10		731.83		2487
41		50		12		7		0		192		10		1098.49		3303
42		55		72		8		0		177		10		923.68		3177
43		25		20		6		0		201		10		612.97		2229
44		64		0		9		0		174		10		867.73		3309
45		22		9		5		0		190		10		646.91		2127
46		5		15		5		0		183		10		706.34		2256
47		8		12		9		0		184		10		1008.6		3537
48		56		39		7		168		208		10		616.45		2490
49		28		8		7		0		192		10		557.02		2361
50		54		47		7		132		160		10		497.59		2232
51		2		9		6		62		94		10		472.1		2001
52		6		74		4		0		171		10		480.55		1668
53		10		35		3		0		195		10		336.2		1179
54		15		47		8		114		142		10		864.25		3048
55		44		64		4		0		189		10		621.42		1896
56		66		73		3		0		170		10		195.33		951
57		22		58		5		0		193		10		127.45		1155
58		27		74		5		0		180		10		305.74		1542
59		40		32		7		0		214		10		697.89		2589
60		37		71		4		107		139		10		361.69		1410

ITEMS
Type		Length		Width		Height		Mass		Fragility	LoadBearingStrength
Bt1		12		7		7		225.79		1		2.0705746
Bt2		11		3		7		25.49		0		9.0965254
Bt3		15		4		6		84.92		0		15.5982951

DEMANDS PER CUSTOMER
i	Type Quantity
1	Bt1 2	Bt2 5	Bt3 1	
2	Bt2 4	Bt3 4	
3	Bt1 2	Bt2 2	Bt3 2	
4	Bt1 1	Bt2 3	Bt3 2	
5	Bt2 3	Bt3 2	
6	Bt1 2	Bt2 3	Bt3 1	
7	Bt1 2	Bt2 2	Bt3 3	
8	Bt1 1	Bt2 5	Bt3 3	
9	Bt1 2	Bt2 2	Bt3 3	
10	Bt1 1	Bt2 1	Bt3 4	
11	Bt1 3	Bt2 1	Bt3 2	
12	Bt1 3	Bt2 2	Bt3 1	
13	Bt1 3	Bt2 3	Bt3 1	
14	Bt1 3	Bt2 2	Bt3 2	
15	Bt1 3	Bt2 2	Bt3 2	
16	Bt1 1	Bt2 3	Bt3 2	
17	Bt1 4	Bt2 3	Bt3 2	
18	Bt1 5	Bt2 3	Bt3 1	
19	Bt1 1	Bt2 3	Bt3 4	
20	Bt1 3	Bt2 1	Bt3 3	
21	Bt1 2	Bt3 3	
22	Bt1 4	Bt2 2	Bt3 2	
23	Bt1 2	Bt2 3	Bt3 2	
24	Bt1 1	Bt2 3	Bt3 3	
25	Bt1 2	Bt2 3	Bt3 2	
26	Bt1 2	Bt2 2	Bt3 5	
27	Bt1 3	Bt2 1	Bt3 2	
28	Bt1 3	Bt2 3	
29	Bt1 4	Bt2 1	Bt3 2	
30	Bt1 2	Bt2 4	Bt3 2	
31	Bt1 4	Bt2 1	Bt3 3	
32	Bt1 3	Bt2 2	Bt3 3	
33	Bt1 3	Bt2 1	Bt3 2	
34	Bt2 1	Bt3 3	
35	Bt1 1	Bt2 2	Bt3 4	
36	Bt1 2	Bt2 2	Bt3 2	
37	Bt1 2	Bt2 5	Bt3 1	
38	Bt1 1	Bt2 4	Bt3 4	
39	Bt1 1	Bt2 3	Bt3 5	
40	Bt1 2	Bt2 1	Bt3 3	
41	Bt1 4	Bt2 1	Bt3 2	
42	Bt1 3	Bt2 3	Bt3 2	
43	Bt1 2	Bt2 3	Bt3 1	
44	Bt1 2	Bt2 3	Bt3 4	
45	Bt1 2	Bt2 1	Bt3 2	
46	Bt1 2	Bt3 3	
47	Bt1 3	Bt2 3	Bt3 3	
48	Bt1 1	Bt2 2	Bt3 4	
49	Bt1 1	Bt2 3	Bt3 3	
50	Bt1 1	Bt2 4	Bt3 2	
51	Bt1 1	Bt2 3	Bt3 2	
52	Bt1 1	Bt3 3	
53	Bt1 1	Bt2 1	Bt3 1	
54	Bt1 3	Bt2 4	Bt3 1	
55	Bt1 2	Bt3 2	
56	Bt2 1	Bt3 2	
57	Bt2 5	
58	Bt2 2	Bt3 3	
59	Bt1 2	Bt2 3	Bt3 2	
60	Bt1 1	Bt2 2	Bt3 1	