Name				381_n060_m400_bt10
Number_of_Customers		60
Number_of_Items			400
Number_of_ItemTypes		10
Number_of_Vehicles		14
TimeWindows			1

VEHICLE
Mass_Capacity			12595
CargoSpace_Length		60
CargoSpace_Width		25
CargoSpace_Height		30
Wheelbase			48
Max_Mass_FrontAxle		7100
Max_Mass_RearAxle		11500
Distance_FrontAxle_CargoSpace	4

CUSTOMERS
i		x		y		Demand		ReadyTime	DueDate		ServiceTime	DemandedMass	DemandedVolume
0		35		35		0		0		230		0		0		0
1		58		78		7		0		171		10		692.46		2005
2		21		41		5		18		50		10		651.86		1771
3		46		2		7		59		93		10		598.32		1323
4		14		61		8		117		145		10		820.09		2747
5		63		72		8		0		173		10		1046.85		2870
6		16		45		9		0		198		10		506.71		1662
7		22		10		5		0		191		10		201.63		1080
8		64		62		9		0		180		10		915.55		2512
9		58		49		6		48		78		10		268.66		675
10		62		55		8		0		186		10		830.06		1885
11		20		45		6		0		201		10		461.72		942
12		18		15		9		0		193		10		929.05		2642
13		5		24		5		0		188		10		569.6		1294
14		52		44		7		0		200		10		600.06		1843
15		55		24		5		0		197		10		422.02		1338
16		69		17		9		0		181		10		1066.76		2903
17		59		73		7		0		175		10		517.66		1629
18		57		3		9		0		181		10		1180.81		3573
19		68		75		7		0		168		10		328.62		1029
20		36		2		6		0		186		10		861.2		2591
21		2		65		6		110		132		10		435.24		1038
22		5		4		7		99		131		10		744.68		2341
23		6		58		9		27		69		10		1154.73		3353
24		49		2		4		0		184		10		196.59		564
25		7		17		8		108		146		10		534.76		1575
26		25		32		4		0		209		10		269.51		1047
27		2		36		8		128		154		10		707.5		2155
28		22		7		6		0		189		10		379.66		768
29		9		10		6		0		183		10		721.63		2524
30		42		78		5		0		176		10		404.22		1360
31		31		59		9		0		195		10		757.72		2091
32		69		32		6		0		185		10		574.11		1459
33		63		24		4		0		189		10		512.43		1174
34		56		41		8		0		198		10		626.18		1858
35		42		17		7		125		155		10		962.14		2576
36		31		5		9		0		189		10		657		1996
37		32		14		8		0		198		10		950.57		2519
38		62		0		8		143		173		10		563.75		1332
39		57		14		5		0		189		10		319.9		711
40		64		49		8		0		187		10		384.15		1254
41		57		21		8		84		112		10		544.01		2289
42		12		28		5		0		195		10		743.39		2258
43		52		12		8		177		201		10		552.04		1674
44		16		24		6		0		198		10		680.99		1795
45		27		0		7		0		184		10		718.28		2269
46		34		43		4		0		211		10		145.21		699
47		0		74		6		0		167		10		407.21		1155
48		13		51		5		0		192		10		766.44		2030
49		37		56		4		0		198		10		434.7		1327
50		54		21		6		0		196		10		545.89		1570
51		29		22		6		164		190		10		496.29		1513
52		5		30		4		0		189		10		372.88		603
53		33		56		6		0		198		10		432.16		1392
54		0		52		9		0		181		10		657.86		1939
55		53		62		6		0		187		10		579		1471
56		22		29		5		72		92		10		221.51		726
57		0		47		7		0		183		10		464.19		1245
58		10		20		6		0		190		10		789		2138
59		69		22		9		0		183		10		772.1		2158
60		69		9		6		0		177		10		400.41		1227

ITEMS
Type		Length		Width		Height		Mass		Fragility	LoadBearingStrength
Bt1		9		2		5		19.12		0		9.9525860
Bt2		15		3		4		103.55		0		142.0595237
Bt3		15		2		4		57.17		0		82.7355528
Bt4		7		3		7		18.26		0		2.7736781
Bt5		8		6		4		70.58		0		8.3416442
Bt6		16		7		7		278		0		12.8103627
Bt7		9		3		5		88.63		0		26.9607068
Bt8		16		6		5		111.10		1		1.4529788
Bt9		17		3		3		92.07		0		33.4972666
Bt10		6		6		6		34.89		1		2.5239592

DEMANDS PER CUSTOMER
i	Type Quantity
1	Bt1 1	Bt2 1	Bt3 1	Bt6 1	Bt7 1	Bt8 1	Bt10 1	
2	Bt2 1	Bt5 1	Bt6 1	Bt7 1	Bt8 1	
3	Bt2 1	Bt3 2	Bt7 2	Bt8 1	Bt9 1	
4	Bt4 1	Bt5 2	Bt6 2	Bt10 3	
5	Bt2 1	Bt3 1	Bt6 2	Bt8 1	Bt9 2	Bt10 1	
6	Bt1 2	Bt4 1	Bt7 2	Bt8 1	Bt9 1	Bt10 2	
7	Bt1 1	Bt4 2	Bt8 1	Bt10 1	
8	Bt2 3	Bt4 1	Bt5 1	Bt6 1	Bt8 1	Bt9 1	Bt10 1	
9	Bt1 4	Bt2 1	Bt7 1	
10	Bt5 1	Bt6 1	Bt7 4	Bt9 1	Bt10 1	
11	Bt2 1	Bt4 1	Bt5 1	Bt7 2	Bt9 1	
12	Bt1 1	Bt4 1	Bt6 2	Bt7 3	Bt10 2	
13	Bt3 2	Bt6 1	Bt7 2	
14	Bt3 1	Bt4 1	Bt5 3	Bt6 1	Bt10 1	
15	Bt1 1	Bt7 1	Bt8 2	Bt9 1	
16	Bt1 1	Bt2 1	Bt3 2	Bt5 1	Bt6 2	Bt8 1	Bt9 1	
17	Bt2 1	Bt5 2	Bt8 1	Bt9 1	Bt10 2	
18	Bt1 1	Bt3 1	Bt4 1	Bt5 2	Bt6 3	Bt8 1	
19	Bt1 1	Bt4 3	Bt5 1	Bt9 2	
20	Bt5 1	Bt6 2	Bt7 1	Bt8 1	Bt10 1	
21	Bt1 1	Bt2 3	Bt5 1	Bt10 1	
22	Bt1 1	Bt2 2	Bt4 1	Bt6 1	Bt8 2	
23	Bt2 1	Bt4 1	Bt5 1	Bt6 2	Bt8 2	Bt9 2	
24	Bt1 1	Bt4 1	Bt5 1	Bt7 1	
25	Bt1 1	Bt2 1	Bt4 1	Bt5 1	Bt7 2	Bt8 1	Bt10 1	
26	Bt7 1	Bt8 1	Bt10 2	
27	Bt1 1	Bt2 1	Bt4 2	Bt5 1	Bt6 1	Bt7 1	Bt8 1	
28	Bt1 2	Bt2 1	Bt3 1	Bt7 1	Bt9 1	
29	Bt4 1	Bt6 1	Bt8 3	Bt9 1	
30	Bt1 1	Bt4 2	Bt5 1	Bt6 1	
31	Bt2 1	Bt3 1	Bt5 1	Bt7 2	Bt8 2	Bt9 1	Bt10 1	
32	Bt1 1	Bt3 2	Bt5 1	Bt6 1	Bt9 1	
33	Bt3 1	Bt6 1	Bt7 2	
34	Bt3 3	Bt4 1	Bt6 1	Bt7 1	Bt10 2	
35	Bt3 2	Bt6 2	Bt7 1	Bt8 1	Bt9 1	
36	Bt1 1	Bt2 1	Bt3 2	Bt4 2	Bt5 1	Bt6 1	Bt10 1	
37	Bt2 1	Bt3 1	Bt4 1	Bt6 2	Bt7 1	Bt9 1	Bt10 1	
38	Bt2 1	Bt4 1	Bt5 2	Bt7 3	Bt10 1	
39	Bt1 1	Bt7 3	Bt10 1	
40	Bt1 1	Bt3 2	Bt4 1	Bt5 1	Bt9 1	Bt10 2	
41	Bt1 1	Bt2 1	Bt4 1	Bt8 3	Bt10 2	
42	Bt1 1	Bt3 1	Bt6 2	Bt8 1	
43	Bt2 2	Bt3 1	Bt4 1	Bt7 1	Bt8 1	Bt10 2	
44	Bt1 1	Bt6 1	Bt7 1	Bt8 1	Bt9 2	
45	Bt1 1	Bt4 1	Bt6 1	Bt7 1	Bt8 2	Bt9 1	
46	Bt3 1	Bt4 1	Bt10 2	
47	Bt1 1	Bt3 2	Bt5 1	Bt8 1	Bt9 1	
48	Bt2 1	Bt4 1	Bt6 2	Bt7 1	
49	Bt2 1	Bt4 1	Bt6 1	Bt10 1	
50	Bt1 1	Bt2 1	Bt4 1	Bt6 1	Bt9 1	Bt10 1	
51	Bt1 1	Bt4 2	Bt5 1	Bt6 1	Bt9 1	
52	Bt2 1	Bt7 2	Bt9 1	
53	Bt5 1	Bt7 1	Bt8 1	Bt9 1	Bt10 2	
54	Bt1 2	Bt2 1	Bt3 2	Bt4 1	Bt5 1	Bt6 1	Bt10 1	
55	Bt1 2	Bt2 1	Bt5 1	Bt6 1	Bt7 1	
56	Bt1 1	Bt3 1	Bt4 1	Bt9 1	Bt10 1	
57	Bt1 3	Bt2 2	Bt7 1	Bt8 1	
58	Bt1 1	Bt2 1	Bt4 1	Bt6 2	Bt9 1	
59	Bt2 2	Bt4 2	Bt6 1	Bt7 1	Bt9 1	Bt10 2	
60	Bt2 1	Bt3 1	Bt4 2	Bt8 1	Bt9 1	