Name				383_n060_m400_bt10
Number_of_Customers		60
Number_of_Items			400
Number_of_ItemTypes		10
Number_of_Vehicles		28
TimeWindows			1

VEHICLE
Mass_Capacity			12595
CargoSpace_Length		60
CargoSpace_Width		25
CargoSpace_Height		30
Wheelbase			48
Max_Mass_FrontAxle		7100
Max_Mass_RearAxle		11500
Distance_FrontAxle_CargoSpace	4

CUSTOMERS
i		x		y		Demand		ReadyTime	DueDate		ServiceTime	DemandedMass	DemandedVolume
0		35		35		0		0		230		0		0		0
1		58		4		4		132		170		10		766.84		816
2		0		21		5		104		132		10		979.83		1256
3		15		24		9		143		171		10		1918.76		2448
4		41		42		5		5		35		10		527.02		863
5		27		64		9		56		76		10		1184		1996
6		24		58		8		66		92		10		1887.01		2350
7		62		10		6		138		170		10		744.18		1412
8		37		52		8		64		84		10		2004.44		1885
9		1		32		9		158		184		10		1225.96		1705
10		40		2		6		103		135		10		595.81		1013
11		46		35		6		79		111		10		649.84		1360
12		7		15		7		44		84		10		688.1		1232
13		9		50		6		71		99		10		1276.21		1614
14		54		34		4		144		174		10		353.57		758
15		11		78		8		54		88		10		1104.78		1830
16		38		77		5		57		81		10		699.08		1213
17		4		48		9		175		199		10		1022.96		1916
18		35		30		4		30		64		10		739.53		718
19		56		39		7		176		202		10		1267.82		1731
20		67		48		6		22		56		10		1114.55		1506
21		49		77		7		153		181		10		1631.62		1835
22		33		50		5		139		165		10		928.02		1121
23		61		3		9		82		110		10		1156.74		1887
24		42		66		9		46		68		10		1514.98		2160
25		23		11		6		29		55		10		815.14		1305
26		52		46		9		62		96		10		1429.98		1831
27		8		77		5		58		92		10		542.82		834
28		27		80		9		144		172		10		1744.78		2783
29		5		61		6		55		81		10		676.51		1196
30		51		8		6		113		143		10		656.41		1350
31		46		24		5		123		149		10		585.01		1128
32		52		24		7		102		130		10		1038.91		1351
33		30		12		8		50		84		10		1795.45		2099
34		11		57		9		150		178		10		1182.1		2088
35		63		78		9		129		161		10		1225.04		1719
36		12		40		8		145		177		10		1051.64		1223
37		30		22		9		51		79		10		2273.86		2539
38		38		69		6		107		131		10		773.35		1531
39		53		73		7		69		105		10		973.85		1160
40		60		64		6		39		57		10		974.83		1170
41		27		30		4		123		155		10		485.91		1018
42		13		68		6		82		106		10		756.04		1412
43		27		22		7		105		139		10		724.53		1212
44		9		68		7		39		79		10		787.53		1416
45		18		70		8		36		60		10		918.1		1520
46		66		45		9		111		137		10		1323.98		2051
47		40		20		8		188		208		10		825.23		1629
48		66		10		8		166		196		10		1307.11		1702
49		9		38		5		57		89		10		694.6		1259
50		16		10		6		137		161		10		1357.11		1283
51		22		16		3		121		159		10		331.57		524
52		40		11		6		50		74		10		695.26		1420
53		49		32		4		86		118		10		1045.52		1139
54		18		31		6		119		147		10		686.47		1218
55		6		33		7		50		80		10		1264.04		1839
56		50		37		5		20		38		10		573.47		1045
57		23		71		5		155		183		10		848.49		928
58		66		64		7		135		165		10		1398.62		1414
59		2		66		6		55		87		10		580.2		1223
60		43		0		7		43		73		10		885.79		1710

ITEMS
Type		Length		Width		Height		Mass		Fragility	LoadBearingStrength
Bt1		15		2		3		44.16		1		2.0209134
Bt2		11		7		5		186.53		0		16.7751865
Bt3		9		4		6		134.79		0		55.7524582
Bt4		14		6		4		138.91		0		17.4859213
Bt5		13		7		3		182.31		0		73.3678953
Bt6		8		5		8		498.59		0		23.7114008
Bt7		7		5		3		56.70		1		3.0696935
Bt8		10		2		7		66.73		0		10.2707783
Bt9		12		4		4		103.77		0		37.1728651
Bt10		7		6		4		130.05		0		53.7921240

DEMANDS PER CUSTOMER
i	Type Quantity
1	Bt3 1	Bt6 1	Bt8 2	
2	Bt3 1	Bt4 1	Bt6 1	Bt9 2	
3	Bt2 3	Bt3 1	Bt6 2	Bt7 1	Bt8 1	Bt9 1	
4	Bt1 1	Bt5 1	Bt8 1	Bt9 1	Bt10 1	
5	Bt2 1	Bt3 1	Bt5 2	Bt7 1	Bt9 3	Bt10 1	
6	Bt1 1	Bt2 3	Bt5 1	Bt6 2	Bt9 1	
7	Bt3 2	Bt4 2	Bt8 1	Bt10 1	
8	Bt1 2	Bt2 1	Bt6 3	Bt9 1	Bt10 1	
9	Bt3 1	Bt4 1	Bt6 1	Bt7 1	Bt8 4	Bt10 1	
10	Bt3 1	Bt7 1	Bt8 1	Bt9 2	Bt10 1	
11	Bt3 1	Bt4 2	Bt8 2	Bt9 1	
12	Bt4 1	Bt5 1	Bt7 3	Bt8 1	Bt10 1	
13	Bt1 1	Bt2 1	Bt5 3	Bt6 1	
14	Bt1 1	Bt4 1	Bt8 1	Bt9 1	
15	Bt2 1	Bt3 4	Bt5 1	Bt8 1	Bt10 1	
16	Bt1 1	Bt2 1	Bt5 2	Bt9 1	
17	Bt1 1	Bt2 1	Bt4 1	Bt5 1	Bt8 2	Bt9 2	Bt10 1	
18	Bt1 1	Bt6 1	Bt8 1	Bt10 1	
19	Bt1 1	Bt2 1	Bt3 2	Bt4 1	Bt6 1	Bt10 1	
20	Bt2 1	Bt4 1	Bt6 1	Bt7 1	Bt9 1	Bt10 1	
21	Bt1 1	Bt2 1	Bt3 1	Bt4 1	Bt6 2	Bt10 1	
22	Bt4 1	Bt6 1	Bt7 1	Bt9 1	Bt10 1	
23	Bt2 1	Bt3 3	Bt5 1	Bt7 1	Bt8 1	Bt10 2	
24	Bt2 2	Bt5 1	Bt6 1	Bt7 1	Bt8 1	Bt9 2	Bt10 1	
25	Bt4 1	Bt5 1	Bt9 1	Bt10 3	
26	Bt1 1	Bt3 3	Bt5 1	Bt6 1	Bt8 1	Bt9 1	Bt10 1	
27	Bt1 1	Bt3 1	Bt9 1	Bt10 2	
28	Bt1 1	Bt2 3	Bt4 2	Bt5 2	Bt6 1	
29	Bt1 1	Bt2 1	Bt5 1	Bt8 2	Bt10 1	
30	Bt2 1	Bt4 1	Bt7 1	Bt8 1	Bt9 2	
31	Bt3 1	Bt4 1	Bt9 3	
32	Bt1 1	Bt4 1	Bt6 1	Bt7 1	Bt8 1	Bt9 1	Bt10 1	
33	Bt2 1	Bt4 1	Bt5 1	Bt6 2	Bt7 1	Bt9 1	Bt10 1	
34	Bt2 1	Bt3 1	Bt4 1	Bt5 2	Bt7 1	Bt8 1	Bt9 1	Bt10 1	
35	Bt1 1	Bt2 1	Bt4 1	Bt6 1	Bt7 4	Bt10 1	
36	Bt1 3	Bt6 1	Bt7 1	Bt9 1	Bt10 2	
37	Bt1 1	Bt2 1	Bt3 2	Bt4 2	Bt6 3	
38	Bt1 1	Bt2 1	Bt3 1	Bt4 2	Bt10 1	
39	Bt1 3	Bt5 1	Bt6 1	Bt7 1	Bt9 1	
40	Bt5 1	Bt6 1	Bt7 1	Bt8 2	Bt9 1	
41	Bt2 1	Bt4 1	Bt7 1	Bt9 1	
42	Bt2 2	Bt3 2	Bt7 2	
43	Bt1 1	Bt5 1	Bt7 1	Bt9 3	Bt10 1	
44	Bt2 1	Bt3 1	Bt5 1	Bt7 2	Bt8 1	Bt9 1	
45	Bt3 2	Bt5 2	Bt7 2	Bt8 1	Bt9 1	
46	Bt3 1	Bt4 3	Bt6 1	Bt7 3	Bt9 1	
47	Bt1 1	Bt4 2	Bt5 1	Bt7 2	Bt9 2	
48	Bt4 1	Bt5 1	Bt6 1	Bt7 1	Bt8 1	Bt9 1	Bt10 2	
49	Bt2 2	Bt3 1	Bt7 1	Bt10 1	
50	Bt1 1	Bt5 1	Bt6 2	Bt8 2	
51	Bt3 1	Bt8 1	Bt10 1	
52	Bt1 1	Bt2 1	Bt4 2	Bt7 1	Bt10 1	
53	Bt5 3	Bt6 1	
54	Bt1 1	Bt3 2	Bt4 1	Bt9 1	Bt10 1	
55	Bt2 2	Bt4 1	Bt6 1	Bt7 1	Bt8 1	Bt10 1	
56	Bt1 1	Bt2 1	Bt5 1	Bt7 1	Bt9 1	
57	Bt1 1	Bt5 1	Bt6 1	Bt7 1	Bt8 1	
58	Bt1 3	Bt4 1	Bt6 2	Bt10 1	
59	Bt1 1	Bt3 1	Bt4 2	Bt7 1	Bt8 1	
60	Bt2 1	Bt4 1	Bt5 1	Bt8 1	Bt9 3	