Name				392_n060_m400_bt3
Number_of_Customers		60
Number_of_Items			400
Number_of_ItemTypes		3
Number_of_Vehicles		55
TimeWindows			1

VEHICLE
Mass_Capacity			12595
CargoSpace_Length		60
CargoSpace_Width		25
CargoSpace_Height		30
Wheelbase			48
Max_Mass_FrontAxle		7100
Max_Mass_RearAxle		11500
Distance_FrontAxle_CargoSpace	4

CUSTOMERS
i		x		y		Demand		ReadyTime	DueDate		ServiceTime	DemandedMass	DemandedVolume
0		35		35		0		0		230		0		0		0
1               57              67              7               0               181             10              3345.43         11628
2               36              69              9               0               185             10              4912.92         15552
3               51              23              5               0               200             10              3021.20         11952
4               22              56              8               0               195             10              4655.93         16692
5               24              30              5               113             147             10              2813.99         11244
6               59              34              5               0               195             10              2373.38         5832
7               22              4               3               0               186             10              1643.46         6072
8               30              80              9               0               174             10              5353.53         20964
9               40              40              6               0               129             10              3710.07         14892
10              40              60              6               0               194             10              3701.34         13560
11              55              76              6               0               174             10              3295.65         13476
12              27              67              9               0               177             10              5353.53         20964
13              43              73              9               0               181             10              5146.32         20256
14              33              24              4               72              100             10              1900.45         4932
15              13              34              9               0               187             10              5785.41         25044
16              14              76              7               95              119             10              3984.52         16416
17              64              49              9               0               187             10              4912.92         15552
18              30              33              8               0               214             10              4466.18         18648
19              66              18              9               34              170             10              5353.53         20964
20              28              54              7               0               186             10              4407.67         19164
21              67              50              7               0               184             10              3768.58         14376
22              35              46              7               113             147             10              3984.52         16416
23              66              68              7               0               174             10              3967.06         13752
24              55              21              7               0               195             10              3768.58         14376
25              58              51              7               0               191             10              3570.10         15000
26              63              30              6               0               191             10              3286.92         12144
27              29              70              5               0               176             10              3012.47         10620
28              64              63              7               0               179             10              4191.73         17124
29              41              26              6               0               209             10              3511.59         15516
30              38              48              9               0               206             10              5344.80         19632
31              70              31              4               168             202             10              1926.64         8928
32              23              17              6               0               198             10              3502.86         14184
33              66              30              4               0               188             10              2125.12         8304
34              26              19              8               0               192             10              4258.97         17940
35              31              10              7               0               194             10              4174.27         14460
36              46              77              8               0               176             10              4655.93         16692
37              58              78              4               0               171             10              2548.27         11052
38              14              19              5               0               193             10              3021.20         11952
39              13              62              9               0               185             10              5353.53         20964
40              54              13              8               103             129             10              3792.17         8532
41              30              12              9               0               186             10              5776.68         23712
42              61              49              8               75              113             10              4655.93         16692
43              49              49              7               0               200             10              3967.06         13752
44              26              65              6               0               188             10              3286.92         12144
45              9               49              8               0               190             10              4439.99         14652
46              67              63              3               0               177             10              1652.19         7404
47              65              22              6               101             131             10              3278.19         10812
48              1               57              8               133             163             10              4439.99         14652
49              33              30              6               0               214             10              3502.86         14184
50              63              16              3               0               186             10              1643.46         6072
51              9               60              5               0               183             10              2822.72         12576
52              19              24              5               20              148             10              2813.99         11244
53              61              69              6               0               177             10              3295.65         13476
54              30              65              8               50              184             10              4664.66         18024
55              28              77              7               126             160             10              3759.85         13044
56              19              75              9               0               176             10              5146.32         20256
57              59              11              4               139             161             10              2125.12         8304
58              10              22              9               0               182             10              4291.29         13428
59              14              15              6               0               191             10              3710.07         14892
60              63              10              6               0               175             10              2881.23         12060

ITEMS
Type		Length		Width		Height		Mass		Fragility	LoadBearingStrength
Bt1		27		9		8		481.66		0		33.4904336
Bt2		25		11		7		388.87		0		29.9408669
Bt3		15		12		5		272.93		1		3.9769913

DEMANDS PER CUSTOMER
i	Type Quantity
1	Bt1 4	Bt3 3	
2	Bt1 1	Bt2 3	Bt3 5	
3	Bt1 1	Bt2 3	Bt3 1	
4	Bt1 1	Bt2 4	Bt3 3	
5	Bt1 2	Bt2 2	Bt3 1	
6	Bt1 1	Bt3 4	
7	Bt1 1	Bt2 1	Bt3 1	
8	Bt1 2	Bt2 5	Bt3 2	
9	Bt1 1	Bt2 4	Bt3 1	
10	Bt2 4	Bt3 2	
11	Bt1 3	Bt2 2	Bt3 1	
12	Bt1 2	Bt2 5	Bt3 2	
13	Bt1 3	Bt2 4	Bt3 2	
14	Bt1 1	Bt3 3	
15	Bt1 2	Bt2 7	
16	Bt1 3	Bt2 3	Bt3 1	
17	Bt1 1	Bt2 3	Bt3 5	
18	Bt1 4	Bt2 3	Bt3 1	
19	Bt1 2	Bt2 5	Bt3 2	
20	Bt1 2	Bt2 5	
21	Bt1 3	Bt2 2	Bt3 2	
22	Bt1 3	Bt2 3	Bt3 1	
23	Bt1 1	Bt2 3	Bt3 3	
24	Bt1 3	Bt2 2	Bt3 2	
25	Bt1 5	Bt2 1	Bt3 1	
26	Bt1 2	Bt2 2	Bt3 2	
27	Bt2 3	Bt3 2	
28	Bt1 2	Bt2 4	Bt3 1	
29	Bt1 3	Bt2 3	
30	Bt1 1	Bt2 5	Bt3 3	
31	Bt1 4	
32	Bt1 2	Bt2 3	Bt3 1	
33	Bt1 2	Bt2 1	Bt3 1	
34	Bt1 5	Bt2 2	Bt3 1	
35	Bt2 4	Bt3 3	
36	Bt1 1	Bt2 4	Bt3 3	
37	Bt1 1	Bt2 3	
38	Bt1 1	Bt2 3	Bt3 1	
39	Bt1 2	Bt2 5	Bt3 2	
40	Bt1 1	Bt3 7	
41	Bt1 1	Bt2 7	Bt3 1	
42	Bt1 1	Bt2 4	Bt3 3	
43	Bt1 1	Bt2 3	Bt3 3	
44	Bt1 2	Bt2 2	Bt3 2	
45	Bt1 1	Bt2 3	Bt3 4	
46	Bt1 2	Bt2 1	
47	Bt1 1	Bt2 2	Bt3 3	
48	Bt1 1	Bt2 3	Bt3 4	
49	Bt1 2	Bt2 3	Bt3 1	
50	Bt1 1	Bt2 1	Bt3 1	
51	Bt1 3	Bt2 2	
52	Bt1 2	Bt2 2	Bt3 1	
53	Bt1 3	Bt2 2	Bt3 1	
54	Bt1 2	Bt2 4	Bt3 2	
55	Bt1 2	Bt2 2	Bt3 3	
56	Bt1 3	Bt2 4	Bt3 2	
57	Bt1 2	Bt2 1	Bt3 1	
58	Bt1 4	Bt3 5	
59	Bt1 1	Bt2 4	Bt3 1	
60	Bt1 5	Bt3 1	