Name				393_n060_m400_bt3
Number_of_Customers		60
Number_of_Items			400
Number_of_ItemTypes		3
Number_of_Vehicles		37
TimeWindows			1

VEHICLE
Mass_Capacity			12595
CargoSpace_Length		60
CargoSpace_Width		25
CargoSpace_Height		30
Wheelbase			48
Max_Mass_FrontAxle		7100
Max_Mass_RearAxle		11500
Distance_FrontAxle_CargoSpace	4

CUSTOMERS
i		x		y		Demand		ReadyTime	DueDate		ServiceTime	DemandedMass	DemandedVolume
0		35		35		0		0		230		0		0		0
1		47		32		7		132		156		10		2964.31		13198
2		24		76		7		53		75		10		3298.84		12812
3		50		16		9		132		166		10		3741.06		17168
4		11		0		8		68		88		10		3598.37		14486
5		38		17		5		166		194		10		2482.88		9094
6		1		55		7		73		109		10		3003.52		12946
7		3		25		5		153		179		10		2148.35		9480
8		7		16		7		127		147		10		3338.05		12560
9		58		6		9		117		137		10		4823.07		15506
10		37		66		8		65		89		10		3519.95		14990
11		42		1		5		116		146		10		2895.83		8204
12		39		14		7		21		49		10		3633.37		12426
13		58		30		6		32		66		10		3373.05		10500
14		52		54		6		167		199		10		3077.73		10634
15		42		23		5		121		155		10		2522.09		8842
16		18		75		7		98		126		10		3672.58		12174
17		6		8		6		78		110		10		2782.41		10768
18		63		68		7		40		72		10		2925.1		13450
19		54		13		9		56		84		10		4036.38		17034
20		30		35		5		150		186		10		1813.82		9866
21		15		29		7		108		136		10		3633.37		12426
22		8		40		7		107		133		10		3298.84		12812
23		31		1		9		61		97		10		4075.59		16782
24		35		10		6		124		156		10		2447.88		11154
25		26		80		8		120		144		10		4601.96		13328
26		46		25		9		21		53		10		4488.54		15892
27		49		75		6		148		178		10		3490.68		9744
28		68		48		9		40		66		10		4488.54		15892
29		16		43		7		38		66		10		3338.05		12560
30		17		35		9		71		105		10		4075.59		16782
31		12		65		7		162		186		10		2925.1		13450
32		65		42		9		138		166		10		4527.75		15640
33		53		72		5		30		60		10		2187.56		9228
34		61		55		9		33		63		10		4527.75		15640
35		35		19		5		67		97		10		2522.09		8842
36		0		22		5		27		59		10		2522.09		8842
37		53		43		4		138		172		10		1592.71		7688
38		58		58		4		45		77		10		1592.71		7688
39		38		53		3		84		116		10		997.86		6148
40		65		50		7		131		155		10		3633.37		12426
41		50		0		7		110		150		10		3594.16		12678
42		26		60		3		87		119		10		997.86		6148
43		14		54		6		56		92		10		3116.94		10382
44		32		11		9		129		155		10		4154.01		16278
45		15		18		6		167		203		10		2447.88		11154
46		67		69		8		96		126		10		3932.9		14100
47		36		50		5		186		214		10		2561.3		8590
48		22		6		6		157		189		10		3412.26		10248
49		29		23		6		1		27		10		2447.88		11154
50		2		2		9		32		68		10		4114.8		16530
51		22		58		4		100		122		10		1927.24		7302
52		46		65		8		160		190		10		4228.22		13966
53		2		18		7		91		113		10		3338.05		12560
54		21		2		6		52		76		10		2369.46		11658
55		61		63		3		161		199		10		1371.6		5510
56		37		69		9		88		118		10		4154.01		16278
57		5		68		9		50		78		10		4114.8		16530
58		51		64		7		111		135		10		1882.3		14860
59		65		38		6		49		79		10		2408.67		11406
60		24		19		6		9		39		10		3451.47		9996

ITEMS
Type		Length		Width		Height		Mass		Fragility	LoadBearingStrength
Bt1		22		11		9		221.11		0		8.1657889
Bt2		16		8		14		555.64		0		21.4138892
Bt3		22		7		10		594.85		1		7.2124767

DEMANDS PER CUSTOMER
i	Type Quantity
1	Bt1 3	Bt2 2	Bt3 2	
2	Bt1 2	Bt2 3	Bt3 2	
3	Bt1 4	Bt2 3	Bt3 2	
4	Bt1 3	Bt2 1	Bt3 4	
5	Bt1 1	Bt2 3	Bt3 1	
6	Bt1 3	Bt2 1	Bt3 3	
7	Bt1 2	Bt2 2	Bt3 1	
8	Bt1 2	Bt2 2	Bt3 3	
9	Bt1 1	Bt2 4	Bt3 4	
10	Bt1 3	Bt2 3	Bt3 2	
11	Bt2 2	Bt3 3	
12	Bt1 1	Bt2 4	Bt3 2	
13	Bt2 5	Bt3 1	
14	Bt1 1	Bt2 3	Bt3 2	
15	Bt1 1	Bt2 2	Bt3 2	
16	Bt1 1	Bt2 3	Bt3 3	
17	Bt1 2	Bt2 1	Bt3 3	
18	Bt1 3	Bt2 3	Bt3 1	
19	Bt1 3	Bt2 5	Bt3 1	
20	Bt1 3	Bt2 1	Bt3 1	
21	Bt1 1	Bt2 4	Bt3 2	
22	Bt1 2	Bt2 3	Bt3 2	
23	Bt1 3	Bt2 4	Bt3 2	
24	Bt1 3	Bt3 3	
25	Bt2 4	Bt3 4	
26	Bt1 2	Bt2 3	Bt3 4	
27	Bt2 2	Bt3 4	
28	Bt1 2	Bt2 3	Bt3 4	
29	Bt1 2	Bt2 2	Bt3 3	
30	Bt1 3	Bt2 4	Bt3 2	
31	Bt1 3	Bt2 3	Bt3 1	
32	Bt1 2	Bt2 2	Bt3 5	
33	Bt1 2	Bt2 1	Bt3 2	
34	Bt1 2	Bt2 2	Bt3 5	
35	Bt1 1	Bt2 2	Bt3 2	
36	Bt1 1	Bt2 2	Bt3 2	
37	Bt1 2	Bt2 1	Bt3 1	
38	Bt1 2	Bt2 1	Bt3 1	
39	Bt1 2	Bt2 1	
40	Bt1 1	Bt2 4	Bt3 2	
41	Bt1 1	Bt2 5	Bt3 1	
42	Bt1 2	Bt2 1	
43	Bt1 1	Bt2 2	Bt3 3	
44	Bt1 3	Bt2 2	Bt3 4	
45	Bt1 3	Bt3 3	
46	Bt1 2	Bt2 2	Bt3 4	
47	Bt1 1	Bt2 1	Bt3 3	
48	Bt2 4	Bt3 2	
49	Bt1 3	Bt3 3	
50	Bt1 3	Bt2 3	Bt3 3	
51	Bt1 1	Bt2 2	Bt3 1	
52	Bt1 1	Bt2 4	Bt3 3	
53	Bt1 2	Bt2 2	Bt3 3	
54	Bt1 3	Bt2 2	Bt3 1	
55	Bt1 1	Bt2 1	Bt3 1	
56	Bt1 3	Bt2 2	Bt3 4	
57	Bt1 3	Bt2 3	Bt3 3	
58	Bt1 6	Bt2 1	
59	Bt1 3	Bt2 1	Bt3 2	
60	Bt2 3	Bt3 3	