Name				399_n060_m400_bt10
Number_of_Customers		60
Number_of_Items			400
Number_of_ItemTypes		10
Number_of_Vehicles		48
TimeWindows			1

VEHICLE
Mass_Capacity			12595
CargoSpace_Length		60
CargoSpace_Width		25
CargoSpace_Height		30
Wheelbase			48
Max_Mass_FrontAxle		7100
Max_Mass_RearAxle		11500
Distance_FrontAxle_CargoSpace	4

CUSTOMERS
i		x		y		Demand		ReadyTime	DueDate		ServiceTime	DemandedMass	DemandedVolume
0		35		35		0		0		230		0		0		0
1		12		74		9		143		173		10		3553.77		18128
2		55		43		9		83		123		10		3073.77		16580
3		43		67		9		137		173		10		3526.27		21798
4		47		18		6		55		77		10		2206.76		14042
5		5		50		9		63		97		10		2790.23		18166
6		31		36		8		67		97		10		2184.98		13902
7		13		23		7		119		151		10		2796.54		13136
8		0		47		6		81		115		10		2498.58		15180
9		64		12		9		140		168		10		3277.12		16906
10		68		36		6		92		122		10		2039.88		10290
11		21		55		6		39		61		10		2622.44		12848
12		23		13		6		71		101		10		2598.1		14552
13		41		19		6		129		155		10		2719.92		17248
14		26		49		7		111		139		10		2886.53		16584
15		20		43		7		53		91		10		2036.06		12502
16		40		45		6		192		216		10		2214.28		11110
17		6		22		8		131		161		10		3101.7		18466
18		65		72		5		127		155		10		1501.02		8776
19		51		44		5		33		61		10		2103.78		12376
20		34		76		6		61		91		10		2397.5		18954
21		7		69		9		92		126		10		3172.38		20482
22		65		29		9		88		124		10		3289.16		15512
23		8		36		9		23		59		10		3908.8		23204
24		39		14		9		12		44		10		3767.22		19888
25		54		25		8		56		94		10		2572.45		15802
26		70		63		5		88		110		10		2230.88		14052
27		59		12		8		66		86		10		3202.14		19684
28		60		7		4		104		132		10		1462.71		8014
29		42		70		9		83		117		10		2629.16		17162
30		58		61		8		96		122		10		3650.47		18064
31		24		36		5		110		130		10		1579.05		10344
32		2		17		7		76		100		10		2552.97		14218
33		53		28		5		87		117		10		1861.03		11266
34		40		39		4		161		189		10		1580.92		10800
35		36		67		5		150		184		10		1705.14		9404
36		34		50		5		119		143		10		1785.22		10952
37		22		25		4		40		74		10		1775.28		10322
38		25		72		4		107		141		10		1427.56		5010
39		69		59		4		142		170		10		1188.94		9232
40		8		61		7		25		59		10		2827.22		22874
41		56		33		7		88		112		10		3102.56		17674
42		56		1		7		161		193		10		3144.18		13448
43		18		58		9		84		112		10		3393.83		22358
44		35		16		9		66		96		10		2863.42		15646
45		5		34		7		176		204		10		2625.72		15980
46		58		39		6		119		149		10		2483.27		12544
47		21		50		9		42		70		10		3389.95		18798
48		57		5		3		165		197		10		997.61		4396
49		42		64		6		140		168		10		1975.3		10912
50		1		33		3		49		75		10		1432		9400
51		22		46		5		56		86		10		1985.23		9262
52		11		58		9		159		185		10		3172.49		15016
53		61		68		7		103		137		10		2897.21		14874
54		25		66		5		69		101		10		2072.37		13182
55		69		28		6		166		194		10		2184.19		10974
56		70		46		3		52		80		10		1105.49		7666
57		63		50		9		104		132		10		3709.58		14990
58		30		50		7		72		104		10		2686.05		17872
59		20		32		7		180		212		10		2280.92		13456
60		42		56		8		124		154		10		2948.79		20032

ITEMS
Type		Length		Width		Height		Mass		Fragility	LoadBearingStrength
Bt1		28		10		14		429.72		0		9.9086631
Bt2		32		7		14		382.53		0		15.0072060
Bt3		30		11		9		448		0		10.4270080
Bt4		33		6		12		447.64		0		25.9087801
Bt5		20		7		10		148.92		1		0.9130218
Bt6		16		13		9		325		0		7.4515479
Bt7		15		13		8		274.96		0		6.9088041
Bt8		15		7		6		307.54		1		6.6250998
Bt9		24		13		10		504.94		0		6.9525950
Bt10		15		13		8		572.56		0		19.2533259

DEMANDS PER CUSTOMER
i	Type Quantity
1	Bt1 1	Bt2 1	Bt5 1	Bt6 1	Bt7 2	Bt10 3	
2	Bt1 1	Bt2 1	Bt5 1	Bt6 2	Bt7 1	Bt8 2	Bt10 1	
3	Bt2 1	Bt3 4	Bt4 2	Bt5 1	Bt8 1	
4	Bt3 1	Bt5 1	Bt6 1	Bt7 1	Bt9 2	
5	Bt1 1	Bt2 1	Bt4 1	Bt5 2	Bt6 2	Bt7 1	Bt8 1	
6	Bt1 1	Bt5 2	Bt6 1	Bt7 3	Bt8 1	
7	Bt4 1	Bt5 1	Bt7 2	Bt9 1	Bt10 2	
8	Bt3 2	Bt4 1	Bt6 2	Bt9 1	
9	Bt3 3	Bt4 1	Bt5 2	Bt8 2	Bt10 1	
10	Bt3 1	Bt5 3	Bt10 2	
11	Bt1 1	Bt4 1	Bt6 1	Bt7 1	Bt10 2	
12	Bt2 2	Bt3 1	Bt8 1	Bt9 1	Bt10 1	
13	Bt1 1	Bt2 2	Bt4 1	Bt9 1	Bt10 1	
14	Bt2 1	Bt4 1	Bt5 1	Bt6 1	Bt9 2	Bt10 1	
15	Bt1 1	Bt5 1	Bt6 1	Bt7 3	Bt8 1	
16	Bt1 1	Bt3 1	Bt5 1	Bt8 2	Bt10 1	
17	Bt1 1	Bt3 1	Bt4 1	Bt5 1	Bt7 2	Bt9 1	Bt10 1	
18	Bt3 1	Bt4 1	Bt5 2	Bt8 1	
19	Bt1 1	Bt4 1	Bt5 1	Bt9 1	Bt10 1	
20	Bt1 2	Bt2 2	Bt3 1	Bt6 1	
21	Bt2 2	Bt3 2	Bt5 1	Bt7 2	Bt8 1	Bt9 1	
22	Bt4 2	Bt5 1	Bt7 4	Bt10 2	
23	Bt2 2	Bt3 2	Bt4 2	Bt7 1	Bt9 1	Bt10 1	
24	Bt2 2	Bt3 1	Bt4 1	Bt5 1	Bt8 1	Bt9 1	Bt10 2	
25	Bt2 1	Bt3 1	Bt4 1	Bt5 3	Bt7 1	Bt10 1	
26	Bt3 2	Bt6 1	Bt9 2	
27	Bt1 1	Bt3 2	Bt5 1	Bt6 2	Bt9 1	Bt10 1	
28	Bt2 1	Bt4 1	Bt6 1	Bt8 1	
29	Bt3 2	Bt5 4	Bt6 1	Bt8 1	Bt9 1	
30	Bt2 1	Bt4 3	Bt7 1	Bt9 1	Bt10 2	
31	Bt2 1	Bt4 1	Bt5 1	Bt6 1	Bt7 1	
32	Bt2 1	Bt3 1	Bt6 1	Bt7 3	Bt10 1	
33	Bt2 1	Bt3 2	Bt7 1	Bt8 1	
34	Bt1 2	Bt5 1	Bt10 1	
35	Bt2 2	Bt6 1	Bt8 2	
36	Bt1 1	Bt3 1	Bt6 1	Bt7 1	Bt8 1	
37	Bt1 1	Bt3 1	Bt6 1	Bt10 1	
38	Bt8 3	Bt9 1	
39	Bt2 2	Bt5 1	Bt7 1	
40	Bt1 3	Bt2 2	Bt3 1	Bt6 1	
41	Bt1 2	Bt3 1	Bt6 2	Bt10 2	
42	Bt4 1	Bt5 1	Bt6 1	Bt9 1	Bt10 3	
43	Bt2 3	Bt5 1	Bt7 1	Bt8 1	Bt9 3	
44	Bt3 1	Bt4 1	Bt5 2	Bt7 2	Bt8 2	Bt9 1	
45	Bt1 3	Bt5 1	Bt8 2	Bt10 1	
46	Bt2 1	Bt3 1	Bt4 1	Bt6 1	Bt8 1	Bt10 1	
47	Bt1 1	Bt2 1	Bt4 1	Bt6 3	Bt7 1	Bt8 1	Bt10 1	
48	Bt2 1	Bt8 2	
49	Bt5 2	Bt6 1	Bt7 1	Bt9 1	Bt10 1	
50	Bt1 2	Bt10 1	
51	Bt2 1	Bt4 1	Bt7 1	Bt8 1	Bt10 1	
52	Bt2 1	Bt7 2	Bt8 4	Bt9 2	
53	Bt2 1	Bt3 1	Bt4 1	Bt5 1	Bt6 1	Bt10 2	
54	Bt1 1	Bt2 1	Bt4 1	Bt8 1	Bt9 1	
55	Bt2 1	Bt4 1	Bt5 1	Bt6 1	Bt8 1	Bt10 1	
56	Bt2 1	Bt3 1	Bt7 1	
57	Bt3 1	Bt5 1	Bt7 1	Bt8 2	Bt9 1	Bt10 3	
58	Bt1 2	Bt2 1	Bt4 1	Bt5 1	Bt7 1	Bt10 1	
59	Bt3 1	Bt4 1	Bt5 2	Bt7 1	Bt8 1	Bt9 1	
60	Bt1 1	Bt2 3	Bt5 1	Bt6 2	Bt10 1	