Name				407_n060_m400_bt3
Number_of_Customers		60
Number_of_Items			400
Number_of_ItemTypes		3
Number_of_Vehicles		16
TimeWindows			1

VEHICLE
Mass_Capacity			12595
CargoSpace_Length		60
CargoSpace_Width		25
CargoSpace_Height		30
Wheelbase			48
Max_Mass_FrontAxle		7100
Max_Mass_RearAxle		11500
Distance_FrontAxle_CargoSpace	4

CUSTOMERS
i		x		y		Demand		ReadyTime	DueDate		ServiceTime	DemandedMass	DemandedVolume
0		35		35		0		0		230		0		0		0
1		15		44		5		0		198		10		689.14		1676
2		67		38		7		0		187		10		709.48		1620
3		30		59		5		0		195		10		444.02		1028
4		54		64		8		0		185		10		871.89		2088
5		48		9		9		64		92		10		1038.49		2532
6		0		68		4		0		171		10		429.66		1080
7		45		74		9		0		179		10		1046.87		2484
8		54		73		6		0		177		10		690.93		1696
9		26		15		8		0		198		10		1036.7		2512
10		38		50		7		0		204		10		950.41		2292
11		47		48		6		106		130		10		771.24		1920
12		37		42		6		141		161		10		695.12		1672
13		15		58		5		128		160		10		528.52		1228
14		59		6		5		0		182		10		604.64		1476
15		31		69		6		0		185		10		521.93		1296
16		70		58		7		60		96		10		857.53		2140
17		8		41		9		0		192		10		1296.18		3108
18		52		3		6		0		183		10		690.93		1696
19		65		69		6		0		174		10		703.5		1624
20		1		8		7		0		176		10		874.29		2044
21		7		33		6		133		167		10		699.31		1648
22		19		4		8		136		168		10		1117.01		2736
23		55		14		4		47		83		10		514.16		1280
24		59		50		6		0		191		10		859.93		2096
25		40		80		8		0		174		10		1032.51		2536
26		52		34		6		0		202		10		779.62		1872
27		27		76		9		0		178		10		958.18		2308
28		50		16		8		0		195		10		871.89		2088
29		43		47		7		164		198		10		942.03		2340
30		1		56		7		0		180		10		870.1		2068
31		6		78		7		0		168		10		701.1		1668
32		7		29		9		0		191		10		1203.3		2956
33		8		68		6		0		177		10		859.93		2096
34		39		16		9		0		200		10		1207.49		2932
35		9		11		7		0		184		10		1034.91		2492
36		48		59		6		0		192		10		779.62		1872
37		34		1		6		73		97		10		530.31		1248
38		0		80		7		0		162		10		861.72		2116
39		37		67		7		0		187		10		785.6		1868
40		26		46		5		0		205		10		773.64		1876
41		52		29		5		109		137		10		689.14		1676
42		69		35		9		0		186		10		1042.68		2508
43		68		12		5		0		179		10		520.14		1276
44		23		69		8		91		113		10		952.2		2312
45		63		40		6		0		191		10		699.31		1648
46		49		42		5		113		143		10		693.33		1652
47		67		53		9		0		183		10		962.37		2284
48		8		75		8		0		171		10		715.46		1616
49		60		62		6		0		183		10		614.81		1448
50		20		42		9		16		50		10		966.56		2260
51		11		44		5		129		159		10		439.83		1052
52		34		5		4		0		189		10		429.66		1080
53		28		62		4		0		192		10		429.66		1080
54		32		51		8		0		203		10		956.39		2288
55		46		31		4		0		208		10		518.35		1256
56		46		36		9		0		208		10		877.87		2084
57		29		8		7		0		192		10		946.22		2316
58		48		64		7		0		188		10		946.22		2316
59		9		18		4		0		188		10		518.35		1256
60		5		58		9		0		182		10		1131.37		2684

ITEMS
Type		Length		Width		Height		Mass		Fragility	LoadBearingStrength
Bt1		15		4		7		170.79		1		2.1926806
Bt2		11		4		5		86.29		0		21.1441129
Bt3		7		4		7		90.48		0		22.4542539

DEMANDS PER CUSTOMER
i	Type Quantity
1	Bt1 3	Bt2 1	Bt3 1	
2	Bt1 1	Bt2 1	Bt3 5	
3	Bt2 2	Bt3 3	
4	Bt1 2	Bt2 3	Bt3 3	
5	Bt1 3	Bt2 4	Bt3 2	
6	Bt1 1	Bt2 3	
7	Bt1 3	Bt2 2	Bt3 4	
8	Bt1 2	Bt2 3	Bt3 1	
9	Bt1 4	Bt2 2	Bt3 2	
10	Bt1 4	Bt2 1	Bt3 2	
11	Bt1 3	Bt2 3	
12	Bt1 2	Bt2 2	Bt3 2	
13	Bt1 1	Bt2 1	Bt3 3	
14	Bt1 2	Bt2 2	Bt3 1	
15	Bt2 5	Bt3 1	
16	Bt1 3	Bt2 4	
17	Bt1 6	Bt3 3	
18	Bt1 2	Bt2 3	Bt3 1	
19	Bt1 2	Bt3 4	
20	Bt1 3	Bt3 4	
21	Bt1 2	Bt2 1	Bt3 3	
22	Bt1 5	Bt2 2	Bt3 1	
23	Bt1 2	Bt2 2	
24	Bt1 4	Bt2 1	Bt3 1	
25	Bt1 4	Bt2 3	Bt3 1	
26	Bt1 3	Bt2 1	Bt3 2	
27	Bt1 2	Bt2 4	Bt3 3	
28	Bt1 2	Bt2 3	Bt3 3	
29	Bt1 4	Bt2 3	
30	Bt1 3	Bt2 1	Bt3 3	
31	Bt1 1	Bt2 3	Bt3 3	
32	Bt1 5	Bt2 3	Bt3 1	
33	Bt1 4	Bt2 1	Bt3 1	
34	Bt1 5	Bt2 2	Bt3 2	
35	Bt1 5	Bt3 2	
36	Bt1 3	Bt2 1	Bt3 2	
37	Bt2 3	Bt3 3	
38	Bt1 3	Bt2 3	Bt3 1	
39	Bt1 2	Bt2 2	Bt3 3	
40	Bt1 4	Bt3 1	
41	Bt1 3	Bt2 1	Bt3 1	
42	Bt1 3	Bt2 3	Bt3 3	
43	Bt1 1	Bt2 3	Bt3 1	
44	Bt1 3	Bt2 3	Bt3 2	
45	Bt1 2	Bt2 1	Bt3 3	
46	Bt1 3	Bt3 2	
47	Bt1 2	Bt2 3	Bt3 4	
48	Bt2 2	Bt3 6	
49	Bt1 1	Bt2 2	Bt3 3	
50	Bt1 2	Bt2 2	Bt3 5	
51	Bt2 3	Bt3 2	
52	Bt1 1	Bt2 3	
53	Bt1 1	Bt2 3	
54	Bt1 3	Bt2 2	Bt3 3	
55	Bt1 2	Bt2 1	Bt3 1	
56	Bt1 1	Bt2 4	Bt3 4	
57	Bt1 4	Bt2 2	Bt3 1	
58	Bt1 4	Bt2 2	Bt3 1	
59	Bt1 2	Bt2 1	Bt3 1	
60	Bt1 4	Bt2 1	Bt3 4	