Name				408_n060_m400_bt3
Number_of_Customers		60
Number_of_Items			400
Number_of_ItemTypes		3
Number_of_Vehicles		19
TimeWindows			1

VEHICLE
Mass_Capacity			12595
CargoSpace_Length		60
CargoSpace_Width		25
CargoSpace_Height		30
Wheelbase			48
Max_Mass_FrontAxle		7100
Max_Mass_RearAxle		11500
Distance_FrontAxle_CargoSpace	4

CUSTOMERS
i		x		y		Demand		ReadyTime	DueDate		ServiceTime	DemandedMass	DemandedVolume
0		35		35		0		0		230		0		0		0
1		59		10		7		92		120		10		920.84		1352
2		24		61		8		0		191		10		699.11		1078
3		29		9		6		0		193		10		746.97		1086
4		16		15		9		90		112		10		1149.96		1708
5		31		23		6		0		207		10		410.38		704
6		62		73		9		0		173		10		971.73		1514
7		8		70		4		93		123		10		339.62		536
8		48		13		9		0		194		10		951.86		1508
9		21		49		6		90		124		10		568.74		892
10		56		77		8		47		69		10		639.5		1060
11		26		74		5		0		179		10		355.13		614
12		30		4		7		0		188		10		881.1		1340
13		24		7		3		0		189		10		304.24		452
14		67		40		5		0		187		10		671.85		990
15		26		71		7		0		182		10		465.63		794
16		16		4		6		0		183		10		588.61		898
17		21		1		5		0		183		10		394.87		626
18		53		57		9		63		95		10		872.98		1344
19		16		48		8		0		196		10		540.75		890
20		55		68		7		29		61		10		445.76		788
21		34		57		6		149		173		10		410.38		704
22		69		63		9		0		175		10		872.98		1344
23		39		71		5		0		183		10		513.49		802
24		63		46		7		101		131		10		445.76		788
25		60		6		6		0		181		10		450.12		716
26		44		44		4		45		79		10		497.98		724
27		61		54		6		170		198		10		707.23		1074
28		32		51		5		0		203		10		513.49		802
29		57		55		8		0		190		10		817.73		1254
30		32		66		9		40		76		10		734.49		1162
31		35		32		4		159		189		10		616.6		900
32		3		15		8		136		168		10		837.6		1260
33		48		47		5		186		210		10		533.36		808
34		66		67		6		84		116		10		548.87		886
35		31		1		7		156		190		10		643.86		988
36		4		38		7		0		188		10		643.86		988
37		29		73		8		0		181		10		619.63		1054
38		3		68		9		0		174		10		833.24		1332
39		0		50		4		124		150		10		319.75		530
40		65		5		5		60		86		10		414.74		632
41		27		3		8		119		153		10		817.73		1254
42		40		11		9		129		157		10		853.11		1338
43		13		53		9		0		191		10		1011.47		1526
44		43		40		9		0		210		10		853.11		1338
45		43		36		5		167		191		10		513.49		802
46		47		66		8		0		186		10		699.11		1078
47		44		19		4		0		201		10		478.11		718
48		10		18		3		101		123		10		422.86		628
49		39		30		8		0		213		10		481.14		872
50		8		24		7		0		190		10		623.99		982
51		3		80		9		0		164		10		1169.83		1714
52		54		27		6		14		50		10		450.12		716
53		7		29		6		29		63		10		707.23		1074
54		37		48		4		116		142		10		299.88		524
55		38		36		7		29		49		10		465.63		794
56		64		76		8		133		165		10		817.73		1254
57		20		14		9		0		194		10		1149.96		1708
58		39		45		7		155		191		10		742.61		1158
59		9		56		6		111		137		10		727.1		1080
60		45		29		6		0		208		10		727.1		1080

ITEMS
Type		Length		Width		Height		Mass		Fragility	LoadBearingStrength
Bt1		17		4		4		193.74		1		2.1946383
Bt2		7		2		6		35.38		0		27.8281085
Bt3		6		3		5		55.25		0		15.4859361

DEMANDS PER CUSTOMER
i	Type Quantity
1	Bt1 4	Bt2 1	Bt3 2	
2	Bt1 2	Bt2 1	Bt3 5	
3	Bt1 3	Bt3 3	
4	Bt1 5	Bt2 2	Bt3 2	
5	Bt1 1	Bt2 3	Bt3 2	
6	Bt1 4	Bt2 4	Bt3 1	
7	Bt1 1	Bt2 1	Bt3 2	
8	Bt1 4	Bt2 5	
9	Bt1 2	Bt2 2	Bt3 2	
10	Bt1 2	Bt2 4	Bt3 2	
11	Bt1 1	Bt2 3	Bt3 1	
12	Bt1 4	Bt2 3	
13	Bt1 1	Bt3 2	
14	Bt1 3	Bt2 1	Bt3 1	
15	Bt1 1	Bt2 3	Bt3 3	
16	Bt1 2	Bt2 1	Bt3 3	
17	Bt1 1	Bt2 1	Bt3 3	
18	Bt1 3	Bt2 2	Bt3 4	
19	Bt1 1	Bt2 2	Bt3 5	
20	Bt1 1	Bt2 4	Bt3 2	
21	Bt1 1	Bt2 3	Bt3 2	
22	Bt1 3	Bt2 2	Bt3 4	
23	Bt1 2	Bt2 2	Bt3 1	
24	Bt1 1	Bt2 4	Bt3 2	
25	Bt1 1	Bt2 1	Bt3 4	
26	Bt1 2	Bt3 2	
27	Bt1 3	Bt2 2	Bt3 1	
28	Bt1 2	Bt2 2	Bt3 1	
29	Bt1 3	Bt2 2	Bt3 3	
30	Bt1 2	Bt2 2	Bt3 5	
31	Bt1 3	Bt2 1	
32	Bt1 3	Bt2 1	Bt3 4	
33	Bt1 2	Bt2 1	Bt3 2	
34	Bt1 2	Bt2 3	Bt3 1	
35	Bt1 2	Bt2 1	Bt3 4	
36	Bt1 2	Bt2 1	Bt3 4	
37	Bt1 2	Bt2 5	Bt3 1	
38	Bt1 3	Bt2 4	Bt3 2	
39	Bt1 1	Bt2 2	Bt3 1	
40	Bt1 1	Bt3 4	
41	Bt1 3	Bt2 2	Bt3 3	
42	Bt1 3	Bt2 3	Bt3 3	
43	Bt1 4	Bt2 2	Bt3 3	
44	Bt1 3	Bt2 3	Bt3 3	
45	Bt1 2	Bt2 2	Bt3 1	
46	Bt1 2	Bt2 1	Bt3 5	
47	Bt1 2	Bt2 1	Bt3 1	
48	Bt1 2	Bt2 1	
49	Bt1 1	Bt2 5	Bt3 2	
50	Bt1 2	Bt2 2	Bt3 3	
51	Bt1 5	Bt2 1	Bt3 3	
52	Bt1 1	Bt2 1	Bt3 4	
53	Bt1 3	Bt2 2	Bt3 1	
54	Bt1 1	Bt2 3	
55	Bt1 1	Bt2 3	Bt3 3	
56	Bt1 3	Bt2 2	Bt3 3	
57	Bt1 5	Bt2 2	Bt3 2	
58	Bt1 3	Bt2 3	Bt3 1	
59	Bt1 3	Bt2 1	Bt3 2	
60	Bt1 3	Bt2 1	Bt3 2	