Name				410_n060_m400_bt3
Number_of_Customers		60
Number_of_Items			400
Number_of_ItemTypes		3
Number_of_Vehicles		16
TimeWindows			1

VEHICLE
Mass_Capacity			12595
CargoSpace_Length		60
CargoSpace_Width		25
CargoSpace_Height		30
Wheelbase			48
Max_Mass_FrontAxle		7100
Max_Mass_RearAxle		11500
Distance_FrontAxle_CargoSpace	4

CUSTOMERS
i		x		y		Demand		ReadyTime	DueDate		ServiceTime	DemandedMass	DemandedVolume
0		35		35		0		0		230		0		0		0
1		49		65		9		0		186		10		1536.19		1736
2		66		32		7		106		142		10		917.54		1112
3		42		53		6		10		46		10		858.04		986
4		46		31		5		0		208		10		853.13		996
5		15		11		7		49		73		10		1138.68		1372
6		37		3		9		0		187		10		869.99		1240
7		7		21		5		17		45		10		576.01		742
8		6		69		8		95		129		10		978.43		1096
9		31		71		7		78		104		10		1028.11		1242
10		69		43		8		116		142		10		866.47		1108
11		50		21		7		166		194		10		972.13		1248
12		21		60		7		0		191		10		1138.68		1372
13		3		52		7		38		68		10		584.44		864
14		39		8		5		0		192		10		686.58		872
15		15		32		7		88		122		10		861.56		1118
16		50		60		6		144		170		10		690.1		1004
17		35		11		8		108		134		10		1143.59		1362
18		37		50		6		0		204		10		747.47		856
19		14		75		7		0		174		10		861.56		1118
20		3		68		8		0		174		10		1033.02		1232
21		45		9		7		79		111		10		1138.68		1372
22		13		65		4		0		182		10		572.49		610
23		6		35		8		148		172		10		1420.71		1616
24		53		12		9		0		190		10		1147.11		1494
25		15		29		9		0		199		10		1315.05		1476
26		55		64		8		0		184		10		1143.59		1362
27		32		35		8		190		222		10		866.47		1108
28		65		12		7		63		87		10		917.54		1112
29		68		28		6		0		186		10		912.63		1122
30		61		34		6		0		193		10		914.02		980
31		11		44		4		0		194		10		349.96		492
32		60		57		6		0		186		10		691.49		862
33		68		36		4		104		136		10		460.53		622
34		6		25		7		0		189		10		806.97		982
35		6		7		5		83		115		10		853.13		996
36		0		25		6		0		183		10		1079.18		1246
37		17		75		9		57		95		10		1092.52		1358
38		32		61		6		0		193		10		636.9		726
39		56		73		4		98		132		10		293.98		498
40		53		68		7		0		182		10		1194.66		1366
41		59		18		9		0		190		10		1259.07		1482
42		22		4		7		138		166		10		917.54		1112
43		62		3		5		110		136		10		520.03		748
44		10		8		5		0		183		10		576.01		742
45		58		13		9		0		188		10		1092.52		1358
46		49		6		6		0		187		10		635.51		868
47		52		31		9		45		75		10		1371.03		1470
48		12		55		6		30		62		10		1023.2		1252
49		12		40		5		106		124		10		853.13		996
50		4		11		6		0		180		10		802.06		992
51		3		79		6		0		165		10		802.06		992
52		35		54		7		171		197		10		1305.23		1496
53		53		20		7		0		196		10		584.44		864
54		60		49		5		0		191		10		520.03		748
55		25		15		6		113		147		10		691.49		862
56		13		48		6		175		201		10		802.06		992
57		69		70		9		51		77		10		1313.66		1618
58		66		44		6		0		187		10		691.49		862
59		30		0		6		24		62		10		691.49		862
60		48		75		6		0		177		10		968.61		1116

ITEMS
Type		Length		Width		Height		Mass		Fragility	LoadBearingStrength
Bt1		10		5		5		226.05		0		9.1404687
Bt2		7		3		6		59.50		0		95.8855511
Bt3		10		4		3		115.48		1		6.2292415

DEMANDS PER CUSTOMER
i	Type Quantity
1	Bt1 5	Bt2 1	Bt3 3	
2	Bt1 2	Bt2 2	Bt3 3	
3	Bt1 2	Bt2 1	Bt3 3	
4	Bt1 3	Bt2 1	Bt3 1	
5	Bt1 4	Bt2 2	Bt3 1	
6	Bt1 1	Bt2 5	Bt3 3	
7	Bt1 1	Bt2 2	Bt3 2	
8	Bt1 1	Bt2 1	Bt3 6	
9	Bt1 3	Bt2 2	Bt3 2	
10	Bt1 1	Bt2 3	Bt3 4	
11	Bt1 3	Bt2 3	Bt3 1	
12	Bt1 4	Bt2 2	Bt3 1	
13	Bt2 4	Bt3 3	
14	Bt1 2	Bt2 2	Bt3 1	
15	Bt1 2	Bt2 3	Bt3 2	
16	Bt1 2	Bt2 4	
17	Bt1 3	Bt2 2	Bt3 3	
18	Bt1 1	Bt2 1	Bt3 4	
19	Bt1 2	Bt2 3	Bt3 2	
20	Bt1 2	Bt2 2	Bt3 4	
21	Bt1 4	Bt2 2	Bt3 1	
22	Bt1 1	Bt3 3	
23	Bt1 5	Bt2 1	Bt3 2	
24	Bt1 3	Bt2 4	Bt3 2	
25	Bt1 3	Bt2 1	Bt3 5	
26	Bt1 3	Bt2 2	Bt3 3	
27	Bt1 1	Bt2 3	Bt3 4	
28	Bt1 2	Bt2 2	Bt3 3	
29	Bt1 3	Bt2 2	Bt3 1	
30	Bt1 2	Bt3 4	
31	Bt2 2	Bt3 2	
32	Bt1 1	Bt2 2	Bt3 3	
33	Bt1 1	Bt2 2	Bt3 1	
34	Bt1 1	Bt2 2	Bt3 4	
35	Bt1 3	Bt2 1	Bt3 1	
36	Bt1 4	Bt2 1	Bt3 1	
37	Bt1 2	Bt2 3	Bt3 4	
38	Bt2 1	Bt3 5	
39	Bt2 3	Bt3 1	
40	Bt1 4	Bt2 1	Bt3 2	
41	Bt1 3	Bt2 2	Bt3 4	
42	Bt1 2	Bt2 2	Bt3 3	
43	Bt1 1	Bt2 3	Bt3 1	
44	Bt1 1	Bt2 2	Bt3 2	
45	Bt1 2	Bt2 3	Bt3 4	
46	Bt1 1	Bt2 3	Bt3 2	
47	Bt1 3	Bt3 6	
48	Bt1 4	Bt2 2	
49	Bt1 3	Bt2 1	Bt3 1	
50	Bt1 2	Bt2 2	Bt3 2	
51	Bt1 2	Bt2 2	Bt3 2	
52	Bt1 5	Bt2 1	Bt3 1	
53	Bt2 4	Bt3 3	
54	Bt1 1	Bt2 3	Bt3 1	
55	Bt1 1	Bt2 2	Bt3 3	
56	Bt1 2	Bt2 2	Bt3 2	
57	Bt1 4	Bt2 3	Bt3 2	
58	Bt1 1	Bt2 2	Bt3 3	
59	Bt1 1	Bt2 2	Bt3 3	
60	Bt1 3	Bt2 1	Bt3 2	