Name				411_n060_m400_bt10
Number_of_Customers		60
Number_of_Items			400
Number_of_ItemTypes		10
Number_of_Vehicles		21
TimeWindows			1

VEHICLE
Mass_Capacity			12595
CargoSpace_Length		60
CargoSpace_Width		25
CargoSpace_Height		30
Wheelbase			48
Max_Mass_FrontAxle		7100
Max_Mass_RearAxle		11500
Distance_FrontAxle_CargoSpace	4

CUSTOMERS
i		x		y		Demand		ReadyTime	DueDate		ServiceTime	DemandedMass	DemandedVolume
0		35		35		0		0		230		0		0		0
1		26		63		5		22		54		10		970.58		2616
2		11		57		6		129		159		10		619.45		1404
3		51		22		8		62		80		10		1284.5		3064
4		22		68		7		98		124		10		742.75		1782
5		58		6		9		151		175		10		1370.26		3262
6		0		2		6		52		78		10		680.95		1784
7		39		79		6		137		169		10		626.92		1541
8		31		15		3		0		199		10		428.51		973
9		48		62		6		0		190		10		681.21		1830
10		6		40		5		0		190		10		510.99		1413
11		16		24		7		128		160		10		1056.97		3027
12		28		1		7		25		57		10		772.74		2157
13		57		78		5		116		150		10		636.13		1873
14		23		74		8		61		93		10		1267.63		2799
15		39		56		8		35		69		10		1020.83		2261
16		8		28		6		0		192		10		879.36		2685
17		43		21		6		76		112		10		781.39		2600
18		11		49		9		0		192		10		1315.14		3239
19		31		12		8		107		133		10		936.5		2668
20		15		3		7		86		112		10		1158.15		2575
21		43		79		6		0		175		10		652.79		1575
22		40		73		6		121		143		10		1008		2244
23		52		65		6		139		165		10		554.29		1913
24		18		28		8		39		67		10		1047.1		2207
25		10		40		6		0		194		10		769.6		1912
26		50		4		5		80		108		10		772.17		1715
27		8		71		7		54		80		10		1132.3		3410
28		49		42		9		48		74		10		1320.15		3181
29		40		50		7		14		32		10		1081.65		2808
30		59		57		8		119		151		10		881.2		2148
31		8		16		6		0		186		10		1137.34		2845
32		44		45		3		15		41		10		187.74		666
33		37		26		7		0		210		10		749.04		1954
34		50		49		5		181		203		10		729.35		2251
35		16		46		7		0		198		10		1280.14		2874
36		25		48		9		159		191		10		1602.1		3599
37		41		8		8		0		192		10		1005.73		3231
38		64		16		6		55		83		10		999.52		2818
39		61		47		9		128		148		10		1326.53		2910
40		54		53		6		178		206		10		1085.16		2667
41		67		53		9		156		194		10		1200.01		2905
42		56		29		7		45		71		10		903.83		2280
43		9		20		7		154		184		10		1145.24		2765
44		23		39		5		120		154		10		711.96		1266
45		63		21		3		0		188		10		439.44		1298
46		49		37		5		141		173		10		716.49		2061
47		0		24		4		0		183		10		629.35		1320
48		57		20		9		55		83		10		756.83		1980
49		38		20		9		52		78		10		1301.5		3275
50		37		47		7		101		133		10		1236.62		2877
51		37		53		7		179		205		10		916.56		2235
52		36		61		8		0		193		10		936.4		2508
53		4		68		7		134		166		10		1001.02		2454
54		16		73		4		97		119		10		939		1938
55		68		66		8		0		174		10		870.63		2133
56		64		25		7		122		154		10		786.49		1445
57		26		7		7		107		141		10		852.18		2146
58		8		77		6		92		120		10		938.55		2524
59		10		25		7		170		196		10		1126.56		2770
60		33		29		8		111		143		10		1282.29		3352

ITEMS
Type		Length		Width		Height		Mass		Fragility	LoadBearingStrength
Bt1		10		7		3		151.46		0		11.4373193
Bt2		14		4		8		211.49		0		27.0642096
Bt3		15		3		7		65.56		0		7.2790362
Bt4		15		6		5		103.81		0		12.0087757
Bt5		11		4		8		154.66		0		10.1886127
Bt6		14		6		8		210.04		1		2.5055326
Bt7		8		3		3		51.71		0		53.7711011
Bt8		11		6		8		288.75		0		40.0604320
Bt9		11		4		4		125.59		0		17.1423552
Bt10		16		3		3		32.22		1		1.6063427

DEMANDS PER CUSTOMER
i	Type Quantity
1	Bt6 3	Bt7 1	Bt8 1	
2	Bt1 1	Bt4 1	Bt5 1	Bt7 1	Bt9 1	Bt10 1	
3	Bt2 1	Bt5 1	Bt6 2	Bt7 1	Bt8 1	Bt9 1	Bt10 1	
4	Bt1 1	Bt4 2	Bt5 1	Bt7 2	Bt9 1	
5	Bt1 2	Bt2 1	Bt4 1	Bt5 1	Bt6 2	Bt7 1	Bt9 1	
6	Bt1 1	Bt2 1	Bt3 2	Bt5 1	Bt10 1	
7	Bt3 1	Bt4 1	Bt5 1	Bt7 1	Bt9 2	
8	Bt1 1	Bt2 1	Bt3 1	
9	Bt1 2	Bt4 1	Bt6 1	Bt10 2	
10	Bt1 1	Bt3 1	Bt6 1	Bt7 1	Bt10 1	
11	Bt1 1	Bt3 3	Bt6 2	Bt8 1	
12	Bt1 1	Bt3 1	Bt6 2	Bt7 2	Bt10 1	
13	Bt1 1	Bt2 1	Bt3 1	Bt4 2	
14	Bt1 1	Bt2 1	Bt3 1	Bt4 1	Bt8 2	Bt9 1	Bt10 1	
15	Bt2 2	Bt3 1	Bt4 1	Bt7 1	Bt9 3	
16	Bt1 1	Bt3 1	Bt6 3	Bt10 1	
17	Bt2 1	Bt4 4	Bt5 1	
18	Bt1 2	Bt2 2	Bt3 3	Bt4 1	Bt8 1	
19	Bt4 2	Bt5 2	Bt6 1	Bt7 1	Bt9 1	Bt10 1	
20	Bt1 1	Bt2 2	Bt3 1	Bt4 1	Bt8 1	Bt9 1	
21	Bt1 1	Bt3 1	Bt4 1	Bt5 1	Bt7 1	Bt9 1	
22	Bt1 1	Bt4 1	Bt5 3	Bt8 1	
23	Bt3 1	Bt4 3	Bt7 1	Bt9 1	
24	Bt1 2	Bt2 1	Bt3 1	Bt5 2	Bt9 1	Bt10 1	
25	Bt5 1	Bt6 1	Bt7 1	Bt8 1	Bt10 2	
26	Bt2 1	Bt3 1	Bt5 1	Bt7 1	Bt8 1	
27	Bt2 1	Bt4 1	Bt5 1	Bt6 3	Bt10 1	
28	Bt2 2	Bt3 1	Bt4 1	Bt6 1	Bt7 2	Bt8 1	Bt9 1	
29	Bt2 2	Bt5 1	Bt6 2	Bt7 1	Bt10 1	
30	Bt1 1	Bt4 1	Bt5 1	Bt6 1	Bt7 2	Bt9 1	Bt10 1	
31	Bt1 1	Bt2 1	Bt3 1	Bt6 2	Bt8 1	
32	Bt4 1	Bt7 1	Bt10 1	
33	Bt2 2	Bt4 1	Bt9 1	Bt10 3	
34	Bt2 1	Bt3 1	Bt6 2	Bt10 1	
35	Bt2 1	Bt4 1	Bt6 1	Bt7 1	Bt8 2	Bt9 1	
36	Bt2 1	Bt3 1	Bt4 2	Bt8 3	Bt9 2	
37	Bt3 1	Bt4 2	Bt5 1	Bt6 2	Bt9 1	Bt10 1	
38	Bt4 1	Bt5 1	Bt6 2	Bt8 1	Bt10 1	
39	Bt1 2	Bt2 1	Bt4 1	Bt6 1	Bt7 1	Bt8 1	Bt9 1	Bt10 1	
40	Bt2 1	Bt3 1	Bt5 2	Bt6 1	Bt8 1	
41	Bt1 1	Bt3 1	Bt4 2	Bt5 2	Bt7 1	Bt8 1	Bt9 1	
42	Bt2 2	Bt5 1	Bt6 1	Bt7 1	Bt10 2	
43	Bt2 1	Bt3 1	Bt4 1	Bt5 1	Bt8 2	Bt10 1	
44	Bt1 1	Bt5 2	Bt9 2	
45	Bt4 1	Bt6 1	Bt9 1	
46	Bt2 1	Bt3 1	Bt4 1	Bt6 1	Bt9 1	
47	Bt2 2	Bt5 1	Bt7 1	
48	Bt1 1	Bt4 1	Bt7 1	Bt8 1	Bt10 5	
49	Bt2 1	Bt3 1	Bt6 2	Bt8 1	Bt9 2	Bt10 2	
50	Bt1 1	Bt2 1	Bt3 1	Bt5 2	Bt6 1	Bt8 1	
51	Bt1 2	Bt3 1	Bt4 2	Bt7 1	Bt8 1	
52	Bt2 2	Bt3 4	Bt9 2	
53	Bt1 1	Bt4 2	Bt8 2	Bt10 2	
54	Bt1 1	Bt6 1	Bt8 2	
55	Bt2 1	Bt3 1	Bt4 1	Bt5 1	Bt7 1	Bt9 2	Bt10 1	
56	Bt1 1	Bt3 1	Bt7 3	Bt8 1	Bt9 1	
57	Bt4 1	Bt5 2	Bt6 1	Bt7 2	Bt9 1	
58	Bt1 1	Bt2 1	Bt4 1	Bt6 2	Bt7 1	
59	Bt2 1	Bt4 1	Bt5 1	Bt6 1	Bt8 1	Bt9 1	Bt10 1	
60	Bt2 2	Bt3 2	Bt4 1	Bt6 1	Bt8 1	Bt9 1	