Name				412_n060_m400_bt10
Number_of_Customers		60
Number_of_Items			400
Number_of_ItemTypes		10
Number_of_Vehicles		24
TimeWindows			1

VEHICLE
Mass_Capacity			12595
CargoSpace_Length		60
CargoSpace_Width		25
CargoSpace_Height		30
Wheelbase			48
Max_Mass_FrontAxle		7100
Max_Mass_RearAxle		11500
Distance_FrontAxle_CargoSpace	4

CUSTOMERS
i		x		y		Demand		ReadyTime	DueDate		ServiceTime	DemandedMass	DemandedVolume
0		35		35		0		0		230		0		0		0
1		1		37		9		41		69		10		1472.71		2163
2		18		72		9		0		179		10		1946.24		2682
3		63		4		6		45		73		10		1428.37		2677
4		50		71		4		53		89		10		575.57		888
5		2		1		9		67		101		10		1650.09		2608
6		5		10		7		141		169		10		1025.01		2008
7		12		68		7		39		63		10		820.62		1205
8		54		72		7		106		134		10		944		1603
9		17		80		9		70		96		10		1410.48		2559
10		31		67		4		84		122		10		506.39		903
11		27		38		9		66		94		10		1206.07		1966
12		50		39		7		181		207		10		1551.27		2607
13		59		27		8		53		77		10		1157.99		2391
14		53		52		9		0		195		10		1396.69		2309
15		48		16		6		57		87		10		1488.25		2661
16		2		25		7		174		198		10		1456.37		1988
17		63		73		6		88		120		10		782.54		1441
18		69		4		4		158		190		10		550.54		700
19		42		54		4		86		112		10		538.19		1020
20		23		71		9		0		182		10		1157.52		2376
21		67		20		9		64		96		10		1193.63		2236
22		59		1		5		167		187		10		1276.2		2481
23		30		38		7		95		129		10		973.05		1477
24		63		76		6		0		170		10		959.04		1929
25		56		1		7		91		129		10		1249.03		1920
26		19		65		5		0		186		10		600.06		845
27		67		23		8		161		193		10		1432.21		1864
28		14		21		9		149		177		10		1782.64		2981
29		15		55		5		61		85		10		581.55		996
30		58		40		6		86		122		10		950.74		1683
31		14		63		8		134		152		10		1254.41		2608
32		11		25		7		0		194		10		998.01		1911
33		67		33		9		0		187		10		1470.82		3204
34		5		22		6		49		77		10		1705.62		2445
35		8		15		5		64		96		10		1002.52		1170
36		48		9		5		0		190		10		1162.53		1851
37		38		22		7		0		206		10		921.02		1339
38		13		46		9		160		186		10		1443.83		2839
39		52		55		5		0		193		10		841.85		1362
40		3		40		7		163		201		10		2651.66		3591
41		33		16		3		0		200		10		409.13		921
42		59		5		8		105		131		10		1616.94		2697
43		57		71		6		32		62		10		1653.27		2590
44		26		72		4		34		62		10		1052.04		1770
45		50		45		8		45		77		10		1461.28		2137
46		29		31		6		63		93		10		802.9		1177
47		16		14		7		104		140		10		1489.91		2676
48		6		54		4		0		185		10		507.16		873
49		66		48		5		155		185		10		987.86		1404
50		42		39		8		0		211		10		1505.99		2547
51		47		74		6		167		193		10		1205.67		1944
52		21		7		4		166		186		10		1089.42		2088
53		49		34		7		125		147		10		1426.8		2404
54		2		30		8		46		70		10		1855.13		3099
55		45		22		8		113		137		10		1679.18		2585
56		53		22		4		144		170		10		527.93		1047
57		16		3		8		0		182		10		1084.82		1918
58		49		1		6		101		119		10		673.73		1221
59		50		22		7		69		103		10		929.53		1839
60		8		69		8		0		176		10		1463.4		2221

ITEMS
Type		Length		Width		Height		Mass		Fragility	LoadBearingStrength
Bt1		15		3		3		128.38		0		49.5144962
Bt2		8		3		4		84.65		0		159.3113145
Bt3		11		4		3		118.89		0		190.8252456
Bt4		17		6		4		157.45		1		9.6617723
Bt5		14		2		7		152.17		0		27.2266583
Bt6		9		5		5		92.18		0		28.9297210
Bt7		14		6		8		542.22		0		27.5855297
Bt8		16		3		8		177.20		0		6.5262588
Bt9		15		5		8		232.30		0		14.5549807
Bt10		13		3		7		185.34		1		8.9604059

DEMANDS PER CUSTOMER
i	Type Quantity
1	Bt1 3	Bt2 1	Bt3 1	Bt4 1	Bt6 2	Bt7 1	
2	Bt2 2	Bt3 2	Bt6 1	Bt7 2	Bt8 1	Bt10 1	
3	Bt5 1	Bt6 1	Bt7 1	Bt8 1	Bt9 2	
4	Bt1 1	Bt2 1	Bt8 1	Bt10 1	
5	Bt1 1	Bt2 1	Bt3 1	Bt5 1	Bt6 1	Bt7 1	Bt8 3	
6	Bt2 1	Bt3 1	Bt4 2	Bt5 1	Bt8 2	
7	Bt1 1	Bt2 1	Bt3 1	Bt5 2	Bt6 2	
8	Bt1 1	Bt2 3	Bt5 1	Bt8 1	Bt9 1	
9	Bt1 1	Bt2 1	Bt3 1	Bt4 1	Bt5 3	Bt9 2	
10	Bt1 2	Bt4 1	Bt6 1	
11	Bt1 2	Bt2 1	Bt4 1	Bt5 1	Bt6 2	Bt10 2	
12	Bt1 2	Bt4 1	Bt7 1	Bt8 1	Bt9 1	Bt10 1	
13	Bt1 2	Bt2 1	Bt4 2	Bt6 1	Bt8 1	Bt9 1	
14	Bt1 1	Bt2 1	Bt3 1	Bt4 1	Bt5 2	Bt9 1	Bt10 2	
15	Bt3 1	Bt7 1	Bt8 1	Bt9 2	Bt10 1	
16	Bt1 1	Bt3 1	Bt5 2	Bt7 1	Bt8 1	Bt10 1	
17	Bt2 1	Bt3 1	Bt4 1	Bt5 1	Bt6 1	Bt8 1	
18	Bt1 1	Bt2 1	Bt5 1	Bt10 1	
19	Bt2 1	Bt3 1	Bt4 1	Bt8 1	
20	Bt2 1	Bt3 1	Bt4 2	Bt6 3	Bt8 1	Bt10 1	
21	Bt1 1	Bt2 3	Bt4 1	Bt5 1	Bt6 1	Bt8 1	Bt9 1	
22	Bt6 1	Bt7 1	Bt8 1	Bt9 2	
23	Bt1 1	Bt3 2	Bt5 1	Bt6 1	Bt8 1	Bt10 1	
24	Bt2 1	Bt4 1	Bt8 3	Bt10 1	
25	Bt1 1	Bt2 3	Bt6 1	Bt7 1	Bt9 1	
26	Bt2 1	Bt3 1	Bt5 2	Bt6 1	
27	Bt1 2	Bt2 1	Bt3 1	Bt5 1	Bt6 1	Bt7 1	Bt10 1	
28	Bt2 1	Bt3 1	Bt4 2	Bt5 2	Bt7 1	Bt9 1	Bt10 1	
29	Bt1 1	Bt2 1	Bt3 1	Bt4 1	Bt6 1	
30	Bt1 2	Bt3 1	Bt4 1	Bt9 1	Bt10 1	
31	Bt4 2	Bt5 1	Bt6 2	Bt9 1	Bt10 2	
32	Bt1 1	Bt2 1	Bt3 2	Bt4 2	Bt9 1	
33	Bt3 3	Bt4 3	Bt8 1	Bt9 2	
34	Bt2 1	Bt3 1	Bt7 2	Bt9 1	Bt10 1	
35	Bt1 2	Bt2 1	Bt3 1	Bt7 1	
36	Bt4 1	Bt6 1	Bt7 1	Bt10 2	
37	Bt1 2	Bt2 2	Bt4 1	Bt5 1	Bt10 1	
38	Bt2 1	Bt4 1	Bt5 1	Bt6 1	Bt8 2	Bt9 1	Bt10 2	
39	Bt1 1	Bt4 1	Bt10 3	
40	Bt1 1	Bt7 4	Bt8 2	
41	Bt2 1	Bt6 1	Bt9 1	
42	Bt2 1	Bt3 2	Bt4 1	Bt7 1	Bt8 1	Bt9 1	Bt10 1	
43	Bt5 1	Bt6 2	Bt7 2	Bt9 1	
44	Bt6 1	Bt7 1	Bt9 1	Bt10 1	
45	Bt1 1	Bt2 1	Bt3 1	Bt4 1	Bt5 1	Bt6 1	Bt7 1	Bt10 1	
46	Bt2 2	Bt3 1	Bt5 1	Bt8 1	Bt10 1	
47	Bt2 1	Bt3 1	Bt4 1	Bt7 1	Bt8 2	Bt9 1	
48	Bt3 2	Bt6 1	Bt8 1	
49	Bt2 2	Bt3 1	Bt4 1	Bt7 1	
50	Bt1 1	Bt2 2	Bt3 1	Bt4 2	Bt7 1	Bt9 1	
51	Bt2 3	Bt7 1	Bt8 1	Bt9 1	
52	Bt4 2	Bt7 1	Bt9 1	
53	Bt1 1	Bt4 1	Bt5 1	Bt6 1	Bt7 1	Bt8 2	
54	Bt2 1	Bt6 3	Bt7 2	Bt8 1	Bt9 1	
55	Bt3 2	Bt5 2	Bt7 1	Bt8 1	Bt9 1	Bt10 1	
56	Bt1 1	Bt2 1	Bt4 2	
57	Bt1 2	Bt2 1	Bt3 1	Bt4 3	Bt5 1	
58	Bt1 1	Bt2 1	Bt3 1	Bt4 1	Bt6 2	
59	Bt1 1	Bt2 3	Bt4 2	Bt9 1	
60	Bt2 1	Bt3 2	Bt5 1	Bt6 1	Bt7 1	Bt8 2	