Name				421_n060_m400_bt3
Number_of_Customers		60
Number_of_Items			400
Number_of_ItemTypes		3
Number_of_Vehicles		46
TimeWindows			1

VEHICLE
Mass_Capacity			12595
CargoSpace_Length		60
CargoSpace_Width		25
CargoSpace_Height		30
Wheelbase			48
Max_Mass_FrontAxle		7100
Max_Mass_RearAxle		11500
Distance_FrontAxle_CargoSpace	4

CUSTOMERS
i		x		y		Demand		ReadyTime	DueDate		ServiceTime	DemandedMass	DemandedVolume
0		35		35		0		0		1000		0		0		0
1		1		72		4		0		939		10		3824.83		10962
2		10		56		9		0		957		10		2494.02		20286
3		31		47		7		0		977		10		7911.09		14280
4		65		3		7		0		946		10		2660.48		11802
5		60		60		5		281		485		10		3016.97		14364
6		60		72		9		0		945		10		3396.85		17724
7		10		35		8		0		213		10		3658.28		10080
8		26		42		5		0		978		10		3373.37		7560
9		61		17		9		0		958		10		3396.85		17724
10		5		13		7		0		952		10		3206.91		16044
11		49		5		3		0		956		10		2827.03		12684
12		14		52		9		608		846		10		3396.85		17724
13		47		29		6		0		976		10		4917.6		10080
14		10		20		7		0		960		10		7008.26		16842
15		49		32		6		0		975		10		7459.72		20244
16		67		19		9		0		954		10		6651.77		14280
17		25		23		7		0		974		10		7008.26		16842
18		33		72		7		0		952		10		7911.09		14280
19		13		11		9		0		957		10		3396.85		17724
20		50		45		6		815		1000		10		4917.6		10080
21		45		57		5		592		858		10		3919.8		11802
22		35		66		6		0		959		10		3111.94		15204
23		14		60		8		761		1000		10		3301.88		16884
24		46		7		5		0		959		10		4822.63		9240
25		64		12		6		0		952		10		5464.03		14322
26		27		48		9		0		974		10		8101.03		15960
27		48		24		5		0		972		10		5369.06		13482
28		10		73		7		0		944		10		3206.91		16044
29		69		15		5		0		950		10		1567.71		12684
30		29		32		4		0		983		10		2375.57		9282
31		51		65		5		0		956		10		3016.97		14364
32		42		59		4		0		965		10		3824.83		10962
33		35		20		8		0		975		10		2399.05		19446
34		34		59		5		165		421		10		5369.06		13482
35		21		60		4		152		396		10		2375.57		9282
36		68		9		8		0		947		10		3301.88		16884
37		1		4		8		0		943		10		5107.54		11760
38		48		11		8		0		962		10		6556.8		13440
39		18		22		8		356		580		10		6556.8		13440
40		28		80		4		0		944		10		3824.83		10962
41		0		49		6		0		952		10		6366.86		11760
42		46		14		4		0		966		10		3824.83		10962
43		59		26		9		0		964		10		3396.85		17724
44		54		49		8		0		966		10		5107.54		11760
45		34		27		6		0		981		10		5464.03		14322
46		43		3		9		0		957		10		1947.59		16044
47		4		54		7		138		412		10		5012.57		10920
48		21		5		7		0		956		10		3206.91		16044
49		46		17		7		0		968		10		3206.91		16044
50		66		68		6		0		944		10		5464.03		14322
51		22		47		8		0		972		10		2755.45		12642
52		55		80		8		395		603		10		5107.54		11760
53		21		63		5		0		958		10		1021.28		8442
54		50		62		7		177		435		10		3206.91		16044
55		54		55		7		0		962		10		3563.31		9240
56		26		32		4		20		294		10		3824.83		10962
57		40		66		9		0		958		10		3396.85		17724
58		21		72		8		69		291		10		6556.8		13440
59		54		12		6		0		960		10		7816.12		13440
60		45		64		8		492		776		10		6556.8		13440

ITEMS
Type		Length		Width		Height		Mass		Fragility	LoadBearingStrength
Bt1		14		5		12		94.97		0		5.9214687
Bt2		30		12		7		1544.23		0		55.7408181
Bt3		33		11		14		641.40		1		2.2369958

DEMANDS PER CUSTOMER
i	Type Quantity
1	Bt1 1	Bt2 2	Bt3 1	
2	Bt1 6	Bt3 3	
3	Bt1 2	Bt2 5	
4	Bt1 5	Bt2 1	Bt3 1	
5	Bt1 2	Bt2 1	Bt3 2	
6	Bt1 6	Bt2 1	Bt3 2	
7	Bt1 6	Bt2 2	
8	Bt1 3	Bt2 2	
9	Bt1 6	Bt2 1	Bt3 2	
10	Bt1 4	Bt2 1	Bt3 2	
11	Bt2 1	Bt3 2	
12	Bt1 6	Bt2 1	Bt3 2	
13	Bt1 3	Bt2 3	
14	Bt1 2	Bt2 4	Bt3 1	
15	Bt2 4	Bt3 2	
16	Bt1 5	Bt2 4	
17	Bt1 2	Bt2 4	Bt3 1	
18	Bt1 2	Bt2 5	
19	Bt1 6	Bt2 1	Bt3 2	
20	Bt1 3	Bt2 3	
21	Bt1 2	Bt2 2	Bt3 1	
22	Bt1 3	Bt2 1	Bt3 2	
23	Bt1 5	Bt2 1	Bt3 2	
24	Bt1 2	Bt2 3	
25	Bt1 2	Bt2 3	Bt3 1	
26	Bt1 4	Bt2 5	
27	Bt1 1	Bt2 3	Bt3 1	
28	Bt1 4	Bt2 1	Bt3 2	
29	Bt1 3	Bt3 2	
30	Bt1 2	Bt2 1	Bt3 1	
31	Bt1 2	Bt2 1	Bt3 2	
32	Bt1 1	Bt2 2	Bt3 1	
33	Bt1 5	Bt3 3	
34	Bt1 1	Bt2 3	Bt3 1	
35	Bt1 2	Bt2 1	Bt3 1	
36	Bt1 5	Bt2 1	Bt3 2	
37	Bt1 5	Bt2 3	
38	Bt1 4	Bt2 4	
39	Bt1 4	Bt2 4	
40	Bt1 1	Bt2 2	Bt3 1	
41	Bt1 2	Bt2 4	
42	Bt1 1	Bt2 2	Bt3 1	
43	Bt1 6	Bt2 1	Bt3 2	
44	Bt1 5	Bt2 3	
45	Bt1 2	Bt2 3	Bt3 1	
46	Bt1 7	Bt3 2	
47	Bt1 4	Bt2 3	
48	Bt1 4	Bt2 1	Bt3 2	
49	Bt1 4	Bt2 1	Bt3 2	
50	Bt1 2	Bt2 3	Bt3 1	
51	Bt1 6	Bt2 1	Bt3 1	
52	Bt1 5	Bt2 3	
53	Bt1 4	Bt3 1	
54	Bt1 4	Bt2 1	Bt3 2	
55	Bt1 5	Bt2 2	
56	Bt1 1	Bt2 2	Bt3 1	
57	Bt1 6	Bt2 1	Bt3 2	
58	Bt1 4	Bt2 4	
59	Bt1 1	Bt2 5	
60	Bt1 4	Bt2 4	