Name				422_n060_m400_bt3
Number_of_Customers		60
Number_of_Items			400
Number_of_ItemTypes		3
Number_of_Vehicles		57
TimeWindows			1

VEHICLE
Mass_Capacity			12595
CargoSpace_Length		60
CargoSpace_Width		25
CargoSpace_Height		30
Wheelbase			48
Max_Mass_FrontAxle		7100
Max_Mass_RearAxle		11500
Distance_FrontAxle_CargoSpace	4

CUSTOMERS
i		x		y		Demand		ReadyTime	DueDate		ServiceTime	DemandedMass	DemandedVolume
0		35		35		0		0		1000		0		0		0
1               0               29              8               238             542             10              3289.58         14190
2               66              80              5               73              199             10              2304.66         11085
3               47              47              7               116             366             10              3138.66         14565
4               29              9               5               431             669             10              2520.73         12270
5               55              42              9               525             785             10              4211.94         19095
6               12              43              5               533             769             10              2351.08         10815
7               56              30              9               678             916             10              4165.52         19365
8               47              35              5               71              339             10              2304.66         11085
9               52              12              7               747             999             10              3331.52         15885
10              63              57              4               297             547             10              1837.65         8415
11              54              56              7               43              285             10              3524.38         17205
12              34              56              5               115             355             10              1965.36         8175
13              53              3               9               0               177             10              4165.52         19365
14              7               61              6               187             415             10              2648.44         12030
15              39              51              4               381             591             10              1644.79         7095
16              39              43              7               544             806             10              2776.15         11790
17              20              22              7               181             433             10              3331.52         15885
18              39              59              9               416             716             10              4188.73         19230
19              25              12              4               161             367             10              1814.44         8550
20              23              77              9               0               222             10              4335.17         20820
21              1               78              7               243             479             10              3138.66         14565
22              46              20              5               543             783             10              1988.57         8040
23              45              3               7               257             557             10              3331.52         15885
24              40              31              9               37              307             10              4165.52         19365
25              30              73              8               731             927             10              3505.65         15375
26              13              51              9               99              383             10              4188.73         19230
27              14              16              9               562             846             10              3972.66         18045
28              57              48              6               174             422             10              2455.58         10710
29              35              48              9               235             483             10              3972.66         18045
30              28              1               7               628             850             10              3308.31         16020
31              17              18              9               540             840             10              3972.66         18045
32              21              17              5               453             693             10              2304.66         11085
33              10              61              9               688             908             10              3972.66         18045
34              53              78              5               364             638             10              2351.08         10815
35              52              19              8               552             752             10              3628.88         17100
36              70              62              9               377             605             10              3803.01         16590
37              16              10              5               295             513             10              2327.87         10950
38              48              13              5               414             572             10              2374.29         10680
39              70              40              7               0               230             10              3354.73         15750
40              64              51              6               20              208             10              3010.95         14805
41              66              46              8               359             573             10              3505.65         15375
42              69              3               5               284             506             10              1965.36         8175
43              66              37              6               643             925             10              2309.14         9120
44              49              27              9               300             504             10              4142.31         19500
45              31              27              6               603             845             10              2964.53         15075
46              30              54              5               316             572             10              2135.01         9630
47              64              27              7               96              394             10              3138.66         14565
48              28              48              6               8               262             10              2648.44         12030
49              4               72              6               796             1000            10              2841.30         13350
50              6               0               8               703             937             10              3505.65         15375
51              34              74              4               167             341             10              2007.30         9870
52              6               19              9               376             664             10              4072.68         19905
53              20              79              8               547             791             10              3628.88         17100
54              15              34              3               508             732             10              1347.43         5880
55              31              66              6               371             565             10              2455.58         10710
56              47              50              9               431             663             10              3803.01         16590
57              42              77              3               544             736             10              1347.43         5880
58              37              80              5               77              289             10              2135.01         9630
59              54              9               7               256             572             10              3308.31         16020
60              53              70              5               691             951             10              2327.87         10950

ITEMS
Type		Length		Width		Height		Mass		Fragility	LoadBearingStrength
Bt1		12		10		9		320.57		1		5.0736203
Bt2		15		13		13		490.22		0		64.4159739
Bt3		30		8		10		513.43		0		20.8538556

DEMANDS PER CUSTOMER
i	Type Quantity
1	Bt1 4	Bt2 2	Bt3 2	
2	Bt1 1	Bt2 3	Bt3 1	
3	Bt1 2	Bt2 3	Bt3 2	
4	Bt2 2	Bt3 3	
5	Bt1 2	Bt2 1	Bt3 6	
6	Bt1 1	Bt2 1	Bt3 3	
7	Bt1 2	Bt2 3	Bt3 4	
8	Bt1 1	Bt2 3	Bt3 1	
9	Bt1 1	Bt2 3	Bt3 3	
10	Bt1 1	Bt2 1	Bt3 2	
11	Bt2 3	Bt3 4	
12	Bt1 3	Bt2 1	Bt3 1	
13	Bt1 2	Bt2 3	Bt3 4	
14	Bt1 2	Bt2 2	Bt3 2	
15	Bt1 2	Bt2 1	Bt3 1	
16	Bt1 4	Bt2 2	Bt3 1	
17	Bt1 1	Bt2 3	Bt3 3	
18	Bt1 2	Bt2 2	Bt3 5	
19	Bt1 1	Bt2 2	Bt3 1	
20	Bt1 1	Bt2 4	Bt3 4	
21	Bt1 2	Bt2 3	Bt3 2	
22	Bt1 3	Bt3 2	
23	Bt1 1	Bt2 3	Bt3 3	
24	Bt1 2	Bt2 3	Bt3 4	
25	Bt1 3	Bt2 1	Bt3 4	
26	Bt1 2	Bt2 2	Bt3 5	
27	Bt1 3	Bt2 3	Bt3 3	
28	Bt1 3	Bt2 2	Bt3 1	
29	Bt1 3	Bt2 3	Bt3 3	
30	Bt1 1	Bt2 4	Bt3 2	
31	Bt1 3	Bt2 3	Bt3 3	
32	Bt1 1	Bt2 3	Bt3 1	
33	Bt1 3	Bt2 3	Bt3 3	
34	Bt1 1	Bt2 1	Bt3 3	
35	Bt1 2	Bt2 4	Bt3 2	
36	Bt1 4	Bt2 2	Bt3 3	
37	Bt1 1	Bt2 2	Bt3 2	
38	Bt1 1	Bt3 4	
39	Bt1 1	Bt2 2	Bt3 4	
40	Bt2 3	Bt3 3	
41	Bt1 3	Bt2 1	Bt3 4	
42	Bt1 3	Bt2 1	Bt3 1	
43	Bt1 4	Bt3 2	
44	Bt1 2	Bt2 4	Bt3 3	
45	Bt2 5	Bt3 1	
46	Bt1 2	Bt2 2	Bt3 1	
47	Bt1 2	Bt2 3	Bt3 2	
48	Bt1 2	Bt2 2	Bt3 2	
49	Bt1 1	Bt2 2	Bt3 3	
50	Bt1 3	Bt2 1	Bt3 4	
51	Bt2 2	Bt3 2	
52	Bt1 2	Bt2 7	
53	Bt1 2	Bt2 4	Bt3 2	
54	Bt1 1	Bt3 2	
55	Bt1 3	Bt2 2	Bt3 1	
56	Bt1 4	Bt2 2	Bt3 3	
57	Bt1 1	Bt3 2	
58	Bt1 2	Bt2 2	Bt3 1	
59	Bt1 1	Bt2 4	Bt3 2	
60	Bt1 1	Bt2 2	Bt3 2	