Name				423_n060_m400_bt3
Number_of_Customers		60
Number_of_Items			400
Number_of_ItemTypes		3
Number_of_Vehicles		33
TimeWindows			1

VEHICLE
Mass_Capacity			12595
CargoSpace_Length		60
CargoSpace_Width		25
CargoSpace_Height		30
Wheelbase			48
Max_Mass_FrontAxle		7100
Max_Mass_RearAxle		11500
Distance_FrontAxle_CargoSpace	4

CUSTOMERS
i		x		y		Demand		ReadyTime	DueDate		ServiceTime	DemandedMass	DemandedVolume
0		35		35		0		0		1000		0		0		0
1		19		5		9		0		956		10		2309.46		14946
2		5		26		6		211		499		10		1670.49		11854
3		10		28		9		318		576		10		2464.14		13570
4		41		46		4		0		977		10		1009.37		6998
5		17		23		7		688		948		10		1882.7		11670
6		40		41		6		15		273		10		1436.13		10274
7		23		63		9		772		1000		10		2309.46		14946
8		63		19		9		591		855		10		2389.14		17902
9		38		64		7		633		873		10		1728.02		13046
10		11		37		5		743		1000		10		1457.11		10216
11		49		1		7		368		568		10		1883.87		13492
12		0		26		5		328		590		10		1378.6		9082
13		68		24		5		0		955		10		1302.43		11592
14		46		58		6		831		1000		10		1747.83		11166
15		20		70		6		0		951		10		1591.98		10720
16		31		74		5		0		950		10		1379.77		10904
17		45		55		6		542		826		10		1669.32		10032
18		45		51		5		42		332		10		1300.09		7948
19		10		48		5		116		334		10		1302.43		11592
20		15		76		7		201		395		10		1805.36		12358
21		3		8		5		455		697		10		1457.11		10216
22		19		28		5		0		972		10		1223.92		10458
23		55		45		5		314		540		10		1222.75		8636
24		18		43		6		0		971		10		1513.47		9586
25		28		34		9		836		1000		10		2153.61		14500
26		35		55		5		224		466		10		1301.26		9770
27		21		33		5		0		181		10		1379.77		10904
28		3		15		6		481		801		10		1593.15		12542
29		64		25		6		0		959		10		1591.98		10720
30		24		71		9		512		724		10		2308.29		13124
31		23		16		9		24		280		10		2389.14		17902
32		8		34		4		0		239		10		1085.54		4488
33		31		51		7		824		1000		10		1883.87		13492
34		13		50		7		742		962		10		1805.36		12358
35		32		35		4		0		204		10		1086.71		6310
36		28		1		7		0		152		10		1883.87		13492
37		13		15		8		0		960		10		2174.59		14442
38		15		66		4		410		654		10		1009.37		6998
39		56		6		9		48		254		10		2233.29		17456
40		33		8		6		582		848		10		1671.66		13676
41		47		37		9		851		1000		10		2233.29		17456
42		59		68		8		482		722		10		2018.74		13996
43		65		56		7		541		769		10		2039.72		13938
44		57		41		9		504		714		10		2387.97		16080
45		50		24		9		418		656		10		2155.95		18144
46		4		61		8		0		949		10		2019.91		15818
47		45		27		9		552		808		10		2390.31		19724
48		69		28		5		579		857		10		1222.75		8636
49		67		72		8		0		941		10		2176.93		18086
50		10		41		5		672		882		10		1377.43		7260
51		41		64		3		0		160		10		717.48		4226
52		10		23		9		0		962		10		2232.12		15634
53		40		35		9		794		1000		10		2154.78		16322
54		67		40		6		0		957		10		1513.47		9586
55		16		26		5		732		980		10		1457.11		10216
56		26		37		9		0		980		10		2466.48		17214
57		7		2		7		98		306		10		1964.72		18270
58		38		78		7		0		946		10		1883.87		13492
59		59		47		8		660		910		10		2019.91		15818
60		13		41		6		330		536		10		1669.32		10032

ITEMS
Type		Length		Width		Height		Mass		Fragility	LoadBearingStrength
Bt1		33		6		14		291.89		0		15.7069606
Bt2		19		5		10		290.72		1		4.6673442
Bt3		13		9		14		213.38		0		9.1116838

DEMANDS PER CUSTOMER
i	Type Quantity
1	Bt1 2	Bt2 3	Bt3 4	
2	Bt1 3	Bt2 2	Bt3 1	
3	Bt1 2	Bt2 5	Bt3 2	
4	Bt1 1	Bt2 1	Bt3 2	
5	Bt1 2	Bt2 3	Bt3 2	
6	Bt1 1	Bt2 1	Bt3 4	
7	Bt1 2	Bt2 3	Bt3 4	
8	Bt1 4	Bt2 2	Bt3 3	
9	Bt1 2	Bt2 1	Bt3 4	
10	Bt1 3	Bt2 2	
11	Bt1 3	Bt2 2	Bt3 2	
12	Bt1 2	Bt2 2	Bt3 1	
13	Bt1 3	Bt3 2	
14	Bt1 3	Bt2 3	
15	Bt1 2	Bt2 2	Bt3 2	
16	Bt1 3	Bt2 1	Bt3 1	
17	Bt1 2	Bt2 3	Bt3 1	
18	Bt1 1	Bt2 2	Bt3 2	
19	Bt1 3	Bt3 2	
20	Bt1 2	Bt2 2	Bt3 3	
21	Bt1 3	Bt2 2	
22	Bt1 2	Bt3 3	
23	Bt1 1	Bt2 1	Bt3 3	
24	Bt1 1	Bt2 2	Bt3 3	
25	Bt1 1	Bt2 2	Bt3 6	
26	Bt1 2	Bt2 1	Bt3 2	
27	Bt1 3	Bt2 1	Bt3 1	
28	Bt1 3	Bt2 1	Bt3 2	
29	Bt1 2	Bt2 2	Bt3 2	
30	Bt1 1	Bt2 4	Bt3 4	
31	Bt1 4	Bt2 2	Bt3 3	
32	Bt2 3	Bt3 1	
33	Bt1 3	Bt2 2	Bt3 2	
34	Bt1 2	Bt2 2	Bt3 3	
35	Bt1 1	Bt2 2	Bt3 1	
36	Bt1 3	Bt2 2	Bt3 2	
37	Bt1 3	Bt2 3	Bt3 2	
38	Bt1 1	Bt2 1	Bt3 2	
39	Bt1 3	Bt2 1	Bt3 5	
40	Bt1 4	Bt2 1	Bt3 1	
41	Bt1 3	Bt2 1	Bt3 5	
42	Bt1 2	Bt2 2	Bt3 4	
43	Bt1 4	Bt2 3	
44	Bt1 3	Bt2 3	Bt3 3	
45	Bt1 3	Bt3 6	
46	Bt1 3	Bt2 1	Bt3 4	
47	Bt1 5	Bt2 1	Bt3 3	
48	Bt1 1	Bt2 1	Bt3 3	
49	Bt1 5	Bt2 1	Bt3 2	
50	Bt1 1	Bt2 3	Bt3 1	
51	Bt2 1	Bt3 2	
52	Bt1 2	Bt2 2	Bt3 5	
53	Bt1 2	Bt2 1	Bt3 6	
54	Bt1 1	Bt2 2	Bt3 3	
55	Bt1 3	Bt2 2	
56	Bt1 4	Bt2 3	Bt3 2	
57	Bt1 6	Bt3 1	
58	Bt1 3	Bt2 2	Bt3 2	
59	Bt1 3	Bt2 1	Bt3 4	
60	Bt1 2	Bt2 3	Bt3 1	