Name				427_n060_m400_bt10
Number_of_Customers		60
Number_of_Items			400
Number_of_ItemTypes		10
Number_of_Vehicles		54
TimeWindows			1

VEHICLE
Mass_Capacity			12595
CargoSpace_Length		60
CargoSpace_Width		25
CargoSpace_Height		30
Wheelbase			48
Max_Mass_FrontAxle		7100
Max_Mass_RearAxle		11500
Distance_FrontAxle_CargoSpace	4

CUSTOMERS
i		x		y		Demand		ReadyTime	DueDate		ServiceTime	DemandedMass	DemandedVolume
0               35              35              0               0               1000            0               0.00            0
1               65              26              5               768             1000            10              2129.88         16908
2               44              40              8               144             436             10              2906.90         21180
3               34              49              9               649             871             10              2225.81         17545
4               54              34              8               285             571             10              1922.32         14574
5               19              61              8               289             561             10              2646.44         15909
6               18              47              4               577             837             10              1335.57         9146
7               13              42              6               622             842             10              1299.53         9298
8               44              20              6               302             588             10              1976.58         15795
9               60              79              9               330             586             10              3003.28         20442
10              12              37              7               783             1000            10              2083.32         15834
11              10              44              6               336             582             10              1742.75         11382
12              60              42              5               619             893             10              1596.27         10437
13              57              54              6               207             501             10              2157.96         15517
14              18              51              9               0               132             10              2673.64         20619
15              49              27              9               615             857             10              2555.89         18132
16              19              71              8               398             618             10              2571.31         21762
17              13              48              8               0               241             10              2233.43         17984
18              40              24              8               764             986             10              2980.37         21945
19              14              23              9               378             636             10              2702.29         21566
20              28              76              5               729             973             10              1088.74         9434
21              23              77              7               129             329             10              1913.50         17907
22              62              15              6               795             1000            10              1671.48         13142
23              23              73              9               704             956             10              3043.36         25245
24              22              46              7               85              341             10              2244.57         16343
25              50              15              8               0               241             10              2151.03         16512
26              24              26              8               633             851             10              1891.14         15013
27              37              23              6               467             765             10              1639.62         10972
28              13              13              4               65              347             10              1320.02         8865
29              43              68              7               99              297             10              2071.21         14734
30              63              36              4               0               163             10              1587.32         10659
31              15              46              4               269             523             10              1059.14         9717
32              44              64              6               496             730             10              2102.54         14734
33              49              78              6               744             1000            10              1496.09         13431
34              37              15              7               589             833             10              1913.96         13060
35              55              28              5               43              255             10              1367.79         10134
36              27              42              9               797             1000            10              2324.10         17350
37              62              68              4               170             368             10              813.57          6711
38              35              67              5               613             907             10              1481.63         11877
39              66              11              8               71              369             10              2484.88         19168
40              31              26              6               166             398             10              2104.97         15749
41              31              18              6               336             610             10              2170.08         12713
42              14              13              5               707             989             10              1625.93         11310
43              25              56              9               116             342             10              2584.83         18702
44              36              32              6               630             826             10              1510.20         10346
45              57              22              8               647             851             10              2518.17         21246
46              59              47              7               298             522             10              2253.52         17832
47              41              33              8               129             369             10              2954.52         19607
48              19              37              7               827             1000            10              2126.22         16351
49              18              64              9               519             721             10              2675.44         18846
50              58              24              6               289             517             10              1940.97         14535
51              21              32              4               564             862             10              907.02          9988
52              30              69              5               819             1000            10              1760.21         13863
53              63              74              8               174             380             10              2464.52         16100
54              48              15              7               816             1000            10              1938.72         15540
55              25              73              6               353             575             10              2083.20         12830
56              20              80              9               373             577             10              3174.54         21735
57              13              27              6               212             426             10              2137.63         15964
58              43              15              6               305             609             10              1796.69         13931
59              41              28              4               198             430             10              1511.87         11184
60              28              21              5               269             527             10              1239.95         8293

ITEMS
Type		Length		Width		Height		Mass		Fragility	LoadBearingStrength
Bt1		21		12		12		346.83		1		1.3685361
Bt2		25		8		10		411.16		0		38.8165473
Bt3		30		9		11		442.93		0		28.1960424
Bt4		16		8		9		134.65		0		24.9556107
Bt5		25		11		12		509.48		0		26.9036475
Bt6		26		11		10		244.40		0		29.9032930
Bt7		16		11		8		173.82		1		5.4920288
Bt8		25		7		11		216.72		0		23.4038393
Bt9		27		14		10		463.37		0		25.2565780
Bt10		23		5		9		221.53		0		27.2606824

DEMANDS PER CUSTOMER
i	Type Quantity
1	Bt1 2	Bt5 1	Bt9 2	
2	Bt1 1	Bt2 2	Bt7 2	Bt9 3	
3	Bt1 1	Bt3 1	Bt7 2	Bt8 4	Bt10 1	
4	Bt3 1	Bt4 3	Bt7 1	Bt8 1	Bt9 1	Bt10 1	
5	Bt1 1	Bt2 4	Bt8 2	Bt10 1	
6	Bt1 1	Bt2 1	Bt3 1	Bt4 1	
7	Bt6 1	Bt7 1	Bt8 1	Bt10 3	
8	Bt1 2	Bt4 1	Bt9 2	Bt10 1	
9	Bt1 1	Bt2 2	Bt5 1	Bt6 1	Bt7 1	Bt9 1	Bt10 2	
10	Bt2 1	Bt3 1	Bt6 1	Bt7 3	Bt9 1	
11	Bt2 1	Bt4 1	Bt5 1	Bt6 1	Bt10 2	
12	Bt1 1	Bt2 1	Bt3 1	Bt7 1	Bt10 1	
13	Bt1 1	Bt3 1	Bt5 1	Bt7 1	Bt9 1	Bt10 1	
14	Bt3 1	Bt4 3	Bt5 1	Bt7 1	Bt8 1	Bt9 2	
15	Bt2 1	Bt4 2	Bt5 2	Bt6 1	Bt7 1	Bt8 1	Bt10 1	
16	Bt1 1	Bt2 1	Bt3 1	Bt6 3	Bt7 1	Bt9 1	
17	Bt1 2	Bt5 1	Bt6 1	Bt7 2	Bt8 1	Bt10 1	
18	Bt4 1	Bt5 3	Bt7 1	Bt8 1	Bt9 2	
19	Bt1 1	Bt3 1	Bt5 1	Bt6 1	Bt7 4	Bt9 1	
20	Bt1 1	Bt4 1	Bt7 1	Bt8 2	
21	Bt1 1	Bt3 1	Bt6 3	Bt7 1	Bt8 1	
22	Bt1 1	Bt6 1	Bt7 1	Bt9 1	Bt10 2	
23	Bt5 1	Bt6 2	Bt8 2	Bt9 3	Bt10 1	
24	Bt3 1	Bt5 1	Bt7 1	Bt8 2	Bt9 1	Bt10 1	
25	Bt1 1	Bt5 1	Bt6 1	Bt7 1	Bt8 2	Bt10 2	
26	Bt4 1	Bt5 1	Bt6 1	Bt7 2	Bt8 2	Bt10 1	
27	Bt2 2	Bt4 1	Bt6 1	Bt8 1	Bt10 1	
28	Bt2 1	Bt3 1	Bt6 1	Bt10 1	
29	Bt1 1	Bt4 1	Bt5 1	Bt7 1	Bt9 1	Bt10 2	
30	Bt1 1	Bt5 2	Bt10 1	
31	Bt4 1	Bt6 1	Bt8 1	Bt9 1	
32	Bt1 1	Bt2 1	Bt3 1	Bt8 1	Bt9 1	Bt10 1	
33	Bt3 1	Bt6 2	Bt7 2	Bt8 1	
34	Bt2 1	Bt3 2	Bt4 2	Bt7 2	
35	Bt2 1	Bt3 1	Bt4 2	Bt6 1	
36	Bt1 1	Bt3 2	Bt4 3	Bt6 1	Bt10 2	
37	Bt6 1	Bt7 2	Bt10 1	
38	Bt3 2	Bt4 1	Bt6 1	Bt8 1	
39	Bt2 1	Bt5 1	Bt6 2	Bt7 1	Bt8 1	Bt9 1	Bt10 1	
40	Bt1 1	Bt2 1	Bt3 2	Bt6 1	Bt8 1	
41	Bt2 2	Bt3 1	Bt5 1	Bt7 1	Bt10 1	
42	Bt2 1	Bt3 1	Bt4 1	Bt7 1	Bt9 1	
43	Bt1 1	Bt2 1	Bt3 1	Bt4 1	Bt7 2	Bt8 1	Bt9 1	Bt10 1	
44	Bt2 1	Bt3 1	Bt4 1	Bt7 3	
45	Bt1 2	Bt5 1	Bt6 1	Bt7 1	Bt8 2	Bt9 1	
46	Bt4 1	Bt5 1	Bt6 1	Bt8 1	Bt9 2	Bt10 1	
47	Bt2 3	Bt3 1	Bt4 1	Bt8 1	Bt9 2	
48	Bt2 1	Bt3 1	Bt6 1	Bt7 2	Bt8 1	Bt9 1	
49	Bt1 1	Bt2 1	Bt3 1	Bt4 1	Bt8 2	Bt9 1	Bt10 2	
50	Bt3 1	Bt4 1	Bt5 1	Bt7 1	Bt8 1	Bt9 1	
51	Bt6 3	Bt7 1	
52	Bt3 1	Bt7 1	Bt8 1	Bt9 2	
53	Bt1 1	Bt2 2	Bt5 1	Bt7 2	Bt8 1	Bt10 1	
54	Bt3 1	Bt4 1	Bt5 1	Bt6 1	Bt7 1	Bt8 2	
55	Bt2 2	Bt3 1	Bt4 1	Bt5 1	Bt7 1	
56	Bt1 1	Bt2 2	Bt5 1	Bt7 2	Bt9 2	Bt10 1	
57	Bt1 1	Bt4 1	Bt5 2	Bt7 1	Bt9 1	
58	Bt1 1	Bt2 1	Bt3 1	Bt4 1	Bt6 1	Bt8 1	
59	Bt1 1	Bt2 1	Bt5 1	Bt6 1	
60	Bt2 1	Bt7 1	Bt8 2	Bt10 1	