Name				428_n060_m400_bt10
Number_of_Customers		60
Number_of_Items			400
Number_of_ItemTypes		10
Number_of_Vehicles		41
TimeWindows			1

VEHICLE
Mass_Capacity			12595
CargoSpace_Length		60
CargoSpace_Width		25
CargoSpace_Height		30
Wheelbase			48
Max_Mass_FrontAxle		7100
Max_Mass_RearAxle		11500
Distance_FrontAxle_CargoSpace	4

CUSTOMERS
i		x		y		Demand		ReadyTime	DueDate		ServiceTime	DemandedMass	DemandedVolume
0		35		35		0		0		1000		0		0		0
1		49		41		4		0		974		10		1244.59		8630
2		29		74		9		0		950		10		2452.26		17158
3		14		29		4		683		925		10		878.02		5715
4		59		24		4		0		963		10		1311.53		10064
5		70		74		8		0		937		10		2156.53		14626
6		22		8		8		0		960		10		2178.22		14846
7		8		20		6		0		959		10		1220.84		8247
8		61		21		5		483		649		10		1761.94		11987
9		4		71		5		0		942		10		1042.84		7820
10		43		0		9		0		207		10		2370.15		17632
11		60		58		7		0		231		10		1571.62		11514
12		62		50		7		0		959		10		1880.6		12052
13		58		12		5		0		957		10		1044.04		7597
14		36		53		5		0		971		10		1404.9		9946
15		20		26		5		0		972		10		1312.87		8694
16		64		47		8		0		958		10		2271.18		15653
17		35		80		6		0		945		10		1458.59		10902
18		24		0		8		734		940		10		2358.15		18050
19		25		55		9		0		967		10		2116.28		15876
20		30		47		7		0		977		10		1908.72		13585
21		7		39		9		0		190		10		2214.85		14477
22		25		47		9		488		774		10		2700.15		18859
23		36		5		8		228		466		10		2079.15		13949
24		42		69		3		21		281		10		564.8		3862
25		4		5		6		0		946		10		1564.71		12502
26		49		66		8		0		955		10		2439.98		17554
27		21		20		7		654		924		10		1675.92		11144
28		12		1		7		839		1000		10		1763.41		14048
29		40		61		6		839		1000		10		1676.58		12252
30		67		35		7		0		204		10		1881.85		14167
31		50		13		8		0		963		10		2427.88		16976
32		28		27		5		0		979		10		1574.75		10732
33		23		32		5		0		977		10		1420.6		11312
34		31		57		5		377		657		10		1304.15		8938
35		46		21		6		0		972		10		1426.8		8714
36		35		30		8		739		1000		10		1914.04		12701
37		28		8		8		581		827		10		1332.73		10289
38		56		56		6		742		1000		10		1198.87		9680
39		2		76		7		0		937		10		1847.54		12862
40		17		72		6		0		948		10		1554.67		10936
41		22		47		7		105		327		10		1353.11		11854
42		43		51		7		228		450		10		2285.04		16830
43		14		64		8		0		954		10		1500.83		12400
44		56		70		5		0		949		10		851.8		5842
45		60		33		5		88		298		10		1347.62		9927
46		57		4		9		115		371		10		2427.62		18598
47		13		32		7		0		967		10		2206.99		16622
48		31		2		9		715		925		10		1820.96		13197
49		5		17		8		758		966		10		2360.72		16976
50		27		32		4		0		981		10		1400.32		11456
51		3		50		7		568		804		10		1764.8		13529
52		8		29		6		0		962		10		1396.88		9876
53		12		47		6		0		964		10		1617.73		11388
54		1		11		5		474		700		10		1602.21		11924
55		17		64		7		0		955		10		2206.1		15104
56		54		9		9		350		568		10		2193.58		15528
57		35		68		8		323		541		10		1840.07		13890
58		60		28		8		67		319		10		3114.95		23366
59		46		31		5		839		1000		10		1358.14		9124
60		16		33		7		47		231		10		1670.41		11496

ITEMS
Type		Length		Width		Height		Mass		Fragility	LoadBearingStrength
Bt1		32		8		11		400.41		0		4.9942901
Bt2		20		12		9		234.40		0		9.8346384
Bt3		18		5		11		143.50		1		2.7901291
Bt4		14		13		9		292.79		0		5.1326993
Bt5		12		6		12		121.03		0		11.4647831
Bt6		14		14		9		308.99		0		4.1947402
Bt7		30		12		12		531.11		0		13.0142457
Bt8		25		7		9		244.84		0		12.7536519
Bt9		17		10		8		150.98		0		7.7010388
Bt10		28		8		7		229.03		1		2.1736594

DEMANDS PER CUSTOMER
i	Type Quantity
1	Bt1 2	Bt4 1	Bt9 1	
2	Bt2 1	Bt5 1	Bt6 2	Bt7 1	Bt8 2	Bt10 2	
3	Bt3 1	Bt8 3	
4	Bt1 1	Bt7 1	Bt9 1	Bt10 1	
5	Bt1 1	Bt2 1	Bt4 1	Bt6 3	Bt9 2	
6	Bt3 1	Bt4 2	Bt6 1	Bt7 1	Bt9 1	Bt10 2	
7	Bt3 2	Bt6 1	Bt8 1	Bt9 1	Bt10 1	
8	Bt1 1	Bt4 2	Bt7 1	Bt8 1	
9	Bt1 1	Bt2 1	Bt3 2	Bt5 1	
10	Bt1 3	Bt2 2	Bt5 2	Bt10 2	
11	Bt2 2	Bt4 1	Bt5 1	Bt6 1	Bt9 1	Bt10 1	
12	Bt1 1	Bt3 1	Bt6 2	Bt8 2	Bt10 1	
13	Bt2 1	Bt4 1	Bt5 1	Bt8 1	Bt9 1	
14	Bt4 1	Bt5 1	Bt6 1	Bt7 1	Bt9 1	
15	Bt1 1	Bt3 1	Bt6 2	Bt9 1	
16	Bt2 1	Bt4 1	Bt5 1	Bt6 2	Bt7 1	Bt8 1	Bt10 1	
17	Bt1 1	Bt2 1	Bt4 1	Bt9 2	Bt10 1	
18	Bt2 1	Bt3 1	Bt6 1	Bt7 2	Bt9 1	Bt10 2	
19	Bt1 1	Bt2 1	Bt3 1	Bt4 1	Bt5 3	Bt7 1	Bt9 1	
20	Bt4 1	Bt6 1	Bt7 1	Bt8 1	Bt9 2	Bt10 1	
21	Bt1 1	Bt3 1	Bt5 1	Bt6 2	Bt8 1	Bt10 3	
22	Bt1 2	Bt3 1	Bt4 1	Bt7 1	Bt8 1	Bt10 3	
23	Bt1 2	Bt3 1	Bt5 1	Bt6 2	Bt8 1	Bt9 1	
24	Bt4 1	Bt5 1	Bt9 1	
25	Bt2 2	Bt4 1	Bt5 1	Bt7 1	Bt9 1	
26	Bt5 1	Bt6 1	Bt7 2	Bt8 2	Bt10 2	
27	Bt2 1	Bt4 1	Bt5 1	Bt6 1	Bt8 2	Bt10 1	
28	Bt1 1	Bt2 2	Bt5 3	Bt7 1	
29	Bt1 1	Bt3 2	Bt7 1	Bt10 2	
30	Bt1 1	Bt2 1	Bt5 2	Bt7 1	Bt8 1	Bt10 1	
31	Bt4 2	Bt5 2	Bt6 1	Bt7 2	Bt10 1	
32	Bt4 2	Bt7 1	Bt10 2	
33	Bt1 2	Bt2 2	Bt9 1	
34	Bt1 1	Bt4 1	Bt6 1	Bt9 2	
35	Bt3 2	Bt4 1	Bt6 2	Bt10 1	
36	Bt1 1	Bt3 2	Bt4 1	Bt6 1	Bt8 1	Bt9 1	Bt10 1	
37	Bt2 1	Bt3 3	Bt5 1	Bt8 1	Bt9 2	
38	Bt2 2	Bt5 1	Bt9 1	Bt10 2	
39	Bt1 1	Bt2 1	Bt4 1	Bt6 2	Bt9 2	
40	Bt3 2	Bt4 2	Bt7 1	Bt9 1	
41	Bt2 4	Bt3 1	Bt5 1	Bt9 1	
42	Bt1 2	Bt2 1	Bt7 1	Bt8 2	Bt10 1	
43	Bt2 2	Bt5 1	Bt9 3	Bt10 2	
44	Bt3 2	Bt4 1	Bt5 1	Bt9 1	
45	Bt1 2	Bt8 1	Bt9 2	
46	Bt3 1	Bt6 2	Bt7 2	Bt9 4	
47	Bt1 2	Bt2 1	Bt7 1	Bt8 2	Bt9 1	
48	Bt2 1	Bt3 2	Bt4 1	Bt6 1	Bt8 1	Bt9 3	
49	Bt3 2	Bt4 1	Bt7 2	Bt8 2	Bt10 1	
50	Bt1 1	Bt2 2	Bt7 1	
51	Bt2 1	Bt3 1	Bt6 1	Bt7 1	Bt8 1	Bt9 2	
52	Bt2 1	Bt4 1	Bt8 2	Bt9 1	Bt10 1	
53	Bt4 2	Bt5 1	Bt7 1	Bt9 1	Bt10 1	
54	Bt1 1	Bt2 1	Bt3 1	Bt4 1	Bt7 1	
55	Bt1 1	Bt4 2	Bt6 1	Bt7 1	Bt9 1	Bt10 1	
56	Bt1 1	Bt2 2	Bt3 1	Bt4 1	Bt5 1	Bt6 1	Bt10 2	
57	Bt2 1	Bt3 1	Bt5 2	Bt6 1	Bt7 1	Bt9 1	Bt10 1	
58	Bt3 1	Bt6 2	Bt7 4	Bt10 1	
59	Bt1 2	Bt3 1	Bt4 1	Bt5 1	
60	Bt1 1	Bt5 1	Bt6 2	Bt9 2	Bt10 1	