Name				429_n060_m400_bt10
Number_of_Customers		60
Number_of_Items			400
Number_of_ItemTypes		10
Number_of_Vehicles		55
TimeWindows			1

VEHICLE
Mass_Capacity			12595
CargoSpace_Length		60
CargoSpace_Width		25
CargoSpace_Height		30
Wheelbase			48
Max_Mass_FrontAxle		7100
Max_Mass_RearAxle		11500
Distance_FrontAxle_CargoSpace	4

CUSTOMERS
i		x		y		Demand		ReadyTime	DueDate		ServiceTime	DemandedMass	DemandedVolume
0		35		35		0		0		1000		0		0		0
1               55              60              3               292             594             10              1100.98         3976
2               20              48              9               137             367             10              3300.57         15384
3               23              74              8               142             382             10              2672.61         11006
4               25              38              7               496             716             10              2821.59         12572
5               15              24              4               735             1000            10              1635.45         7190
6               48              75              6               0               250             10              2461.14         11690
7               66              36              9               716             936             10              3038.79         14046
8               67              51              6               58              264             10              2333.48         9156
9               16              71              8               280             524             10              2969.40         14468
10              26              63              8               596             810             10              2908.25         14789
11              29              52              8               718             982             10              2447.27         11128
12              25              47              3               339             533             10              1192.74         6482
13              45              50              5               0               189             10              1782.81         10168
14              64              54              6               524             850             10              2491.38         11560
15              31              35              8               513             755             10              2873.11         13698
16              14              44              6               179             353             10              2281.12         8296
17              22              45              6               180             394             10              1832.45         9390
18              22              60              6               110             376             10              2095.19         9484
19              37              60              8               468             682             10              2778.98         13332
20              29              44              6               152             410             10              2413.63         9820
21              35              27              5               689             939             10              1380.81         7146
22              54              79              6               509             801             10              2161.74         8447
23              27              18              9               288             440             10              3580.68         16022
24              33              70              7               131             395             10              2307.96         11460
25              26              59              6               623             851             10              1817.84         9402
26              32              50              7               0               160             10              2559.85         11358
27              34              78              5               230             470             10              2160.07         10018
28              40              14              8               439             639             10              3048.54         13318
29              56              30              5               177             409             10              1921.77         8071
30              40              27              8               73              349             10              3142.95         13332
31              28              43              6               444             652             10              2233.52         11505
32              50              23              9               402             600             10              2869.54         14186
33              41              11              5               373             669             10              2046.64         9144
34              29              24              7               0               183             10              2518.44         9112
35              22              26              6               708             992             10              2340.03         11057
36              64              40              9               836             1000            10              2460.15         13655
37              26              12              7               657             901             10              1980.67         10183
38              48              60              5               76              304             10              1702.21         7763
39              21              39              6               317             577             10              2465.86         10886
40              30              60              8               737             975             10              2640.74         12441
41              33              11              9               585             805             10              3418.94         14246
42              24              18              7               287             593             10              2341.95         11076
43              27              39              7               375             609             10              2313.10         11180
44              49              42              8               275             517             10              2554.38         11816
45              48              11              5               645             873             10              2025.26         9122
46              27              32              5               117             347             10              1834.74         7036
47              32              11              9               766             988             10              3165.85         13654
48              57              52              3               85              297             10              930.27          3552
49              18              62              8               481             783             10              2568.90         11822
50              30              21              5               62              286             10              2096.54         9556
51              12              20              7               154             404             10              2745.42         14008
52              67              45              8               0               232             10              2848.06         13050
53              20              10              5               464             684             10              1287.68         7635
54              32              26              8               441             679             10              2907.42         10984
55              39              18              6               742             944             10              2166.41         8612
56              20              72              4               422             608             10              1653.31         6735
57              44              30              9               566             852             10              2932.19         14512
58              55              68              9               805             1000            10              3113.23         15194
59              41              32              8               733             977             10              2488.98         9296
60              42              43              6               671             923             10              2047.42         9198

ITEMS
Type		Length		Width		Height		Mass		Fragility	LoadBearingStrength
Bt1		21		10		8		456.59		0		25.1053578
Bt2		24		7		12		373.82		0		19.2403703
Bt3		27		11		7		446.97		0		11.7836147
Bt4		16		9		10		393.38		0		9.5923080
Bt5		35		7		10		445.10		1		5.9097534
Bt6		22		8		9		487.19		0		2.7803151
Bt7		20		6		8		375.93		0		12.6695593
Bt8		17		8		7		220.41		0		30.8020390
Bt9		24		6		8		160.96		1		15.4016353
Bt10		21		10		10		357.83		0		26.3931272

DEMANDS PER CUSTOMER
i	Type Quantity
1	Bt4 1	Bt6 1	Bt8 1	
2	Bt1 1	Bt2 2	Bt3 2	Bt5 1	Bt7 1	Bt8 1	Bt9 1	
3	Bt1 1	Bt5 1	Bt7 2	Bt8 3	Bt10 1	
4	Bt1 1	Bt2 1	Bt4 1	Bt5 2	Bt6 1	Bt8 1	
5	Bt1 1	Bt5 1	Bt7 1	Bt10 1	
6	Bt1 1	Bt3 2	Bt5 2	Bt8 1	
7	Bt1 1	Bt2 1	Bt5 1	Bt6 1	Bt7 1	Bt8 1	Bt9 2	Bt10 1	
8	Bt1 1	Bt2 1	Bt4 1	Bt7 2	Bt10 1	
9	Bt2 1	Bt4 1	Bt5 2	Bt7 1	Bt8 1	Bt10 2	
10	Bt2 3	Bt3 1	Bt5 1	Bt7 1	Bt9 1	Bt10 1	
11	Bt1 1	Bt4 1	Bt8 4	Bt10 2	
12	Bt2 2	Bt5 1	
13	Bt2 1	Bt5 2	Bt9 1	Bt10 1	
14	Bt1 1	Bt4 2	Bt5 2	Bt10 1	
15	Bt3 2	Bt5 2	Bt6 1	Bt8 2	Bt9 1	
16	Bt4 4	Bt6 1	Bt8 1	
17	Bt5 1	Bt6 1	Bt8 1	Bt9 2	Bt10 1	
18	Bt2 2	Bt4 1	Bt7 1	Bt8 1	Bt10 1	
19	Bt1 2	Bt2 1	Bt5 2	Bt8 2	Bt9 1	
20	Bt2 1	Bt6 3	Bt8 1	Bt10 1	
21	Bt4 1	Bt5 1	Bt8 1	Bt9 2	
22	Bt3 1	Bt4 2	Bt6 1	Bt8 2	
23	Bt1 1	Bt2 2	Bt4 4	Bt5 1	Bt10 1	
24	Bt2 2	Bt4 1	Bt6 1	Bt9 2	Bt10 1	
25	Bt1 1	Bt2 1	Bt5 1	Bt8 1	Bt9 2	
26	Bt2 1	Bt4 2	Bt5 1	Bt7 1	Bt8 1	Bt10 1	
27	Bt3 2	Bt5 2	Bt7 1	
28	Bt1 1	Bt2 1	Bt5 1	Bt6 2	Bt8 2	Bt10 1	
29	Bt2 1	Bt3 1	Bt4 1	Bt6 1	Bt8 1	
30	Bt1 3	Bt2 1	Bt4 1	Bt6 1	Bt9 1	Bt10 1	
31	Bt2 1	Bt3 3	Bt9 1	Bt10 1	
32	Bt1 1	Bt4 1	Bt5 1	Bt7 1	Bt9 3	Bt10 2	
33	Bt3 2	Bt5 1	Bt6 1	Bt8 1	
34	Bt4 2	Bt6 2	Bt7 1	Bt8 1	Bt9 1	
35	Bt1 2	Bt2 1	Bt3 1	Bt5 1	Bt9 1	
36	Bt2 1	Bt3 1	Bt8 2	Bt9 3	Bt10 2	
37	Bt1 1	Bt2 1	Bt3 1	Bt8 1	Bt9 3	
38	Bt1 1	Bt3 1	Bt8 2	Bt10 1	
39	Bt1 2	Bt2 1	Bt5 1	Bt7 1	Bt10 1	
40	Bt1 1	Bt2 1	Bt3 1	Bt5 1	Bt7 1	Bt8 1	Bt9 2	
41	Bt1 1	Bt5 1	Bt6 3	Bt7 1	Bt9 2	Bt10 1	
42	Bt1 1	Bt4 1	Bt5 2	Bt8 2	Bt9 1	
43	Bt4 1	Bt5 2	Bt6 1	Bt8 1	Bt9 2	
44	Bt2 1	Bt6 1	Bt7 1	Bt8 2	Bt9 1	Bt10 2	
45	Bt1 1	Bt2 2	Bt5 1	Bt7 1	
46	Bt4 1	Bt6 1	Bt7 1	Bt8 1	Bt10 1	
47	Bt4 2	Bt5 1	Bt6 2	Bt8 2	Bt9 1	Bt10 1	
48	Bt4 1	Bt7 1	Bt9 1	
49	Bt1 1	Bt5 1	Bt6 1	Bt8 3	Bt9 1	Bt10 1	
50	Bt1 1	Bt2 1	Bt5 2	Bt7 1	
51	Bt2 3	Bt5 2	Bt7 1	Bt10 1	
52	Bt2 2	Bt4 2	Bt5 1	Bt6 1	Bt8 1	Bt9 1	
53	Bt3 1	Bt9 3	Bt10 1	
54	Bt1 2	Bt2 1	Bt6 1	Bt7 2	Bt8 1	Bt9 1	
55	Bt4 1	Bt6 2	Bt8 2	Bt10 1	
56	Bt1 1	Bt2 1	Bt3 1	Bt7 1	
57	Bt1 1	Bt2 1	Bt3 2	Bt5 1	Bt8 2	Bt9 2	
58	Bt3 2	Bt4 2	Bt5 2	Bt8 1	Bt9 2	
59	Bt6 2	Bt7 2	Bt8 2	Bt9 2	
60	Bt5 1	Bt6 1	Bt7 1	Bt8 1	Bt9 1	Bt10 1	