Name				436_n060_m400_bt3
Number_of_Customers		60
Number_of_Items			400
Number_of_ItemTypes		3
Number_of_Vehicles		14
TimeWindows			1

VEHICLE
Mass_Capacity			12595
CargoSpace_Length		60
CargoSpace_Width		25
CargoSpace_Height		30
Wheelbase			48
Max_Mass_FrontAxle		7100
Max_Mass_RearAxle		11500
Distance_FrontAxle_CargoSpace	4

CUSTOMERS
i		x		y		Demand		ReadyTime	DueDate		ServiceTime	DemandedMass	DemandedVolume
0		35		35		0		0		1000		0		0		0
1		52		75		9		764		1000		10		961.33		3322
2		32		70		3		0		954		10		367.78		1326
3		9		51		5		123		399		10		528.78		1646
4		37		53		8		0		971		10		738.82		2506
5		69		68		6		660		874		10		861.84		3498
6		49		11		7		114		364		10		674.05		2156
7		6		46		6		216		424		10		893.3		3118
8		23		30		6		0		977		10		719.83		2842
9		50		5		8		0		956		10		1338.32		4750
10		22		80		7		567		819		10		800.33		3002
11		15		32		7		0		969		10		642.59		2536
12		12		79		8		0		940		10		1038.57		3628
13		69		15		7		0		950		10		500.58		1880
14		28		44		5		0		978		10		970.54		3424
15		11		38		7		173		459		10		958.07		3468
16		31		43		6		0		981		10		1051.04		3584
17		27		76		9		0		177		10		803.59		2856
18		5		13		7		54		248		10		674.05		2156
19		21		8		7		0		959		10		1115.81		3934
20		28		5		8		0		959		10		1338.32		4750
21		55		34		8		0		969		10		1354.05		4560
22		30		9		8		0		963		10		896.56		2972
23		35		4		8		0		959		10		880.83		3162
24		44		65		6		0		958		10		893.3		3118
25		19		31		3		698		954		10		509.79		1982
26		41		56		5		0		968		10		655.06		2492
27		5		38		8		0		959		10		1196.31		4094
28		49		73		8		256		512		10		865.1		3352
29		61		20		9		724		1000		10		803.59		2856
30		61		71		6		0		945		10		719.83		2842
31		43		70		5		254		460		10		655.06		2492
32		70		40		7		68		272		10		642.59		2536
33		66		21		4		513		765		10		416.82		1866
34		12		11		9		0		956		10		1134.8		3598
35		51		0		5		211		439		10		670.79		2302
36		43		40		9		446		690		10		914.14		3892
37		6		2		7		202		474		10		926.61		3848
38		23		58		6		126		340		10		420.08		1720
39		25		72		3		783		1000		10		383.51		1136
40		45		35		6		601		801		10		877.57		3308
41		54		3		6		0		952		10		625.01		1616
42		62		8		4		0		176		10		606.02		1952
43		21		74		9		0		948		10		1119.07		3788
44		41		64		6		701		935		10		704.1		3032
45		14		74		7		0		945		10		658.32		2346
46		40		60		6		0		964		10		735.56		2652
47		65		14		3		0		953		10		509.79		1982
48		5		29		9		222		424		10		961.33		3322
49		2		43		4		0		956		10		590.29		2142
50		28		39		6		0		981		10		735.56		2652
51		18		25		8		61		309		10		1054.3		3438
52		49		31		6		128		348		10		562.09		2376
53		67		33		7		456		718		10		800.33		3002
54		49		24		9		0		972		10		1119.07		3788
55		43		5		5		0		958		10		812.8		2958
56		52		34		7		0		972		10		1100.08		4124
57		33		78		9		579		845		10		1245.35		4634
58		46		73		9		549		757		10		992.79		2942
59		39		35		7		0		986		10		658.32		2346
60		45		15		7		479		731		10		1100.08		4124

ITEMS
Type		Length		Width		Height		Mass		Fragility	LoadBearingStrength
Bt1		17		6		8		222.51		0		4.4106013
Bt2		10		5		7		64.77		0		12.9921010
Bt3		8		4		5		80.50		1		4.2936843

DEMANDS PER CUSTOMER
i	Type Quantity
1	Bt1 2	Bt2 3	Bt3 4	
2	Bt1 1	Bt2 1	Bt3 1	
3	Bt1 1	Bt2 1	Bt3 3	
4	Bt1 1	Bt2 3	Bt3 4	
5	Bt1 3	Bt2 3	
6	Bt1 1	Bt2 2	Bt3 4	
7	Bt1 3	Bt2 1	Bt3 2	
8	Bt1 2	Bt2 3	Bt3 1	
9	Bt1 5	Bt2 1	Bt3 2	
10	Bt1 2	Bt2 3	Bt3 2	
11	Bt1 1	Bt2 4	Bt3 2	
12	Bt1 3	Bt2 2	Bt3 3	
13	Bt2 4	Bt3 3	
14	Bt1 4	Bt3 1	
15	Bt1 3	Bt2 2	Bt3 2	
16	Bt1 4	Bt3 2	
17	Bt1 1	Bt2 4	Bt3 4	
18	Bt1 1	Bt2 2	Bt3 4	
19	Bt1 4	Bt2 1	Bt3 2	
20	Bt1 5	Bt2 1	Bt3 2	
21	Bt1 5	Bt3 3	
22	Bt1 2	Bt2 2	Bt3 4	
23	Bt1 2	Bt2 3	Bt3 3	
24	Bt1 3	Bt2 1	Bt3 2	
25	Bt1 2	Bt2 1	
26	Bt1 2	Bt2 2	Bt3 1	
27	Bt1 4	Bt2 1	Bt3 3	
28	Bt1 2	Bt2 4	Bt3 2	
29	Bt1 1	Bt2 4	Bt3 4	
30	Bt1 2	Bt2 3	Bt3 1	
31	Bt1 2	Bt2 2	Bt3 1	
32	Bt1 1	Bt2 4	Bt3 2	
33	Bt1 1	Bt2 3	
34	Bt1 3	Bt2 1	Bt3 5	
35	Bt1 2	Bt2 1	Bt3 2	
36	Bt1 2	Bt2 6	Bt3 1	
37	Bt1 3	Bt2 4	
38	Bt2 4	Bt3 2	
39	Bt1 1	Bt3 2	
40	Bt1 3	Bt2 2	Bt3 1	
41	Bt1 1	Bt3 5	
42	Bt1 2	Bt3 2	
43	Bt1 3	Bt2 2	Bt3 4	
44	Bt1 2	Bt2 4	
45	Bt1 1	Bt2 3	Bt3 3	
46	Bt1 2	Bt2 2	Bt3 2	
47	Bt1 2	Bt2 1	
48	Bt1 2	Bt2 3	Bt3 4	
49	Bt1 2	Bt2 1	Bt3 1	
50	Bt1 2	Bt2 2	Bt3 2	
51	Bt1 3	Bt2 1	Bt3 4	
52	Bt1 1	Bt2 4	Bt3 1	
53	Bt1 2	Bt2 3	Bt3 2	
54	Bt1 3	Bt2 2	Bt3 4	
55	Bt1 3	Bt2 1	Bt3 1	
56	Bt1 4	Bt2 2	Bt3 1	
57	Bt1 4	Bt2 3	Bt3 2	
58	Bt1 2	Bt2 1	Bt3 6	
59	Bt1 1	Bt2 3	Bt3 3	
60	Bt1 4	Bt2 2	Bt3 1	