Name				437_n060_m400_bt3
Number_of_Customers		60
Number_of_Items			400
Number_of_ItemTypes		3
Number_of_Vehicles		14
TimeWindows			1

VEHICLE
Mass_Capacity			12595
CargoSpace_Length		60
CargoSpace_Width		25
CargoSpace_Height		30
Wheelbase			48
Max_Mass_FrontAxle		7100
Max_Mass_RearAxle		11500
Distance_FrontAxle_CargoSpace	4

CUSTOMERS
i		x		y		Demand		ReadyTime	DueDate		ServiceTime	DemandedMass	DemandedVolume
0		35		35		0		0		1000		0		0		0
1		8		24		7		721		967		10		794.71		2744
2		42		34		7		347		597		10		771.36		2648
3		4		47		9		14		298		10		1047.17		3560
4		30		68		6		745		989		10		663.98		2064
5		69		27		4		55		321		10		439.37		1616
6		31		75		4		0		949		10		460.47		1576
7		43		1		5		0		955		10		584.45		1848
8		57		10		7		0		956		10		836.91		2664
9		46		29		9		0		977		10		953.77		3176
10		15		62		9		530		750		10		979.37		3408
11		47		40		7		363		569		10		818.06		2840
12		1		56		9		88		308		10		974.87		3136
13		54		31		5		282		506		10		518.9		1832
14		21		20		5		582		790		10		544.5		2064
15		31		53		8		0		971		10		874.24		2960
16		13		56		6		669		903		10		645.13		2240
17		19		2		8		769		995		10		895.34		2920
18		42		54		6		178		428		10		647.38		2376
19		70		69		7		153		393		10		794.71		2744
20		55		37		9		28		286		10		1002.72		3504
21		34		44		5		0		980		10		567.85		2160
22		69		43		8		406		618		10		874.24		2960
23		0		39		9		62		338		10		962.77		3720
24		31		6		3		693		875		10		313.14		1208
25		22		41		9		732		968		10		979.37		3408
26		46		10		8		328		526		10		853.14		3000
27		56		2		4		174		400		10		483.82		1672
28		28		14		7		202		454		10		750.26		2688
29		13		35		7		0		968		10		745.76		2416
30		3		7		4		0		947		10		418.27		1656
31		31		36		4		419		601		10		439.37		1616
32		49		62		9		78		296		10		1068.27		3520
33		6		67		9		57		309		10		974.87		3136
34		26		42		9		365		637		10		1047.17		3560
35		28		0		9		821		1000		10		1047.17		3560
36		36		12		6		0		966		10		666.23		2200
37		17		14		6		436		632		10		687.33		2160
38		59		57		5		0		957		10		563.35		1888
39		48		49		6		602		816		10		647.38		2376
40		46		35		6		161		421		10		666.23		2200
41		32		71		9		0		953		10		1000.47		3368
42		30		24		4		96		322		10		460.47		1576
43		48		4		8		95		343		10		855.39		3136
44		57		75		6		0		944		10		645.13		2240
45		63		8		6		26		290		10		666.23		2200
46		40		30		7		0		982		10		841.41		2936
47		23		31		6		309		519		10		621.78		2144
48		41		57		8		503		687		10		902.09		3328
49		5		78		4		406		698		10		441.62		1752
50		5		36		6		593		869		10		687.33		2160
51		6		73		5		325		537		10		544.5		2064
52		19		9		5		684		922		10		563.35		1888
53		68		0		9		0		941		10		998.22		3232
54		5		27		8		287		535		10		874.24		2960
55		18		40		9		275		531		10		1042.67		3288
56		3		51		8		659		895		10		899.84		3192
57		10		4		5		747		929		10		588.95		2120
58		53		14		6		0		962		10		647.38		2376
59		49		29		6		293		531		10		645.13		2240
60		63		72		5		215		471		10		542.25		1928

ITEMS
Type		Length		Width		Height		Mass		Fragility	LoadBearingStrength
Bt1		13		4		6		102.88		1		3.6968824
Bt2		14		4		8		105.13		0		11.1396437
Bt3		17		4		6		126.23		0		5.9226011

DEMANDS PER CUSTOMER
i	Type Quantity
1	Bt1 2	Bt2 2	Bt3 3	
2	Bt1 3	Bt2 2	Bt3 2	
3	Bt1 2	Bt2 2	Bt3 5	
4	Bt1 4	Bt3 2	
5	Bt1 1	Bt2 2	Bt3 1	
6	Bt1 1	Bt2 1	Bt3 2	
7	Bt1 2	Bt3 3	
8	Bt1 2	Bt3 5	
9	Bt1 6	Bt2 2	Bt3 1	
10	Bt1 4	Bt2 3	Bt3 2	
11	Bt1 1	Bt2 2	Bt3 4	
12	Bt1 6	Bt2 1	Bt3 2	
13	Bt1 3	Bt2 2	
14	Bt1 1	Bt2 3	Bt3 1	
15	Bt1 4	Bt2 2	Bt3 2	
16	Bt1 3	Bt2 2	Bt3 1	
17	Bt1 4	Bt2 1	Bt3 3	
18	Bt1 2	Bt2 3	Bt3 1	
19	Bt1 2	Bt2 2	Bt3 3	
20	Bt1 3	Bt2 3	Bt3 3	
21	Bt2 3	Bt3 2	
22	Bt1 4	Bt2 2	Bt3 2	
23	Bt1 2	Bt2 6	Bt3 1	
24	Bt1 1	Bt2 2	
25	Bt1 4	Bt2 3	Bt3 2	
26	Bt1 4	Bt2 3	Bt3 1	
27	Bt2 1	Bt3 3	
28	Bt1 3	Bt2 3	Bt3 1	
29	Bt1 5	Bt2 1	Bt3 1	
30	Bt1 1	Bt2 3	
31	Bt1 1	Bt2 2	Bt3 1	
32	Bt1 2	Bt2 1	Bt3 6	
33	Bt1 6	Bt2 1	Bt3 2	
34	Bt1 2	Bt2 2	Bt3 5	
35	Bt1 2	Bt2 2	Bt3 5	
36	Bt1 3	Bt2 1	Bt3 2	
37	Bt1 3	Bt3 3	
38	Bt1 2	Bt2 1	Bt3 2	
39	Bt1 2	Bt2 3	Bt3 1	
40	Bt1 3	Bt2 1	Bt3 2	
41	Bt1 4	Bt2 2	Bt3 3	
42	Bt1 1	Bt2 1	Bt3 2	
43	Bt1 3	Bt2 4	Bt3 1	
44	Bt1 3	Bt2 2	Bt3 1	
45	Bt1 3	Bt2 1	Bt3 2	
46	Bt2 2	Bt3 5	
47	Bt1 4	Bt2 2	
48	Bt1 1	Bt2 4	Bt3 3	
49	Bt2 3	Bt3 1	
50	Bt1 3	Bt3 3	
51	Bt1 1	Bt2 3	Bt3 1	
52	Bt1 2	Bt2 1	Bt3 2	
53	Bt1 5	Bt2 1	Bt3 3	
54	Bt1 4	Bt2 2	Bt3 2	
55	Bt1 4	Bt3 5	
56	Bt1 2	Bt2 3	Bt3 3	
57	Bt2 2	Bt3 3	
58	Bt1 2	Bt2 3	Bt3 1	
59	Bt1 3	Bt2 2	Bt3 1	
60	Bt1 2	Bt2 2	Bt3 1	