Name				441_n060_m400_bt10
Number_of_Customers		60
Number_of_Items			400
Number_of_ItemTypes		10
Number_of_Vehicles		12
TimeWindows			1

VEHICLE
Mass_Capacity			12595
CargoSpace_Length		60
CargoSpace_Width		25
CargoSpace_Height		30
Wheelbase			48
Max_Mass_FrontAxle		7100
Max_Mass_RearAxle		11500
Distance_FrontAxle_CargoSpace	4

CUSTOMERS
i		x		y		Demand		ReadyTime	DueDate		ServiceTime	DemandedMass	DemandedVolume
0		35		35		0		0		1000		0		0		0
1		29		6		9		0		960		10		595.94		2930
2		49		70		5		0		952		10		254.81		1388
3		27		34		9		0		981		10		519.2		1973
4		8		21		5		0		959		10		327.89		1596
5		20		69		9		0		952		10		462.91		1584
6		37		61		5		0		963		10		274.1		1259
7		24		32		6		805		1000		10		453.13		1950
8		27		59		9		681		947		10		554.72		3880
9		65		24		7		0		958		10		429.48		1404
10		45		63		8		0		960		10		624.11		2388
11		2		41		9		0		956		10		515.55		1780
12		20		33		6		173		381		10		440.73		1616
13		23		47		8		0		973		10		649.31		1741
14		41		66		9		129		367		10		664.01		1990
15		55		60		4		0		957		10		282.53		840
16		24		56		5		0		966		10		335.23		1316
17		17		7		7		0		162		10		386.28		1243
18		51		55		9		0		964		10		650.31		2741
19		18		52		6		0		965		10		471		1718
20		8		70		5		0		945		10		346.12		1361
21		61		76		5		242		476		10		441.8		1255
22		33		26		6		0		980		10		320.99		1180
23		10		30		7		0		964		10		358.99		1206
24		2		61		9		0		947		10		403.76		2410
25		13		61		8		0		955		10		587.23		2193
26		67		35		4		0		958		10		298.94		1262
27		65		67		3		592		878		10		177.48		546
28		27		71		8		0		953		10		617.91		1840
29		10		40		8		0		964		10		413.65		1353
30		2		53		6		0		952		10		389.89		1514
31		29		26		8		166		394		10		568.14		1846
32		25		42		5		0		175		10		277.59		1566
33		11		45		7		0		964		10		529.89		2715
34		7		38		5		0		961		10		312		1132
35		26		47		7		0		975		10		322.33		2134
36		55		35		6		0		970		10		371.77		1550
37		32		56		7		0		968		10		467.64		1643
38		64		13		6		0		953		10		334.52		1011
39		23		4		8		488		718		10		477.75		1329
40		45		24		3		463		733		10		240.95		820
41		39		11		9		0		965		10		494.75		2536
42		54		20		6		0		965		10		355.31		1110
43		33		79		4		0		945		10		269.75		1178
44		3		20		7		0		954		10		362.57		2116
45		30		67		5		0		957		10		328.41		1605
46		10		33		8		0		964		10		636.86		2238
47		44		21		8		0		973		10		426.68		1269
48		40		75		8		516		756		10		471.6		1982
49		61		20		5		0		959		10		255.89		1286
50		70		72		7		0		939		10		392.85		1053
51		13		3		9		0		951		10		447.47		1922
52		41		50		6		0		973		10		280.88		1490
53		41		5		8		0		263		10		571.72		2756
54		1		46		8		0		954		10		385.52		1401
55		14		14		7		0		960		10		332.06		1014
56		55		56		5		0		961		10		442.64		1111
57		61		46		6		0		961		10		461.23		1664
58		61		72		6		326		590		10		345.5		1014
59		67		9		6		475		753		10		470.62		2321
60		54		31		6		0		970		10		458.17		1787

ITEMS
Type		Length		Width		Height		Mass		Fragility	LoadBearingStrength
Bt1		7		6		4		66.25		0		12.6337818
Bt2		9		2		7		46.67		0		76.6364103
Bt3		6		5		8		95.28		1		18.4481736
Bt4		7		6		6		95.44		0		7.9406884
Bt5		6		5		7		44.98		0		16.6448413
Bt6		13		5		3		105.57		0		25.2536437
Bt7		17		5		8		71.92		0		3.4061770
Bt8		12		3		3		15.18		0		3.3745384
Bt9		16		5		5		79.26		1		1.6848290
Bt10		8		5		3		26.68		0		5.9887374

DEMANDS PER CUSTOMER
i	Type Quantity
1	Bt3 2	Bt4 1	Bt5 1	Bt7 2	Bt8 1	Bt9 1	Bt10 1	
2	Bt1 1	Bt5 2	Bt7 1	Bt10 1	
3	Bt1 1	Bt2 2	Bt3 1	Bt5 1	Bt6 1	Bt7 1	Bt8 1	Bt10 1	
4	Bt1 1	Bt3 1	Bt7 1	Bt8 1	Bt9 1	
5	Bt1 2	Bt2 1	Bt4 1	Bt5 3	Bt10 2	
6	Bt1 1	Bt6 1	Bt7 1	Bt8 2	
7	Bt1 1	Bt3 1	Bt4 1	Bt5 1	Bt7 1	Bt9 1	
8	Bt2 2	Bt7 4	Bt8 1	Bt9 2	
9	Bt3 1	Bt4 2	Bt5 2	Bt10 2	
10	Bt2 1	Bt3 3	Bt4 1	Bt5 1	Bt7 1	Bt9 1	
11	Bt1 1	Bt4 3	Bt8 2	Bt9 1	Bt10 2	
12	Bt2 1	Bt3 2	Bt5 1	Bt9 2	
13	Bt1 1	Bt2 1	Bt4 1	Bt5 1	Bt6 3	Bt9 1	
14	Bt1 1	Bt3 1	Bt4 1	Bt5 2	Bt6 2	Bt9 1	Bt10 1	
15	Bt2 1	Bt4 2	Bt5 1	
16	Bt1 1	Bt3 1	Bt8 1	Bt9 2	
17	Bt1 1	Bt2 2	Bt6 1	Bt8 1	Bt9 1	Bt10 1	
18	Bt1 1	Bt2 1	Bt4 1	Bt6 1	Bt7 1	Bt9 3	Bt10 1	
19	Bt1 1	Bt2 1	Bt3 1	Bt4 2	Bt7 1	
20	Bt2 1	Bt3 1	Bt6 1	Bt7 1	Bt10 1	
21	Bt1 1	Bt3 1	Bt4 1	Bt6 1	Bt9 1	
22	Bt1 1	Bt4 1	Bt9 1	Bt10 3	
23	Bt1 1	Bt3 1	Bt4 1	Bt5 1	Bt8 2	Bt10 1	
24	Bt1 1	Bt2 1	Bt5 2	Bt7 2	Bt8 2	Bt10 1	
25	Bt1 1	Bt2 1	Bt4 2	Bt6 1	Bt7 1	Bt9 1	Bt10 1	
26	Bt4 1	Bt5 1	Bt9 2	
27	Bt1 2	Bt5 1	
28	Bt2 1	Bt4 2	Bt5 2	Bt6 2	Bt9 1	
29	Bt4 2	Bt5 1	Bt6 1	Bt8 3	Bt10 1	
30	Bt2 1	Bt5 1	Bt6 2	Bt7 1	Bt8 1	
31	Bt1 1	Bt2 1	Bt3 2	Bt4 1	Bt5 2	Bt9 1	
32	Bt1 1	Bt5 1	Bt7 1	Bt8 1	Bt9 1	
33	Bt3 1	Bt6 1	Bt7 2	Bt9 2	Bt10 1	
34	Bt4 2	Bt8 1	Bt9 1	Bt10 1	
35	Bt2 1	Bt5 2	Bt7 2	Bt8 1	Bt10 1	
36	Bt1 1	Bt2 2	Bt3 1	Bt5 1	Bt7 1	
37	Bt1 1	Bt4 1	Bt6 1	Bt8 1	Bt9 2	Bt10 1	
38	Bt2 1	Bt4 1	Bt5 1	Bt6 1	Bt8 1	Bt10 1	
39	Bt1 1	Bt2 1	Bt3 1	Bt4 1	Bt6 1	Bt8 1	Bt10 2	
40	Bt1 1	Bt4 1	Bt9 1	
41	Bt2 1	Bt3 1	Bt4 1	Bt5 1	Bt7 2	Bt8 1	Bt10 2	
42	Bt1 1	Bt3 1	Bt4 1	Bt5 1	Bt10 2	
43	Bt1 1	Bt5 1	Bt9 2	
44	Bt1 1	Bt4 1	Bt7 2	Bt8 2	Bt10 1	
45	Bt5 1	Bt6 1	Bt7 1	Bt9 1	Bt10 1	
46	Bt1 1	Bt2 1	Bt3 1	Bt4 2	Bt9 3	
47	Bt2 1	Bt3 1	Bt4 1	Bt6 1	Bt8 2	Bt10 2	
48	Bt3 1	Bt4 2	Bt5 1	Bt7 1	Bt8 1	Bt10 2	
49	Bt2 1	Bt4 1	Bt7 1	Bt8 1	Bt10 1	
50	Bt1 3	Bt2 1	Bt6 1	Bt8 1	Bt10 1	
51	Bt2 1	Bt3 1	Bt5 2	Bt8 2	Bt9 2	Bt10 1	
52	Bt4 1	Bt5 1	Bt7 1	Bt8 1	Bt10 2	
53	Bt1 1	Bt2 1	Bt3 1	Bt4 1	Bt5 1	Bt7 2	Bt9 1	
54	Bt2 1	Bt5 4	Bt6 1	Bt10 2	
55	Bt1 1	Bt2 3	Bt4 1	Bt8 2	
56	Bt2 1	Bt6 3	Bt9 1	
57	Bt1 3	Bt3 2	Bt7 1	
58	Bt1 1	Bt2 1	Bt3 1	Bt4 1	Bt8 1	Bt10 1	
59	Bt2 1	Bt3 1	Bt6 1	Bt7 2	Bt9 1	
60	Bt3 1	Bt4 1	Bt5 2	Bt6 1	Bt7 1	