Name				443_n060_m400_bt10
Number_of_Customers		60
Number_of_Items			400
Number_of_ItemTypes		10
Number_of_Vehicles		13
TimeWindows			1

VEHICLE
Mass_Capacity			12595
CargoSpace_Length		60
CargoSpace_Width		25
CargoSpace_Height		30
Wheelbase			48
Max_Mass_FrontAxle		7100
Max_Mass_RearAxle		11500
Distance_FrontAxle_CargoSpace	4

CUSTOMERS
i		x		y		Demand		ReadyTime	DueDate		ServiceTime	DemandedMass	DemandedVolume
0		35		35		0		0		1000		0		0		0
1		56		75		8		0		944		10		565.33		2101
2		47		77		8		385		669		10		854.72		1845
3		35		53		9		531		753		10		626.47		2048
4		1		25		5		0		954		10		483.54		924
5		70		27		7		718		916		10		481.47		1509
6		50		25		5		218		498		10		532.29		1064
7		25		23		8		0		165		10		571.3		1818
8		34		28		4		333		571		10		240.15		808
9		23		47		4		0		973		10		290.9		965
10		9		74		9		356		560		10		789.86		2242
11		12		63		9		0		953		10		654.17		2166
12		46		46		3		0		974		10		233.25		776
13		16		74		6		0		946		10		879.28		1116
14		1		18		4		429		693		10		207.1		864
15		20		36		7		0		974		10		363.85		1525
16		27		31		6		429		661		10		588.86		1452
17		24		63		9		241		443		10		521.08		1978
18		38		59		4		0		965		10		620.88		776
19		0		72		7		0		285		10		693.47		1582
20		10		48		5		0		961		10		263.77		904
21		0		0		7		0		940		10		718.19		1620
22		9		10		8		0		953		10		495.08		1881
23		45		2		6		0		955		10		394.63		1284
24		38		15		4		439		709		10		187.49		732
25		54		23		7		13		289		10		705.48		1276
26		44		76		8		0		948		10		510.13		1849
27		57		66		9		0		951		10		645.4		2498
28		67		58		4		54		266		10		178.64		817
29		60		22		5		0		961		10		336.57		1293
30		44		13		7		0		966		10		441.71		1392
31		34		72		6		0		952		10		510.06		1645
32		46		24		9		0		974		10		839.66		2114
33		23		32		5		794		1000		10		608.95		1049
34		60		48		6		0		961		10		535.08		1120
35		20		23		7		471		733		10		456.43		1805
36		70		43		6		0		954		10		375.38		1289
37		58		42		5		0		965		10		376.31		1092
38		58		4		4		0		951		10		178.64		817
39		20		0		5		0		951		10		545.06		1349
40		26		11		9		0		964		10		689.45		1780
41		23		8		9		821		1000		10		975.62		2399
42		15		20		6		0		965		10		381.19		1136
43		49		29		6		50		310		10		486.96		1770
44		35		44		6		510		734		10		307.07		1204
45		59		54		8		0		959		10		546.36		1304
46		44		66		6		0		199		10		377.07		1356
47		61		35		7		0		964		10		513.18		1680
48		5		66		6		491		717		10		452.38		1296
49		36		18		7		0		972		10		506.26		1328
50		14		23		8		0		965		10		740.73		1792
51		60		29		5		183		471		10		382.04		1116
52		61		57		9		594		794		10		653.66		2126
53		6		9		9		576		814		10		576.09		1852
54		0		28		9		551		725		10		909.97		1760
55		50		66		9		338		564		10		981.95		1920
56		36		62		8		694		962		10		644.38		1926
57		11		24		6		762		1000		10		239.42		1004
58		45		42		7		68		318		10		555.8		1833
59		65		67		6		17		279		10		441.98		1216
60		53		51		9		0		965		10		458.09		1841

ITEMS
Type		Length		Width		Height		Mass		Fragility	LoadBearingStrength
Bt1		12		4		6		69.84		0		3.5995498
Bt2		10		4		5		93.57		0		17.7538655
Bt3		8		6		6		118.66		1		3.9373087
Bt4		10		4		3		33.17		0		5.9305241
Bt5		7		4		8		63.83		0		5.8133547
Bt6		17		3		7		45.50		0		7.1222172
Bt7		9		3		8		24.77		0		8.5282192
Bt8		11		4		4		231.74		1		9.2146462
Bt9		10		2		5		20.65		0		10.2030197
Bt10		8		5		6		79.32		0		10.7915168

DEMANDS PER CUSTOMER
i	Type Quantity
1	Bt1 2	Bt2 1	Bt3 1	Bt5 1	Bt6 1	Bt7 1	Bt10 1	
2	Bt1 2	Bt2 1	Bt4 1	Bt6 1	Bt8 2	Bt10 1	
3	Bt1 2	Bt3 1	Bt4 2	Bt5 1	Bt10 3	
4	Bt3 1	Bt4 1	Bt8 1	Bt9 1	Bt10 1	
5	Bt2 2	Bt3 1	Bt4 2	Bt5 1	Bt6 1	
6	Bt2 1	Bt5 2	Bt8 1	Bt10 1	
7	Bt3 1	Bt5 1	Bt6 2	Bt7 1	Bt8 1	Bt9 2	
8	Bt4 1	Bt5 2	Bt10 1	
9	Bt2 1	Bt3 1	Bt4 1	Bt6 1	
10	Bt1 1	Bt3 3	Bt6 2	Bt8 1	Bt9 2	
11	Bt2 3	Bt3 1	Bt5 1	Bt6 2	Bt9 1	Bt10 1	
12	Bt1 2	Bt2 1	
13	Bt1 1	Bt2 1	Bt8 3	Bt9 1	
14	Bt1 1	Bt4 1	Bt7 1	Bt10 1	
15	Bt1 1	Bt2 1	Bt4 2	Bt5 1	Bt6 1	Bt7 1	
16	Bt2 1	Bt3 4	Bt9 1	
17	Bt2 2	Bt3 1	Bt4 3	Bt6 2	Bt7 1	
18	Bt2 1	Bt5 1	Bt8 2	
19	Bt2 1	Bt6 2	Bt7 1	Bt8 2	Bt9 1	
20	Bt5 1	Bt9 2	Bt10 2	
21	Bt1 1	Bt3 2	Bt8 1	Bt9 1	Bt10 2	
22	Bt1 1	Bt3 2	Bt4 1	Bt5 1	Bt6 1	Bt7 1	Bt9 1	
23	Bt3 1	Bt5 4	Bt9 1	
24	Bt1 1	Bt4 1	Bt5 1	Bt9 1	
25	Bt1 1	Bt2 1	Bt4 1	Bt7 1	Bt8 2	Bt9 1	
26	Bt2 1	Bt3 1	Bt5 2	Bt6 1	Bt7 1	Bt9 1	Bt10 1	
27	Bt1 1	Bt3 2	Bt5 1	Bt6 2	Bt7 1	Bt10 2	
28	Bt4 1	Bt6 1	Bt9 1	Bt10 1	
29	Bt1 1	Bt2 1	Bt5 2	Bt6 1	
30	Bt1 1	Bt2 2	Bt3 1	Bt7 1	Bt9 2	
31	Bt1 1	Bt2 1	Bt3 2	Bt5 1	Bt6 1	
32	Bt1 1	Bt2 1	Bt4 1	Bt5 1	Bt6 2	Bt7 1	Bt8 2	
33	Bt6 1	Bt8 2	Bt9 1	Bt10 1	
34	Bt2 1	Bt3 1	Bt4 2	Bt7 1	Bt8 1	
35	Bt1 1	Bt2 1	Bt3 1	Bt6 1	Bt7 2	Bt10 1	
36	Bt2 1	Bt3 1	Bt4 1	Bt5 1	Bt6 1	Bt9 1	
37	Bt2 1	Bt3 2	Bt7 1	Bt9 1	
38	Bt4 1	Bt6 1	Bt9 1	Bt10 1	
39	Bt1 1	Bt3 1	Bt6 1	Bt8 1	Bt10 1	
40	Bt1 1	Bt3 2	Bt5 1	Bt7 1	Bt8 1	Bt9 3	
41	Bt1 1	Bt2 2	Bt3 1	Bt6 3	Bt8 2	
42	Bt2 1	Bt3 1	Bt5 2	Bt9 2	
43	Bt3 2	Bt6 2	Bt10 2	
44	Bt1 1	Bt4 1	Bt7 1	Bt9 1	Bt10 2	
45	Bt4 2	Bt5 2	Bt8 1	Bt9 2	Bt10 1	
46	Bt1 1	Bt3 1	Bt5 1	Bt7 1	Bt9 1	Bt10 1	
47	Bt1 3	Bt3 2	Bt4 2	
48	Bt2 1	Bt3 1	Bt4 1	Bt5 2	Bt10 1	
49	Bt4 2	Bt7 2	Bt8 1	Bt10 2	
50	Bt1 2	Bt2 3	Bt5 1	Bt7 1	Bt8 1	
51	Bt1 1	Bt2 1	Bt3 1	Bt9 1	Bt10 1	
52	Bt1 1	Bt3 1	Bt4 1	Bt5 1	Bt6 2	Bt7 1	Bt8 1	Bt9 1	
53	Bt1 1	Bt3 2	Bt5 2	Bt9 3	Bt10 1	
54	Bt2 1	Bt3 1	Bt4 2	Bt5 1	Bt7 1	Bt8 2	Bt10 1	
55	Bt1 1	Bt2 3	Bt5 1	Bt7 1	Bt8 2	Bt10 1	
56	Bt1 1	Bt3 1	Bt4 1	Bt6 2	Bt8 1	Bt9 1	Bt10 1	
57	Bt4 2	Bt5 2	Bt7 1	Bt9 1	
58	Bt1 1	Bt3 3	Bt5 1	Bt6 1	Bt9 1	
59	Bt1 1	Bt2 2	Bt3 1	Bt4 2	
60	Bt2 1	Bt3 1	Bt4 2	Bt5 1	Bt6 1	Bt7 2	Bt9 1	