Name				444_n060_m400_bt10
Number_of_Customers		60
Number_of_Items			400
Number_of_ItemTypes		10
Number_of_Vehicles		10
TimeWindows			1

VEHICLE
Mass_Capacity			12595
CargoSpace_Length		60
CargoSpace_Width		25
CargoSpace_Height		30
Wheelbase			48
Max_Mass_FrontAxle		7100
Max_Mass_RearAxle		11500
Distance_FrontAxle_CargoSpace	4

CUSTOMERS
i		x		y		Demand		ReadyTime	DueDate		ServiceTime	DemandedMass	DemandedVolume
0		35		35		0		0		1000		0		0		0
1		65		68		4		0		945		10		278.98		969
2		67		7		5		128		388		10		305.48		1442
3		34		9		8		0		963		10		360.84		1559
4		62		65		3		0		949		10		173.43		878
5		37		44		7		0		980		10		377.4		1539
6		53		41		6		0		971		10		394.6		1408
7		11		78		8		0		940		10		480.21		2074
8		69		53		9		678		928		10		548.34		2142
9		50		70		7		0		951		10		366.15		1411
10		32		27		6		0		981		10		416.5		1461
11		13		4		8		0		951		10		418.26		1414
12		36		19		4		0		973		10		179.05		928
13		48		12		7		0		963		10		256.98		1418
14		62		23		6		0		960		10		299.37		1552
15		45		36		9		409		629		10		562.39		2331
16		23		36		9		0		977		10		377.96		1785
17		63		49		9		0		958		10		577.07		2262
18		41		45		9		502		750		10		522.67		2115
19		4		53		5		472		694		10		228.73		919
20		52		19		8		0		966		10		463.51		2189
21		23		50		5		58		252		10		251.81		1087
22		30		76		6		0		948		10		363.38		1592
23		27		62		5		52		306		10		321.81		1132
24		27		49		7		0		973		10		373.8		1542
25		20		78		9		636		900		10		452.48		1992
26		19		60		9		0		960		10		502.35		2132
27		35		27		9		503		727		10		567.2		1941
28		9		25		7		0		962		10		422.93		1546
29		58		28		4		0		965		10		203.08		1080
30		57		70		9		0		948		10		547.65		2326
31		25		20		6		0		971		10		382.09		1436
32		26		72		5		0		951		10		252.34		1166
33		25		11		6		0		964		10		365.56		1428
34		32		43		7		0		981		10		327.94		1456
35		39		16		8		791		977		10		521.12		2239
36		15		78		7		0		942		10		411.72		1566
37		36		52		7		0		972		10		550.75		1766
38		40		55		9		0		969		10		510.3		2092
39		62		42		5		771		1000		10		367.79		1460
40		36		41		4		0		983		10		158.58		752
41		33		40		4		0		984		10		162.66		998
42		62		4		9		523		789		10		454.94		2072
43		59		18		5		124		322		10		350.75		1447
44		1		20		7		0		952		10		404.85		1834
45		68		16		9		0		951		10		496.4		2220
46		39		73		6		0		951		10		321.96		1354
47		20		44		8		0		972		10		383.64		1696
48		58		38		8		0		966		10		491.78		2059
49		4		46		8		0		957		10		523.22		2432
50		21		8		4		0		959		10		184.1		876
51		63		35		5		389		611		10		288.88		1290
52		38		32		5		0		985		10		305.38		1442
53		52		66		7		0		954		10		274.09		1358
54		62		1		5		222		450		10		281.48		1196
55		20		30		6		0		974		10		296.96		1137
56		13		55		8		0		960		10		414.54		1820
57		2		7		8		0		946		10		432.3		1843
58		11		18		8		0		960		10		472.96		1808
59		69		29		4		0		955		10		167.94		710
60		16		55		5		0		962		10		250.21		1183

ITEMS
Type		Length		Width		Height		Mass		Fragility	LoadBearingStrength
Bt1		15		2		7		46.17		1		2.9288375
Bt2		7		6		7		32.83		0		6.6691485
Bt3		7		4		5		62.56		0		27.9220113
Bt4		8		5		5		50.83		0		16.4394222
Bt5		8		5		3		28.76		0		6.9027746
Bt6		7		6		6		36.81		0		4.1945534
Bt7		7		7		5		75.82		0		7.3455959
Bt8		8		6		8		89.77		0		3.3063326
Bt9		13		3		8		95.24		0		12.3264490
Bt10		12		5		3		42.18		1		1.6273283

DEMANDS PER CUSTOMER
i	Type Quantity
1	Bt3 1	Bt4 1	Bt7 1	Bt8 1	
2	Bt2 1	Bt4 1	Bt6 1	Bt8 1	Bt9 1	
3	Bt2 1	Bt4 3	Bt5 2	Bt7 1	Bt10 1	
4	Bt2 1	Bt4 1	Bt8 1	
5	Bt1 1	Bt2 1	Bt5 1	Bt7 3	Bt10 1	
6	Bt1 1	Bt2 1	Bt3 2	Bt9 2	
7	Bt2 1	Bt4 2	Bt5 1	Bt8 2	Bt9 1	Bt10 1	
8	Bt2 1	Bt3 1	Bt4 2	Bt5 1	Bt6 1	Bt9 3	
9	Bt2 1	Bt3 1	Bt5 2	Bt7 1	Bt9 1	Bt10 1	
10	Bt3 1	Bt4 1	Bt6 1	Bt7 1	Bt9 2	
11	Bt2 1	Bt3 4	Bt4 1	Bt10 2	
12	Bt2 2	Bt3 1	Bt4 1	
13	Bt2 1	Bt4 1	Bt5 2	Bt6 2	Bt10 1	
14	Bt2 2	Bt4 2	Bt6 1	Bt9 1	
15	Bt2 1	Bt3 1	Bt4 1	Bt5 1	Bt6 1	Bt7 1	Bt8 2	Bt9 1	
16	Bt2 2	Bt3 1	Bt4 1	Bt5 3	Bt6 1	Bt7 1	
17	Bt1 2	Bt2 1	Bt5 1	Bt9 4	Bt10 1	
18	Bt1 1	Bt3 1	Bt4 1	Bt5 1	Bt6 1	Bt7 1	Bt8 2	Bt10 1	
19	Bt2 1	Bt3 1	Bt5 2	Bt7 1	
20	Bt1 3	Bt2 1	Bt6 1	Bt7 1	Bt8 2	
21	Bt1 1	Bt4 1	Bt6 1	Bt7 1	Bt10 1	
22	Bt1 1	Bt2 1	Bt3 1	Bt6 1	Bt8 1	Bt9 1	
23	Bt1 1	Bt5 1	Bt7 2	Bt9 1	
24	Bt1 2	Bt4 1	Bt6 1	Bt7 2	Bt10 1	
25	Bt1 2	Bt2 2	Bt3 2	Bt4 1	Bt5 1	Bt8 1	
26	Bt1 1	Bt2 1	Bt3 1	Bt4 3	Bt5 1	Bt8 2	
27	Bt3 2	Bt4 3	Bt5 1	Bt7 1	Bt8 1	Bt9 1	
28	Bt5 3	Bt7 2	Bt8 1	Bt9 1	
29	Bt2 2	Bt9 1	Bt10 1	
30	Bt1 1	Bt2 2	Bt3 1	Bt4 1	Bt8 1	Bt9 2	Bt10 1	
31	Bt1 2	Bt3 1	Bt8 1	Bt9 1	Bt10 1	
32	Bt1 1	Bt4 1	Bt5 1	Bt6 1	Bt8 1	
33	Bt2 1	Bt3 1	Bt5 1	Bt7 2	Bt8 1	
34	Bt4 2	Bt5 2	Bt6 1	Bt8 1	Bt10 1	
35	Bt1 1	Bt4 1	Bt6 1	Bt7 1	Bt8 3	Bt10 1	
36	Bt3 1	Bt5 1	Bt6 1	Bt7 2	Bt8 1	Bt10 1	
37	Bt3 1	Bt4 1	Bt7 2	Bt9 3	
38	Bt1 1	Bt2 1	Bt3 2	Bt6 1	Bt8 1	Bt9 1	Bt10 2	
39	Bt4 1	Bt8 2	Bt9 1	Bt10 1	
40	Bt4 1	Bt5 1	Bt6 1	Bt10 1	
41	Bt1 1	Bt2 2	Bt4 1	
42	Bt2 2	Bt3 1	Bt4 3	Bt6 1	Bt9 1	Bt10 1	
43	Bt2 1	Bt3 1	Bt7 1	Bt8 2	
44	Bt2 1	Bt3 1	Bt4 1	Bt6 2	Bt8 1	Bt9 1	
45	Bt1 2	Bt2 1	Bt4 1	Bt6 1	Bt7 2	Bt8 1	Bt10 1	
46	Bt1 1	Bt4 2	Bt8 1	Bt10 2	
47	Bt4 2	Bt5 1	Bt6 2	Bt9 1	Bt10 2	
48	Bt2 1	Bt4 1	Bt5 2	Bt7 1	Bt8 2	Bt9 1	
49	Bt2 2	Bt4 1	Bt8 3	Bt9 1	Bt10 1	
50	Bt5 2	Bt6 1	Bt8 1	
51	Bt2 1	Bt5 1	Bt6 1	Bt9 2	
52	Bt2 1	Bt4 1	Bt8 2	Bt10 1	
53	Bt1 1	Bt2 2	Bt3 1	Bt5 2	Bt10 1	
54	Bt1 2	Bt3 1	Bt6 1	Bt8 1	
55	Bt3 1	Bt4 1	Bt5 1	Bt6 1	Bt7 1	Bt10 1	
56	Bt1 1	Bt2 1	Bt4 1	Bt5 2	Bt8 1	Bt9 1	Bt10 1	
57	Bt1 1	Bt3 1	Bt6 2	Bt7 1	Bt8 1	Bt10 2	
58	Bt4 1	Bt5 2	Bt8 1	Bt9 2	Bt10 2	
59	Bt1 1	Bt4 1	Bt5 1	Bt10 1	
60	Bt1 1	Bt2 2	Bt3 1	Bt7 1	