Name				457_n060_m400_bt10
Number_of_Customers		60
Number_of_Items			400
Number_of_ItemTypes		10
Number_of_Vehicles		51
TimeWindows			1

VEHICLE
Mass_Capacity			12595
CargoSpace_Length		60
CargoSpace_Width		25
CargoSpace_Height		30
Wheelbase			48
Max_Mass_FrontAxle		7100
Max_Mass_RearAxle		11500
Distance_FrontAxle_CargoSpace	4

CUSTOMERS
i		x		y		Demand		ReadyTime	DueDate		ServiceTime	DemandedMass	DemandedVolume
0		35		35		0		0		1000		0		0		0
1		44		76		9		0		948		10		3185.58		21797
2		22		75		3		0		947		10		934.18		5020
3		3		3		7		239		449		10		2225.06		14881
4		12		61		8		0		955		10		2711.31		18313
5		14		5		5		0		953		10		1735.68		11709
6		22		26		9		0		974		10		3335.87		25141
7		62		39		6		0		962		10		2168.72		16543
8		15		23		7		0		966		10		2867.06		20464
9		53		77		9		0		944		10		3422.14		21303
10		21		66		5		831		1000		10		1865.53		13105
11		44		46		8		0		975		10		2604.11		17278
12		13		28		8		0		966		10		2932.25		20906
13		31		53		6		0		971		10		2312.52		14564
14		23		37		7		391		659		10		2505.32		18122
15		25		47		6		77		319		10		2302.83		15545
16		18		28		3		272		502		10		905.73		7934
17		69		1		4		0		941		10		1238.96		10742
18		61		67		7		0		948		10		2180.85		14689
19		15		79		7		52		306		10		2684.93		19624
20		27		26		4		0		977		10		1261.94		10296
21		45		23		8		0		974		10		2970.99		20087
22		24		64		9		725		967		10		3380.99		21341
23		7		6		9		0		949		10		3198.5		22364
24		40		10		9		0		964		10		3480.44		21947
25		39		51		8		189		377		10		3011.7		20537
26		53		33		9		0		971		10		3429.91		23785
27		36		75		5		0		949		10		2037.07		15383
28		55		54		4		0		962		10		1639.7		12717
29		5		30		6		0		959		10		2255.23		14529
30		14		74		6		0		945		10		2329.59		17741
31		32		17		8		0		971		10		3143.29		20457
32		69		60		9		0		947		10		2995.22		21790
33		58		64		6		278		522		10		2091.33		14429
34		27		61		5		583		857		10		2003.05		17277
35		33		30		8		0		984		10		2779.76		19601
36		35		69		5		0		956		10		1702.93		13781
37		69		39		4		0		955		10		1506.96		9674
38		3		33		8		0		957		10		3034.52		22412
39		3		44		5		0		956		10		1761.83		11812
40		6		35		8		0		961		10		3149.26		22988
41		40		73		5		0		951		10		1574.92		10830
42		26		44		5		99		329		10		1694.97		11259
43		30		66		4		0		958		10		1384.76		9447
44		41		64		7		0		960		10		2354.61		14655
45		25		2		6		0		955		10		2081.44		14892
46		2		30		6		0		956		10		1898.79		13812
47		61		46		9		65		323		10		2755.55		18781
48		20		31		9		0		974		10		3278.84		23126
49		50		57		6		0		963		10		2638.32		18720
50		68		55		6		46		342		10		2165.76		14390
51		12		1		8		0		948		10		2687.7		17944
52		34		54		7		0		970		10		3117.75		23047
53		22		14		7		0		965		10		2417.46		15979
54		8		46		9		0		960		10		2970.85		21261
55		42		37		7		751		1000		10		2824.93		18577
56		12		14		3		0		958		10		1022.85		8437
57		40		42		7		0		981		10		2946.33		21566
58		57		59		9		0		957		10		3053.09		21467
59		11		32		7		0		965		10		2719.25		19352
60		34		23		6		1		257		10		2487.16		18514

ITEMS
Type		Length		Width		Height		Mass		Fragility	LoadBearingStrength
Bt1		20		8		10		275.87		0		4.5553815
Bt2		32		11		10		463.83		0		10.7205882
Bt3		26		10		12		446.62		1		6.3202411
Bt4		29		9		7		342.92		0		10.2579672
Bt5		23		11		9		383.63		0		6.0367151
Bt6		27		13		8		333.23		0		4.7122551
Bt7		26		10		7		382.44		0		7.8848373
Bt8		31		6		11		252.89		0		2.4035150
Bt9		34		10		13		490.10		1		3.9304869
Bt10		20		14		11		319.61		0		10.2353188

DEMANDS PER CUSTOMER
i	Type Quantity
1	Bt1 2	Bt2 1	Bt3 1	Bt5 3	Bt8 1	Bt10 1	
2	Bt1 2	Bt7 1	
3	Bt1 1	Bt4 1	Bt5 2	Bt6 1	Bt8 2	
4	Bt1 1	Bt3 1	Bt4 2	Bt5 1	Bt6 2	Bt8 1	
5	Bt2 1	Bt5 1	Bt7 1	Bt8 2	
6	Bt1 1	Bt2 1	Bt3 2	Bt5 1	Bt6 3	Bt10 1	
7	Bt1 1	Bt3 1	Bt5 1	Bt8 1	Bt9 1	Bt10 1	
8	Bt2 2	Bt3 2	Bt4 1	Bt5 1	Bt10 1	
9	Bt2 1	Bt3 1	Bt4 3	Bt5 2	Bt6 1	Bt7 1	
10	Bt3 1	Bt5 1	Bt6 1	Bt7 1	Bt10 1	
11	Bt1 3	Bt2 1	Bt4 1	Bt5 1	Bt6 1	Bt8 1	
12	Bt1 1	Bt3 2	Bt5 2	Bt8 2	Bt9 1	
13	Bt1 1	Bt2 2	Bt4 1	Bt5 1	Bt7 1	
14	Bt1 1	Bt2 2	Bt6 2	Bt7 1	Bt8 1	
15	Bt1 1	Bt2 2	Bt5 1	Bt6 1	Bt7 1	
16	Bt6 1	Bt8 1	Bt10 1	
17	Bt6 2	Bt8 1	Bt10 1	
18	Bt1 3	Bt2 1	Bt5 1	Bt8 2	
19	Bt3 1	Bt4 1	Bt5 1	Bt7 1	Bt9 1	Bt10 2	
20	Bt1 1	Bt6 2	Bt10 1	
21	Bt1 2	Bt2 2	Bt3 1	Bt4 1	Bt7 1	Bt10 1	
22	Bt1 1	Bt2 1	Bt3 1	Bt4 1	Bt5 2	Bt7 2	Bt10 1	
23	Bt1 1	Bt2 1	Bt3 2	Bt4 1	Bt5 1	Bt6 1	Bt8 2	
24	Bt1 2	Bt2 2	Bt3 2	Bt4 1	Bt7 2	
25	Bt1 2	Bt2 2	Bt3 1	Bt5 1	Bt7 1	Bt10 1	
26	Bt5 5	Bt7 1	Bt9 1	Bt10 2	
27	Bt2 1	Bt3 1	Bt5 1	Bt8 1	Bt9 1	
28	Bt1 1	Bt5 1	Bt9 2	
29	Bt3 2	Bt4 3	Bt6 1	
30	Bt2 1	Bt3 1	Bt4 1	Bt6 1	Bt8 1	Bt9 1	
31	Bt2 1	Bt3 2	Bt5 3	Bt7 1	Bt8 1	
32	Bt1 1	Bt3 1	Bt5 2	Bt6 3	Bt8 2	
33	Bt3 1	Bt4 1	Bt6 2	Bt7 1	Bt8 1	
34	Bt5 1	Bt9 2	Bt10 2	
35	Bt3 1	Bt4 1	Bt6 1	Bt7 2	Bt8 1	Bt10 2	
36	Bt5 1	Bt6 3	Bt10 1	
37	Bt1 1	Bt2 1	Bt5 2	
38	Bt3 1	Bt6 4	Bt7 2	Bt9 1	
39	Bt4 1	Bt5 1	Bt6 1	Bt7 1	Bt10 1	
40	Bt1 1	Bt2 3	Bt3 1	Bt6 1	Bt7 1	Bt10 1	
41	Bt1 1	Bt4 1	Bt5 1	Bt8 1	Bt10 1	
42	Bt2 1	Bt4 1	Bt7 1	Bt8 2	
43	Bt1 2	Bt4 1	Bt9 1	
44	Bt1 1	Bt4 1	Bt5 2	Bt6 1	Bt7 1	Bt8 1	
45	Bt4 1	Bt5 1	Bt6 1	Bt7 1	Bt10 2	
46	Bt4 1	Bt5 1	Bt6 2	Bt8 2	
47	Bt1 1	Bt5 1	Bt7 2	Bt8 4	Bt10 1	
48	Bt1 1	Bt2 1	Bt3 2	Bt4 1	Bt5 1	Bt6 2	Bt8 1	
49	Bt3 2	Bt7 2	Bt9 2	
50	Bt1 1	Bt2 1	Bt3 1	Bt4 1	Bt5 1	Bt8 1	
51	Bt1 1	Bt2 1	Bt4 1	Bt5 1	Bt6 1	Bt7 1	Bt8 2	
52	Bt2 3	Bt3 2	Bt4 1	Bt9 1	
53	Bt1 1	Bt2 1	Bt3 1	Bt4 1	Bt7 1	Bt8 2	
54	Bt4 1	Bt5 2	Bt6 1	Bt7 1	Bt8 2	Bt10 2	
55	Bt1 1	Bt2 1	Bt3 1	Bt5 1	Bt7 2	Bt9 1	
56	Bt5 1	Bt10 2	
57	Bt2 2	Bt3 2	Bt7 1	Bt8 1	Bt9 1	
58	Bt1 1	Bt3 2	Bt4 1	Bt6 1	Bt7 1	Bt8 2	Bt10 1	
59	Bt3 3	Bt4 1	Bt5 1	Bt6 1	Bt10 1	
60	Bt1 1	Bt2 1	Bt5 2	Bt9 2	