Name				458_n060_m400_bt10
Number_of_Customers		60
Number_of_Items			400
Number_of_ItemTypes		10
Number_of_Vehicles		44
TimeWindows			1

VEHICLE
Mass_Capacity			12595
CargoSpace_Length		60
CargoSpace_Width		25
CargoSpace_Height		30
Wheelbase			48
Max_Mass_FrontAxle		7100
Max_Mass_RearAxle		11500
Distance_FrontAxle_CargoSpace	4

CUSTOMERS
i		x		y		Demand		ReadyTime	DueDate		ServiceTime	DemandedMass	DemandedVolume
0		35		35		0		0		1000		0		0		0
1		30		36		8		632		836		10		2714.62		16438
2		38		2		9		0		956		10		3708.57		19324
3		67		36		9		623		873		10		3273.49		16734
4		45		16		8		422		694		10		1952.61		14787
5		44		80		4		21		215		10		1363.12		8413
6		68		12		7		603		867		10		2457.03		14978
7		54		45		7		417		633		10		2494.62		15086
8		24		19		4		798		1000		10		1420.22		9847
9		54		66		9		562		828		10		2069.33		13272
10		67		8		3		0		177		10		765.38		6456
11		65		41		9		0		959		10		2692.42		18586
12		37		61		7		190		468		10		1468.29		10620
13		59		7		5		0		953		10		1757.5		9316
14		24		58		7		0		148		10		1920.6		10213
15		54		17		7		0		172		10		1526.94		11664
16		57		73		8		633		811		10		1694.22		12246
17		68		48		8		0		954		10		2428.22		15766
18		55		11		7		42		308		10		2191.48		13636
19		11		49		8		445		625		10		2019.84		14160
20		54		63		5		0		956		10		1087.81		7656
21		22		16		7		0		966		10		1933.83		13015
22		11		77		5		153		447		10		1156.34		8781
23		0		76		6		153		345		10		1725.69		10408
24		13		12		9		281		471		10		2245.23		12157
25		37		14		5		0		968		10		1182.93		6888
26		40		10		6		224		494		10		1767.03		9262
27		46		12		8		187		437		10		2218.3		13885
28		29		1		9		0		955		10		2177.13		14559
29		55		27		6		676		902		10		1352.28		9720
30		61		74		8		320		534		10		2587.14		13322
31		34		6		5		486		736		10		1863.26		9840
32		68		75		5		0		938		10		1395.9		7519
33		32		24		6		146		408		10		2574.46		13538
34		27		12		9		69		277		10		1838.86		13446
35		9		27		8		817		1000		10		2872.53		17432
36		53		54		9		0		179		10		2616.32		17314
37		40		61		8		222		484		10		2821.33		15500
38		61		1		4		176		420		10		1647.94		9136
39		58		11		4		0		956		10		1819.05		9752
40		46		72		7		35		271		10		2297.68		14695
41		44		23		7		289		495		10		1708.8		12750
42		21		19		4		0		144		10		1242.33		6568
43		1		24		6		0		954		10		1379.96		9690
44		62		53		5		359		547		10		1952.83		10992
45		69		19		9		0		952		10		3865.55		21264
46		16		24		8		169		469		10		2184.5		14056
47		43		26		8		792		1000		10		2805.22		16535
48		35		50		3		279		555		10		1028.16		5856
49		5		69		6		0		211		10		1474.65		11232
50		52		26		9		0		970		10		2611.78		17404
51		18		49		9		0		967		10		2427.39		16321
52		44		31		7		358		550		10		2377.97		15255
53		58		25		6		0		964		10		1434.53		11127
54		27		74		3		606		812		10		1147.01		5752
55		31		30		8		385		623		10		1870.64		13056
56		12		44		5		575		895		10		1149.64		8223
57		36		70		6		219		461		10		2298.62		13532
58		8		73		5		758		1000		10		1054.63		6795
59		45		19		7		4		270		10		2264.72		12216
60		11		60		6		545		767		10		1675.31		11022

ITEMS
Type		Length		Width		Height		Mass		Fragility	LoadBearingStrength
Bt1		21		8		13		232.63		0		3.2897767
Bt2		22		10		6		241.50		0		69.2609428
Bt3		20		14		6		267.63		0		28.1353804
Bt4		28		8		14		680.91		1		2.9336513
Bt5		18		9		8		224.60		0		6.0894752
Bt6		29		7		9		203.97		0		6.0318831
Bt7		32		13		6		492.90		1		17.8322261
Bt8		25		5		6		175.53		0		30.5980078
Bt9		27		10		10		302.71		0		15.8551716
Bt10		22		6		8		159.96		0		6.5461850

DEMANDS PER CUSTOMER
i	Type Quantity
1	Bt3 2	Bt4 1	Bt5 1	Bt7 1	Bt8 1	Bt9 2	
2	Bt2 1	Bt4 4	Bt6 2	Bt8 1	Bt10 1	
3	Bt2 1	Bt4 3	Bt8 3	Bt9 1	Bt10 1	
4	Bt1 1	Bt2 2	Bt3 1	Bt6 1	Bt9 2	Bt10 1	
5	Bt4 1	Bt6 1	Bt8 1	Bt9 1	
6	Bt4 2	Bt5 1	Bt6 2	Bt9 1	Bt10 1	
7	Bt1 1	Bt3 1	Bt4 2	Bt5 1	Bt6 2	
8	Bt1 1	Bt4 1	Bt6 1	Bt9 1	
9	Bt1 1	Bt2 1	Bt3 1	Bt5 3	Bt8 2	Bt9 1	
10	Bt9 2	Bt10 1	
11	Bt1 1	Bt3 2	Bt4 1	Bt8 1	Bt9 3	Bt10 1	
12	Bt1 1	Bt3 1	Bt5 1	Bt6 2	Bt8 1	Bt10 1	
13	Bt1 1	Bt4 1	Bt7 1	Bt8 2	
14	Bt2 1	Bt3 1	Bt4 1	Bt6 1	Bt8 3	
15	Bt1 3	Bt2 1	Bt3 1	Bt10 2	
16	Bt1 1	Bt2 1	Bt3 1	Bt5 1	Bt6 2	Bt10 2	
17	Bt1 1	Bt2 1	Bt3 1	Bt4 1	Bt5 1	Bt8 1	Bt9 2	
18	Bt1 1	Bt2 2	Bt3 1	Bt4 1	Bt5 1	Bt9 1	
19	Bt1 3	Bt2 1	Bt3 1	Bt7 1	Bt10 2	
20	Bt1 1	Bt3 2	Bt10 2	
21	Bt1 3	Bt4 1	Bt6 1	Bt8 2	
22	Bt1 1	Bt2 1	Bt6 1	Bt8 1	Bt9 1	
23	Bt1 1	Bt3 1	Bt4 1	Bt5 1	Bt10 2	
24	Bt4 1	Bt5 3	Bt6 1	Bt8 3	Bt10 1	
25	Bt2 1	Bt3 1	Bt5 3	
26	Bt2 2	Bt3 1	Bt4 1	Bt8 1	Bt10 1	
27	Bt3 2	Bt4 1	Bt6 1	Bt8 1	Bt9 1	Bt10 2	
28	Bt2 2	Bt3 3	Bt5 1	Bt6 1	Bt9 1	Bt10 1	
29	Bt2 1	Bt5 1	Bt6 2	Bt8 1	Bt9 1	
30	Bt1 1	Bt2 1	Bt4 2	Bt5 1	Bt8 3	
31	Bt5 1	Bt7 3	Bt10 1	
32	Bt4 1	Bt6 1	Bt8 2	Bt10 1	
33	Bt2 1	Bt4 2	Bt7 1	Bt8 1	Bt9 1	
34	Bt1 1	Bt5 1	Bt6 2	Bt8 2	Bt9 1	Bt10 2	
35	Bt1 3	Bt4 2	Bt7 1	Bt10 2	
36	Bt1 1	Bt2 3	Bt3 1	Bt4 1	Bt6 2	Bt9 1	
37	Bt2 2	Bt4 2	Bt5 3	Bt9 1	
38	Bt1 1	Bt2 1	Bt4 1	Bt7 1	
39	Bt1 1	Bt4 2	Bt5 1	
40	Bt1 1	Bt4 1	Bt5 1	Bt6 1	Bt7 1	Bt9 1	Bt10 1	
41	Bt1 1	Bt3 2	Bt8 1	Bt9 2	Bt10 1	
42	Bt2 1	Bt4 1	Bt10 2	
43	Bt1 1	Bt2 1	Bt3 1	Bt8 1	Bt9 1	Bt10 1	
44	Bt1 1	Bt2 1	Bt7 3	
45	Bt2 3	Bt4 3	Bt7 1	Bt9 2	
46	Bt1 2	Bt4 1	Bt5 1	Bt8 2	Bt9 1	Bt10 1	
47	Bt2 1	Bt3 2	Bt4 2	Bt6 1	Bt9 1	Bt10 1	
48	Bt3 2	Bt7 1	
49	Bt1 3	Bt2 1	Bt3 2	
50	Bt1 2	Bt2 1	Bt3 1	Bt4 1	Bt8 2	Bt9 2	
51	Bt1 3	Bt2 1	Bt3 1	Bt4 1	Bt6 1	Bt8 1	Bt10 1	
52	Bt1 1	Bt6 1	Bt7 3	Bt9 1	Bt10 1	
53	Bt1 1	Bt3 2	Bt6 1	Bt9 1	Bt10 1	
54	Bt2 1	Bt4 1	Bt5 1	
55	Bt3 2	Bt5 2	Bt6 2	Bt8 1	Bt9 1	
56	Bt2 2	Bt6 1	Bt9 1	Bt10 1	
57	Bt1 1	Bt2 1	Bt4 2	Bt9 1	Bt10 1	
58	Bt2 1	Bt5 2	Bt6 1	Bt10 1	
59	Bt2 1	Bt5 1	Bt7 3	Bt10 2	
60	Bt2 1	Bt7 1	Bt8 1	Bt9 2	Bt10 1	