Name				467_n060_m400_bt3
Number_of_Customers		60
Number_of_Items			400
Number_of_ItemTypes		3
Number_of_Vehicles		18
TimeWindows			1

VEHICLE
Mass_Capacity			12595
CargoSpace_Length		60
CargoSpace_Width		25
CargoSpace_Height		30
Wheelbase			48
Max_Mass_FrontAxle		7100
Max_Mass_RearAxle		11500
Distance_FrontAxle_CargoSpace	4

CUSTOMERS
i		x		y		Demand		ReadyTime	DueDate		ServiceTime	DemandedMass	DemandedVolume
0		35		35		0		0		1000		0		0		0
1		27		58		9		611		863		10		1464.83		3698
2		52		24		8		855		1000		10		1332.4		3548
3		24		59		5		484		766		10		810.22		2194
4		58		12		6		207		423		10		1146.07		3072
5		49		78		5		809		1000		10		900.34		2288
6		0		39		6		308		518		10		817.76		1440
7		57		24		7		572		832		10		1516.69		4760
8		36		19		6		290		548		10		1044.36		2708
9		25		24		7		713		953		10		1176.79		2858
10		51		56		6		485		715		10		1067.54		3248
11		64		50		6		781		975		10		1044.36		2708
12		11		77		5		58		328		10		900.34		2288
13		45		7		8		643		931		10		1320.81		3278
14		46		26		6		220		478		10		942.65		2344
15		2		23		6		722		956		10		954.24		2614
16		60		3		7		679		941		10		1278.5		3222
17		4		42		5		23		243		10		662.15		750
18		25		39		8		43		257		10		1105.8		2280
19		38		5		5		607		835		10		1013.64		2922
20		53		48		8		594		902		10		1320.81		3278
21		43		33		5		559		793		10		798.63		1924
22		2		78		6		587		813		10		942.65		2344
23		23		11		9		157		405		10		1781.55		5060
24		44		38		7		343		567		10		1199.97		3398
25		28		4		8		391		649		10		1535.82		4276
26		57		7		5		215		423		10		787.04		1654
27		17		14		6		116		394		10		1134.48		2802
28		32		44		5		857		1000		10		787.04		1654
29		8		46		5		572		858		10		810.22		2194
30		31		16		4		379		625		10		564.49		1410
31		15		64		6		637		879		10		1270.96		3976
32		45		11		9		256		454		10		1464.83		3698
33		63		59		4		705		957		10		666.2		1774
34		27		35		9		725		999		10		1781.55		5060
35		70		49		4		445		691		10		576.08		1680
36		23		6		4		528		742		10		666.2		1774
37		6		49		7		181		405		10		1403.39		4126
38		50		27		7		326		546		10		1278.5		3222
39		59		40		6		0		151		10		1067.54		3248
40		63		33		9		461		695		10		1453.24		3428
41		21		17		7		564		824		10		1063.49		2224
42		14		41		9		290		568		10		1656.66		4156
43		3		37		5		754		996		10		1126.94		3556
44		41		13		8		609		849		10		1649.12		4910
45		5		67		9		515		745		10		1488.01		4238
46		2		55		6		211		423		10		942.65		2344
47		37		73		8		665		911		10		1434.11		3912
48		31		54		9		211		411		10		1578.13		4332
49		13		0		9		238		482		10		1996.56		6058
50		6		56		6		777		1000		10		1021.18		2168
51		56		18		7		824		1000		10		1301.68		3762
52		66		17		7		516		722		10		1188.38		3128
53		30		71		7		670		880		10		1075.08		2494
54		48		17		8		681		911		10		1535.82		4276
55		56		53		8		0		218		10		1410.93		3372
56		29		77		8		276		510		10		1082.62		1740
57		56		44		7		20		306		10		1211.56		3668
58		39		34		5		196		440		10		775.45		1384
59		11		29		7		113		307		10		1266.91		2952
60		61		66		6		505		757		10		840.94		1980

ITEMS
Type		Length		Width		Height		Mass		Fragility	LoadBearingStrength
Bt1		14		7		8		245.73		0		5.0695598
Bt2		12		5		7		144.02		1		5.2570229
Bt3		10		3		5		132.43		0		31.4392536

DEMANDS PER CUSTOMER
i	Type Quantity
1	Bt1 2	Bt2 4	Bt3 3	
2	Bt1 2	Bt2 4	Bt3 2	
3	Bt1 1	Bt2 3	Bt3 1	
4	Bt1 3	Bt2 1	Bt3 2	
5	Bt1 2	Bt2 1	Bt3 2	
6	Bt2 2	Bt3 4	
7	Bt1 5	Bt2 2	
8	Bt1 2	Bt2 2	Bt3 2	
9	Bt1 2	Bt2 2	Bt3 3	
10	Bt1 2	Bt2 4	
11	Bt1 2	Bt2 2	Bt3 2	
12	Bt1 2	Bt2 1	Bt3 2	
13	Bt1 2	Bt2 3	Bt3 3	
14	Bt1 1	Bt2 3	Bt3 2	
15	Bt1 1	Bt2 4	Bt3 1	
16	Bt1 3	Bt2 1	Bt3 3	
17	Bt3 5	
18	Bt2 4	Bt3 4	
19	Bt1 3	Bt2 1	Bt3 1	
20	Bt1 2	Bt2 3	Bt3 3	
21	Bt1 1	Bt2 2	Bt3 2	
22	Bt1 1	Bt2 3	Bt3 2	
23	Bt1 5	Bt2 2	Bt3 2	
24	Bt1 2	Bt2 4	Bt3 1	
25	Bt1 4	Bt2 2	Bt3 2	
26	Bt1 1	Bt2 1	Bt3 3	
27	Bt1 3	Bt3 3	
28	Bt1 1	Bt2 1	Bt3 3	
29	Bt1 1	Bt2 3	Bt3 1	
30	Bt2 3	Bt3 1	
31	Bt1 4	Bt2 2	
32	Bt1 2	Bt2 4	Bt3 3	
33	Bt1 1	Bt2 2	Bt3 1	
34	Bt1 5	Bt2 2	Bt3 2	
35	Bt2 4	
36	Bt1 1	Bt2 2	Bt3 1	
37	Bt1 4	Bt2 2	Bt3 1	
38	Bt1 3	Bt2 1	Bt3 3	
39	Bt1 2	Bt2 4	
40	Bt1 2	Bt2 3	Bt3 4	
41	Bt1 1	Bt2 2	Bt3 4	
42	Bt1 4	Bt2 1	Bt3 4	
43	Bt1 4	Bt2 1	
44	Bt1 5	Bt2 2	Bt3 1	
45	Bt1 2	Bt2 6	Bt3 1	
46	Bt1 1	Bt2 3	Bt3 2	
47	Bt1 3	Bt2 3	Bt3 2	
48	Bt1 3	Bt2 4	Bt3 2	
49	Bt1 7	Bt2 1	Bt3 1	
50	Bt1 2	Bt3 4	
51	Bt1 3	Bt2 3	Bt3 1	
52	Bt1 2	Bt2 3	Bt3 2	
53	Bt1 1	Bt2 3	Bt3 3	
54	Bt1 4	Bt2 2	Bt3 2	
55	Bt1 3	Bt2 1	Bt3 4	
56	Bt2 2	Bt3 6	
57	Bt1 2	Bt2 5	
58	Bt1 1	Bt3 4	
59	Bt1 3	Bt3 4	
60	Bt2 4	Bt3 2	