Name				469_n060_m400_bt3
Number_of_Customers		60
Number_of_Items			400
Number_of_ItemTypes		3
Number_of_Vehicles		14
TimeWindows			1

VEHICLE
Mass_Capacity			12595
CargoSpace_Length		60
CargoSpace_Width		25
CargoSpace_Height		30
Wheelbase			48
Max_Mass_FrontAxle		7100
Max_Mass_RearAxle		11500
Distance_FrontAxle_CargoSpace	4

CUSTOMERS
i		x		y		Demand		ReadyTime	DueDate		ServiceTime	DemandedMass	DemandedVolume
0		35		35		0		0		1000		0		0		0
1		8		39		7		488		704		10		1251.24		3320
2		5		25		7		839		1000		10		965.81		2448
3		9		80		9		0		938		10		1173.08		2920
4		56		27		6		136		394		10		1192.67		3160
5		67		16		5		233		473		10		946.32		2488
6		3		17		9		0		953		10		1180.6		3128
7		62		70		4		418		654		10		602.32		1456
8		19		60		8		0		960		10		1392.42		3424
9		39		14		5		0		968		10		946.32		2488
10		68		76		6		0		937		10		817.11		2136
11		58		79		7		417		661		10		1048.42		2392
12		40		17		6		0		151		10		817.11		2136
13		18		48		7		518		754		10		1243.72		3112
14		62		9		6		0		952		10		907.24		2288
15		35		19		8		28		224		10		1294.77		3064
16		10		51		8		0		960		10		1122.03		2968
17		18		74		9		402		622		10		985.3		2408
18		13		46		6		187		399		10		907.24		2288
19		18		15		9		0		963		10		1450.99		3584
20		66		4		9		0		946		10		1556.16		4152
21		2		2		8		502		692		10		1024.38		2608
22		61		31		4		303		509		10		699.97		1816
23		70		27		7		455		611		10		1063.46		2808
24		63		42		8		111		325		10		1587.72		4144
25		40		38		6		0		984		10		899.72		2080
26		13		6		9		402		630		10		1458.51		3792
27		58		14		6		0		958		10		1380.45		3672
28		18		10		4		0		225		10		414.54		944
29		37		61		7		0		963		10		868.16		2088
30		2		10		6		0		948		10		1282.8		3312
31		38		67		5		209		485		10		758.54		1976
32		24		24		6		0		974		10		1102.54		3008
33		21		75		5		0		947		10		660.89		1616
34		9		19		9		0		959		10		1638.77		4096
35		48		40		6		781		1000		10		1004.89		2648
36		14		60		4		0		957		10		414.54		944
37		39		71		7		0		953		10		965.81		2448
38		46		58		6		0		964		10		711.94		1568
39		36		78		5		734		996		10		1231.75		3360
40		7		73		9		0		218		10		1173.08		2920
41		13		39		6		205		447		10		719.46		1776
42		64		52		6		668		926		10		1095.02		2800
43		53		22		5		189		453		10		758.54		1976
44		12		28		7		104		334		10		965.81		2448
45		31		64		4		0		960		10		504.67		1096
46		28		80		9		0		944		10		1548.64		3944
47		66		7		5		0		948		10		856.19		2336
48		7		13		4		470		726		10		602.32		1456
49		70		66		8		0		231		10		926.73		2248
50		36		58		7		0		966		10		1055.94		2600
51		39		28		8		0		981		10		1212.16		3120
52		62		37		7		835		1000		10		1153.59		2960
53		48		65		6		0		957		10		1004.89		2648
54		24		10		4		715		961		10		797.62		2176
55		2		44		9		0		955		10		1075.43		2560
56		45		42		8		0		977		10		1490.07		3784
57		14		42		4		367		591		10		692.45		1608
58		16		20		9		0		965		10		1368.38		3640
59		62		24		9		0		960		10		1736.42		4456
60		65		76		7		0		939		10		875.68		2296

ITEMS
Type		Length		Width		Height		Mass		Fragility	LoadBearingStrength
Bt1		8		4		5		58.57		1		2.2977842
Bt2		13		4		6		148.70		0		16.0186933
Bt3		14		6		8		246.35		0		14.9838467

DEMANDS PER CUSTOMER
i	Type Quantity
1	Bt1 2	Bt2 1	Bt3 4	
2	Bt1 3	Bt2 2	Bt3 2	
3	Bt1 4	Bt2 3	Bt3 2	
4	Bt1 1	Bt2 1	Bt3 4	
5	Bt1 1	Bt2 1	Bt3 3	
6	Bt1 5	Bt2 1	Bt3 3	
7	Bt1 1	Bt2 2	Bt3 1	
8	Bt1 1	Bt2 4	Bt3 3	
9	Bt1 1	Bt2 1	Bt3 3	
10	Bt1 3	Bt2 1	Bt3 2	
11	Bt1 1	Bt2 5	Bt3 1	
12	Bt1 3	Bt2 1	Bt3 2	
13	Bt1 1	Bt2 3	Bt3 3	
14	Bt1 2	Bt2 2	Bt3 2	
15	Bt1 1	Bt2 5	Bt3 2	
16	Bt1 4	Bt2 1	Bt3 3	
17	Bt1 5	Bt2 3	Bt3 1	
18	Bt1 2	Bt2 2	Bt3 2	
19	Bt1 2	Bt2 4	Bt3 3	
20	Bt1 3	Bt2 1	Bt3 5	
21	Bt1 4	Bt2 2	Bt3 2	
22	Bt1 1	Bt2 1	Bt3 2	
23	Bt1 3	Bt2 1	Bt3 3	
24	Bt1 1	Bt2 2	Bt3 5	
25	Bt1 1	Bt2 4	Bt3 1	
26	Bt1 3	Bt2 2	Bt3 4	
27	Bt2 1	Bt3 5	
28	Bt1 2	Bt2 2	
29	Bt1 3	Bt2 3	Bt3 1	
30	Bt2 2	Bt3 4	
31	Bt1 2	Bt2 1	Bt3 2	
32	Bt1 2	Bt3 4	
33	Bt1 2	Bt2 2	Bt3 1	
34	Bt1 1	Bt2 4	Bt3 4	
35	Bt1 2	Bt2 1	Bt3 3	
36	Bt1 2	Bt2 2	
37	Bt1 3	Bt2 2	Bt3 2	
38	Bt1 2	Bt2 4	
39	Bt3 5	
40	Bt1 4	Bt2 3	Bt3 2	
41	Bt1 3	Bt2 2	Bt3 1	
42	Bt1 1	Bt2 2	Bt3 3	
43	Bt1 2	Bt2 1	Bt3 2	
44	Bt1 3	Bt2 2	Bt3 2	
45	Bt1 1	Bt2 3	
46	Bt1 2	Bt2 3	Bt3 4	
47	Bt1 2	Bt3 3	
48	Bt1 1	Bt2 2	Bt3 1	
49	Bt1 4	Bt2 3	Bt3 1	
50	Bt1 2	Bt2 3	Bt3 2	
51	Bt1 3	Bt2 2	Bt3 3	
52	Bt1 2	Bt2 2	Bt3 3	
53	Bt1 2	Bt2 1	Bt3 3	
54	Bt1 1	Bt3 3	
55	Bt1 4	Bt2 4	Bt3 1	
56	Bt1 1	Bt2 3	Bt3 4	
57	Bt2 3	Bt3 1	
58	Bt1 4	Bt2 1	Bt3 4	
59	Bt1 1	Bt2 3	Bt3 5	
60	Bt1 4	Bt2 1	Bt3 2	