Name				471_n060_m400_bt10
Number_of_Customers		60
Number_of_Items			400
Number_of_ItemTypes		10
Number_of_Vehicles		12
TimeWindows			1

VEHICLE
Mass_Capacity			12595
CargoSpace_Length		60
CargoSpace_Width		25
CargoSpace_Height		30
Wheelbase			48
Max_Mass_FrontAxle		7100
Max_Mass_RearAxle		11500
Distance_FrontAxle_CargoSpace	4

CUSTOMERS
i		x		y		Demand		ReadyTime	DueDate		ServiceTime	DemandedMass	DemandedVolume
0		35		35		0		0		1000		0		0		0
1		58		16		7		685		903		10		456.9		1334
2		41		14		9		0		968		10		485.27		1618
3		61		69		7		32		272		10		459.76		1416
4		57		36		5		460		660		10		347.66		862
5		18		29		9		0		971		10		527.43		1679
6		43		21		7		0		973		10		464.68		1200
7		24		25		3		584		868		10		138.99		513
8		64		45		5		49		303		10		197.89		720
9		56		44		8		0		967		10		690.78		2008
10		49		26		9		807		1000		10		587.14		1922
11		48		78		5		160		408		10		163.26		974
12		55		73		5		775		1000		10		310.23		1050
13		27		61		8		511		767		10		646.6		1634
14		11		7		6		578		824		10		285.04		1278
15		33		39		6		791		1000		10		307.75		848
16		59		11		6		133		335		10		568.51		1404
17		5		1		4		126		290		10		171.02		731
18		23		46		4		599		853		10		280.44		869
19		10		50		6		425		655		10		255.22		1202
20		49		71		5		824		1000		10		263.85		845
21		18		58		9		0		961		10		685.35		1770
22		63		76		4		0		940		10		243.15		478
23		37		51		7		456		694		10		523.02		1278
24		18		66		9		224		508		10		294.16		1308
25		15		76		9		0		944		10		565.67		1725
26		28		78		5		650		840		10		131.59		855
27		0		32		6		0		954		10		299.09		1058
28		52		41		7		0		971		10		403.55		1188
29		0		5		9		0		943		10		533.43		1486
30		23		65		9		0		957		10		544.82		1694
31		21		62		6		613		853		10		433.95		1086
32		23		7		6		0		233		10		468.7		1275
33		70		25		7		0		953		10		439.93		1469
34		19		53		5		0		965		10		380.87		1071
35		56		53		6		430		698		10		392.6		1283
36		47		3		6		0		955		10		466.19		1325
37		11		26		9		118		364		10		554.15		1524
38		40		29		9		0		982		10		712.22		1953
39		52		8		9		452		712		10		759.86		1650
40		18		71		6		0		950		10		224.12		1203
41		48		35		6		514		764		10		333.68		1229
42		21		69		4		0		953		10		234.92		736
43		69		68		5		0		202		10		367.95		876
44		55		70		6		0		949		10		434.16		1163
45		8		7		9		0		951		10		628.32		1432
46		28		18		8		822		1000		10		388.06		1169
47		62		1		5		0		946		10		320.34		990
48		25		12		4		0		964		10		221.13		821
49		63		48		6		0		959		10		417.74		1008
50		40		36		5		0		984		10		206.47		881
51		56		28		7		0		967		10		431.9		1497
52		69		16		9		0		951		10		560.38		1902
53		39		66		4		119		367		10		149.74		652
54		67		60		9		152		344		10		524.17		1625
55		3		29		7		0		957		10		453.85		1506
56		6		16		9		0		955		10		636.45		1967
57		9		12		8		0		955		10		604.55		1578
58		14		22		7		0		965		10		412.5		1138
59		9		57		6		0		955		10		329.8		923
60		12		46		9		370		578		10		485.27		1618

ITEMS
Type		Length		Width		Height		Mass		Fragility	LoadBearingStrength
Bt1		11		5		5		52.74		0		2.6241903
Bt2		10		2		6		36.32		0		41.4117481
Bt3		10		3		4		78.45		0		33.3798397
Bt4		17		3		6		150.40		0		73.9450028
Bt5		12		2		7		40.98		0		4.8310666
Bt6		12		3		7		91.48		0		4.8337938
Bt7		7		3		6		70.61		1		13.2807223
Bt8		14		3		6		56.80		0		3.2824774
Bt9		14		2		4		15.64		0		17.0053980
Bt10		13		4		3		21.07		1		2.1278995

DEMANDS PER CUSTOMER
i	Type Quantity
1	Bt1 2	Bt2 1	Bt3 1	Bt4 1	Bt7 1	Bt9 1	
2	Bt2 1	Bt5 3	Bt6 2	Bt7 1	Bt8 1	Bt9 1	
3	Bt3 2	Bt5 1	Bt6 1	Bt8 3	
4	Bt3 1	Bt6 2	Bt7 1	Bt9 1	
5	Bt1 1	Bt2 2	Bt6 2	Bt7 2	Bt8 1	Bt10 1	
6	Bt3 1	Bt5 1	Bt6 2	Bt7 2	Bt10 1	
7	Bt1 1	Bt7 1	Bt9 1	
8	Bt2 1	Bt3 1	Bt5 1	Bt10 2	
9	Bt1 2	Bt2 1	Bt4 3	Bt5 1	Bt8 1	
10	Bt1 2	Bt4 1	Bt5 1	Bt6 2	Bt7 1	Bt9 1	Bt10 1	
11	Bt1 2	Bt9 1	Bt10 2	
12	Bt4 1	Bt5 2	Bt8 1	Bt10 1	
13	Bt2 2	Bt4 3	Bt6 1	Bt9 2	
14	Bt1 2	Bt6 1	Bt8 1	Bt9 2	
15	Bt3 1	Bt7 2	Bt8 1	Bt9 2	
16	Bt3 1	Bt4 2	Bt5 1	Bt6 1	Bt8 1	
17	Bt1 1	Bt2 1	Bt5 2	
18	Bt1 1	Bt2 1	Bt4 1	Bt5 1	
19	Bt1 2	Bt2 1	Bt5 1	Bt8 1	Bt9 1	
20	Bt1 1	Bt3 1	Bt5 1	Bt7 1	Bt10 1	
21	Bt3 1	Bt4 2	Bt5 3	Bt6 1	Bt7 1	Bt10 1	
22	Bt3 2	Bt7 1	Bt9 1	
23	Bt3 2	Bt6 3	Bt7 1	Bt10 1	
24	Bt2 2	Bt5 1	Bt6 1	Bt9 3	Bt10 2	
25	Bt1 1	Bt2 1	Bt4 1	Bt6 1	Bt7 2	Bt8 1	Bt9 1	Bt10 1	
26	Bt1 1	Bt9 1	Bt10 3	
27	Bt1 2	Bt3 2	Bt9 1	Bt10 1	
28	Bt2 1	Bt3 2	Bt5 1	Bt6 1	Bt8 1	Bt10 1	
29	Bt2 2	Bt4 1	Bt5 1	Bt6 1	Bt7 2	Bt9 1	Bt10 1	
30	Bt1 2	Bt3 1	Bt6 2	Bt7 2	Bt9 1	Bt10 1	
31	Bt2 2	Bt3 1	Bt4 1	Bt5 1	Bt6 1	
32	Bt1 1	Bt3 1	Bt4 2	Bt9 1	Bt10 1	
33	Bt1 1	Bt6 3	Bt7 1	Bt10 2	
34	Bt1 1	Bt4 1	Bt6 1	Bt7 1	Bt9 1	
35	Bt1 1	Bt4 1	Bt5 1	Bt7 1	Bt8 1	Bt10 1	
36	Bt1 1	Bt2 1	Bt3 1	Bt4 1	Bt6 1	Bt8 1	
37	Bt2 1	Bt3 2	Bt4 1	Bt5 1	Bt7 1	Bt8 1	Bt10 2	
38	Bt1 1	Bt2 1	Bt3 1	Bt4 3	Bt8 1	Bt9 1	Bt10 1	
39	Bt2 1	Bt3 1	Bt4 2	Bt5 1	Bt6 1	Bt7 3	
40	Bt1 1	Bt8 2	Bt9 1	Bt10 2	
41	Bt1 1	Bt5 1	Bt6 1	Bt7 1	Bt8 1	Bt10 1	
42	Bt2 1	Bt6 2	Bt9 1	
43	Bt3 1	Bt6 1	Bt7 2	Bt8 1	
44	Bt1 1	Bt3 1	Bt4 1	Bt5 2	Bt7 1	
45	Bt3 4	Bt4 1	Bt7 1	Bt8 1	Bt9 1	Bt10 1	
46	Bt1 1	Bt2 4	Bt3 1	Bt5 1	Bt7 1	
47	Bt2 1	Bt4 1	Bt6 1	Bt10 2	
48	Bt1 1	Bt5 1	Bt7 1	Bt8 1	
49	Bt2 1	Bt3 1	Bt4 1	Bt5 2	Bt7 1	
50	Bt1 1	Bt5 1	Bt7 1	Bt10 2	
51	Bt1 3	Bt5 1	Bt6 1	Bt7 2	
52	Bt4 1	Bt5 5	Bt6 1	Bt8 2	
53	Bt2 1	Bt5 1	Bt8 1	Bt9 1	
54	Bt1 1	Bt2 3	Bt3 1	Bt4 1	Bt6 1	Bt10 2	
55	Bt2 1	Bt4 1	Bt5 1	Bt6 1	Bt8 2	Bt10 1	
56	Bt1 1	Bt4 1	Bt5 3	Bt6 2	Bt7 1	Bt8 1	
57	Bt3 1	Bt4 2	Bt6 1	Bt7 1	Bt10 3	
58	Bt3 2	Bt6 1	Bt7 1	Bt8 1	Bt9 1	Bt10 1	
59	Bt1 1	Bt2 1	Bt3 1	Bt7 2	Bt10 1	
60	Bt2 1	Bt5 3	Bt6 2	Bt7 1	Bt8 1	Bt9 1	