Name				473_n060_m400_bt10
Number_of_Customers		60
Number_of_Items			400
Number_of_ItemTypes		10
Number_of_Vehicles		17
TimeWindows			1

VEHICLE
Mass_Capacity			12595
CargoSpace_Length		60
CargoSpace_Width		25
CargoSpace_Height		30
Wheelbase			48
Max_Mass_FrontAxle		7100
Max_Mass_RearAxle		11500
Distance_FrontAxle_CargoSpace	4

CUSTOMERS
i		x		y		Demand		ReadyTime	DueDate		ServiceTime	DemandedMass	DemandedVolume
0		35		35		0		0		1000		0		0		0
1		61		20		4		124		404		10		712.31		1265
2		0		41		5		650		896		10		772.12		1479
3		62		43		4		785		1000		10		303.74		1150
4		28		60		4		709		893		10		445.51		1370
5		9		25		9		786		1000		10		1343.37		3049
6		26		76		8		380		584		10		697.51		3152
7		21		6		8		107		373		10		1096.25		2258
8		32		72		9		372		612		10		795.27		2622
9		4		66		8		565		805		10		720.56		2399
10		48		68		6		850		1000		10		638.95		1600
11		24		60		7		627		905		10		667.46		2050
12		34		31		7		35		297		10		682.82		2786
13		17		31		6		19		275		10		860.59		2043
14		52		1		6		296		514		10		505.91		1800
15		11		20		9		591		849		10		807.47		2894
16		47		45		8		445		681		10		790.13		2248
17		41		9		6		751		1000		10		704.49		2443
18		37		76		6		213		531		10		812.14		2068
19		66		19		7		517		779		10		714.81		2073
20		64		60		6		788		1000		10		575.18		1386
21		18		0		5		0		184		10		533		1918
22		64		36		7		577		817		10		802.71		2287
23		16		14		5		38		260		10		575.85		1563
24		44		56		5		388		594		10		485.94		1695
25		59		40		6		241		473		10		736.15		1556
26		39		58		6		210		444		10		783.36		1924
27		38		34		9		684		920		10		681.84		2578
28		31		56		7		0		179		10		881.09		1450
29		13		71		5		625		937		10		442.76		1253
30		12		61		5		786		1000		10		688.01		1419
31		60		30		7		224		450		10		431.6		1938
32		57		12		5		72		330		10		495.53		1737
33		56		28		7		318		582		10		665.02		1836
34		23		16		9		725		941		10		1210.78		2852
35		67		44		9		219		477		10		726.61		2860
36		27		48		6		0		134		10		306.82		1668
37		69		59		5		375		649		10		698.14		1386
38		30		34		7		177		463		10		825.11		1725
39		55		35		9		363		559		10		899.05		3084
40		46		10		9		509		751		10		639.89		2585
41		31		52		5		288		496		10		842.21		1778
42		24		52		7		21		271		10		729.13		2270
43		29		3		9		339		595		10		632.1		3026
44		29		78		4		424		642		10		295.43		672
45		25		13		7		26		322		10		1003.12		1795
46		8		32		8		270		506		10		872.67		2617
47		69		76		3		474		718		10		298.7		1066
48		33		63		9		0		172		10		1005.3		2751
49		15		46		6		120		370		10		709.26		1725
50		35		0		4		417		639		10		474.79		1557
51		28		70		6		563		763		10		763.66		1861
52		19		77		4		208		458		10		404.65		748
53		21		39		8		417		677		10		773.83		1576
54		51		45		9		755		991		10		1100.69		2730
55		47		58		9		555		773		10		850.9		2404
56		16		7		4		228		488		10		556.9		1211
57		68		37		7		510		702		10		826.34		1956
58		32		12		8		813		1000		10		735.64		2565
59		38		17		8		51		317		10		901.56		1886
60		8		68		9		411		629		10		1038.46		2894

ITEMS
Type		Length		Width		Height		Mass		Fragility	LoadBearingStrength
Bt1		9		4		5		44.87		1		1.4159942
Bt2		16		3		4		106		0		27.8847396
Bt3		6		6		8		60.37		0		9.8198395
Bt4		14		5		7		92.50		0		4.2161636
Bt5		12		3		8		145.83		0		38.9886671
Bt6		15		2		5		72.28		1		12.4256123
Bt7		10		7		6		55.92		0		11.5082894
Bt8		13		7		5		220.37		0		8.0059248
Bt9		8		5		4		199.72		0		25.9448309
Bt10		12		6		6		92.92		0		17.1865849

DEMANDS PER CUSTOMER
i	Type Quantity
1	Bt4 1	Bt8 1	Bt9 2	
2	Bt3 1	Bt5 2	Bt8 1	Bt9 1	
3	Bt1 1	Bt2 1	Bt3 1	Bt4 1	
4	Bt3 1	Bt4 1	Bt9 1	Bt10 1	
5	Bt1 1	Bt2 1	Bt5 1	Bt8 3	Bt9 1	Bt10 2	
6	Bt2 1	Bt4 2	Bt5 1	Bt7 3	Bt10 1	
7	Bt1 1	Bt2 3	Bt8 2	Bt9 1	Bt10 1	
8	Bt1 1	Bt4 2	Bt6 3	Bt7 1	Bt9 1	Bt10 1	
9	Bt1 1	Bt2 1	Bt6 2	Bt7 2	Bt8 1	Bt10 1	
10	Bt5 1	Bt6 2	Bt7 1	Bt9 1	Bt10 1	
11	Bt1 1	Bt5 1	Bt6 1	Bt7 2	Bt9 1	Bt10 1	
12	Bt4 1	Bt7 2	Bt9 1	Bt10 3	
13	Bt5 2	Bt7 1	Bt8 1	Bt9 1	Bt10 1	
14	Bt1 1	Bt2 1	Bt3 1	Bt5 1	Bt7 1	Bt10 1	
15	Bt1 1	Bt3 2	Bt4 2	Bt5 2	Bt6 1	Bt10 1	
16	Bt2 2	Bt3 2	Bt5 1	Bt7 2	Bt9 1	
17	Bt3 1	Bt4 2	Bt5 1	Bt8 1	Bt10 1	
18	Bt3 1	Bt5 1	Bt6 1	Bt8 2	Bt10 1	
19	Bt1 2	Bt2 1	Bt3 1	Bt4 1	Bt5 1	Bt8 1	
20	Bt1 1	Bt2 1	Bt3 1	Bt5 2	Bt6 1	
21	Bt4 1	Bt5 2	Bt7 1	Bt10 1	
22	Bt2 1	Bt4 1	Bt6 1	Bt7 2	Bt8 1	Bt9 1	
23	Bt1 1	Bt4 1	Bt5 1	Bt6 1	Bt8 1	
24	Bt1 1	Bt4 1	Bt6 1	Bt7 1	Bt8 1	
25	Bt1 1	Bt2 1	Bt9 2	Bt10 2	
26	Bt2 1	Bt4 2	Bt9 2	Bt10 1	
27	Bt1 2	Bt3 1	Bt4 1	Bt5 1	Bt6 2	Bt7 1	Bt10 1	
28	Bt1 1	Bt4 1	Bt6 2	Bt9 3	
29	Bt1 2	Bt3 1	Bt6 1	Bt8 1	
30	Bt2 2	Bt7 1	Bt8 1	Bt9 1	
31	Bt1 2	Bt3 2	Bt6 1	Bt7 1	Bt10 1	
32	Bt1 2	Bt4 1	Bt8 1	Bt10 1	
33	Bt1 3	Bt5 3	Bt10 1	
34	Bt2 1	Bt3 1	Bt5 1	Bt6 1	Bt8 2	Bt9 1	Bt10 2	
35	Bt1 1	Bt2 1	Bt3 1	Bt4 1	Bt5 1	Bt6 1	Bt7 2	Bt10 1	
36	Bt1 3	Bt3 1	Bt7 2	
37	Bt3 1	Bt4 1	Bt5 1	Bt9 2	
38	Bt2 2	Bt3 2	Bt6 1	Bt8 1	Bt9 1	
39	Bt1 2	Bt4 2	Bt5 1	Bt9 1	Bt10 3	
40	Bt1 4	Bt6 1	Bt7 3	Bt8 1	
41	Bt5 1	Bt7 1	Bt8 2	Bt9 1	
42	Bt1 1	Bt3 1	Bt4 1	Bt5 1	Bt9 1	Bt10 2	
43	Bt1 1	Bt3 3	Bt4 2	Bt6 1	Bt7 1	Bt10 1	
44	Bt1 1	Bt2 1	Bt6 2	
45	Bt5 1	Bt6 2	Bt8 1	Bt9 2	Bt10 1	
46	Bt1 1	Bt2 1	Bt3 1	Bt4 1	Bt7 1	Bt8 1	Bt9 1	Bt10 1	
47	Bt3 1	Bt4 1	Bt5 1	
48	Bt1 2	Bt4 1	Bt5 3	Bt6 1	Bt8 1	Bt10 1	
49	Bt2 1	Bt4 1	Bt5 1	Bt6 2	Bt8 1	
50	Bt2 1	Bt4 1	Bt7 1	Bt8 1	
51	Bt1 1	Bt3 1	Bt4 1	Bt5 1	Bt8 1	Bt9 1	
52	Bt3 1	Bt6 2	Bt9 1	
53	Bt1 2	Bt2 4	Bt3 1	Bt9 1	
54	Bt3 1	Bt4 2	Bt5 4	Bt6 1	Bt9 1	
55	Bt2 4	Bt3 1	Bt4 1	Bt5 1	Bt6 1	Bt7 1	
56	Bt1 1	Bt5 2	Bt8 1	
57	Bt3 1	Bt4 1	Bt5 1	Bt6 1	Bt7 1	Bt9 2	
58	Bt2 1	Bt3 1	Bt4 1	Bt6 2	Bt7 2	Bt8 1	
59	Bt2 3	Bt6 1	Bt7 2	Bt9 2	
60	Bt2 1	Bt3 3	Bt4 1	Bt5 1	Bt6 1	Bt8 2	