Name				474_n060_m400_bt10
Number_of_Customers		60
Number_of_Items			400
Number_of_ItemTypes		10
Number_of_Vehicles		16
TimeWindows			1

VEHICLE
Mass_Capacity			12595
CargoSpace_Length		60
CargoSpace_Width		25
CargoSpace_Height		30
Wheelbase			48
Max_Mass_FrontAxle		7100
Max_Mass_RearAxle		11500
Distance_FrontAxle_CargoSpace	4

CUSTOMERS
i		x		y		Demand		ReadyTime	DueDate		ServiceTime	DemandedMass	DemandedVolume
0		35		35		0		0		1000		0		0		0
1		20		34		8		142		402		10		874.72		1932
2		11		5		4		429		695		10		534.44		1814
3		1		31		9		0		955		10		1049.49		3745
4		42		67		5		0		957		10		606.13		2171
5		69		36		4		462		680		10		395.08		2320
6		16		41		9		649		903		10		1142.62		3068
7		41		25		5		0		978		10		442.43		1227
8		50		13		6		531		769		10		586.02		2012
9		33		40		9		709		961		10		1122.62		4494
10		21		43		5		215		437		10		601.62		2066
11		59		16		9		707		911		10		945.57		3484
12		55		3		7		0		952		10		718.26		3879
13		39		62		5		83		361		10		484.91		1766
14		33		48		6		0		177		10		595.8		1692
15		19		4		9		219		525		10		1171.76		3736
16		20		20		9		375		597		10		978.52		3017
17		50		67		5		462		720		10		483.39		1473
18		22		31		8		324		610		10		854.94		3481
19		28		76		3		197		421		10		384.46		1643
20		59		47		5		84		300		10		471.5		1215
21		59		33		7		0		188		10		788.2		1917
22		62		78		8		0		939		10		983.93		3005
23		8		39		8		789		1000		10		888.67		2376
24		30		11		7		0		965		10		862.7		1902
25		37		2		9		231		493		10		1100.68		3026
26		49		0		9		182		414		10		1090.42		2808
27		26		80		7		471		723		10		720.49		3157
28		14		15		5		390		594		10		487.28		1296
29		13		63		6		180		396		10		772.05		1758
30		69		10		4		595		819		10		384.07		1805
31		52		44		7		0		970		10		785.22		2633
32		65		17		6		0		955		10		730.05		2381
33		17		63		7		0		956		10		877.05		2214
34		10		13		7		0		956		10		885.27		2813
35		18		45		9		671		881		10		1182.32		3844
36		69		64		6		0		945		10		623.47		2327
37		48		79		8		0		944		10		939.6		2250
38		53		76		8		0		945		10		898.06		3670
39		0		15		4		804		1000		10		453.52		1272
40		48		18		6		567		837		10		699.99		1692
41		23		11		8		736		978		10		863.7		2621
42		18		15		7		107		363		10		812.38		1782
43		25		18		9		376		658		10		852.25		3062
44		66		71		6		518		740		10		558.13		1503
45		46		5		7		713		915		10		778.74		1965
46		63		29		9		569		773		10		1231.82		2877
47		49		64		5		808		1000		10		580.13		1308
48		40		71		8		322		572		10		926.44		2987
49		12		43		5		558		780		10		769.51		1518
50		64		1		4		152		402		10		338.64		1047
51		53		38		5		0		971		10		497.62		1524
52		9		8		8		0		205		10		1024.04		2822
53		70		3		5		0		942		10		569.16		2117
54		16		0		8		458		686		10		963.81		2772
55		37		5		7		432		676		10		841.61		2594
56		7		44		4		831		1000		10		507.71		1032
57		20		50		5		810		1000		10		465.89		1203
58		39		35		7		166		410		10		796.53		2498
59		27		67		9		0		195		10		1096		3215
60		8		54		6		440		638		10		563.29		2537

ITEMS
Type		Length		Width		Height		Mass		Fragility	LoadBearingStrength
Bt1		17		7		3		71.69		1		1.0786409
Bt2		15		6		3		91.01		0		12.1282095
Bt3		10		3		7		87.97		0		17.8852889
Bt4		16		7		8		100.81		0		2.8717528
Bt5		7		4		6		98.18		0		17.2753848
Bt6		15		2		8		106.83		0		20.1572505
Bt7		15		5		4		156.40		0		45.4180452
Bt8		11		3		8		96.73		1		8.7649072
Bt9		13		5		6		211.96		0		13.9908988
Bt10		8		6		6		114.84		0		13.3983687

DEMANDS PER CUSTOMER
i	Type Quantity
1	Bt5 2	Bt6 2	Bt7 1	Bt8 2	Bt10 1	
2	Bt4 1	Bt6 1	Bt9 1	Bt10 1	
3	Bt1 1	Bt3 1	Bt4 2	Bt5 1	Bt6 1	Bt7 1	Bt9 1	Bt10 1	
4	Bt1 1	Bt4 1	Bt6 1	Bt9 1	Bt10 1	
5	Bt4 2	Bt8 2	
6	Bt2 1	Bt4 1	Bt5 2	Bt7 2	Bt9 1	Bt10 2	
7	Bt1 1	Bt3 3	Bt6 1	
8	Bt2 2	Bt4 1	Bt5 2	Bt6 1	
9	Bt3 1	Bt4 3	Bt8 2	Bt9 2	Bt10 1	
10	Bt2 2	Bt4 1	Bt6 1	Bt9 1	
11	Bt2 1	Bt3 1	Bt4 2	Bt5 1	Bt6 2	Bt7 1	Bt8 1	
12	Bt1 1	Bt2 1	Bt4 3	Bt7 1	Bt8 1	
13	Bt2 1	Bt4 1	Bt5 2	Bt8 1	
14	Bt1 2	Bt2 1	Bt5 1	Bt6 1	Bt7 1	
15	Bt4 2	Bt5 2	Bt7 1	Bt8 2	Bt9 2	
16	Bt1 1	Bt2 2	Bt4 1	Bt5 2	Bt7 2	Bt10 1	
17	Bt1 1	Bt2 2	Bt10 2	
18	Bt1 1	Bt4 2	Bt6 2	Bt7 1	Bt8 1	Bt10 1	
19	Bt1 1	Bt4 1	Bt9 1	
20	Bt1 1	Bt3 1	Bt5 1	Bt6 2	
21	Bt1 1	Bt3 1	Bt5 1	Bt6 1	Bt8 1	Bt9 1	Bt10 1	
22	Bt1 1	Bt3 2	Bt4 1	Bt8 1	Bt9 2	Bt10 1	
23	Bt1 2	Bt2 2	Bt5 1	Bt7 1	Bt8 1	Bt9 1	
24	Bt3 2	Bt6 1	Bt7 1	Bt8 1	Bt9 1	Bt10 1	
25	Bt2 2	Bt4 1	Bt5 2	Bt7 2	Bt8 1	Bt9 1	
26	Bt1 2	Bt2 2	Bt3 1	Bt7 1	Bt8 1	Bt9 2	
27	Bt1 1	Bt3 2	Bt4 2	Bt7 1	Bt10 1	
28	Bt2 1	Bt3 1	Bt8 2	Bt10 1	
29	Bt2 2	Bt6 1	Bt7 1	Bt9 1	Bt10 1	
30	Bt1 1	Bt4 1	Bt8 1	Bt10 1	
31	Bt1 1	Bt2 1	Bt4 1	Bt5 1	Bt8 1	Bt9 1	Bt10 1	
32	Bt1 1	Bt2 1	Bt4 1	Bt5 1	Bt7 1	Bt9 1	
33	Bt1 2	Bt5 1	Bt8 1	Bt9 2	Bt10 1	
34	Bt1 1	Bt2 2	Bt4 1	Bt6 1	Bt9 2	
35	Bt3 1	Bt4 2	Bt7 3	Bt8 1	Bt9 1	Bt10 1	
36	Bt1 1	Bt2 1	Bt4 1	Bt6 1	Bt7 1	Bt8 1	
37	Bt1 2	Bt3 2	Bt5 2	Bt9 2	
38	Bt1 2	Bt3 1	Bt4 2	Bt7 1	Bt8 1	Bt9 1	
39	Bt1 2	Bt5 1	Bt9 1	
40	Bt2 1	Bt6 1	Bt8 3	Bt9 1	
41	Bt1 1	Bt3 1	Bt4 1	Bt5 3	Bt8 1	Bt9 1	
42	Bt2 1	Bt5 1	Bt6 2	Bt7 2	Bt8 1	
43	Bt1 2	Bt2 2	Bt4 1	Bt5 2	Bt10 2	
44	Bt1 1	Bt3 1	Bt5 1	Bt6 1	Bt8 2	
45	Bt1 1	Bt3 1	Bt6 2	Bt8 2	Bt9 1	
46	Bt1 1	Bt2 1	Bt6 1	Bt8 1	Bt9 3	Bt10 2	
47	Bt2 2	Bt3 1	Bt5 1	Bt9 1	
48	Bt1 1	Bt2 2	Bt4 1	Bt6 1	Bt7 1	Bt8 1	Bt9 1	
49	Bt2 1	Bt5 1	Bt7 1	Bt9 2	
50	Bt1 1	Bt2 1	Bt3 2	
51	Bt1 2	Bt2 1	Bt6 1	Bt7 1	
52	Bt4 1	Bt5 1	Bt6 1	Bt7 2	Bt8 2	Bt9 1	
53	Bt1 1	Bt3 1	Bt4 1	Bt8 1	Bt9 1	
54	Bt1 4	Bt7 1	Bt8 1	Bt9 2	
55	Bt2 1	Bt3 1	Bt4 1	Bt7 1	Bt8 2	Bt9 1	
56	Bt5 1	Bt7 2	Bt8 1	
57	Bt1 1	Bt2 1	Bt5 2	Bt6 1	
58	Bt2 2	Bt4 1	Bt5 1	Bt6 1	Bt8 1	Bt9 1	
59	Bt1 1	Bt2 1	Bt4 1	Bt5 1	Bt6 2	Bt8 1	Bt9 2	
60	Bt1 3	Bt2 1	Bt4 1	Bt7 1	