Name				482_n100_m400_bt3
Number_of_Customers		100
Number_of_Items			400
Number_of_ItemTypes		3
Number_of_Vehicles		68
TimeWindows			1

VEHICLE
Mass_Capacity			12595
CargoSpace_Length		60
CargoSpace_Width		25
CargoSpace_Height		30
Wheelbase			48
Max_Mass_FrontAxle		7100
Max_Mass_RearAxle		11500
Distance_FrontAxle_CargoSpace	4

CUSTOMERS
i		x		y		Demand		ReadyTime	DueDate		ServiceTime	DemandedMass	DemandedVolume
0		35		35		0		0		230		0		0		0
1		0		71		5		99		131		10		3452.01		12222
2		49		7		6		127		159		10		3251.16		10668
3		23		68		4		102		132		10		4453.62		15078
4		19		63		5		0		187		10		3927.8		15120
5		28		74		4		0		180		10		3652.86		13776
6		2		75		6		97		131		10		5328.47		16170
7		25		43		3		98		122		10		2902.13		9534
8		61		62		4		85		117		10		3977.83		12180
9		25		72		3		0		181		10		2426.34		6636
10		5		36		6		64		100		10		5328.47		16170
11		16		47		4		0		197		10		3177.07		10878
12		5		56		4		0		183		10		6205.96		22176
13		27		22		3		0		204		10		2101.37		8232
14		44		53		5		0		199		10		5529.32		17724
15		20		10		4		0		190		10		4929.41		17976
16		65		52		2		0		185		10		1350.64		3990
17		37		44		6		0		210		10		5804.26		19068
18		13		56		5		0		189		10		2976.22		9324
19		11		62		4		149		175		10		4778.59		13482
20		64		41		2		142		170		10		1826.43		6888
21		66		77		5		112		142		10		5529.32		17724
22		0		11		6		0		177		10		5804.26		19068
23		28		15		3		0		198		10		2101.37		8232
24		34		52		3		0		202		10		3377.92		12432
25		56		77		2		150		180		10		1350.64		3990
26		44		77		3		0		177		10		2101.37		8232
27		43		4		2		0		187		10		1826.43		6888
28		20		48		4		180		208		10		1099.76		5376
29		32		11		5		39		67		10		4728.56		16422
30		41		68		4		67		101		10		3977.83		12180
31		22		6		2		0		188		10		549.88		2688
32		33		41		3		0		213		10		2101.37		8232
33		19		25		3		100		132		10		3377.92		12432
34		42		28		5		0		210		10		3927.8		15120
35		58		64		5		63		83		10		3452.01		12222
36		38		50		2		125		151		10		1826.43		6888
37		67		70		2		0		172		10		549.88		2688
38		2		4		2		55		81		10		3102.98		11088
39		66		44		2		30		70		10		1826.43		6888
40		38		30		5		25		55		10		5854.29		16128
41		9		38		6		79		109		10		6605.02		20370
42		46		67		3		0		186		10		3702.89		10836
43		21		36		4		0		205		10		3177.07		10878
44		51		0		6		0		181		10		7080.81		23268
45		30		23		5		0		207		10		5529.32		17724
46		26		6		6		0		189		10		4852.68		13272
47		6		62		4		156		190		10		3977.83		12180
48		42		0		4		96		130		10		5730.17		19278
49		24		11		4		33		57		10		3177.07		10878
50		8		10		3		90		120		10		1625.58		5334
51		61		59		4		0		184		10		3977.83		12180
52		16		51		6		0		195		10		3251.16		10668
53		10		6		3		0		181		10		4178.68		13734
54		31		18		4		0		202		10		2701.28		7980
55		69		0		3		45		73		10		1625.58		5334
56		62		48		6		29		51		10		6605.02		20370
57		20		30		6		0		204		10		5003.5		17766
58		59		68		3		152		174		10		2902.13		9534
59		48		35		3		3		39		10		1625.58		5334
60		1		80		3		131		169		10		1625.58		5334
61		18		22		3		149		181		10		3702.89		10836
62		25		30		6		0		208		10		5804.26		19068
63		68		4		5		146		172		10		4252.77		13524
64		41		46		3		0		207		10		3377.92		12432
65		45		73		4		0		180		10		4778.59		13482
66		60		22		3		45		71		10		4654.47		16632
67		33		23		3		43		79		10		1625.58		5334
68		26		3		5		0		186		10		4252.77		13524
69		7		0		3		132		162		10		1625.58		5334
70		36		40		4		81		111		10		3177.07		10878
71		9		47		3		36		66		10		2426.34		6636
72		38		16		6		13		45		10		6280.05		21966
73		27		9		4		70		104		10		3977.83		12180
74		6		52		4		0		186		10		5254.38		16380
75		3		42		2		0		187		10		2627.19		8190
76		62		6		5		159		189		10		3452.01		12222
77		15		61		5		15		57		10		4728.56		16422
78		50		47		5		0		200		10		7281.66		24822
79		53		11		4		0		190		10		3177.07		10878
80		46		50		4		0		201		10		4453.62		15078
81		38		27		2		13		41		10		2627.19		8190
82		52		77		5		0		174		10		6805.87		21924
83		31		31		3		27		47		10		2101.37		8232
84		14		26		2		0		197		10		1350.64		3990
85		0		33		4		0		184		10		2376.31		9576
86		18		58		4		0		191		10		3177.07		10878
87		13		68		4		157		189		10		3652.86		13776
88		67		31		2		0		187		10		2151.4		5292
89		3		48		5		0		185		10		6005.11		20622
90		22		43		2		0		204		10		2627.19		8190
91		33		28		5		128		160		10		4252.77		13524
92		20		75		2		0		177		10		1350.64		3990
93		13		71		4		34		64		10		3502.04		9282
94		66		27		6		79		113		10		5328.47		16170
95		64		35		4		0		191		10		1900.52		6678
96		11		35		6		0		196		10		5328.47		16170
97		3		18		4		121		155		10		5254.38		16380
98		10		79		4		0		169		10		1900.52		6678
99		30		50		6		59		89		10		6605.02		20370
100		45		29		6		38		74		10		7080.81		23268

ITEMS
Type		Length		Width		Height		Mass		Fragility	LoadBearingStrength
Bt1		12		8		14		274.94		1		2.2061345
Bt2		33		12		14		1551.49		0		22.5900873
Bt3		21		14		9		1075.70		0		32.8855937

DEMANDS PER CUSTOMER
i	Type Quantity
1	Bt1 3	Bt2 1	Bt3 1	
2	Bt1 4	Bt3 2	
3	Bt1 1	Bt2 2	Bt3 1	
4	Bt1 3	Bt2 2	
5	Bt1 2	Bt2 2	
6	Bt1 2	Bt2 1	Bt3 3	
7	Bt1 1	Bt2 1	Bt3 1	
8	Bt1 1	Bt2 1	Bt3 2	
9	Bt1 1	Bt3 2	
10	Bt1 2	Bt2 1	Bt3 3	
11	Bt1 2	Bt2 1	Bt3 1	
12	Bt2 4	
13	Bt1 2	Bt2 1	
14	Bt1 1	Bt2 2	Bt3 2	
15	Bt1 1	Bt2 3	
16	Bt1 1	Bt3 1	
17	Bt1 2	Bt2 2	Bt3 2	
18	Bt1 3	Bt3 2	
19	Bt2 1	Bt3 3	
20	Bt1 1	Bt2 1	
21	Bt1 1	Bt2 2	Bt3 2	
22	Bt1 2	Bt2 2	Bt3 2	
23	Bt1 2	Bt2 1	
24	Bt1 1	Bt2 2	
25	Bt1 1	Bt3 1	
26	Bt1 2	Bt2 1	
27	Bt1 1	Bt2 1	
28	Bt1 4	
29	Bt1 2	Bt2 2	Bt3 1	
30	Bt1 1	Bt2 1	Bt3 2	
31	Bt1 2	
32	Bt1 2	Bt2 1	
33	Bt1 1	Bt2 2	
34	Bt1 3	Bt2 2	
35	Bt1 3	Bt2 1	Bt3 1	
36	Bt1 1	Bt2 1	
37	Bt1 2	
38	Bt2 2	
39	Bt1 1	Bt2 1	
40	Bt2 1	Bt3 4	
41	Bt1 1	Bt2 2	Bt3 3	
42	Bt2 1	Bt3 2	
43	Bt1 2	Bt2 1	Bt3 1	
44	Bt1 1	Bt2 3	Bt3 2	
45	Bt1 1	Bt2 2	Bt3 2	
46	Bt1 2	Bt3 4	
47	Bt1 1	Bt2 1	Bt3 2	
48	Bt2 3	Bt3 1	
49	Bt1 2	Bt2 1	Bt3 1	
50	Bt1 2	Bt3 1	
51	Bt1 1	Bt2 1	Bt3 2	
52	Bt1 4	Bt3 2	
53	Bt2 2	Bt3 1	
54	Bt1 2	Bt3 2	
55	Bt1 2	Bt3 1	
56	Bt1 1	Bt2 2	Bt3 3	
57	Bt1 3	Bt2 2	Bt3 1	
58	Bt1 1	Bt2 1	Bt3 1	
59	Bt1 2	Bt3 1	
60	Bt1 2	Bt3 1	
61	Bt2 1	Bt3 2	
62	Bt1 2	Bt2 2	Bt3 2	
63	Bt1 2	Bt2 1	Bt3 2	
64	Bt1 1	Bt2 2	
65	Bt2 1	Bt3 3	
66	Bt2 3	
67	Bt1 2	Bt3 1	
68	Bt1 2	Bt2 1	Bt3 2	
69	Bt1 2	Bt3 1	
70	Bt1 2	Bt2 1	Bt3 1	
71	Bt1 1	Bt3 2	
72	Bt1 2	Bt2 3	Bt3 1	
73	Bt1 1	Bt2 1	Bt3 2	
74	Bt2 2	Bt3 2	
75	Bt2 1	Bt3 1	
76	Bt1 3	Bt2 1	Bt3 1	
77	Bt1 2	Bt2 2	Bt3 1	
78	Bt2 4	Bt3 1	
79	Bt1 2	Bt2 1	Bt3 1	
80	Bt1 1	Bt2 2	Bt3 1	
81	Bt2 1	Bt3 1	
82	Bt2 3	Bt3 2	
83	Bt1 2	Bt2 1	
84	Bt1 1	Bt3 1	
85	Bt1 3	Bt2 1	
86	Bt1 2	Bt2 1	Bt3 1	
87	Bt1 2	Bt2 2	
88	Bt3 2	
89	Bt1 1	Bt2 3	Bt3 1	
90	Bt2 1	Bt3 1	
91	Bt1 2	Bt2 1	Bt3 2	
92	Bt1 1	Bt3 1	
93	Bt1 1	Bt3 3	
94	Bt1 2	Bt2 1	Bt3 3	
95	Bt1 3	Bt3 1	
96	Bt1 2	Bt2 1	Bt3 3	
97	Bt2 2	Bt3 2	
98	Bt1 3	Bt3 1	
99	Bt1 1	Bt2 2	Bt3 3	
100	Bt1 1	Bt2 3	Bt3 2	