Name				488_n100_m400_bt10
Number_of_Customers		100
Number_of_Items			400
Number_of_ItemTypes		10
Number_of_Vehicles		52
TimeWindows			1

VEHICLE
Mass_Capacity			12595
CargoSpace_Length		60
CargoSpace_Width		25
CargoSpace_Height		30
Wheelbase			48
Max_Mass_FrontAxle		7100
Max_Mass_RearAxle		11500
Distance_FrontAxle_CargoSpace	4

CUSTOMERS
i		x		y		Demand		ReadyTime	DueDate		ServiceTime	DemandedMass	DemandedVolume
0		35		35		0		0		230		0		0		0
1		64		26		5		0		189		10		1203.71		6672
2		32		31		5		0		215		10		3868.91		11112
3		0		53		5		0		180		10		2239.11		11636
4		67		5		6		105		133		10		4235.96		17864
5		4		17		6		0		184		10		1909.1		12120
6		51		11		5		65		97		10		2093.61		11532
7		7		76		3		72		102		10		1123.32		5592
8		40		5		5		136		172		10		1413.19		9320
9		35		4		6		95		125		10		3004.37		15174
10		58		49		3		0		193		10		1122.59		8400
11		30		63		5		0		191		10		4292.73		18922
12		47		36		6		0		207		10		2382.33		16584
13		38		46		5		0		208		10		3058.61		9940
14		39		58		4		24		56		10		1645.17		9968
15		42		68		4		0		186		10		3218.84		8504
16		16		30		3		0		200		10		768.42		3748
17		17		38		3		123		155		10		1140.68		8372
18		19		30		3		125		159		10		5021.43		11728
19		3		33		2		56		82		10		351.86		2500
20		31		34		3		0		215		10		1353.22		6980
21		14		39		4		0		198		10		1692.24		10542
22		44		4		3		0		187		10		1485.18		8876
23		23		63		2		0		189		10		319.98		2184
24		52		47		3		0		199		10		1140.68		8372
25		68		56		2		28		64		10		2926.71		9604
26		15		80		4		93		125		10		3827.79		14518
27		0		64		4		0		174		10		1956.9		10204
28		19		51		6		155		183		10		4381.46		17968
29		11		75		2		0		173		10		662.86		5544
30		41		22		4		85		119		10		1965.31		13538
31		1		38		5		86		114		10		4260.85		18606
32		43		19		4		0		202		10		5715.45		14976
33		28		38		6		142		178		10		2011.62		13600
34		44		74		5		81		109		10		2553.05		15652
35		59		21		4		0		192		10		1359.22		8548
36		32		73		4		0		181		10		1633.88		8676
37		32		77		5		0		177		10		3880.9		15350
38		18		41		6		79		105		10		3027.13		16720
39		11		13		2		0		187		10		568.86		3708
40		13		43		2		0		196		10		1025.45		6020
41		32		68		3		176		198		10		4714.89		11284
42		6		60		4		0		181		10		2244.36		12670
43		17		54		2		133		163		10		791.16		5628
44		67		43		5		0		187		10		3606.32		11308
45		52		53		4		0		195		10		1639.09		10224
46		8		69		6		0		176		10		2675.83		17536
47		4		73		3		0		170		10		826.78		5614
48		49		17		2		15		43		10		856.32		6174
49		0		45		2		0		183		10		1218.91		6650
50		30		44		3		0		209		10		3163.34		9752
51		36		19		6		168		196		10		3890.04		13786
52		70		31		2		114		142		10		2743.98		6632
53		70		72		3		105		139		10		3113.37		9464
54		51		4		3		120		150		10		1048.19		7582
55		34		51		3		161		189		10		845.86		3592
56		66		36		5		0		188		10		1620.98		10268
57		53		8		6		163		197		10		2469.8		13044
58		12		19		2		0		191		10		886.69		5444
59		33		59		4		0		195		10		3589.57		15148
60		53		68		2		77		115		10		1218.91		6650
61		24		18		6		0		199		10		1633.07		10258
62		6		65		4		41		77		10		3762.63		13972
63		19		46		2		0		200		10		658.4		2944
64		21		0		6		0		182		10		3675.99		14132
65		14		58		5		67		99		10		3794.32		14980
66		45		70		3		116		138		10		1091.44		5276
67		65		61		4		75		101		10		1639.09		10224
68		29		24		5		56		78		10		5265.66		15020
69		0		6		5		41		61		10		1889.4		9584
70		13		3		3		0		181		10		998.22		7294
71		70		68		4		109		131		10		1598.24		8706
72		11		32		4		0		195		10		3228.6		11816
73		59		72		4		41		69		10		2060.04		12566
74		5		30		4		73		101		10		1234.95		5284
75		64		73		6		80		102		10		1891.01		12148
76		20		12		3		0		192		10		922.31		5430
77		23		60		2		23		53		10		931.45		4184
78		0		20		2		0		181		10		716.76		4810
79		53		37		5		10		42		10		1393.33		7488
80		39		35		3		0		216		10		1685.44		8186
81		54		42		5		173		207		10		3287.71		10540
82		21		39		3		163		199		10		2994.21		9906
83		24		14		6		0		196		10		4454.31		17146
84		30		16		6		0		200		10		2124.44		12600
85		4		76		5		0		168		10		2208.84		10208
86		29		0		3		145		175		10		1640.68		9446
87		55		14		4		0		191		10		3293.76		12362
88		18		60		3		0		189		10		2750.78		8988
89		22		22		5		188		216		10		3702.63		14978
90		16		50		3		0		195		10		1410.78		8058
91		11		68		3		125		153		10		1048.19		7582
92		3		26		3		0		186		10		954.19		5746
93		24		3		6		96		128		10		4317.06		17616
94		23		55		4		130		166		10		2141.24		12064
95		52		24		3		0		199		10		3258.14		12376
96		36		77		4		75		109		10		731.19		4556
97		51		56		6		0		193		10		3858.16		13470
98		12		79		5		118		148		10		3713.22		13324
99		22		31		6		0		29		10		5023.19		22928
100		39		42		3		148		178		10		543.73		3908

ITEMS
Type		Length		Width		Height		Mass		Fragility	LoadBearingStrength
Bt1		18		11		14		331.43		0		4.3606631
Bt2		32		5		7		141.90		0		11.4227672
Bt3		16		8		12		466.53		0		148.8133556
Bt4		27		14		9		524.89		0		19.4645745
Bt5		29		8		14		694.02		0		13.5392454
Bt6		13		9		8		237.43		0		12.4650415
Bt7		23		14		14		649.26		0		18.8497624
Bt8		12		7		13		159.99		1		2.6670216
Bt9		22		8		8		191.87		0		7.0830409
Bt10		28		13		14		2277.45		1		6.6401492

DEMANDS PER CUSTOMER
i	Type Quantity
1	Bt1 1	Bt6 3	Bt8 1	
2	Bt3 3	Bt9 1	Bt10 1	
3	Bt3 1	Bt5 1	Bt6 1	Bt7 1	Bt9 1	
4	Bt1 1	Bt2 2	Bt5 1	Bt7 1	Bt10 1	
5	Bt1 1	Bt2 1	Bt3 1	Bt7 1	Bt8 2	
6	Bt2 2	Bt3 1	Bt5 1	Bt7 1	
7	Bt5 1	Bt6 1	Bt9 1	
8	Bt1 2	Bt2 2	Bt3 1	
9	Bt4 1	Bt5 3	Bt6 1	Bt8 1	
10	Bt1 1	Bt2 1	Bt7 1	
11	Bt4 1	Bt7 2	Bt9 1	Bt10 1	
12	Bt1 1	Bt4 2	Bt7 1	Bt8 1	Bt9 1	
13	Bt6 1	Bt8 1	Bt9 2	Bt10 1	
14	Bt2 1	Bt5 1	Bt7 1	Bt8 1	
15	Bt3 1	Bt6 2	Bt10 1	
16	Bt2 1	Bt3 1	Bt8 1	
17	Bt1 1	Bt7 1	Bt8 1	
18	Bt3 1	Bt10 2	
19	Bt8 1	Bt9 1	
20	Bt3 1	Bt6 1	Bt7 1	
21	Bt1 1	Bt2 1	Bt4 1	Bt5 1	
22	Bt2 1	Bt5 1	Bt7 1	
23	Bt8 2	
24	Bt1 1	Bt7 1	Bt8 1	
25	Bt7 1	Bt10 1	
26	Bt1 1	Bt4 1	Bt5 1	Bt10 1	
27	Bt1 1	Bt5 2	Bt6 1	
28	Bt1 1	Bt5 1	Bt6 1	Bt7 1	Bt9 1	Bt10 1	
29	Bt1 2	
30	Bt2 1	Bt4 1	Bt7 2	
31	Bt4 1	Bt7 2	Bt8 1	Bt10 1	
32	Bt3 1	Bt5 1	Bt10 2	
33	Bt2 2	Bt6 1	Bt7 2	Bt9 1	
34	Bt4 2	Bt5 1	Bt7 1	Bt8 1	
35	Bt1 1	Bt2 1	Bt5 1	Bt9 1	
36	Bt1 1	Bt2 1	Bt3 1	Bt5 1	
37	Bt4 1	Bt6 1	Bt7 1	Bt9 1	Bt10 1	
38	Bt1 1	Bt3 1	Bt5 2	Bt7 1	Bt9 1	
39	Bt1 1	Bt6 1	
40	Bt1 1	Bt5 1	
41	Bt8 1	Bt10 2	
42	Bt1 1	Bt4 1	Bt5 2	
43	Bt2 1	Bt7 1	
44	Bt5 1	Bt6 2	Bt8 1	Bt10 1	
45	Bt1 1	Bt3 1	Bt7 1	Bt9 1	
46	Bt1 1	Bt5 1	Bt7 2	Bt8 1	Bt9 1	
47	Bt2 1	Bt4 1	Bt8 1	
48	Bt1 1	Bt4 1	
49	Bt4 1	Bt5 1	
50	Bt5 1	Bt9 1	Bt10 1	
51	Bt3 1	Bt4 1	Bt6 1	Bt9 2	Bt10 1	
52	Bt3 1	Bt10 1	
53	Bt2 1	Bt5 1	Bt10 1	
54	Bt1 1	Bt4 1	Bt9 1	
55	Bt2 1	Bt3 1	Bt6 1	
56	Bt2 1	Bt4 2	Bt6 1	Bt9 1	
57	Bt1 1	Bt2 2	Bt3 1	Bt5 2	
58	Bt6 1	Bt7 1	
59	Bt1 2	Bt7 1	Bt10 1	
60	Bt4 1	Bt5 1	
61	Bt1 1	Bt2 1	Bt4 1	Bt6 2	Bt8 1	
62	Bt2 1	Bt5 1	Bt7 1	Bt10 1	
63	Bt3 1	Bt9 1	
64	Bt6 1	Bt7 1	Bt8 2	Bt9 1	Bt10 1	
65	Bt1 2	Bt5 1	Bt8 1	Bt10 1	
66	Bt5 1	Bt6 1	Bt8 1	
67	Bt1 1	Bt3 1	Bt7 1	Bt9 1	
68	Bt1 1	Bt2 1	Bt6 1	Bt10 2	
69	Bt1 1	Bt3 1	Bt5 1	Bt6 1	Bt8 1	
70	Bt1 1	Bt2 1	Bt4 1	
71	Bt2 1	Bt4 1	Bt5 1	Bt6 1	
72	Bt2 1	Bt7 1	Bt8 1	Bt10 1	
73	Bt4 1	Bt5 1	Bt7 1	Bt9 1	
74	Bt2 1	Bt3 2	Bt8 1	
75	Bt1 1	Bt2 2	Bt3 1	Bt7 1	Bt8 1	
76	Bt4 1	Bt6 1	Bt8 1	
77	Bt5 1	Bt6 1	
78	Bt4 1	Bt9 1	
79	Bt2 1	Bt5 1	Bt6 1	Bt8 2	
80	Bt3 1	Bt4 1	Bt5 1	
81	Bt3 1	Bt8 1	Bt9 2	Bt10 1	
82	Bt4 1	Bt9 1	Bt10 1	
83	Bt1 1	Bt3 1	Bt4 1	Bt5 1	Bt8 1	Bt10 1	
84	Bt5 1	Bt6 1	Bt7 1	Bt8 1	Bt9 2	
85	Bt3 3	Bt7 1	Bt8 1	
86	Bt3 1	Bt4 1	Bt7 1	
87	Bt1 1	Bt4 1	Bt8 1	Bt10 1	
88	Bt1 1	Bt2 1	Bt10 1	
89	Bt1 2	Bt4 1	Bt6 1	Bt10 1	
90	Bt4 1	Bt5 1	Bt9 1	
91	Bt1 1	Bt4 1	Bt9 1	
92	Bt4 1	Bt6 1	Bt9 1	
93	Bt1 1	Bt3 1	Bt4 2	Bt9 1	Bt10 1	
94	Bt1 1	Bt3 1	Bt5 1	Bt7 1	
95	Bt1 1	Bt7 1	Bt10 1	
96	Bt2 1	Bt6 1	Bt8 1	Bt9 1	
97	Bt3 1	Bt4 1	Bt6 1	Bt8 1	Bt9 1	Bt10 1	
98	Bt3 1	Bt7 1	Bt8 2	Bt10 1	
99	Bt1 1	Bt3 1	Bt7 3	Bt10 1	
100	Bt8 1	Bt9 2	