Name				489_n100_m400_bt10
Number_of_Customers		100
Number_of_Items			400
Number_of_ItemTypes		10
Number_of_Vehicles		51
TimeWindows			1

VEHICLE
Mass_Capacity			12595
CargoSpace_Length		60
CargoSpace_Width		25
CargoSpace_Height		30
Wheelbase			48
Max_Mass_FrontAxle		7100
Max_Mass_RearAxle		11500
Distance_FrontAxle_CargoSpace	4

CUSTOMERS
i		x		y		Demand		ReadyTime	DueDate		ServiceTime	DemandedMass	DemandedVolume
0		35		35		0		0		230		0		0		0
1		67		45		5		0		186		10		1624.34		9690
2		24		3		5		0		186		10		1642.18		10594
3		44		77		3		0		177		10		1380.82		7698
4		44		34		3		0		210		10		971.78		8200
5		62		62		4		0		181		10		1613.67		9288
6		53		41		3		26		52		10		875.18		5196
7		41		35		4		0		214		10		1202.5		8216
8		37		1		4		0		185		10		1523.13		10742
9		12		69		6		0		178		10		1784.35		14458
10		50		14		2		154		188		10		864.35		4992
11		33		13		4		0		197		10		1289.83		8868
12		4		28		4		142		174		10		1480.17		11368
13		48		37		5		110		140		10		2082.65		14376
14		18		38		3		0		202		10		863.22		5442
15		51		33		3		0		203		10		599.46		3840
16		9		15		2		0		187		10		864.35		4992
17		1		6		6		101		123		10		3405.98		17276
18		47		11		4		109		137		10		1971.36		11148
19		60		29		4		0		194		10		1324.13		9926
20		11		74		4		132		158		10		1659.43		8622
21		5		58		4		22		52		10		1349.85		8882
22		56		35		3		0		199		10		1230.61		8268
23		60		33		6		0		194		10		1538.46		11190
24		40		48		2		0		206		10		768.13		4792
25		65		54		6		0		184		10		2655.9		17538
26		25		11		2		0		194		10		1015.69		3816
27		28		50		4		0		203		10		1220.96		8496
28		70		40		3		50		88		10		1209		8898
29		5		21		5		0		186		10		2468.48		13272
30		27		39		3		162		188		10		932.59		7292
31		39		16		5		130		158		10		1488.09		10948
32		38		41		5		0		213		10		1451.84		8094
33		60		45		4		0		193		10		2153.51		12360
34		28		72		5		0		182		10		2036.02		10780
35		3		45		6		0		186		10		2751.94		14430
36		19		70		4		0		181		10		1441.17		11222
37		20		19		4		0		198		10		1185.44		7576
38		1		76		3		0		166		10		1095.39		7922
39		42		14		5		0		197		10		2242.51		13422
40		36		76		5		0		178		10		2072.38		14298
41		17		53		4		0		194		10		1542.49		8778
42		32		39		5		0		215		10		2061.55		13938
43		22		76		2		0		176		10		504.37		3190
44		6		54		2		0		185		10		504.37		3190
45		60		41		2		0		194		10		586.33		2710
46		35		6		4		0		191		10		1600.54		11532
47		19		29		3		182		212		10		1196.22		6742
48		6		73		6		0		172		10		2114.8		17154
49		37		38		3		0		216		10		820.79		4976
50		41		61		6		0		193		10		2484.24		17106
51		48		77		5		150		176		10		1482.81		10284
52		23		46		3		0		203		10		1346.43		6172
53		68		77		5		0		166		10		2250.45		13354
54		41		57		4		0		197		10		1187.05		8252
55		44		69		2		0		184		10		620.72		4236
56		12		5		4		0		182		10		1441.17		11222
57		21		33		4		0		205		10		1193.96		7798
58		59		72		3		142		172		10		772.74		5700
59		32		54		5		80		108		10		2099.27		14332
60		39		11		2		0		195		10		933.73		4296
61		42		24		5		0		206		10		2020.25		12866
62		64		59		3		0		182		10		1056.98		7278
63		8		36		4		136		160		10		1562.48		10018
64		15		26		5		0		198		10		1421.03		9236
65		67		62		4		0		178		10		1772.36		10332
66		56		55		3		0		191		10		932.11		6010
67		20		80		4		0		172		10		2385.68		11310
68		59		48		4		0		192		10		2649.95		11844
69		17		16		3		0		193		10		1023.43		8350
70		42		8		4		32		64		10		1274.79		7924
71		28		45		4		0		207		10		1562.48		10018
72		33		77		3		0		177		10		839.66		4276
73		36		29		4		0		213		10		930.2		6196
74		29		6		3		0		190		10		1346.43		6172
75		29		27		4		0		210		10		1045.42		7848
76		49		30		3		0		205		10		1543.62		8328
77		59		62		4		0		183		10		1108.03		6786
78		26		42		5		30		64		10		2074.93		17136
79		68		7		5		0		176		10		2037.99		12772
80		29		17		5		0		201		10		2132.24		10980
81		29		33		3		0		213		10		1176.22		8048
82		10		19		4		0		190		10		1013.29		5110
83		64		41		6		0		190		10		2291.26		15534
84		46		47		3		0		203		10		1438.88		7906
85		39		64		6		0		190		10		1769.08		16032
86		45		24		6		0		205		10		2416.97		19400
87		40		54		6		0		200		10		1673.68		11536
88		14		54		3		0		191		10		1420.01		8606
89		1		64		4		0		175		10		1381.5		10338
90		49		6		5		124		158		10		1548.28		11516
91		57		8		5		45		73		10		1793.17		13818
92		68		21		4		0		184		10		1586.63		9982
93		47		20		3		73		99		10		874.05		5802
94		26		19		3		0		201		10		976.74		5950
95		70		30		5		92		126		10		1566.63		11132
96		18		25		4		152		186		10		1726.6		10998
97		7		69		2		81		113		10		599.11		4866
98		12		28		5		142		166		10		2091.17		14598
99		2		49		5		0		184		10		1726.44		11040
100		66		26		3		0		187		10		1148.3		9618

ITEMS
Type		Length		Width		Height		Mass		Fragility	LoadBearingStrength
Bt1		25		12		11		345.78		0		6.8761151
Bt2		28		13		9		366.26		0		18.0732130
Bt3		34		12		7		761.23		0		30.7386671
Bt4		29		9		6		253.33		0		6.7700735
Bt5		32		9		14		609.89		0		20.4531219
Bt6		25		10		7		331.87		1		4.0958982
Bt7		26		9		13		436.26		0		7.5050725
Bt8		12		10		8		254.46		1		10.6637345
Bt9		35		5		14		313		0		17.3064326
Bt10		16		9		10		172.50		0		36.6935441

DEMANDS PER CUSTOMER
i	Type Quantity
1	Bt4 3	Bt5 1	Bt8 1	
2	Bt2 1	Bt4 1	Bt6 1	Bt7 1	Bt8 1	
3	Bt2 1	Bt3 1	Bt4 1	
4	Bt1 1	Bt9 2	
5	Bt1 1	Bt3 1	Bt4 2	
6	Bt2 1	Bt8 2	
7	Bt2 1	Bt6 2	Bt10 1	
8	Bt1 1	Bt5 1	Bt8 1	Bt9 1	
9	Bt2 2	Bt4 1	Bt9 2	Bt10 1	
10	Bt5 1	Bt8 1	
11	Bt1 1	Bt4 1	Bt7 1	Bt8 1	
12	Bt1 1	Bt2 1	Bt6 1	Bt7 1	
13	Bt1 1	Bt5 1	Bt7 2	Bt8 1	
14	Bt7 1	Bt8 1	Bt10 1	
15	Bt8 1	Bt10 2	
16	Bt5 1	Bt8 1	
17	Bt3 2	Bt5 2	Bt6 2	
18	Bt1 1	Bt3 1	Bt5 1	Bt8 1	
19	Bt2 1	Bt6 1	Bt9 2	
20	Bt3 1	Bt4 1	Bt6 1	Bt9 1	
21	Bt5 1	Bt8 1	Bt9 1	Bt10 1	
22	Bt2 1	Bt5 1	Bt8 1	
23	Bt8 1	Bt9 3	Bt10 2	
24	Bt6 1	Bt7 1	
25	Bt1 1	Bt3 1	Bt5 1	Bt9 3	
26	Bt3 1	Bt8 1	
27	Bt1 1	Bt2 1	Bt8 2	
28	Bt1 1	Bt4 1	Bt5 1	
29	Bt1 2	Bt3 2	Bt8 1	
30	Bt2 1	Bt4 1	Bt9 1	
31	Bt4 1	Bt7 1	Bt9 2	Bt10 1	
32	Bt4 2	Bt7 1	Bt8 2	
33	Bt3 1	Bt5 2	Bt10 1	
34	Bt3 1	Bt4 2	Bt6 1	Bt7 1	
35	Bt2 1	Bt3 2	Bt7 1	Bt8 1	Bt10 1	
36	Bt1 1	Bt5 1	Bt9 1	Bt10 1	
37	Bt1 1	Bt4 1	Bt6 1	Bt8 1	
38	Bt5 1	Bt9 1	Bt10 1	
39	Bt3 1	Bt7 3	Bt10 1	
40	Bt1 2	Bt2 1	Bt3 1	Bt4 1	
41	Bt3 1	Bt7 1	Bt10 2	
42	Bt1 2	Bt3 1	Bt7 1	Bt10 1	
43	Bt6 1	Bt10 1	
44	Bt6 1	Bt10 1	
45	Bt6 1	Bt8 1	
46	Bt1 1	Bt5 1	Bt6 1	Bt9 1	
47	Bt5 1	Bt6 1	Bt8 1	
48	Bt1 2	Bt2 2	Bt7 1	Bt8 1	
49	Bt4 1	Bt8 1	Bt9 1	
50	Bt2 1	Bt4 1	Bt5 2	Bt6 1	Bt9 1	
51	Bt2 1	Bt4 1	Bt7 1	Bt8 1	Bt10 1	
52	Bt3 1	Bt4 1	Bt6 1	
53	Bt3 1	Bt4 1	Bt5 1	Bt9 2	
54	Bt2 1	Bt4 1	Bt8 1	Bt9 1	
55	Bt2 1	Bt8 1	
56	Bt1 1	Bt5 1	Bt9 1	Bt10 1	
57	Bt4 1	Bt6 1	Bt7 1	Bt10 1	
58	Bt1 1	Bt8 1	Bt10 1	
59	Bt1 1	Bt2 1	Bt3 1	Bt9 2	
60	Bt3 1	Bt10 1	
61	Bt1 2	Bt3 1	Bt8 1	Bt9 1	
62	Bt2 1	Bt7 1	Bt8 1	
63	Bt2 1	Bt5 1	Bt6 1	Bt8 1	
64	Bt1 1	Bt4 1	Bt8 2	Bt9 1	
65	Bt2 1	Bt3 1	Bt6 1	Bt9 1	
66	Bt1 1	Bt6 1	Bt8 1	
67	Bt3 2	Bt4 1	Bt5 1	
68	Bt2 1	Bt3 3	
69	Bt1 2	Bt6 1	
70	Bt4 2	Bt6 1	Bt7 1	
71	Bt2 1	Bt5 1	Bt6 1	Bt8 1	
72	Bt4 1	Bt6 1	Bt8 1	
73	Bt4 1	Bt6 1	Bt10 2	
74	Bt3 1	Bt4 1	Bt6 1	
75	Bt2 1	Bt4 2	Bt10 1	
76	Bt3 1	Bt5 1	Bt10 1	
77	Bt1 1	Bt4 1	Bt8 2	
78	Bt2 4	Bt5 1	
79	Bt1 2	Bt3 1	Bt4 1	Bt6 1	
80	Bt3 1	Bt4 2	Bt5 1	Bt8 1	
81	Bt4 1	Bt5 1	Bt9 1	
82	Bt6 1	Bt8 2	Bt10 1	
83	Bt1 1	Bt5 1	Bt6 1	Bt7 1	Bt8 1	Bt9 1	
84	Bt1 1	Bt3 1	Bt6 1	
85	Bt1 2	Bt2 2	Bt10 2	
86	Bt1 2	Bt2 1	Bt5 1	Bt7 1	Bt9 1	
87	Bt2 1	Bt8 2	Bt9 2	Bt10 1	
88	Bt1 1	Bt3 1	Bt9 1	
89	Bt1 1	Bt4 1	Bt5 1	Bt10 1	
90	Bt1 1	Bt2 1	Bt6 2	Bt10 1	
91	Bt1 1	Bt2 1	Bt6 1	Bt7 1	Bt9 1	
92	Bt5 1	Bt6 2	Bt9 1	
93	Bt2 1	Bt4 1	Bt8 1	
94	Bt6 2	Bt9 1	
95	Bt6 1	Bt7 1	Bt9 2	Bt10 1	
96	Bt1 1	Bt2 1	Bt3 1	Bt4 1	
97	Bt1 1	Bt4 1	
98	Bt5 1	Bt7 3	Bt10 1	
99	Bt4 1	Bt5 1	Bt7 1	Bt8 1	Bt10 1	
100	Bt1 1	Bt2 1	Bt7 1	