Name				490_n100_m400_bt10
Number_of_Customers		100
Number_of_Items			400
Number_of_ItemTypes		10
Number_of_Vehicles		55
TimeWindows			1

VEHICLE
Mass_Capacity			12595
CargoSpace_Length		60
CargoSpace_Width		25
CargoSpace_Height		30
Wheelbase			48
Max_Mass_FrontAxle		7100
Max_Mass_RearAxle		11500
Distance_FrontAxle_CargoSpace	4

CUSTOMERS
i		x		y		Demand		ReadyTime	DueDate		ServiceTime	DemandedMass	DemandedVolume
0		35		35		0		0		230		0		0		0
1		68		52		4		0		182		10		1587.51		8393
2		4		56		3		0		182		10		2299.65		8648
3		20		57		2		27		53		10		1070.33		4984
4		67		6		4		111		139		10		2530.24		10891
5		48		64		6		115		151		10		3038.24		16189
6		29		61		4		0		193		10		2493.47		11734
7		17		70		6		0		180		10		2424.77		17472
8		34		54		4		163		195		10		2998.49		11266
9		68		3		5		158		178		10		3447.02		14133
10		29		75		4		129		155		10		3185.19		12394
11		8		51		6		0		188		10		2650.91		13861
12		56		73		2		104		130		10		661.6		6496
13		54		0		2		123		151		10		780.96		2922
14		14		79		5		0		171		10		2093.14		11102
15		39		64		6		0		190		10		3221.77		15262
16		31		13		4		0		197		10		1693.6		7011
17		64		25		5		0		189		10		2554.25		12829
18		49		69		2		0		183		10		889.95		4228
19		64		68		5		53		79		10		2034.97		9867
20		26		5		4		0		188		10		1666.19		8977
21		10		71		5		0		176		10		2085.11		9155
22		4		11		3		0		180		10		2994.08		10784
23		19		73		4		145		169		10		3051.63		12873
24		19		2		4		0		183		10		1634.87		8792
25		36		51		4		0		203		10		2295.37		7876
26		47		43		4		8		32		10		1751.77		8246
27		14		46		2		34		50		10		878.56		4774
28		56		77		5		0		173		10		1671.58		11805
29		22		7		4		0		189		10		1910.81		9793
30		0		63		4		0		175		10		1320.11		8669
31		61		34		6		0		193		10		2994.54		17516
32		27		41		6		0		210		10		2889.08		12905
33		22		38		6		0		206		10		3982.52		14805
34		66		14		3		50		82		10		1839.45		7775
35		65		42		2		0		189		10		1762.55		5777
36		19		21		4		0		198		10		2471.51		12672
37		55		49		2		0		195		10		890.45		4361
38		7		54		5		0		186		10		2399.78		10231
39		1		58		3		0		178		10		2090.74		9872
40		23		54		5		0		197		10		1938.16		11683
41		29		37		5		0		213		10		2262.95		12250
42		23		70		4		0		183		10		2131.61		8156
43		28		31		5		109		129		10		2832.47		10747
44		67		38		2		0		187		10		875.33		5768
45		6		22		4		0		188		10		2097.76		9507
46		15		58		4		0		189		10		1658.14		9475
47		34		14		6		59		85		10		3380.71		14486
48		69		45		3		0		184		10		1220.75		7476
49		49		11		2		0		192		10		856.6		5712
50		45		46		3		0		205		10		1491.1		5947
51		30		20		4		0		204		10		2675.96		11510
52		48		21		6		0		200		10		4414.96		16735
53		9		46		6		0		191		10		3451.43		14615
54		49		80		3		0		172		10		2475.3		7955
55		34		65		4		0		189		10		1851.29		7906
56		53		53		6		112		142		10		3768.54		16947
57		56		63		4		0		185		10		2659.84		10607
58		27		65		5		0		188		10		3012.43		13729
59		44		55		2		0		198		10		714.8		5054
60		4		39		6		0		188		10		3854.55		14857
61		65		57		4		0		182		10		2657.23		11454
62		35		47		5		0		208		10		2149.28		11802
63		49		40		3		142		166		10		1211.97		7175
64		63		37		4		12		44		10		1454.49		8036
65		14		67		6		46		80		10		2283.39		12179
66		55		26		4		0		198		10		1965.5		7518
67		59		30		4		0		195		10		1413.78		6894
68		63		4		5		0		178		10		2750.99		9798
69		43		2		4		0		186		10		2095.15		10354
70		7		41		5		0		191		10		1854.07		11581
71		36		22		3		0		206		10		1142.5		5533
72		59		44		2		0		194		10		605.31		3615
73		42		73		3		0		181		10		1418.36		5845
74		11		63		5		0		183		10		1915.7		12488
75		37		25		5		19		51		10		2100.54		13182
76		70		21		4		0		182		10		1575.43		7594
77		35		58		4		0		197		10		1506.65		7297
78		20		77		4		0		175		10		2650.39		10985
79		50		27		4		0		203		10		1634.87		8792
80		68		60		2		0		178		10		1598.29		5924
81		48		15		4		0		196		10		3196.58		11848
82		55		40		2		0		199		10		1759.94		6624
83		43		9		2		101		141		10		1586.9		6470
84		60		51		5		107		137		10		3543.02		13786
85		23		43		3		0		205		10		1415.75		6692
86		52		68		4		0		182		10		1727.11		10984
87		64		63		4		0		179		10		1407.64		11046
88		10		54		4		0		188		10		1771.85		8954
89		26		18		6		0		200		10		4779.77		17099
90		14		16		3		46		82		10		1306.76		5386
91		30		72		2		80		110		10		887.84		5208
92		14		63		3		0		185		10		1318.06		5793
93		55		19		4		0		194		10		2530.24		10891
94		41		76		3		0		178		10		1848.73		8209
95		22		13		4		140		172		10		1584.08		9394
96		52		76		4		0		175		10		1944.16		8309
97		39		5		4		0		189		10		1935.38		8008
98		25		80		2		0		173		10		1074.79		4922
99		42		6		5		0		190		10		1938.16		11683
100		7		69		4		0		175		10		1439.95		10265

ITEMS
Type		Length		Width		Height		Mass		Fragility	LoadBearingStrength
Bt1		21		11		7		528.41		0		4.6630391
Bt2		14		14		14		362.04		0		13.5659403
Bt3		21		14		6		364.15		0		8.3923874
Bt4		29		8		14		330.80		0		9.9097862
Bt5		28		8		11		525.80		0		17.8124246
Bt6		35		8		9		544.53		0		4.1408762
Bt7		32		10		13		1234.14		0		15.5253051
Bt8		15		14		11		352.76		0		9.1649236
Bt9		29		5		9		252.55		1		1.7109596
Bt10		22		11		9		712.75		1		3.1479838

DEMANDS PER CUSTOMER
i	Type Quantity
1	Bt1 1	Bt3 2	Bt4 1	
2	Bt7 1	Bt8 1	Bt10 1	
3	Bt5 1	Bt6 1	
4	Bt4 1	Bt7 1	Bt9 1	Bt10 1	
5	Bt3 1	Bt4 2	Bt5 1	Bt7 1	Bt9 1	
6	Bt2 1	Bt6 1	Bt7 1	Bt8 1	
7	Bt2 1	Bt4 3	Bt5 1	Bt6 1	
8	Bt5 2	Bt7 1	Bt10 1	
9	Bt2 1	Bt3 1	Bt7 2	Bt9 1	
10	Bt3 1	Bt7 2	Bt8 1	
11	Bt1 1	Bt2 1	Bt3 1	Bt4 1	Bt8 1	Bt10 1	
12	Bt4 2	
13	Bt1 1	Bt9 1	
14	Bt1 2	Bt4 1	Bt8 2	
15	Bt2 1	Bt3 2	Bt6 1	Bt7 1	Bt8 1	
16	Bt3 2	Bt9 1	Bt10 1	
17	Bt2 1	Bt7 1	Bt8 2	Bt9 1	
18	Bt3 1	Bt5 1	
19	Bt3 1	Bt8 2	Bt9 1	Bt10 1	
20	Bt2 1	Bt5 2	Bt9 1	
21	Bt1 1	Bt5 2	Bt9 2	
22	Bt5 1	Bt7 2	
23	Bt4 1	Bt7 2	Bt9 1	
24	Bt2 1	Bt3 2	Bt6 1	
25	Bt1 2	Bt5 1	Bt10 1	
26	Bt1 2	Bt3 1	Bt4 1	
27	Bt5 1	Bt8 1	
28	Bt2 2	Bt3 1	Bt4 1	Bt9 1	
29	Bt1 1	Bt4 1	Bt5 2	
30	Bt2 1	Bt8 2	Bt9 1	
31	Bt2 2	Bt4 1	Bt7 1	Bt8 2	
32	Bt6 1	Bt7 1	Bt8 1	Bt9 3	
33	Bt5 1	Bt6 1	Bt7 1	Bt9 1	Bt10 2	
34	Bt7 1	Bt8 1	Bt9 1	
35	Bt1 1	Bt7 1	
36	Bt2 1	Bt4 1	Bt6 1	Bt7 1	
37	Bt1 1	Bt2 1	
38	Bt3 1	Bt5 1	Bt6 1	Bt9 1	Bt10 1	
39	Bt4 1	Bt5 1	Bt7 1	
40	Bt1 1	Bt2 1	Bt3 1	Bt4 1	Bt8 1	
41	Bt1 2	Bt4 2	Bt6 1	
42	Bt1 2	Bt2 1	Bt10 1	
43	Bt1 1	Bt5 1	Bt8 1	Bt10 2	
44	Bt4 1	Bt6 1	
45	Bt1 1	Bt4 1	Bt5 1	Bt10 1	
46	Bt2 1	Bt4 1	Bt9 1	Bt10 1	
47	Bt3 2	Bt7 1	Bt8 2	Bt10 1	
48	Bt3 1	Bt4 1	Bt5 1	
49	Bt4 1	Bt5 1	
50	Bt5 1	Bt9 1	Bt10 1	
51	Bt6 2	Bt7 1	Bt8 1	
52	Bt1 1	Bt7 2	Bt8 2	Bt10 1	
53	Bt2 1	Bt3 1	Bt5 1	Bt7 1	Bt9 1	Bt10 1	
54	Bt1 1	Bt7 1	Bt10 1	
55	Bt1 1	Bt5 1	Bt6 1	Bt9 1	
56	Bt3 1	Bt4 1	Bt7 2	Bt8 1	Bt9 1	
57	Bt1 1	Bt6 1	Bt7 1	Bt8 1	
58	Bt1 1	Bt2 2	Bt5 1	Bt7 1	
59	Bt2 1	Bt8 1	
60	Bt1 1	Bt7 2	Bt8 1	Bt9 2	
61	Bt5 1	Bt6 1	Bt7 1	Bt8 1	
62	Bt2 1	Bt3 1	Bt5 1	Bt6 1	Bt8 1	
63	Bt1 1	Bt4 1	Bt8 1	
64	Bt2 1	Bt3 3	
65	Bt1 1	Bt2 2	Bt5 1	Bt9 2	
66	Bt1 2	Bt3 1	Bt6 1	
67	Bt3 1	Bt6 1	Bt9 2	
68	Bt1 1	Bt6 1	Bt9 1	Bt10 2	
69	Bt4 1	Bt5 2	Bt10 1	
70	Bt2 1	Bt3 1	Bt4 1	Bt6 1	Bt9 1	
71	Bt3 1	Bt5 1	Bt9 1	
72	Bt8 1	Bt9 1	
73	Bt1 1	Bt3 1	Bt5 1	
74	Bt3 2	Bt4 2	Bt5 1	
75	Bt2 1	Bt3 1	Bt4 2	Bt10 1	
76	Bt5 1	Bt6 1	Bt9 2	
77	Bt3 2	Bt5 1	Bt9 1	
78	Bt1 1	Bt2 1	Bt5 1	Bt7 1	
79	Bt2 1	Bt3 2	Bt6 1	
80	Bt3 1	Bt7 1	
81	Bt3 2	Bt7 2	
82	Bt5 1	Bt7 1	
83	Bt7 1	Bt8 1	
84	Bt5 2	Bt6 1	Bt7 1	Bt10 1	
85	Bt3 1	Bt5 2	
86	Bt4 2	Bt8 1	Bt10 1	
87	Bt2 2	Bt4 1	Bt8 1	
88	Bt3 2	Bt4 1	Bt10 1	
89	Bt1 1	Bt5 1	Bt6 1	Bt7 2	Bt10 1	
90	Bt1 1	Bt5 1	Bt9 1	
91	Bt2 1	Bt5 1	
92	Bt8 1	Bt9 1	Bt10 1	
93	Bt4 1	Bt7 1	Bt9 1	Bt10 1	
94	Bt2 1	Bt7 1	Bt9 1	
95	Bt5 1	Bt8 3	
96	Bt1 1	Bt3 1	Bt5 2	
97	Bt1 2	Bt5 1	Bt8 1	
98	Bt2 1	Bt10 1	
99	Bt1 1	Bt2 1	Bt3 1	Bt4 1	Bt8 1	
100	Bt4 2	Bt5 1	Bt9 1	