Name				492_n100_m400_bt100
Number_of_Customers		100
Number_of_Items			400
Number_of_ItemTypes		100
Number_of_Vehicles		59
TimeWindows			1

VEHICLE
Mass_Capacity			12595
CargoSpace_Length		60
CargoSpace_Width		25
CargoSpace_Height		30
Wheelbase			48
Max_Mass_FrontAxle		7100
Max_Mass_RearAxle		11500
Distance_FrontAxle_CargoSpace	4

CUSTOMERS
i		x		y		Demand		ReadyTime	DueDate		ServiceTime	DemandedMass	DemandedVolume
0		35		35		0		0		230		0		0		0
1		9		42		3		105		135		10		1610.49		7150
2		0		39		3		83		103		10		701.14		6145
3		28		57		4		151		173		10		1866.6		10560
4		33		2		4		165		189		10		1559.76		9397
5		2		47		3		0		184		10		2370.42		13229
6		12		59		4		36		74		10		2776.06		13642
7		58		35		6		0		197		10		4661.24		12644
8		35		45		3		0		210		10		1594.16		7091
9		24		58		5		99		131		10		1777.68		7468
10		40		28		2		196		218		10		1710.38		2364
11		35		58		6		135		165		10		2929.47		13443
12		29		39		4		47		85		10		1555.26		9610
13		8		59		4		119		153		10		2209.52		9144
14		28		45		4		6		34		10		2078.33		9620
15		17		16		4		149		185		10		1755.21		9126
16		42		16		6		74		94		10		2193.57		11900
17		23		65		5		130		150		10		1457.8		7838
18		59		76		4		42		74		10		1901.38		11522
19		45		29		3		119		147		10		1018.45		5598
20		43		4		2		30		64		10		660.49		5722
21		1		50		2		0		182		10		1729.28		9668
22		68		48		3		126		156		10		1550.91		6618
23		1		76		5		42		76		10		1699.93		7765
24		39		46		5		47		71		10		2780.54		15665
25		58		53		4		31		63		10		1709.02		9352
26		8		25		6		55		79		10		4363.6		11597
27		68		8		3		117		143		10		1478.83		6656
28		26		17		4		0		199		10		1922		9490
29		33		70		4		130		154		10		1898.5		6770
30		51		44		5		109		137		10		1693.42		12796
31		7		12		5		102		126		10		5135.42		11602
32		5		28		3		0		189		10		2224.05		6708
33		48		35		4		67		99		10		2129.46		11418
34		51		17		3		0		195		10		1090.8		8054
35		56		12		4		143		161		10		1066.47		7461
36		56		4		4		0		182		10		3952.67		8934
37		66		2		4		89		123		10		3508.92		6510
38		43		11		4		118		148		10		1333.2		8274
39		4		17		2		129		155		10		1903.93		3982
40		36		25		4		0		209		10		3296.18		10148
41		69		61		3		0		177		10		1048.59		8580
42		34		61		5		0		193		10		2231.96		13146
43		68		30		4		128		154		10		1212.17		5650
44		61		37		3		179		199		10		565.85		3960
45		24		27		4		99		133		10		2007.76		8800
46		44		65		3		29		55		10		1352.46		6848
47		36		8		6		0		192		10		2817.97		15214
48		18		37		5		167		195		10		2759.3		7234
49		64		67		6		0		176		10		3731.71		12825
50		3		39		6		53		89		10		2913.95		15293
51		65		9		5		62		96		10		2232.44		9738
52		13		52		5		125		159		10		2891.48		11004
53		69		3		5		0		173		10		2190.91		8757
54		24		13		2		141		165		10		729.89		3746
55		6		22		6		102		134		10		1896.14		10067
56		66		18		3		0		184		10		1490.94		5488
57		38		70		4		123		153		10		1836.9		10115
58		41		65		4		79		105		10		1284.22		11160
59		22		19		4		12		42		10		1359.99		6940
60		14		77		2		120		146		10		817.88		4338
61		27		4		4		0		187		10		4289.08		8596
62		28		80		2		54		82		10		894.57		4404
63		10		47		4		159		199		10		2211.27		8832
64		48		29		4		64		100		10		2770.15		11301
65		51		74		6		0		177		10		4088.26		17240
66		28		67		3		37		69		10		1119.35		7181
67		42		80		3		0		174		10		1311.9		5530
68		48		78		3		122		142		10		1615.15		4968
69		47		58		4		31		69		10		1147.3		9224
70		27		31		4		69		97		10		949.56		6516
71		59		45		5		0		194		10		2306.34		10208
72		56		15		4		151		167		10		1802.02		9898
73		2		57		5		0		180		10		1993.94		8451
74		68		39		2		36		68		10		1079.58		4131
75		11		19		3		61		97		10		1247.64		12080
76		59		14		5		99		141		10		2834.81		11141
77		63		44		2		148		172		10		662.17		5952
78		36		64		6		158		186		10		4312.25		14828
79		44		7		5		0		190		10		2129.91		11220
80		58		59		4		38		64		10		1337.12		8790
81		36		20		3		145		179		10		1539.08		8356
82		53		23		4		0		198		10		2162.05		7177
83		14		19		5		41		73		10		4185.23		8814
84		16		41		3		105		135		10		1016.08		7018
85		64		50		3		0		187		10		963.32		6858
86		65		63		5		54		78		10		2609		12516
87		47		46		4		0		203		10		1796.57		8442
88		40		74		3		76		108		10		2799.91		6636
89		22		55		2		64		98		10		328.05		1510
90		26		52		3		124		162		10		1106.73		6474
91		4		68		4		146		170		10		1308.92		7184
92		39		54		5		77		99		10		2645.76		14902
93		53		55		6		80		104		10		2925.3		13908
94		25		0		4		143		167		10		1977.29		8073
95		2		35		4		0		187		10		1911.88		9950
96		47		61		3		75		103		10		1647.76		9140
97		54		74		5		83		113		10		3472.48		12164
98		50		69		5		110		138		10		1804.12		12397
99		45		20		5		35		61		10		3021.74		7660
100		56		20		4		157		187		10		1730.52		10264

ITEMS
Type		Length		Width		Height		Mass		Fragility	LoadBearingStrength
Bt1		14		12		14		574.02		0		14.5090065
Bt2		16		11		8		299.58		0		18.4582294
Bt3		35		5		12		448.77		0		15.9677285
Bt4		19		8		13		2511.96		0		247.3328817
Bt5		25		7		8		276.41		0		13.8455131
Bt6		31		11		12		436.17		0		4.0608769
Bt7		14		14		8		336.54		0		59.1942962
Bt8		26		8		11		620.09		0		12.9002616
Bt9		27		11		14		533.41		0		17.3943810
Bt10		14		9		6		148.84		0		31.7281803
Bt11		26		11		7		201.85		0		9.7177977
Bt12		30		10		9		1116.13		1		6.2997832
Bt13		28		6		11		408.51		0		20.0765994
Bt14		30		7		10		1606.45		0		37.5227964
Bt15		29		7		14		305.31		0		23.1860879
Bt16		17		5		12		279.79		0		58.1630499
Bt17		27		11		10		952.27		0		85.6358629
Bt18		27		14		10		1057.20		1		3.4801354
Bt19		27		11		9		616.88		0		44.7781295
Bt20		21		11		12		409.06		1		12.1852614
Bt21		32		10		9		355.18		0		4.5067900
Bt22		21		9		12		260.76		0		4.1590728
Bt23		13		13		10		253.03		1		1.7274107
Bt24		28		9		9		625.64		0		8.3946928
Bt25		22		9		6		127.35		1		3.0955666
Bt26		19		12		13		800.27		0		41.9315700
Bt27		19		11		13		422.70		0		12.4401037
Bt28		22		6		9		219.36		0		98.1736301
Bt29		30		5		8		269.88		0		21.3272045
Bt30		28		5		8		252.01		0		8.0014046
Bt31		32		6		12		445.80		0		14.0272242
Bt32		33		7		11		600.34		0		11.2642206
Bt33		35		14		14		1375.99		0		65.5755326
Bt34		15		5		7		143.75		0		38.1768814
Bt35		26		12		7		621.95		0		15.4129775
Bt36		14		12		7		1491.02		0		80.5937430
Bt37		16		13		8		211.51		1		20.3574208
Bt38		15		14		13		744.28		1		5.4237876
Bt39		28		10		12		864.70		0		6.4167503
Bt40		29		7		14		408.24		0		12.0499103
Bt41		20		13		12		799.02		0		17.0456440
Bt42		33		11		11		617.45		0		7.5564365
Bt43		25		9		8		264.31		0		12.8401853
Bt44		20		13		8		430		0		9.2314987
Bt45		23		8		10		202.88		0		3.7452148
Bt46		31		11		7		607.73		0		26.3414348
Bt47		17		5		8		71.01		0		10.7644656
Bt48		15		12		12		739.53		0		33.8037741
Bt49		29		5		6		177.58		1		4.2700310
Bt50		25		10		13		616.50		0		22.4835603
Bt51		12		8		11		295.86		0		37.4548575
Bt52		28		14		6		288.42		1		19.6549130
Bt53		18		10		8		1057.25		1		14.0788887
Bt54		23		9		11		482.37		1		3.0997832
Bt55		34		7		9		421.67		0		6.6715845
Bt56		27		8		11		376.98		0		11.3505433
Bt57		12		12		6		92.56		1		4.0008356
Bt58		30		10		8		308.71		0		10.5258092
Bt59		15		11		10		617.59		0		194.4618198
Bt60		17		12		12		382.15		0		13.5711200
Bt61		30		10		12		373.75		0		17.7446253
Bt62		26		12		8		557.19		0		30.9057552
Bt63		14		8		6		411.86		0		53.6160890
Bt64		34		10		12		423.15		0		13.8619380
Bt65		13		5		8		114.05		0		14.5658701
Bt66		23		13		10		581.05		0		32.7572021
Bt67		14		14		7		162.09		0		8.1335621
Bt68		16		12		10		236.12		0		8.9523359
Bt69		33		8		14		446.88		0		35.6005103
Bt70		22		9		8		187.41		0		5.3596088
Bt71		22		8		12		500.18		0		74.7059553
Bt72		31		12		6		345.88		1		6.2830914
Bt73		22		7		10		271.32		1		6.1236394
Bt74		19		5		13		206.05		0		27.9326690
Bt75		27		11		7		344.25		0		20.4137512
Bt76		18		9		9		462.70		0		11.7332772
Bt77		15		11		6		214		1		4.8821013
Bt78		16		11		13		230.59		1		2.6930137
Bt79		22		10		14		312.84		0		3.7968769
Bt80		28		10		14		401.34		0		3.8871600
Bt81		25		12		11		859.50		1		23.9529716
Bt82		30		10		6		1514.76		0		56.5219190
Bt83		23		5		9		135.07		0		20.9864067
Bt84		13		5		7		224.88		0		38.0415855
Bt85		13		12		14		619.44		0		96.8678354
Bt86		29		11		12		588.37		0		41.3993704
Bt87		22		11		13		835.01		0		11.9284702
Bt88		21		6		9		317.99		0		50.7390424
Bt89		28		10		7		301.27		0		8.7750017
Bt90		24		8		7		305.19		0		14.4453581
Bt91		33		5		14		2944.19		0		93.8019198
Bt92		26		12		9		353.29		1		2.0785676
Bt93		17		12		11		516.49		1		7.0405050
Bt94		17		6		6		130.46		0		13.1571039
Bt95		18		9		12		381.05		1		3.2250858
Bt96		28		12		7		463.89		0		51.7693818
Bt97		22		6		9		182.91		0		8.3432802
Bt98		33		11		6		285.23		0		27.2521885
Bt99		14		5		14		238.91		0		15.1867168
Bt100		22		11		7		1283.84		0		51.2367798

DEMANDS PER CUSTOMER
i	Type Quantity
1	Bt23 1	Bt26 1	Bt62 1	
2	Bt15 1	Bt22 1	Bt83 1	
3	Bt35 1	Bt43 1	Bt62 1	Bt64 1	
4	Bt20 1	Bt27 1	Bt37 1	Bt93 1	
5	Bt33 1	Bt42 1	Bt56 1	
6	Bt33 1	Bt60 1	Bt87 1	Bt97 1	
7	Bt6 1	Bt36 1	Bt82 1	Bt93 1	Bt96 1	Bt99 1	
8	Bt41 1	Bt46 1	Bt70 1	
9	Bt7 1	Bt30 1	Bt35 1	Bt51 1	Bt73 1	
10	Bt28 1	Bt36 1	
11	Bt1 2	Bt5 1	Bt75 1	Bt81 1	Bt89 1	
12	Bt6 1	Bt22 1	Bt38 1	Bt65 1	
13	Bt17 1	Bt28 1	Bt45 1	Bt87 1	
14	Bt66 1	Bt67 1	Bt71 1	Bt87 1	
15	Bt6 1	Bt35 1	Bt63 1	Bt98 1	
16	Bt2 1	Bt25 1	Bt30 1	Bt31 1	Bt35 1	Bt69 1	
17	Bt10 1	Bt23 1	Bt45 1	Bt51 1	Bt62 1	
18	Bt21 1	Bt43 1	Bt69 1	Bt87 1	
19	Bt49 1	Bt56 1	Bt96 1	
20	Bt15 1	Bt21 1	
21	Bt33 1	Bt92 1	
22	Bt30 1	Bt87 1	Bt96 1	
23	Bt13 1	Bt35 1	Bt77 1	Bt78 1	Bt84 1	
24	Bt33 1	Bt45 1	Bt46 1	Bt58 1	Bt98 1	
25	Bt50 1	Bt59 1	Bt67 1	Bt79 1	
26	Bt49 1	Bt55 1	Bt74 1	Bt79 1	Bt89 1	Bt91 1	
27	Bt8 1	Bt63 1	Bt69 1	
28	Bt15 1	Bt48 1	Bt56 1	Bt71 1	
29	Bt41 1	Bt48 1	Bt83 1	Bt84 1	
30	Bt11 1	Bt22 1	Bt45 1	Bt66 1	Bt69 1	
31	Bt13 1	Bt35 1	Bt81 1	Bt89 1	Bt91 1	
32	Bt14 1	Bt43 1	Bt92 1	
33	Bt15 1	Bt18 1	Bt27 1	Bt75 1	
34	Bt9 1	Bt37 1	Bt72 1	
35	Bt34 1	Bt52 2	Bt72 1	
36	Bt14 1	Bt45 1	Bt81 1	Bt100 1	
37	Bt4 1	Bt15 1	Bt16 1	Bt63 1	
38	Bt15 1	Bt30 1	Bt44 1	Bt72 1	
39	Bt8 1	Bt100 1	
40	Bt12 1	Bt14 1	Bt22 1	Bt79 1	
41	Bt2 1	Bt6 1	Bt79 1	
42	Bt34 1	Bt39 1	Bt42 1	Bt64 1	Bt97 1	
43	Bt2 1	Bt30 1	Bt55 1	Bt99 1	
44	Bt5 1	Bt25 1	Bt67 1	
45	Bt40 1	Bt41 1	Bt59 1	Bt97 1	
46	Bt58 1	Bt66 1	Bt76 1	
47	Bt37 1	Bt59 1	Bt60 1	Bt72 1	Bt80 1	Bt81 1	
48	Bt5 1	Bt14 1	Bt83 1	Bt84 1	Bt93 1	
49	Bt29 1	Bt36 1	Bt38 1	Bt42 1	Bt55 1	Bt70 1	
50	Bt19 1	Bt40 1	Bt42 1	Bt44 1	Bt50 1	Bt84 1	
51	Bt2 1	Bt17 1	Bt37 1	Bt90 1	Bt96 1	
52	Bt6 1	Bt14 1	Bt49 1	Bt88 1	Bt92 1	
53	Bt11 1	Bt27 1	Bt37 1	Bt47 1	Bt100 1	
54	Bt10 1	Bt66 1	
55	Bt45 2	Bt54 1	Bt60 1	Bt63 1	Bt77 1	
56	Bt12 1	Bt22 1	Bt65 1	
57	Bt19 1	Bt35 1	Bt79 1	Bt98 1	
58	Bt9 1	Bt11 1	Bt68 1	Bt79 1	
59	Bt11 1	Bt16 1	Bt22 1	Bt59 1	
60	Bt21 1	Bt76 1	
61	Bt35 1	Bt55 1	Bt89 1	Bt91 1	
62	Bt3 1	Bt31 1	
63	Bt1 1	Bt16 1	Bt26 1	Bt62 1	
64	Bt3 1	Bt12 1	Bt19 1	Bt86 1	
65	Bt14 1	Bt26 1	Bt62 1	Bt69 2	Bt78 1	
66	Bt32 1	Bt52 1	Bt78 1	
67	Bt43 1	Bt44 1	Bt59 1	
68	Bt10 1	Bt20 1	Bt53 1	
69	Bt5 1	Bt21 1	Bt57 1	Bt64 1	
70	Bt10 1	Bt20 1	Bt25 1	Bt43 1	
71	Bt8 1	Bt25 1	Bt81 1	Bt93 1	Bt97 1	
72	Bt3 1	Bt38 1	Bt67 1	Bt69 1	
73	Bt16 1	Bt54 1	Bt76 1	Bt90 1	Bt96 1	
74	Bt19 1	Bt76 1	
75	Bt64 2	Bt80 1	
76	Bt32 1	Bt52 1	Bt56 1	Bt98 1	Bt100 1	
77	Bt52 1	Bt61 1	
78	Bt8 1	Bt40 1	Bt53 2	Bt66 1	Bt86 1	
79	Bt10 1	Bt31 1	Bt39 1	Bt52 1	Bt60 1	
80	Bt30 1	Bt37 1	Bt86 1	Bt98 1	
81	Bt56 1	Bt66 2	
82	Bt5 1	Bt19 1	Bt37 1	Bt53 1	
83	Bt14 1	Bt21 1	Bt29 1	Bt36 1	Bt76 1	
84	Bt9 1	Bt16 1	Bt45 1	
85	Bt7 1	Bt23 1	Bt61 1	
86	Bt32 1	Bt52 1	Bt75 1	Bt81 1	Bt93 1	
87	Bt5 1	Bt38 1	Bt44 1	Bt72 1	
88	Bt1 1	Bt14 1	Bt85 1	
89	Bt65 1	Bt77 1	
90	Bt43 1	Bt62 1	Bt98 1	
91	Bt1 1	Bt15 1	Bt30 1	Bt49 1	
92	Bt5 2	Bt33 1	Bt40 1	Bt58 1	
93	Bt1 1	Bt2 1	Bt28 1	Bt53 1	Bt61 1	Bt80 1	
94	Bt17 1	Bt24 1	Bt43 1	Bt83 1	
95	Bt21 1	Bt48 1	Bt66 1	Bt68 1	
96	Bt19 1	Bt46 1	Bt64 1	
97	Bt6 1	Bt8 1	Bt48 1	Bt53 1	Bt85 1	
98	Bt11 1	Bt19 1	Bt40 1	Bt43 1	Bt79 1	
99	Bt8 1	Bt63 1	Bt68 1	Bt82 1	Bt99 1	
100	Bt15 1	Bt38 1	Bt57 1	Bt86 1	