Name				493_n100_m400_bt100
Number_of_Customers		100
Number_of_Items			400
Number_of_ItemTypes		100
Number_of_Vehicles		61
TimeWindows			1

VEHICLE
Mass_Capacity			12595
CargoSpace_Length		60
CargoSpace_Width		25
CargoSpace_Height		30
Wheelbase			48
Max_Mass_FrontAxle		7100
Max_Mass_RearAxle		11500
Distance_FrontAxle_CargoSpace	4

CUSTOMERS
i		x		y		Demand		ReadyTime	DueDate		ServiceTime	DemandedMass	DemandedVolume
0		35		35		0		0		230		0		0		0
1		24		46		4		131		163		10		1015.01		5618
2		69		74		4		89		119		10		2522.94		12888
3		50		6		6		69		101		10		2614.55		13255
4		60		18		5		111		145		10		1492.42		8568
5		50		64		5		143		183		10		1866.09		10133
6		42		23		5		87		113		10		2585.51		11737
7		64		45		3		165		199		10		1330.3		5976
8		61		0		3		71		103		10		2925.03		5258
9		30		32		4		11		49		10		1716.7		8677
10		27		27		6		69		101		10		2532.96		11815
11		70		51		4		94		120		10		2360.58		7190
12		16		48		6		38		72		10		2507.14		11216
13		61		54		5		154		190		10		2259.89		11454
14		57		77		6		81		107		10		3657.17		12243
15		15		26		5		28		58		10		4107.18		9916
16		47		51		4		61		95		10		2544.28		8970
17		13		41		4		69		101		10		1771.27		8288
18		18		44		5		31		57		10		2367.67		8912
19		9		17		4		82		104		10		2242.14		10996
20		26		50		3		144		178		10		2661.06		5912
21		56		22		3		164		198		10		1650.58		9296
22		20		65		3		54		88		10		1458.51		6833
23		19		62		3		60		88		10		847.61		4962
24		15		13		3		86		122		10		1659.59		6404
25		66		21		6		48		82		10		2450.29		16143
26		23		55		2		104		142		10		1615.25		2830
27		4		67		3		57		87		10		1113.61		6371
28		55		45		4		85		117		10		1306.66		7595
29		54		37		6		150		176		10		2107.42		8774
30		11		33		6		10		40		10		1711.24		10212
31		69		27		3		162		196		10		1968.61		7420
32		41		55		5		51		75		10		4663.3		11559
33		12		8		5		93		121		10		2935.8		9886
34		67		2		4		134		162		10		2497.07		10010
35		47		34		6		71		101		10		3635.23		16249
36		61		73		4		38		68		10		2680.44		6955
37		39		33		3		94		122		10		2075.09		5019
38		22		71		3		163		199		10		876.96		5660
39		0		79		4		66		102		10		1690.42		7716
40		16		73		2		155		177		10		923.01		6372
41		19		50		3		114		148		10		955.81		5418
42		58		53		3		89		121		10		2314.24		7269
43		56		74		5		71		101		10		2305.57		9501
44		7		35		3		134		164		10		612.82		4553
45		22		62		4		64		92		10		1584.07		9202
46		51		51		4		170		194		10		1244.7		7008
47		7		26		3		80		110		10		2556.52		4618
48		40		60		5		106		140		10		4428.84		8355
49		29		17		4		124		158		10		3875.05		10879
50		57		59		4		169		197		10		1945.06		11356
51		10		67		4		143		171		10		1840.24		6546
52		38		22		5		29		55		10		4919.77		12141
53		4		22		4		35		73		10		2486.91		6960
54		69		43		4		112		148		10		2342.62		7593
55		25		70		3		139		169		10		927.24		4938
56		19		47		4		13		39		10		2041.53		9926
57		62		64		6		97		137		10		2173.11		9871
58		31		55		5		103		131		10		2815.54		10130
59		42		45		3		36		56		10		635.05		4302
60		40		65		4		110		144		10		3168.47		12889
61		23		34		4		40		62		10		1202.39		7894
62		61		68		3		164		192		10		2731.76		9119
63		33		5		3		114		150		10		1675.87		8320
64		39		49		6		10		42		10		2459.06		10119
65		19		12		4		149		177		10		2811.12		14838
66		70		38		4		167		193		10		3249.58		9320
67		13		5		6		88		122		10		2441.15		11789
68		31		21		3		9		31		10		1938.68		10081
69		34		56		3		39		77		10		772.67		6007
70		58		34		6		14		44		10		3237.77		13965
71		58		40		4		116		148		10		1278.57		7498
72		4		70		4		106		136		10		1662.69		9863
73		27		64		6		132		166		10		3620.17		11007
74		56		48		3		29		57		10		1316.88		6535
75		7		65		3		54		76		10		1656.1		7208
76		29		71		6		40		72		10		2327.84		11252
77		21		75		4		98		128		10		3465.88		11454
78		67		57		4		78		106		10		1320.3		7637
79		42		72		3		100		138		10		933.23		6720
80		46		67		6		89		121		10		3384.07		15023
81		36		60		2		65		95		10		767.71		4200
82		23		5		3		143		169		10		2520.86		10052
83		26		33		3		177		199		10		1318.46		6079
84		61		26		3		116		144		10		695.57		5286
85		23		66		3		30		54		10		1461.85		5304
86		26		2		6		99		133		10		2916.38		14063
87		30		37		2		76		106		10		1964.96		5922
88		47		1		3		155		183		10		1446.54		6449
89		49		37		2		184		216		10		398.82		3378
90		60		22		2		107		133		10		2253.73		8108
91		33		1		4		128		158		10		3021.69		10584
92		26		79		4		46		70		10		1360.33		6371
93		52		33		5		5		37		10		4082.29		14256
94		28		21		4		3		35		10		1382		8318
95		3		17		3		55		89		10		2078.65		9536
96		46		75		4		54		80		10		1833.05		7422
97		11		29		6		11		37		10		7253.04		16484
98		27		36		3		89		121		10		2453.26		8240
99		9		59		2		53		85		10		557.13		3366
100		61		4		2		42		74		10		849.8		2796

ITEMS
Type		Length		Width		Height		Mass		Fragility	LoadBearingStrength
Bt1		25		5		13		404.37		1		2.6884761
Bt2		31		13		8		457.32		0		22.7211504
Bt3		27		5		9		949.67		0		510.4707089
Bt4		17		10		10		268.66		0		7.5917240
Bt5		18		7		12		270.97		0		10.7634082
Bt6		20		9		9		261.85		0		6.2393823
Bt7		26		11		14		617.29		0		12.7308121
Bt8		23		12		8		562.80		1		3.0069711
Bt9		25		13		8		302.61		0		8.4745601
Bt10		30		8		8		814.55		0		46.9091221
Bt11		25		5		13		264.66		0		14.6374729
Bt12		20		9		12		266.23		0		12.0442330
Bt13		16		9		7		152.64		1		2.0697017
Bt14		35		5		14		316.73		0		8.2243737
Bt15		23		6		12		476.31		0		17.2382350
Bt16		35		9		6		226.13		0		18.0648868
Bt17		27		7		11		1428.50		1		33.0990408
Bt18		20		14		11		890.98		0		28.4836698
Bt19		22		6		8		192.49		0		22.8196790
Bt20		17		6		11		131.91		1		3.7382053
Bt21		34		12		9		388.96		0		32.1334636
Bt22		23		9		8		451.38		0		16.1977109
Bt23		32		9		7		299.67		0		6.1634524
Bt24		30		12		11		923		1		5.5094043
Bt25		15		13		14		749.61		0		17.6460220
Bt26		29		7		6		132.59		0		7.3326700
Bt27		13		7		10		261.18		0		46.9963055
Bt28		35		5		13		600.50		0		60.8516518
Bt29		24		14		12		504.34		1		3.6410005
Bt30		28		5		8		206.62		0		6.9799020
Bt31		29		11		7		1520.86		0		52.4932316
Bt32		28		10		8		370.63		0		9.8828149
Bt33		18		7		14		225.12		0		29.4233606
Bt34		28		5		10		999.80		0		69.5865480
Bt35		27		11		13		700.49		0		14.0338722
Bt36		33		8		8		571.73		1		10.5177421
Bt37		21		13		7		1391.73		0		60.1275977
Bt38		17		11		14		282.89		0		4.2302980
Bt39		20		11		10		420.81		1		6.7390533
Bt40		22		5		8		914.27		0		76.1981257
Bt41		26		14		8		790.32		0		13.5700756
Bt42		32		7		10		228.27		0		3.6341375
Bt43		33		14		7		628.27		0		18.1688127
Bt44		21		7		9		336.47		0		11.0194937
Bt45		24		14		12		1468.05		1		4.5684206
Bt46		28		10		9		528.13		0		15.7779217
Bt47		28		9		13		332.61		0		5.1729285
Bt48		20		10		8		217.66		0		6.7229204
Bt49		35		6		13		772.26		0		42.3234569
Bt50		21		8		9		420.71		0		27.1520068
Bt51		17		6		7		204.90		0		39.5216331
Bt52		31		5		7		159.70		0		22.4221598
Bt53		32		12		9		701.31		0		33.5550054
Bt54		15		10		6		120.56		1		8.2391906
Bt55		19		14		10		607.20		0		14.0685380
Bt56		30		11		7		270.80		0		7.4040731
Bt57		17		9		9		883.02		0		29.0599351
Bt58		17		9		7		259.49		0		36.5072160
Bt59		18		12		7		363.54		0		89.2517130
Bt60		17		7		12		282.42		0		11.1075805
Bt61		22		11		6		283.82		0		15.4876348
Bt62		23		6		13		446.60		0		15.2715318
Bt63		32		8		11		1316.21		0		26.3115009
Bt64		18		14		9		634.65		0		28.5417432
Bt65		31		9		11		1546.53		0		74.6947131
Bt66		12		5		8		139		1		21.5431624
Bt67		34		8		10		407.57		0		14.6882194
Bt68		26		9		7		427.73		0		40.3714329
Bt69		12		8		10		125.10		0		19.9799398
Bt70		33		8		14		3621.89		0		155.7297669
Bt71		31		6		10		187.09		1		1.9346574
Bt72		16		12		8		360.80		0		25.8921246
Bt73		26		8		13		729.48		0		77.3473400
Bt74		16		12		12		552.07		1		5.4749839
Bt75		20		14		12		603.17		1		4.2015894
Bt76		15		9		11		426.01		0		13.9537178
Bt77		30		7		9		496.91		0		25.4541619
Bt78		23		5		14		305.37		0		22.8255571
Bt79		32		10		6		1354.07		0		21.5252796
Bt80		18		10		7		275.83		1		2.9368433
Bt81		16		14		6		565.98		0		35.0834606
Bt82		17		6		6		164.22		0		36.6409164
Bt83		26		9		7		215.22		1		2.9659948
Bt84		33		6		7		182.30		0		20.9697430
Bt85		34		11		12		1991.75		0		32.0905662
Bt86		15		9		10		257.46		1		4.2419357
Bt87		22		9		14		614.94		0		9.0247312
Bt88		17		11		9		398.83		0		37.5028253
Bt89		13		13		14		293.10		0		7.8827827
Bt90		30		13		6		418.67		0		12.8600652
Bt91		15		9		9		128.94		1		2.0924003
Bt92		18		8		7		124.76		1		3.9274574
Bt93		34		14		13		899.66		0		101.0857906
Bt94		17		12		7		364.44		0		15.8362221
Bt95		21		6		14		184.94		0		9.6955094
Bt96		18		5		8		254.33		0		34.2747329
Bt97		30		11		9		717.87		0		14.9582048
Bt98		30		10		6		413.81		0		15.0331494
Bt99		35		12		11		1016.72		0		22.2775607
Bt100		16		6		9		119.17		0		12.7408347

DEMANDS PER CUSTOMER
i	Type Quantity
1	Bt5 1	Bt23 1	Bt66 1	Bt78 1	
2	Bt18 1	Bt55 1	Bt69 1	Bt93 1	
3	Bt28 1	Bt33 1	Bt53 1	Bt83 1	Bt86 1	Bt87 1	
4	Bt7 1	Bt26 1	Bt27 1	Bt54 1	Bt72 1	
5	Bt29 1	Bt50 1	Bt51 1	Bt55 1	Bt91 1	
6	Bt28 1	Bt71 1	Bt81 1	Bt83 1	Bt99 1	
7	Bt39 1	Bt41 1	Bt100 1	
8	Bt1 1	Bt31 1	Bt34 1	
9	Bt2 1	Bt26 1	Bt41 1	Bt44 1	
10	Bt11 1	Bt42 1	Bt53 1	Bt77 1	Bt80 1	Bt81 1	
11	Bt52 1	Bt79 1	Bt91 1	Bt97 1	
12	Bt7 1	Bt10 1	Bt23 1	Bt66 1	Bt72 1	Bt80 1	
13	Bt4 1	Bt8 1	Bt46 1	Bt55 1	Bt89 1	
14	Bt39 1	Bt41 1	Bt58 1	Bt79 1	Bt90 1	Bt98 1	
15	Bt6 1	Bt10 1	Bt40 1	Bt85 1	Bt92 1	
16	Bt32 1	Bt63 1	Bt74 1	Bt78 1	
17	Bt41 1	Bt56 1	Bt60 1	Bt68 1	
18	Bt6 1	Bt14 1	Bt56 1	Bt79 1	Bt82 1	
19	Bt2 1	Bt15 1	Bt53 1	Bt55 1	
20	Bt3 1	Bt17 1	Bt38 1	
21	Bt81 1	Bt93 1	Bt95 1	
22	Bt25 1	Bt38 1	Bt76 1	
23	Bt9 1	Bt27 1	Bt61 1	
24	Bt41 1	Bt87 1	Bt96 1	
25	Bt2 1	Bt86 1	Bt89 1	Bt91 1	Bt93 1	Bt98 1	
26	Bt27 1	Bt79 1	
27	Bt1 1	Bt29 1	Bt51 1	
28	Bt5 1	Bt12 1	Bt32 1	Bt88 1	
29	Bt10 1	Bt11 2	Bt19 1	Bt30 1	Bt94 1	
30	Bt51 1	Bt75 1	Bt80 1	Bt86 1	Bt95 2	
31	Bt18 1	Bt49 1	Bt78 1	
32	Bt16 1	Bt27 1	Bt37 1	Bt45 1	Bt63 1	
33	Bt15 1	Bt39 1	Bt56 1	Bt79 1	Bt98 1	
34	Bt2 1	Bt45 1	Bt62 1	Bt69 1	
35	Bt7 1	Bt11 1	Bt15 2	Bt45 1	Bt47 1	
36	Bt5 1	Bt25 1	Bt31 1	Bt66 1	
37	Bt8 1	Bt37 1	Bt54 1	
38	Bt42 1	Bt46 1	Bt54 1	
39	Bt24 1	Bt54 1	Bt60 1	Bt94 1	
40	Bt29 1	Bt90 1	
41	Bt6 1	Bt12 1	Bt68 1	
42	Bt56 1	Bt65 1	Bt77 1	
43	Bt25 1	Bt58 1	Bt62 1	Bt64 1	Bt83 1	
44	Bt4 1	Bt83 1	Bt91 1	
45	Bt14 1	Bt33 1	Bt64 1	Bt67 1	
46	Bt15 1	Bt21 1	Bt69 1	Bt96 1	
47	Bt13 1	Bt31 1	Bt57 1	
48	Bt44 1	Bt70 1	Bt71 1	Bt82 1	Bt100 1	
49	Bt56 1	Bt57 1	Bt73 1	Bt85 1	
50	Bt8 1	Bt42 1	Bt93 1	Bt96 1	
51	Bt59 1	Bt77 1	Bt81 1	Bt98 1	
52	Bt6 1	Bt18 1	Bt31 1	Bt85 1	Bt96 1	
53	Bt50 1	Bt77 1	Bt79 1	Bt83 1	
54	Bt12 1	Bt26 1	Bt37 1	Bt74 1	
55	Bt51 1	Bt75 1	Bt100 1	
56	Bt2 1	Bt46 1	Bt49 1	Bt61 1	
57	Bt11 1	Bt22 1	Bt49 1	Bt78 1	Bt82 1	Bt83 1	
58	Bt16 1	Bt25 1	Bt42 1	Bt79 1	Bt86 1	
59	Bt16 1	Bt61 1	Bt69 1	
60	Bt9 2	Bt65 1	Bt99 1	
61	Bt2 1	Bt12 1	Bt27 1	Bt48 1	
62	Bt63 1	Bt88 1	Bt99 1	
63	Bt7 1	Bt22 1	Bt55 1	
64	Bt20 1	Bt33 1	Bt38 1	Bt52 1	Bt78 1	Bt79 1	
65	Bt9 1	Bt18 1	Bt93 1	Bt97 1	
66	Bt7 1	Bt10 1	Bt37 1	Bt76 1	
67	Bt1 1	Bt6 1	Bt22 1	Bt23 1	Bt50 1	Bt75 1	
68	Bt1 1	Bt64 1	Bt93 1	
69	Bt11 1	Bt33 1	Bt38 1	
70	Bt33 1	Bt49 1	Bt76 1	Bt88 2	Bt99 1	
71	Bt5 1	Bt27 1	Bt47 1	Bt98 1	
72	Bt9 1	Bt21 1	Bt44 1	Bt64 1	
73	Bt17 1	Bt19 1	Bt34 1	Bt42 1	Bt59 1	Bt67 1	
74	Bt25 1	Bt52 1	Bt67 1	
75	Bt24 1	Bt68 1	Bt78 1	
76	Bt13 1	Bt42 1	Bt46 1	Bt62 1	Bt96 1	Bt97 1	
77	Bt35 1	Bt49 1	Bt62 1	Bt65 1	
78	Bt56 1	Bt58 1	Bt77 1	Bt89 1	
79	Bt6 1	Bt21 1	Bt60 1	
80	Bt42 1	Bt45 1	Bt53 1	Bt75 1	Bt91 1	Bt96 1	
81	Bt56 1	Bt77 1	
82	Bt29 1	Bt34 1	Bt99 1	
83	Bt11 1	Bt55 1	Bt62 1	
84	Bt23 1	Bt56 1	Bt69 1	
85	Bt10 1	Bt46 1	Bt100 1	
86	Bt12 1	Bt21 1	Bt28 1	Bt40 1	Bt47 1	Bt98 1	
87	Bt45 1	Bt77 1	
88	Bt1 1	Bt24 1	Bt100 1	
89	Bt12 1	Bt26 1	
90	Bt79 1	Bt93 1	
91	Bt7 1	Bt40 1	Bt49 1	Bt97 1	
92	Bt11 1	Bt51 1	Bt80 1	Bt87 1	
93	Bt13 1	Bt17 1	Bt35 1	Bt45 1	Bt47 1	
94	Bt4 1	Bt47 1	Bt61 1	Bt77 1	
95	Bt10 1	Bt93 1	Bt94 1	
96	Bt5 1	Bt10 1	Bt26 1	Bt87 1	
97	Bt32 1	Bt44 1	Bt65 1	Bt70 1	Bt72 1	Bt99 1	
98	Bt63 1	Bt67 1	Bt73 1	
99	Bt23 1	Bt86 1	
100	Bt61 1	Bt81 1	