Name				494_n100_m400_bt100
Number_of_Customers		100
Number_of_Items			400
Number_of_ItemTypes		100
Number_of_Vehicles		52
TimeWindows			1

VEHICLE
Mass_Capacity			12595
CargoSpace_Length		60
CargoSpace_Width		25
CargoSpace_Height		30
Wheelbase			48
Max_Mass_FrontAxle		7100
Max_Mass_RearAxle		11500
Distance_FrontAxle_CargoSpace	4

CUSTOMERS
i		x		y		Demand		ReadyTime	DueDate		ServiceTime	DemandedMass	DemandedVolume
0		35		35		0		0		230		0		0		0
1		46		68		4		0		185		10		1375.19		9040
2		33		61		5		0		193		10		2843.02		13406
3		20		6		5		0		187		10		2861.59		10843
4		45		44		5		0		206		10		2172.12		10883
5		19		61		2		63		87		10		1186.58		3292
6		18		78		3		0		173		10		984.17		6778
7		59		63		6		26		52		10		2315.77		12745
8		17		14		3		50		84		10		1526.27		3168
9		66		54		3		77		107		10		1844.7		6696
10		17		55		5		45		79		10		1431.79		7632
11		66		7		3		0		178		10		1424.05		7128
12		48		57		3		0		194		10		783.36		4996
13		44		35		6		26		60		10		3584.42		15853
14		55		58		4		0		189		10		3858.36		7674
15		50		50		4		0		198		10		1380.02		9669
16		0		24		6		0		183		10		2243.9		11616
17		50		11		4		151		181		10		1976.95		10314
18		50		67		6		129		157		10		6151.47		16126
19		5		49		3		0		186		10		1544.55		8018
20		43		74		4		32		56		10		1207.53		5166
21		47		80		6		47		73		10		2452.72		12542
22		52		30		5		159		187		10		1829.5		8512
23		39		9		5		0		193		10		2277.28		11326
24		5		74		4		0		170		10		1824.59		8830
25		45		50		2		0		201		10		1573.75		8428
26		63		10		3		107		137		10		818.74		6160
27		5		77		4		0		168		10		1303.69		9036
28		34		77		2		92		114		10		1653.38		4558
29		66		61		4		0		179		10		1077.03		6157
30		63		60		3		0		182		10		799.37		3895
31		14		71		3		150		178		10		1292.27		3678
32		6		54		5		93		113		10		3136.7		11736
33		51		80		4		91		121		10		1595.85		10124
34		20		51		4		126		150		10		1474.03		9306
35		38		48		3		0		206		10		897.12		5484
36		31		40		3		114		142		10		699.34		4982
37		2		18		3		0		182		10		1588.25		8412
38		39		56		6		70		102		10		2943.1		16868
39		24		63		6		0		189		10		2622.42		14465
40		17		29		3		16		42		10		1507.35		8102
41		45		22		4		0		203		10		1957.88		11804
42		31		69		6		0		185		10		1996.76		9950
43		5		41		5		147		175		10		2459.5		9660
44		62		24		4		16		46		10		2681.72		7134
45		36		44		4		0		210		10		1308.44		7786
46		54		42		4		17		59		10		1365.11		7514
47		2		41		4		0		186		10		2006.42		5622
48		22		32		2		146		180		10		320.44		1296
49		17		4		5		57		91		10		2956.31		7906
50		59		72		3		0		175		10		1240.7		7931
51		16		60		6		138		174		10		1848.19		7626
52		38		13		4		37		65		10		1945.99		7956
53		63		35		4		0		192		10		1747.98		10297
54		31		79		3		42		74		10		653.72		4678
55		15		23		2		0		196		10		898.44		4312
56		48		39		5		54		84		10		3443.19		15230
57		38		79		6		126		166		10		1771.8		8699
58		10		76		3		145		171		10		1018.96		4629
59		32		46		6		0		208		10		2030.81		12166
60		53		48		3		129		163		10		1139.5		7509
61		23		28		5		100		122		10		4733.43		9673
62		8		42		3		0		192		10		1209.85		6928
63		26		56		4		0		197		10		1376.99		7374
64		36		30		4		25		49		10		1431.94		7784
65		6		12		4		0		182		10		1701.26		9458
66		14		51		4		0		193		10		1393.42		9485
67		40		67		6		0		187		10		2238.07		13366
68		29		59		4		83		117		10		1514.15		10574
69		35		51		6		96		120		10		2581.05		12132
70		38		74		3		50		76		10		1290.09		4602
71		66		40		6		102		130		10		2685.77		11048
72		8		72		3		52		74		10		829.6		5993
73		24		6		3		103		145		10		4080.63		8970
74		48		63		4		111		141		10		2187.83		7920
75		59		9		2		168		194		10		606.81		4598
76		21		55		3		0		195		10		1067.12		5558
77		39		41		4		0		212		10		1406.59		6150
78		22		24		5		0		202		10		4217.77		13083
79		53		4		6		0		184		10		2313.97		10596
80		39		36		5		0		215		10		2641.42		11261
81		60		42		2		0		194		10		684.66		3780
82		62		29		6		34		60		10		3353.72		7508
83		29		25		3		179		211		10		1835.18		6140
84		27		7		2		0		190		10		1791.14		6228
85		35		9		5		0		194		10		1491.95		10875
86		18		18		4		0		195		10		3900.04		8868
87		47		60		2		45		77		10		497.32		2592
88		70		66		3		149		189		10		1104.33		7032
89		33		24		3		109		141		10		1708.99		6732
90		5		19		2		0		186		10		1768.8		3630
91		56		5		3		0		183		10		768.97		3396
92		9		37		6		0		193		10		2108.23		12713
93		19		74		4		0		177		10		1324.94		8150
94		27		39		3		90		128		10		803.97		4520
95		16		34		4		0		200		10		2300.18		11548
96		22		75		3		0		177		10		1385.02		8899
97		0		71		6		0		169		10		2380.31		13136
98		66		18		4		107		137		10		1114.4		7722
99		39		1		4		0		185		10		1945.32		6834
100		66		74		2		44		74		10		1349.53		6153

ITEMS
Type		Length		Width		Height		Mass		Fragility	LoadBearingStrength
Bt1		20		10		9		304.55		0		13.0766861
Bt2		12		11		10		231.07		1		8.0108833
Bt3		22		11		10		365.36		0		9.6019746
Bt4		14		8		7		91.31		0		17.6889934
Bt5		20		14		10		442.27		0		18.0634952
Bt6		19		6		9		217.37		0		10.5558389
Bt7		22		8		7		202.84		1		4.5706995
Bt8		26		13		11		607.62		1		1.6541020
Bt9		35		14		6		553.73		0		15.0719642
Bt10		21		14		10		410.28		0		23.2403562
Bt11		30		5		10		524.48		0		39.2328194
Bt12		22		12		10		672.52		0		21.9085622
Bt13		12		12		7		230.55		0		13.6589277
Bt14		27		6		10		211.72		0		7.4537473
Bt15		35		12		7		445.19		0		11.1456266
Bt16		21		13		10		373.54		1		2.7656923
Bt17		22		12		10		379.83		0		9.3234639
Bt18		21		6		10		184.29		1		9.0114124
Bt19		20		10		11		491.64		0		6.8723362
Bt20		27		6		8		240.50		0		12.8896088
Bt21		13		12		9		251.61		0		21.8570479
Bt22		12		12		8		212.62		0		8.1977363
Bt23		28		13		8		411.32		0		12.7583412
Bt24		27		7		11		390.54		0		6.3556193
Bt25		14		10		13		363.19		0		17.5614487
Bt26		12		12		14		360.78		0		47.6637866
Bt27		29		9		6		317.99		0		7.3545755
Bt28		16		8		8		107.19		0		6.2979124
Bt29		21		5		9		110.02		0		40.7312908
Bt30		23		11		13		469.59		0		6.6904317
Bt31		30		6		7		416.54		0		21.8750189
Bt32		27		14		12		754.62		0		7.7289004
Bt33		18		6		13		298.62		0		30.0363025
Bt34		32		14		11		3396.61		0		44.3239095
Bt35		22		10		10		494.31		1		12.8290821
Bt36		27		7		6		177.35		1		2.7590758
Bt37		34		8		14		860.29		0		21.1871300
Bt38		34		11		7		421.50		0		5.9080579
Bt39		22		5		9		1096.28		0		28.1356980
Bt40		24		8		11		406.80		1		13.6145680
Bt41		18		10		6		545.04		1		10.9663410
Bt42		23		6		14		415.07		0		13.0858259
Bt43		19		9		6		105.67		1		2.1012182
Bt44		34		11		14		545.53		0		8.2554218
Bt45		24		12		13		850.72		0		18.8723053
Bt46		31		9		11		346.08		0		19.2701064
Bt47		30		11		12		531.85		0		9.3471129
Bt48		13		10		7		132.55		0		9.8870956
Bt49		29		12		11		501.16		0		4.0393446
Bt50		13		11		6		821.90		0		54.7941444
Bt51		28		7		10		395.09		0		16.0029988
Bt52		31		14		7		636.77		0		17.3373240
Bt53		17		9		14		417.39		1		12.4220663
Bt54		24		9		6		145.22		0		23.2080470
Bt55		18		12		6		189.17		0		5.3012668
Bt56		18		5		7		762.32		0		73.5577636
Bt57		18		12		11		342.78		0		10.4409202
Bt58		33		8		6		266.53		1		8.4721556
Bt59		30		11		14		713.46		0		17.3011659
Bt60		17		13		8		228.88		0		27.1457952
Bt61		33		14		7		740.69		0		40.7097466
Bt62		14		11		14		279.47		0		8.7243578
Bt63		15		6		9		589.46		1		26.2894024
Bt64		30		7		12		268.12		0		29.3256233
Bt65		24		5		10		265.52		0		16.7566863
Bt66		22		8		11		203.83		0		4.4147040
Bt67		23		5		12		281.04		0		16.6478130
Bt68		32		12		8		358.79		1		3.1355965
Bt69		15		10		11		383.58		0		66.4839543
Bt70		13		12		7		694.94		1		16.4251084
Bt71		19		10		7		324.47		1		6.1074992
Bt72		35		12		9		556.59		0		19.4376965
Bt73		33		6		6		446.41		0		22.3183540
Bt74		30		5		14		929.83		0		28.8622266
Bt75		19		14		6		184.99		1		5.5194600
Bt76		12		12		6		275.31		0		18.8072210
Bt77		21		11		7		594.91		0		23.9819064
Bt78		33		7		7		323.66		0		6.8044369
Bt79		29		9		6		279.95		0		23.0261291
Bt80		34		13		6		593.56		0		52.4348594
Bt81		12		6		6		45.13		0		17.7827999
Bt82		15		14		12		261.95		0		7.8994507
Bt83		15		11		10		1214.63		0		36.0498098
Bt84		31		11		14		1013.50		0		14.7901048
Bt85		14		5		11		78.63		0		8.0992342
Bt86		29		9		7		422.76		0		16.8550455
Bt87		22		11		11		402.98		0		20.0378268
Bt88		25		14		7		496.16		0		17.8421092
Bt89		13		11		11		175.61		0		3.9113485
Bt90		18		9		14		1259.29		0		24.4307192
Bt91		34		5		11		345.87		1		6.6975128
Bt92		13		12		14		254.64		0		6.7245040
Bt93		29		8		11		510.65		0		17.2929683
Bt94		14		14		8		1045.17		0		89.3090646
Bt95		21		5		14		186.98		1		6.1480914
Bt96		23		10		13		608.21		0		12.5049340
Bt97		34		10		6		229.53		0		38.5391936
Bt98		25		13		7		2580.15		0		123.0672571
Bt99		35		10		6		418.02		0		16.8571756
Bt100		33		8		12		419.53		1		6.8024150

DEMANDS PER CUSTOMER
i	Type Quantity
1	Bt33 1	Bt44 1	Bt65 2	
2	Bt11 1	Bt42 1	Bt45 1	Bt72 1	Bt88 1	
3	Bt13 1	Bt23 1	Bt52 1	Bt78 1	Bt90 1	
4	Bt10 1	Bt24 1	Bt27 1	Bt31 1	Bt52 1	
5	Bt19 1	Bt70 1	
6	Bt16 1	Bt40 1	Bt66 1	
7	Bt8 1	Bt26 1	Bt36 1	Bt43 1	Bt61 1	Bt78 1	
8	Bt6 1	Bt22 1	Bt39 1	
9	Bt32 1	Bt41 2	
10	Bt22 1	Bt42 1	Bt43 1	Bt53 1	Bt67 1	
11	Bt13 1	Bt45 1	Bt57 1	
12	Bt75 1	Bt86 1	Bt89 1	
13	Bt10 1	Bt39 1	Bt45 1	Bt46 1	Bt71 1	Bt72 1	
14	Bt11 1	Bt24 1	Bt25 1	Bt98 1	
15	Bt29 1	Bt46 1	Bt49 1	Bt86 1	
16	Bt22 1	Bt57 1	Bt60 1	Bt63 1	Bt82 1	Bt96 1	
17	Bt6 1	Bt32 1	Bt35 1	Bt93 1	
18	Bt34 1	Bt38 1	Bt56 1	Bt59 1	Bt63 1	Bt64 1	
19	Bt57 1	Bt80 1	Bt96 1	
20	Bt11 1	Bt71 1	Bt79 1	Bt85 1	
21	Bt40 1	Bt43 1	Bt80 1	Bt93 1	Bt99 2	
22	Bt2 1	Bt4 1	Bt11 1	Bt52 1	Bt91 1	
23	Bt7 1	Bt26 1	Bt41 1	Bt47 1	Bt52 1	
24	Bt2 1	Bt25 1	Bt52 1	Bt80 1	
25	Bt37 1	Bt59 1	
26	Bt2 1	Bt60 1	Bt68 1	
27	Bt16 1	Bt38 1	Bt43 1	Bt87 1	
28	Bt94 1	Bt96 1	
29	Bt21 1	Bt29 1	Bt52 1	Bt85 1	
30	Bt36 1	Bt73 1	Bt89 1	
31	Bt56 1	Bt76 1	Bt92 1	
32	Bt1 1	Bt14 1	Bt39 1	Bt84 1	Bt93 1	
33	Bt10 1	Bt40 1	Bt64 1	Bt93 1	
34	Bt10 1	Bt17 1	Bt53 1	Bt58 1	
35	Bt15 1	Bt40 1	Bt81 1	
36	Bt28 1	Bt55 1	Bt87 1	
37	Bt60 1	Bt84 1	Bt91 1	
38	Bt17 1	Bt25 1	Bt45 1	Bt49 1	Bt80 1	Bt92 1	
39	Bt24 1	Bt49 2	Bt50 1	Bt66 2	
40	Bt87 1	Bt88 1	Bt96 1	
41	Bt35 1	Bt36 1	Bt44 1	Bt61 1	
42	Bt25 1	Bt36 1	Bt40 1	Bt73 1	Bt75 1	Bt99 1	
43	Bt3 1	Bt64 1	Bt65 1	Bt83 1	Bt91 1	
44	Bt74 1	Bt76 1	Bt82 1	Bt83 1	
45	Bt2 1	Bt38 1	Bt54 1	Bt93 1	
46	Bt18 1	Bt31 1	Bt38 1	Bt57 1	
47	Bt56 1	Bt64 1	Bt67 1	Bt70 1	
48	Bt76 1	Bt81 1	
49	Bt5 1	Bt22 1	Bt39 1	Bt74 1	Bt76 1	
50	Bt19 1	Bt46 1	Bt87 1	
51	Bt2 1	Bt7 1	Bt13 1	Bt28 1	Bt50 1	Bt92 1	
52	Bt6 1	Bt12 2	Bt69 1	
53	Bt16 1	Bt51 1	Bt72 1	Bt86 1	
54	Bt48 1	Bt58 1	Bt92 1	
55	Bt19 1	Bt40 1	
56	Bt17 1	Bt38 1	Bt45 1	Bt47 1	Bt90 1	
57	Bt4 2	Bt29 1	Bt47 1	Bt56 1	Bt75 1	
58	Bt22 1	Bt69 1	Bt86 1	
59	Bt2 1	Bt5 1	Bt23 1	Bt40 2	Bt48 1	
60	Bt1 1	Bt3 1	Bt30 1	
61	Bt12 1	Bt61 1	Bt70 1	Bt81 1	Bt98 1	
62	Bt5 1	Bt26 1	Bt40 1	
63	Bt4 1	Bt61 1	Bt62 1	Bt65 1	
64	Bt36 1	Bt38 1	Bt42 1	Bt99 1	
65	Bt17 1	Bt31 1	Bt52 1	Bt64 1	
66	Bt3 1	Bt24 1	Bt43 1	Bt47 1	
67	Bt8 1	Bt12 1	Bt43 1	Bt57 1	Bt79 1	Bt97 1	
68	Bt31 1	Bt44 1	Bt48 1	Bt100 1	
69	Bt23 1	Bt24 1	Bt51 1	Bt57 1	Bt73 1	Bt77 1	
70	Bt56 1	Bt57 1	Bt75 1	
71	Bt33 1	Bt38 1	Bt50 1	Bt53 1	Bt57 1	Bt69 1	
72	Bt5 1	Bt14 1	Bt89 1	
73	Bt34 1	Bt67 1	Bt87 1	
74	Bt9 1	Bt12 1	Bt31 1	Bt41 1	
75	Bt66 1	Bt87 1	
76	Bt13 1	Bt38 1	Bt42 1	
77	Bt23 1	Bt28 1	Bt33 1	Bt63 1	
78	Bt23 1	Bt42 1	Bt72 1	Bt92 1	Bt98 1	
79	Bt3 1	Bt10 1	Bt11 1	Bt14 1	Bt28 1	Bt70 1	
80	Bt3 1	Bt12 1	Bt42 1	Bt77 1	Bt80 1	
81	Bt31 1	Bt64 1	
82	Bt19 1	Bt39 1	Bt50 1	Bt66 1	Bt70 1	Bt81 1	
83	Bt3 1	Bt16 1	Bt39 1	
84	Bt47 1	Bt90 1	
85	Bt33 1	Bt43 1	Bt46 1	Bt72 1	Bt75 1	
86	Bt24 1	Bt45 1	Bt85 1	Bt98 1	
87	Bt6 1	Bt79 1	
88	Bt1 1	Bt33 1	Bt49 1	
89	Bt8 1	Bt50 1	Bt62 1	
90	Bt12 1	Bt39 1	
91	Bt22 1	Bt67 1	Bt76 1	
92	Bt1 1	Bt20 1	Bt30 1	Bt36 1	Bt52 1	Bt62 1	
93	Bt10 1	Bt21 1	Bt62 1	Bt69 1	
94	Bt21 1	Bt25 1	Bt55 1	
95	Bt40 1	Bt44 1	Bt74 1	Bt99 1	
96	Bt30 1	Bt47 1	Bt69 1	
97	Bt2 1	Bt5 1	Bt27 1	Bt28 1	Bt37 1	Bt38 1	
98	Bt14 1	Bt26 1	Bt79 1	Bt82 1	
99	Bt57 2	Bt81 1	Bt83 1	
100	Bt32 1	Bt77 1	