Name				495_n100_m400_bt100
Number_of_Customers		100
Number_of_Items			400
Number_of_ItemTypes		100
Number_of_Vehicles		54
TimeWindows			1

VEHICLE
Mass_Capacity			12595
CargoSpace_Length		60
CargoSpace_Width		25
CargoSpace_Height		30
Wheelbase			48
Max_Mass_FrontAxle		7100
Max_Mass_RearAxle		11500
Distance_FrontAxle_CargoSpace	4

CUSTOMERS
i		x		y		Demand		ReadyTime	DueDate		ServiceTime	DemandedMass	DemandedVolume
0		35		35		0		0		230		0		0		0
1		16		6		5		0		185		10		1553.11		7978
2		51		54		6		0		195		10		3014.13		14008
3		42		10		3		0		194		10		807.62		6306
4		62		20		4		0		189		10		1618.83		11016
5		49		32		3		0		205		10		1326.82		5640
6		39		17		5		169		197		10		2550.59		15241
7		23		55		5		0		196		10		2120.89		11325
8		70		62		2		111		145		10		1642.45		3548
9		24		80		4		0		173		10		1240.05		7226
10		31		30		4		0		213		10		1564.49		9186
11		50		11		5		0		191		10		2174.82		14237
12		65		36		3		0		189		10		1195.76		7447
13		21		26		4		36		64		10		2204.35		11321
14		63		3		5		0		177		10		2045.83		9356
15		9		24		4		0		191		10		2173.65		8265
16		33		26		3		0		210		10		1451.13		9537
17		44		67		4		164		196		10		2539.79		14154
18		2		51		2		0		183		10		1080.51		4818
19		51		24		4		17		45		10		1610.17		9730
20		38		42		6		0		212		10		2033.71		8368
21		41		5		5		0		189		10		1802.06		9008
22		50		18		5		0		197		10		1372.55		8674
23		57		9		3		93		125		10		2516.36		8456
24		20		15		4		87		115		10		1397.4		8252
25		30		35		6		0		215		10		3195.37		11492
26		37		62		4		0		192		10		3099.5		10854
27		20		59		2		0		191		10		1149.34		7405
28		27		63		5		159		185		10		2562.49		14442
29		62		63		4		85		119		10		2260.01		13494
30		41		51		4		0		202		10		2050.28		10436
31		47		13		3		0		194		10		1696.78		9648
32		8		29		4		0		192		10		1644.01		9889
33		66		71		6		0		172		10		2524.58		13004
34		34		39		5		0		215		10		1461.48		7851
35		42		63		2		0		191		10		636		2664
36		64		46		4		63		99		10		3494.87		11500
37		11		49		5		64		96		10		1769.54		8898
38		2		35		6		0		187		10		1622.27		7220
39		55		17		4		59		89		10		1180.72		7282
40		0		26		4		0		183		10		1313.45		8313
41		61		15		3		65		87		10		721.1		5414
42		0		18		6		0		181		10		3137.25		13276
43		31		2		3		0		186		10		1442.95		8110
44		26		73		4		0		180		10		2054.02		12764
45		14		21		4		0		194		10		1175.56		6700
46		43		20		4		0		203		10		1130.52		8084
47		61		10		2		0		183		10		2138.16		9940
48		2		12		5		0		179		10		2521.27		14081
49		68		3		3		53		81		10		832.61		5242
50		39		34		4		84		114		10		2301.84		11194
51		38		6		4		173		203		10		2825.05		8738
52		15		47		6		0		196		10		2650.31		15265
53		31		62		3		0		192		10		890.72		6716
54		44		45		5		0		206		10		2147.98		10548
55		65		19		5		0		186		10		3016.34		15214
56		46		36		4		0		208		10		1565.19		8094
57		59		63		3		0		183		10		1130.55		6478
58		15		68		6		0		181		10		2099.32		12133
59		65		6		2		0		178		10		881.68		5404
60		45		29		4		0		208		10		1365.65		8064
61		24		59		4		58		92		10		1812.46		10807
62		9		43		6		0		192		10		3023.12		14136
63		29		73		5		81		111		10		2126.36		12003
64		37		1		6		0		185		10		1273.28		7513
65		46		78		5		0		175		10		1242.61		8156
66		44		59		2		0		194		10		1193.68		6384
67		32		8		6		86		118		10		4047.36		16444
68		56		36		2		0		198		10		814.72		4446
69		54		52		4		54		82		10		2178.01		10196
70		5		16		3		0		184		10		1926.69		8574
71		52		14		6		155		185		10		2887.55		13600
72		58		70		3		35		63		10		1833.03		5016
73		55		3		3		0		182		10		1246.07		6046
74		12		33		4		0		196		10		1432.34		7424
75		11		27		2		178		206		10		1156.67		4983
76		13		17		3		0		191		10		1766.52		5504
77		33		13		3		0		197		10		1213.27		7292
78		67		61		6		0		178		10		4110.21		16476
79		54		66		3		0		183		10		933		6336
80		21		70		3		0		182		10		640.49		3630
81		57		39		3		0		197		10		1202.43		8100
82		59		46		2		0		193		10		541.51		3272
83		57		23		5		0		194		10		1913.26		10370
84		28		32		6		55		83		10		2320.64		13896
85		14		12		3		0		188		10		2387.61		7826
86		20		41		4		0		203		10		1987.15		10180
87		5		78		2		0		167		10		505.87		3464
88		43		14		5		0		197		10		3257		15409
89		38		48		4		0		206		10		1860.68		6657
90		14		52		3		0		192		10		623.03		3577
91		8		10		3		0		183		10		1288.04		8640
92		0		57		3		0		178		10		620.01		3320
93		13		55		2		0		190		10		400.27		2685
94		70		79		6		0		163		10		3663.1		16071
95		6		52		5		0		186		10		1673.82		8976
96		68		23		4		0		184		10		2119.62		11578
97		55		56		3		0		191		10		1397.8		7088
98		9		80		3		110		142		10		1486.33		10572
99		67		13		4		0		181		10		1533.81		8112
100		49		4		5		0		185		10		1621.42		10713

ITEMS
Type		Length		Width		Height		Mass		Fragility	LoadBearingStrength
Bt1		21		14		9		562.23		0		7.6069023
Bt2		32		12		11		872.39		0		13.5770093
Bt3		27		5		11		210.97		0		21.4014456
Bt4		27		12		7		366.29		0		6.7028401
Bt5		13		12		12		212.70		0		4.5053756
Bt6		17		6		14		383.68		0		42.2896419
Bt7		18		10		8		374.06		0		14.2065596
Bt8		27		6		7		164.47		0		25.2081526
Bt9		20		13		12		633.55		0		17.0613588
Bt10		35		13		9		652.53		0		14.7191980
Bt11		26		9		13		777.24		1		4.8428635
Bt12		33		10		8		551.59		0		18.2249411
Bt13		29		6		8		221.76		1		2.6979988
Bt14		12		10		10		305.95		0		13.6271452
Bt15		34		5		7		260.91		0		36.8937528
Bt16		30		11		13		548.25		0		7.6885004
Bt17		13		10		10		294.97		0		29.3844282
Bt18		12		7		9		145.39		0		17.2607563
Bt19		28		5		7		129.14		1		5.6150057
Bt20		13		5		14		391.79		0		69.3500628
Bt21		13		13		8		387.13		1		8.6534284
Bt22		18		11		7		197.05		0		12.6572917
Bt23		24		8		10		564.05		0		21.1636777
Bt24		21		11		14		650.35		0		6.0662093
Bt25		17		7		11		229.15		0		8.8743772
Bt26		28		14		9		471.28		0		9.3382586
Bt27		21		13		10		1210.11		1		8.5382306
Bt28		13		7		8		150.03		1		5.2904113
Bt29		35		12		10		972.62		1		3.1695452
Bt30		26		12		11		745.16		0		8.5768852
Bt31		29		13		13		1064.64		0		10.6315829
Bt32		22		6		7		165.36		1		19.3303024
Bt33		17		14		8		282.31		0		7.0155590
Bt34		19		13		7		314.08		0		9.4900669
Bt35		26		11		12		443.22		1		1.9343852
Bt36		14		13		14		603.09		1		4.9543873
Bt37		30		7		8		996.70		0		41.3389382
Bt38		33		13		8		392		0		4.5455626
Bt39		29		12		13		733.54		0		4.8969485
Bt40		23		13		6		332.85		0		23.3176893
Bt41		24		9		11		340.80		0		14.2315619
Bt42		23		9		12		475.16		0		22.4857126
Bt43		21		8		9		161.04		0		20.9237065
Bt44		30		5		8		189.30		0		10.6915874
Bt45		13		13		7		172.07		0		30.0597958
Bt46		14		13		10		1246.63		0		234.8032521
Bt47		27		9		11		455.29		0		9.5389804
Bt48		27		7		9		366.26		0		13.0956654
Bt49		25		14		9		543.33		1		1.7387888
Bt50		28		11		12		874.02		1		6.5734125
Bt51		34		9		13		667.48		0		25.7666082
Bt52		35		14		6		395.71		0		8.9349425
Bt53		16		13		6		327.56		0		30.7265967
Bt54		13		8		10		159.64		0		6.1155959
Bt55		26		13		14		694.05		0		7.4323003
Bt56		17		14		14		526.29		1		2.5104954
Bt57		18		8		11		345.48		0		11.0981454
Bt58		18		7		9		123.19		0		6.1752081
Bt59		32		9		8		265.51		1		2.3477215
Bt60		27		11		11		848.18		0		11.6447287
Bt61		14		13		8		173.69		1		3.1657842
Bt62		26		5		8		177.74		0		17.9872660
Bt63		17		9		8		261.94		0		13.5925012
Bt64		13		13		14		1543.53		0		59.5241986
Bt65		27		10		10		586.16		0		14.3389640
Bt66		22		9		8		295.50		1		2.8499945
Bt67		30		10		10		463.34		0		14.1875668
Bt68		18		12		11		315.60		0		12.1766972
Bt69		35		8		9		430.76		0		15.1370675
Bt70		32		13		11		567.63		0		13.5581458
Bt71		20		7		9		327.77		0		20.4320336
Bt72		12		12		12		395.82		0		17.3201789
Bt73		16		5		12		223.64		0		11.2261478
Bt74		22		13		12		552.62		0		18.5995931
Bt75		20		13		10		649.79		0		15.3540127
Bt76		15		11		13		427.64		0		6.5558917
Bt77		22		10		8		206.09		0		35.4456769
Bt78		14		11		10		284.60		0		7.0976939
Bt79		25		9		8		252.49		0		16.8589164
Bt80		27		11		13		720.53		0		9.5357576
Bt81		13		9		11		282.65		0		41.6393275
Bt82		31		5		6		177.18		0		14.5132065
Bt83		30		12		10		787.90		0		27.8587049
Bt84		19		11		12		265.99		1		5.1929172
Bt85		25		11		13		609.72		1		13.1376458
Bt86		16		12		14		669.06		0		16.0821544
Bt87		21		5		10		178.15		1		3.9149602
Bt88		27		8		7		300.75		1		4.7874856
Bt89		19		5		10		128.33		0		6.7578927
Bt90		32		14		10		804.34		0		7.3233570
Bt91		22		8		13		382.41		0		23.0012823
Bt92		13		7		10		175.67		0		22.9255509
Bt93		30		13		14		1333.82		0		22.5688083
Bt94		26		6		10		223.56		0		9.6815787
Bt95		34		11		13		1158.84		0		10.1031796
Bt96		33		13		13		568.89		0		26.7402472
Bt97		34		10		9		1498.34		0		115.1650079
Bt98		27		7		8		335.42		0		12.2413615
Bt99		22		7		9		335.35		0		49.4312123
Bt100		31		6		13		246.61		0		18.5877074

DEMANDS PER CUSTOMER
i	Type Quantity
1	Bt8 1	Bt36 1	Bt44 1	Bt66 1	Bt88 1	
2	Bt30 1	Bt47 1	Bt57 1	Bt60 1	Bt78 1	Bt98 1	
3	Bt59 1	Bt66 1	Bt100 1	
4	Bt8 1	Bt26 1	Bt51 1	Bt68 1	
5	Bt63 1	Bt72 1	Bt86 1	
6	Bt10 1	Bt22 1	Bt57 1	Bt70 1	Bt83 1	
7	Bt31 1	Bt43 1	Bt45 1	Bt66 1	Bt76 1	
8	Bt46 1	Bt72 1	
9	Bt25 1	Bt45 1	Bt49 1	Bt66 1	
10	Bt8 1	Bt22 1	Bt24 1	Bt74 1	
11	Bt55 1	Bt63 1	Bt70 1	Bt76 1	Bt94 1	
12	Bt57 1	Bt70 1	Bt81 1	
13	Bt9 1	Bt31 1	Bt32 1	Bt41 1	
14	Bt2 1	Bt21 1	Bt58 1	Bt71 1	Bt99 1	
15	Bt27 1	Bt85 1	Bt87 1	Bt92 1	
16	Bt35 1	Bt47 1	Bt74 1	
17	Bt55 1	Bt67 1	Bt94 1	Bt95 1	
18	Bt30 1	Bt99 1	
19	Bt16 1	Bt54 1	Bt75 1	Bt79 1	
20	Bt15 2	Bt18 1	Bt37 1	Bt58 1	Bt100 1	
21	Bt15 1	Bt40 1	Bt68 1	Bt73 1	Bt86 1	
22	Bt21 1	Bt32 1	Bt52 1	Bt62 1	Bt100 1	
23	Bt46 1	Bt50 1	Bt52 1	
24	Bt4 1	Bt62 1	Bt74 1	Bt88 1	
25	Bt11 1	Bt40 1	Bt58 1	Bt89 1	Bt97 1	Bt98 1	
26	Bt2 1	Bt12 1	Bt82 1	Bt97 1	
27	Bt47 1	Bt55 1	
28	Bt5 1	Bt31 1	Bt33 2	Bt80 1	
29	Bt2 1	Bt24 1	Bt26 1	Bt84 1	
30	Bt2 1	Bt21 1	Bt42 1	Bt68 1	
31	Bt38 1	Bt50 1	Bt69 1	
32	Bt3 1	Bt32 1	Bt67 1	Bt90 1	
33	Bt4 1	Bt20 1	Bt42 1	Bt55 1	Bt63 1	Bt99 1	
34	Bt25 1	Bt40 1	Bt44 1	Bt71 1	Bt91 1	
35	Bt7 1	Bt63 1	
36	Bt31 1	Bt46 1	Bt60 1	Bt98 1	
37	Bt21 1	Bt45 1	Bt48 1	Bt49 1	Bt88 1	
38	Bt7 2	Bt18 1	Bt54 1	Bt57 1	Bt73 1	
39	Bt15 1	Bt19 1	Bt51 1	Bt58 1	
40	Bt13 1	Bt16 1	Bt48 1	Bt82 1	
41	Bt33 1	Bt58 1	Bt68 1	
42	Bt4 1	Bt37 1	Bt45 1	Bt65 1	Bt66 1	Bt80 1	
43	Bt3 1	Bt76 1	Bt90 1	
44	Bt26 1	Bt79 1	Bt80 1	Bt85 1	
45	Bt32 1	Bt33 1	Bt57 1	Bt91 1	
46	Bt19 1	Bt26 1	Bt41 1	Bt44 1	
47	Bt90 1	Bt93 1	
48	Bt3 1	Bt40 1	Bt74 1	Bt84 1	Bt95 1	
49	Bt19 1	Bt56 1	Bt82 1	
50	Bt1 1	Bt6 1	Bt12 1	Bt90 1	
51	Bt3 1	Bt64 1	Bt81 1	Bt83 1	
52	Bt4 1	Bt14 1	Bt31 1	Bt59 2	Bt91 1	
53	Bt5 1	Bt33 1	Bt52 1	
54	Bt7 1	Bt8 1	Bt47 1	Bt48 1	Bt83 1	
55	Bt2 1	Bt44 1	Bt51 1	Bt89 1	Bt95 1	
56	Bt32 1	Bt74 1	Bt86 1	Bt87 1	
57	Bt10 1	Bt14 1	Bt45 1	
58	Bt16 1	Bt25 1	Bt43 1	Bt75 1	Bt92 1	Bt98 1	
59	Bt10 1	Bt25 1	
60	Bt9 1	Bt32 1	Bt84 1	Bt88 1	
61	Bt16 1	Bt25 1	Bt43 1	Bt50 1	
62	Bt7 1	Bt11 1	Bt39 1	Bt42 1	Bt71 1	Bt99 1	
63	Bt13 1	Bt20 1	Bt56 1	Bt80 1	Bt84 1	
64	Bt19 2	Bt25 1	Bt53 1	Bt61 1	Bt78 1	
65	Bt13 2	Bt41 1	Bt61 1	Bt78 1	
66	Bt24 1	Bt49 1	
67	Bt24 1	Bt27 1	Bt30 1	Bt36 1	Bt65 1	Bt79 1	
68	Bt1 1	Bt79 1	
69	Bt50 1	Bt65 1	Bt91 1	Bt98 1	
70	Bt22 1	Bt72 1	Bt93 1	
71	Bt21 1	Bt26 1	Bt75 1	Bt76 1	Bt81 1	Bt86 1	
72	Bt18 1	Bt44 1	Bt97 1	
73	Bt17 1	Bt24 1	Bt88 1	
74	Bt44 1	Bt54 1	Bt66 1	Bt83 1	
75	Bt50 1	Bt81 1	
76	Bt15 1	Bt27 1	Bt66 1	
77	Bt56 1	Bt67 1	Bt73 1	
78	Bt1 1	Bt8 1	Bt30 1	Bt50 1	Bt84 1	Bt97 1	
79	Bt78 1	Bt84 1	Bt91 1	
80	Bt62 1	Bt78 1	Bt87 1	
81	Bt42 1	Bt54 1	Bt70 1	
82	Bt77 1	Bt98 1	
83	Bt11 1	Bt12 1	Bt19 1	Bt44 1	Bt84 1	
84	Bt26 1	Bt30 1	Bt45 1	Bt56 1	Bt58 1	Bt81 1	
85	Bt28 1	Bt55 1	Bt64 1	
86	Bt17 1	Bt29 1	Bt38 1	Bt53 1	
87	Bt33 1	Bt94 1	
88	Bt31 1	Bt73 1	Bt79 1	Bt91 1	Bt93 1	
89	Bt5 1	Bt37 1	Bt73 1	Bt76 1	
90	Bt45 1	Bt58 1	Bt71 1	
91	Bt26 2	Bt57 1	
92	Bt18 1	Bt19 1	Bt57 1	
93	Bt3 1	Bt44 1	
94	Bt1 1	Bt2 1	Bt37 1	Bt41 1	Bt67 1	Bt76 1	
95	Bt2 1	Bt18 1	Bt22 2	Bt63 1	
96	Bt21 1	Bt47 1	Bt51 1	Bt85 1	
97	Bt21 1	Bt30 1	Bt59 1	
98	Bt55 1	Bt56 1	Bt84 1	
99	Bt17 1	Bt39 1	Bt53 1	Bt62 1	
100	Bt8 1	Bt28 1	Bt48 1	Bt55 1	Bt100 1	