Name				496_n100_m400_bt3
Number_of_Customers		100
Number_of_Items			400
Number_of_ItemTypes		3
Number_of_Vehicles		21
TimeWindows			1

VEHICLE
Mass_Capacity			12595
CargoSpace_Length		60
CargoSpace_Width		25
CargoSpace_Height		30
Wheelbase			48
Max_Mass_FrontAxle		7100
Max_Mass_RearAxle		11500
Distance_FrontAxle_CargoSpace	4

CUSTOMERS
i		x		y		Demand		ReadyTime	DueDate		ServiceTime	DemandedMass	DemandedVolume
0		35		35		0		0		230		0		0		0
1		22		29		2		0		205		10		206.41		264
2		54		2		5		0		181		10		637.91		1072
3		24		3		2		0		186		10		206.41		264
4		64		33		4		0		190		10		656.59		1352
5		42		43		4		0		209		10		793.68		1752
6		63		36		5		0		191		10		881.68		1896
7		30		1		6		0		185		10		893.41		1592
8		60		34		6		0		194		10		1000.09		2016
9		1		23		5		59		93		10		851.27		1920
10		14		8		5		165		203		10		881.68		1896
11		16		22		4		0		196		10		519.5		952
12		3		2		4		127		143		10		626.18		1376
13		39		74		4		0		180		10		412.82		528
14		51		65		2		139		165		10		313.09		688
15		44		20		6		25		45		10		1106.77		2440
16		8		44		3		0		191		10		461.91		784
17		49		52		5		0		197		10		561.64		624
18		52		17		3		0		195		10		538.18		1232
19		3		61		5		0		178		10		531.23		648
20		28		32		2		101		125		10		313.09		688
21		19		78		4		0		174		10		626.18		1376
22		15		60		6		0		187		10		1137.18		2416
23		56		44		3		0		197		10		538.18		1232
24		1		39		3		0		185		10		675.27		1632
25		46		69		3		154		186		10		294.41		408
26		11		68		3		35		75		10		538.18		1232
27		33		63		5		0		191		10		607.5		1096
28		8		49		3		0		189		10		538.18		1232
29		15		28		5		0		198		10		668.32		1048
30		23		69		4		139		159		10		763.27		1776
31		14		32		5		0		198		10		577.09		1120
32		23		64		6		0		188		10		802.18		1664
33		3		80		4		0		164		10		443.23		504
34		56		33		4		0		198		10		443.23		504
35		43		48		2		0		204		10		236.82		240
36		55		77		5		0		173		10		637.91		1072
37		70		73		4		0		168		10		519.5		952
38		31		69		4		0		185		10		519.5		952
39		49		14		4		0		194		10		793.68		1752
40		13		54		3		0		190		10		324.82		384
41		0		47		4		62		94		10		626.18		1376
42		59		7		5		0		183		10		775		1472
43		20		18		3		0		197		10		431.5		808
44		19		25		3		0		201		10		401.09		832
45		11		10		4		0		185		10		656.59		1352
46		26		6		3		0		189		10		461.91		784
47		66		60		5		0		180		10		607.5		1096
48		66		12		3		0		181		10		461.91		784
49		66		19		4		116		142		10		519.5		952
50		27		63		5		0		190		10		698.73		1024
51		63		66		3		0		178		10		324.82		384
52		61		12		2		139		173		10		343.5		664
53		41		61		4		0		193		10		656.59		1352
54		57		36		5		0		197		10		744.59		1496
55		23		12		5		0		194		10		714.18		1520
56		39		79		4		0		175		10		687		1328
57		43		9		6		0		192		10		832.59		1640
58		66		51		4		0		185		10		656.59		1352
59		44		60		5		143		177		10		912.09		1872
60		34		58		4		165		197		10		763.27		1776
61		42		12		3		0		195		10		294.41		408
62		27		66		3		0		187		10		401.09		832
63		31		12		6		120		146		10		893.41		1592
64		49		34		2		0		205		10		450.18		1088
65		44		35		4		49		83		10		580.32		904
66		47		56		5		179		205		10		637.91		1072
67		54		12		3		0		190		10		431.5		808
68		4		6		2		0		177		10		313.09		688
69		3		28		6		144		174		10		863		1616
70		0		50		4		63		89		10		473.64		480
71		1		72		4		0		169		10		549.91		928
72		16		69		4		0		181		10		519.5		952
73		34		69		5		0		185		10		851.27		1920
74		0		2		3		0		171		10		401.09		832
75		32		41		6		0		213		10		969.68		2040
76		45		66		4		0		187		10		489.09		976
77		3		43		3		0		187		10		401.09		832
78		52		24		4		68		100		10		382.41		552
79		63		59		2		63		87		10		236.82		240
80		8		4		3		0		178		10		401.09		832
81		47		78		6		0		175		10		802.18		1664
82		54		59		4		0		189		10		519.5		952
83		68		5		3		0		175		10		461.91		784
84		63		19		5		0		187		10		1125.45		2720
85		67		54		4		97		129		10		412.82		528
86		45		15		5		0		197		10		637.91		1072
87		16		49		3		0		196		10		264		432
88		48		45		5		0		203		10		744.59		1496
89		59		65		2		0		181		10		450.18		1088
90		52		32		3		0		202		10		294.41		408
91		38		17		4		0		201		10		626.18		1376
92		19		45		5		0		201		10		531.23		648
93		51		29		4		0		202		10		656.59		1352
94		51		61		5		31		61		10		1018.77		2296
95		44		77		5		0		177		10		531.23		648
96		29		8		4		0		192		10		519.5		952
97		50		69		4		41		67		10		519.5		952
98		12		49		3		53		83		10		324.82		384
99		42		66		5		0		188		10		881.68		1896
100		37		55		2		0		199		10		343.5		664

ITEMS
Type		Length		Width		Height		Mass		Fragility	LoadBearingStrength
Bt1		12		4		3		88		1		3.8298939
Bt2		17		4		8		225.09		0		16.3293218
Bt3		12		2		5		118.41		0		76.9839129

DEMANDS PER CUSTOMER
i	Type Quantity
1	Bt1 1	Bt3 1	
2	Bt1 2	Bt2 1	Bt3 2	
3	Bt1 1	Bt3 1	
4	Bt1 1	Bt2 2	Bt3 1	
5	Bt2 3	Bt3 1	
6	Bt1 1	Bt2 3	Bt3 1	
7	Bt1 1	Bt2 2	Bt3 3	
8	Bt1 1	Bt2 3	Bt3 2	
9	Bt1 2	Bt2 3	
10	Bt1 1	Bt2 3	Bt3 1	
11	Bt1 2	Bt2 1	Bt3 1	
12	Bt1 2	Bt2 2	
13	Bt1 2	Bt3 2	
14	Bt1 1	Bt2 1	
15	Bt1 1	Bt2 4	Bt3 1	
16	Bt2 1	Bt3 2	
17	Bt1 1	Bt3 4	
18	Bt1 1	Bt2 2	
19	Bt1 2	Bt3 3	
20	Bt1 1	Bt2 1	
21	Bt1 2	Bt2 2	
22	Bt2 4	Bt3 2	
23	Bt1 1	Bt2 2	
24	Bt2 3	
25	Bt1 2	Bt3 1	
26	Bt1 1	Bt2 2	
27	Bt1 3	Bt2 1	Bt3 1	
28	Bt1 1	Bt2 2	
29	Bt1 1	Bt2 1	Bt3 3	
30	Bt1 1	Bt2 3	
31	Bt1 4	Bt2 1	
32	Bt1 4	Bt2 2	
33	Bt1 1	Bt3 3	
34	Bt1 1	Bt3 3	
35	Bt3 2	
36	Bt1 2	Bt2 1	Bt3 2	
37	Bt1 2	Bt2 1	Bt3 1	
38	Bt1 2	Bt2 1	Bt3 1	
39	Bt2 3	Bt3 1	
40	Bt1 1	Bt3 2	
41	Bt1 2	Bt2 2	
42	Bt1 1	Bt2 2	Bt3 2	
43	Bt1 1	Bt2 1	Bt3 1	
44	Bt1 2	Bt2 1	
45	Bt1 1	Bt2 2	Bt3 1	
46	Bt2 1	Bt3 2	
47	Bt1 3	Bt2 1	Bt3 1	
48	Bt2 1	Bt3 2	
49	Bt1 2	Bt2 1	Bt3 1	
50	Bt2 1	Bt3 4	
51	Bt1 1	Bt3 2	
52	Bt2 1	Bt3 1	
53	Bt1 1	Bt2 2	Bt3 1	
54	Bt1 2	Bt2 2	Bt3 1	
55	Bt1 3	Bt2 2	
56	Bt2 2	Bt3 2	
57	Bt1 3	Bt2 2	Bt3 1	
58	Bt1 1	Bt2 2	Bt3 1	
59	Bt2 3	Bt3 2	
60	Bt1 1	Bt2 3	
61	Bt1 2	Bt3 1	
62	Bt1 2	Bt2 1	
63	Bt1 1	Bt2 2	Bt3 3	
64	Bt2 2	
65	Bt2 1	Bt3 3	
66	Bt1 2	Bt2 1	Bt3 2	
67	Bt1 1	Bt2 1	Bt3 1	
68	Bt1 1	Bt2 1	
69	Bt1 2	Bt2 2	Bt3 2	
70	Bt3 4	
71	Bt1 1	Bt2 1	Bt3 2	
72	Bt1 2	Bt2 1	Bt3 1	
73	Bt1 2	Bt2 3	
74	Bt1 2	Bt2 1	
75	Bt1 2	Bt2 3	Bt3 1	
76	Bt1 3	Bt2 1	
77	Bt1 2	Bt2 1	
78	Bt1 3	Bt3 1	
79	Bt3 2	
80	Bt1 2	Bt2 1	
81	Bt1 4	Bt2 2	
82	Bt1 2	Bt2 1	Bt3 1	
83	Bt2 1	Bt3 2	
84	Bt2 5	
85	Bt1 2	Bt3 2	
86	Bt1 2	Bt2 1	Bt3 2	
87	Bt1 3	
88	Bt1 2	Bt2 2	Bt3 1	
89	Bt2 2	
90	Bt1 2	Bt3 1	
91	Bt1 2	Bt2 2	
92	Bt1 2	Bt3 3	
93	Bt1 1	Bt2 2	Bt3 1	
94	Bt2 4	Bt3 1	
95	Bt1 2	Bt3 3	
96	Bt1 2	Bt2 1	Bt3 1	
97	Bt1 2	Bt2 1	Bt3 1	
98	Bt1 1	Bt3 2	
99	Bt1 1	Bt2 3	Bt3 1	
100	Bt2 1	Bt3 1	