Name				497_n100_m400_bt3
Number_of_Customers		100
Number_of_Items			400
Number_of_ItemTypes		3
Number_of_Vehicles		20
TimeWindows			1

VEHICLE
Mass_Capacity			12595
CargoSpace_Length		60
CargoSpace_Width		25
CargoSpace_Height		30
Wheelbase			48
Max_Mass_FrontAxle		7100
Max_Mass_RearAxle		11500
Distance_FrontAxle_CargoSpace	4

CUSTOMERS
i		x		y		Demand		ReadyTime	DueDate		ServiceTime	DemandedMass	DemandedVolume
0		35		35		0		0		230		0		0		0
1		14		76		3		0		173		10		565.66		1000
2		51		75		2		148		176		10		293		500
3		59		59		6		56		80		10		1220.52		1940
4		21		79		4		0		173		10		650.99		1040
5		56		28		6		0		197		10		1155.53		1900
6		63		27		3		0		190		10		484.1		720
7		59		38		4		0		195		10		862.53		1400
8		33		7		5		0		191		10		858.66		1500
9		27		35		3		6		32		10		630.65		1040
10		0		67		3		0		172		10		500.67		960
11		30		51		4		0		203		10		610.21		900
12		51		62		3		0		188		10		459.89		820
13		57		24		6		0		195		10		1155.53		1900
14		26		79		4		38		66		10		610.21		900
15		52		13		4		0		192		10		756.76		1220
16		50		21		4		154		180		10		732.55		1320
17		23		71		5		0		182		10		777.1		1220
18		17		66		5		0		184		10		988.64		1580
19		46		29		4		0		207		10		691.77		1180
20		37		19		5		0		203		10		923.65		1540
21		65		61		2		0		180		10		293		500
22		39		73		5		0		181		10		988.64		1580
23		15		19		4		0		194		10		715.98		1080
24		48		37		5		137		165		10		777.1		1220
25		2		7		4		0		176		10		650.99		1040
26		25		2		6		66		96		10		1090.54		1860
27		69		46		3		0		184		10		565.66		1000
28		33		32		5		0		216		10		988.64		1580
29		50		5		4		0		186		10		715.98		1080
30		70		55		5		0		179		10		988.64		1580
31		27		48		4		0		204		10		732.55		1320
32		35		39		3		0		216		10		524.88		860
33		53		50		3		0		196		10		500.67		960
34		30		33		5		0		214		10		947.86		1440
35		46		17		3		0		198		10		524.88		860
36		24		16		3		0		198		10		524.88		860
37		15		44		6		0		198		10		1090.54		1860
38		47		7		5		0		189		10		923.65		1540
39		70		17		4		45		81		10		586		1000
40		1		80		6		0		163		10		1073.97		1620
41		58		49		4		0		193		10		626.78		1140
42		61		32		2		0		193		10		252.22		360
43		62		47		5		0		190		10		858.66		1500
44		45		1		6		0		184		10		1220.52		1940
45		7		48		2		0		189		10		398.77		680
46		68		37		5		0		186		10		834.45		1600
47		16		24		2		0		198		10		463.76		720
48		22		57		3		0		194		10		459.89		820
49		30		25		2		141		177		10		293		500
50		60		65		4		0		180		10		586		1000
51		16		62		4		0		186		10		756.76		1220
52		9		29		3		0		193		10		589.87		900
53		46		42		4		0		206		10		586		1000
54		0		20		4		0		181		10		732.55		1320
55		16		73		6		155		183		10		1261.3		2080
56		29		60		5		0		194		10		1029.42		1720
57		68		69		5		0		172		10		882.87		1400
58		18		17		4		0		195		10		586		1000
59		6		68		6		0		176		10		1090.54		1860
60		63		37		6		122		152		10		879		1500
61		35		12		4		0		197		10		691.77		1180
62		50		55		4		71		107		10		650.99		1040
63		28		6		4		0		190		10		610.21		900
64		38		35		3		0		217		10		459.89		820
65		19		75		5		92		112		10		923.65		1540
66		40		61		2		76		104		10		463.76		720
67		29		9		3		160		192		10		565.66		1000
68		37		57		3		103		135		10		419.11		680
69		20		49		3		0		199		10		459.89		820
70		43		48		3		144		166		10		524.88		860
71		55		16		5		0		192		10		671.33		1040
72		11		67		3		0		180		10		524.88		860
73		38		24		3		43		73		10		459.89		820
74		59		8		4		0		183		10		797.54		1360
75		4		0		4		133		161		10		756.76		1220
76		20		31		4		65		99		10		927.52		1440
77		2		72		3		102		132		10		589.87		900
78		13		13		2		75		109		10		293		500
79		48		1		4		0		183		10		927.52		1440
80		54		71		4		0		179		10		650.99		1040
81		62		75		5		0		171		10		842.09		1260
82		5		38		3		0		189		10		524.88		860
83		36		62		4		0		192		10		691.77		1180
84		6		78		3		0		168		10		524.88		860
85		60		69		2		74		112		10		293		500
86		38		79		5		0		175		10		777.1		1220
87		23		68		4		0		184		10		756.76		1220
88		16		1		3		0		181		10		589.87		900
89		36		76		4		0		178		10		610.21		900
90		69		65		3		92		126		10		565.66		1000
91		52		39		4		6		32		10		691.77		1180
92		47		50		4		0		200		10		691.77		1180
93		42		45		4		0		207		10		586		1000
94		61		22		6		0		190		10		903.21		1400
95		23		33		4		0		207		10		756.76		1220
96		68		76		6		0		167		10		984.77		1680
97		26		53		3		0		199		10		524.88		860
98		16		5		6		0		184		10		1114.75		1760
99		55		7		3		0		185		10		565.66		1000
100		36		31		4		0		215		10		797.54		1360

ITEMS
Type		Length		Width		Height		Mass		Fragility	LoadBearingStrength
Bt1		9		5		8		231.88		0		10.4180468
Bt2		16		5		4		166.89		0		56.0666085
Bt3		12		3		5		126.11		1		11.0509273

DEMANDS PER CUSTOMER
i	Type Quantity
1	Bt1 1	Bt2 2	
2	Bt2 1	Bt3 1	
3	Bt1 4	Bt2 1	Bt3 1	
4	Bt1 1	Bt2 1	Bt3 2	
5	Bt1 3	Bt2 2	Bt3 1	
6	Bt1 1	Bt3 2	
7	Bt1 3	Bt2 1	
8	Bt1 1	Bt2 3	Bt3 1	
9	Bt1 2	Bt2 1	
10	Bt2 3	
11	Bt1 1	Bt3 3	
12	Bt2 2	Bt3 1	
13	Bt1 3	Bt2 2	Bt3 1	
14	Bt1 1	Bt3 3	
15	Bt1 2	Bt2 1	Bt3 1	
16	Bt1 1	Bt2 3	
17	Bt1 1	Bt2 1	Bt3 3	
18	Bt1 3	Bt2 1	Bt3 1	
19	Bt1 1	Bt2 2	Bt3 1	
20	Bt1 2	Bt2 2	Bt3 1	
21	Bt2 1	Bt3 1	
22	Bt1 3	Bt2 1	Bt3 1	
23	Bt1 2	Bt3 2	
24	Bt1 1	Bt2 1	Bt3 3	
25	Bt1 1	Bt2 1	Bt3 2	
26	Bt1 2	Bt2 3	Bt3 1	
27	Bt1 1	Bt2 2	
28	Bt1 3	Bt2 1	Bt3 1	
29	Bt1 2	Bt3 2	
30	Bt1 3	Bt2 1	Bt3 1	
31	Bt1 1	Bt2 3	
32	Bt1 1	Bt2 1	Bt3 1	
33	Bt2 3	
34	Bt1 3	Bt3 2	
35	Bt1 1	Bt2 1	Bt3 1	
36	Bt1 1	Bt2 1	Bt3 1	
37	Bt1 2	Bt2 3	Bt3 1	
38	Bt1 2	Bt2 2	Bt3 1	
39	Bt2 2	Bt3 2	
40	Bt1 3	Bt3 3	
41	Bt2 3	Bt3 1	
42	Bt3 2	
43	Bt1 1	Bt2 3	Bt3 1	
44	Bt1 4	Bt2 1	Bt3 1	
45	Bt1 1	Bt2 1	
46	Bt2 5	
47	Bt1 2	
48	Bt2 2	Bt3 1	
49	Bt2 1	Bt3 1	
50	Bt2 2	Bt3 2	
51	Bt1 2	Bt2 1	Bt3 1	
52	Bt1 2	Bt3 1	
53	Bt2 2	Bt3 2	
54	Bt1 1	Bt2 3	
55	Bt1 4	Bt2 2	
56	Bt1 3	Bt2 2	
57	Bt1 2	Bt2 1	Bt3 2	
58	Bt2 2	Bt3 2	
59	Bt1 2	Bt2 3	Bt3 1	
60	Bt2 3	Bt3 3	
61	Bt1 1	Bt2 2	Bt3 1	
62	Bt1 1	Bt2 1	Bt3 2	
63	Bt1 1	Bt3 3	
64	Bt2 2	Bt3 1	
65	Bt1 2	Bt2 2	Bt3 1	
66	Bt1 2	
67	Bt1 1	Bt2 2	
68	Bt2 1	Bt3 2	
69	Bt2 2	Bt3 1	
70	Bt1 1	Bt2 1	Bt3 1	
71	Bt2 1	Bt3 4	
72	Bt1 1	Bt2 1	Bt3 1	
73	Bt2 2	Bt3 1	
74	Bt1 2	Bt2 2	
75	Bt1 2	Bt2 1	Bt3 1	
76	Bt1 4	
77	Bt1 2	Bt3 1	
78	Bt2 1	Bt3 1	
79	Bt1 4	
80	Bt1 1	Bt2 1	Bt3 2	
81	Bt1 2	Bt3 3	
82	Bt1 1	Bt2 1	Bt3 1	
83	Bt1 1	Bt2 2	Bt3 1	
84	Bt1 1	Bt2 1	Bt3 1	
85	Bt2 1	Bt3 1	
86	Bt1 1	Bt2 1	Bt3 3	
87	Bt1 2	Bt2 1	Bt3 1	
88	Bt1 2	Bt3 1	
89	Bt1 1	Bt3 3	
90	Bt1 1	Bt2 2	
91	Bt1 1	Bt2 2	Bt3 1	
92	Bt1 1	Bt2 2	Bt3 1	
93	Bt2 2	Bt3 2	
94	Bt1 1	Bt2 1	Bt3 4	
95	Bt1 2	Bt2 1	Bt3 1	
96	Bt1 1	Bt2 3	Bt3 2	
97	Bt1 1	Bt2 1	Bt3 1	
98	Bt1 3	Bt2 1	Bt3 2	
99	Bt1 1	Bt2 2	
100	Bt1 2	Bt2 2	