Name				499_n100_m400_bt3
Number_of_Customers		100
Number_of_Items			400
Number_of_ItemTypes		3
Number_of_Vehicles		41
TimeWindows			1

VEHICLE
Mass_Capacity			12595
CargoSpace_Length		60
CargoSpace_Width		25
CargoSpace_Height		30
Wheelbase			48
Max_Mass_FrontAxle		7100
Max_Mass_RearAxle		11500
Distance_FrontAxle_CargoSpace	4

CUSTOMERS
i		x		y		Demand		ReadyTime	DueDate		ServiceTime	DemandedMass	DemandedVolume
0		35		35		0		0		230		0		0		0
1		35		72		5		51		73		10		577.28		904
2		51		58		3		129		151		10		368.58		488
3		15		63		5		147		171		10		520.46		932
4		8		49		6		100		126		10		680.34		1004
5		39		2		3		61		93		10		311.76		516
6		64		11		6		61		83		10		508.59		980
7		70		20		4		93		119		10		184.96		512
8		35		59		2		124		148		10		92.48		256
9		32		65		5		100		130		10		289.31		720
10		28		60		3		120		138		10		369.87		596
11		24		68		4		134		168		10		472.93		696
12		19		43		3		50		90		10		253.65		436
13		26		16		6		86		110		10		681.63		1112
14		51		79		3		135		169		10		254.94		544
15		23		34		3		50		82		10		311.76		516
16		3		77		3		152		184		10		369.87		596
17		54		74		6		61		85		10		681.63		1112
18		1		61		2		147		179		10		150.59		336
19		7		32		6		94		130		10		853.38		1136
20		27		46		5		15		55		10		577.28		904
21		28		71		3		32		60		10		196.83		464
22		29		76		3		60		88		10		138.72		384
23		6		24		5		81		105		10		462.35		852
24		21		68		3		88		122		10		196.83		464
25		21		3		2		27		49		10		322.34		360
26		43		17		2		180		200		10		150.59		336
27		66		57		5		91		121		10		635.39		984
28		40		28		6		76		106		10		508.59		980
29		59		41		5		78		116		10		405.53		880
30		18		77		2		40		68		10		150.59		336
31		48		57		3		113		149		10		311.76		516
32		56		18		4		156		180		10		417.4		832
33		42		67		4		18		48		10		587.86		748
34		10		67		6		107		131		10		738.45		1084
35		58		24		6		112		146		10		566.7		1060
36		42		58		4		74		114		10		358		644
37		56		50		4		149		175		10		587.86		748
38		65		14		2		61		89		10		265.52		388
39		17		54		3		168		198		10		196.83		464
40		33		50		3		41		73		10		254.94		544
41		70		35		5		54		80		10		347.42		800
42		45		41		3		94		122		10		426.69		568
43		58		65		6		90		122		10		624.81		1140
44		28		37		4		101		129		10		587.86		748
45		11		62		3		103		133		10		254.94		544
46		3		27		5		128		162		10		692.21		956
47		19		59		3		104		138		10		311.76		516
48		31		44		4		17		43		10		472.93		696
49		29		0		3		48		74		10		311.76		516
50		41		9		2		124		158		10		207.41		308
51		51		65		5		97		129		10		520.46		932
52		7		18		4		136		170		10		531.04		776
53		45		13		4		100		126		10		531.04		776
54		61		75		6		37		63		10		623.52		1032
55		4		8		2		54		78		10		150.59		336
56		17		49		4		113		143		10		414.82		616
57		34		23		3		17		39		10		368.58		488
58		23		61		6		21		45		10		567.99		1168
59		0		77		6		116		146		10		910.2		1108
60		50		25		4		10		38		10		184.96		512
61		59		55		3		161		191		10		311.76		516
62		69		57		5		100		136		10		404.24		772
63		66		24		3		114		144		10		369.87		596
64		29		80		5		68		98		10		692.21		956
65		25		50		5		79		109		10		519.17		824
66		1		67		4		39		65		10		359.29		752
67		62		30		6		36		74		10		508.59		980
68		26		74		5		57		87		10		519.17		824
69		10		28		2		39		71		10		207.41		308
70		59		58		6		154		182		10		680.34		1004
71		64		48		4		52		78		10		587.86		748
72		35		66		3		98		128		10		311.76		516
73		70		47		3		63		85		10		368.58		488
74		8		0		4		32		64		10		472.93		696
75		64		0		4		38		56		10		301.18		672
76		28		22		4		52		86		10		359.29		752
77		14		66		4		108		128		10		529.75		668
78		68		31		3		45		69		10		254.94		544
79		20		7		3		118		152		10		369.87		596
80		62		57		3		136		168		10		426.69		568
81		58		10		6		153		187		10		623.52		1032
82		5		67		4		33		53		10		529.75		668
83		24		64		4		171		207		10		358		644
84		44		30		3		101		131		10		368.58		488
85		64		60		3		44		70		10		311.76		516
86		23		47		5		140		170		10		634.1		876
87		9		79		3		43		77		10		311.76		516
88		70		78		4		64		100		10		414.82		616
89		22		10		4		53		81		10		359.29		752
90		24		1		4		30		68		10		358		644
91		37		20		6		17		45		10		566.7		1060
92		14		54		4		43		75		10		184.96		512
93		26		43		3		66		98		10		253.65		436
94		47		62		4		121		155		10		417.4		832
95		39		38		4		100		134		10		301.18		672
96		41		64		3		125		159		10		311.76		516
97		47		24		4		94		124		10		299.89		564
98		12		48		6		55		95		10		681.63		1112
99		2		45		4		64		88		10		414.82		616
100		49		68		3		87		121		10		369.87		596

ITEMS
Type		Length		Width		Height		Mass		Fragility	LoadBearingStrength
Bt1		8		2		8		46.24		0		8.1137709
Bt2		13		4		4		104.35		0		9.8990098
Bt3		15		2		6		161.17		1		10.1564091

DEMANDS PER CUSTOMER
i	Type Quantity
1	Bt1 1	Bt2 2	Bt3 2	
2	Bt1 1	Bt3 2	
3	Bt1 1	Bt2 3	Bt3 1	
4	Bt1 2	Bt2 1	Bt3 3	
5	Bt1 1	Bt2 1	Bt3 1	
6	Bt1 3	Bt2 2	Bt3 1	
7	Bt1 4	
8	Bt1 2	
9	Bt1 4	Bt2 1	
10	Bt2 2	Bt3 1	
11	Bt1 1	Bt2 1	Bt3 2	
12	Bt1 2	Bt3 1	
13	Bt1 1	Bt2 3	Bt3 2	
14	Bt1 1	Bt2 2	
15	Bt1 1	Bt2 1	Bt3 1	
16	Bt2 2	Bt3 1	
17	Bt1 1	Bt2 3	Bt3 2	
18	Bt1 1	Bt2 1	
19	Bt2 2	Bt3 4	
20	Bt1 1	Bt2 2	Bt3 2	
21	Bt1 2	Bt2 1	
22	Bt1 3	
23	Bt1 2	Bt2 2	Bt3 1	
24	Bt1 2	Bt2 1	
25	Bt3 2	
26	Bt1 1	Bt2 1	
27	Bt2 3	Bt3 2	
28	Bt1 3	Bt2 2	Bt3 1	
29	Bt1 2	Bt2 3	
30	Bt1 1	Bt2 1	
31	Bt1 1	Bt2 1	Bt3 1	
32	Bt2 4	
33	Bt2 1	Bt3 3	
34	Bt1 1	Bt2 2	Bt3 3	
35	Bt1 2	Bt2 3	Bt3 1	
36	Bt1 2	Bt2 1	Bt3 1	
37	Bt2 1	Bt3 3	
38	Bt2 1	Bt3 1	
39	Bt1 2	Bt2 1	
40	Bt1 1	Bt2 2	
41	Bt1 3	Bt2 2	
42	Bt2 1	Bt3 2	
43	Bt1 1	Bt2 4	Bt3 1	
44	Bt2 1	Bt3 3	
45	Bt1 1	Bt2 2	
46	Bt2 2	Bt3 3	
47	Bt1 1	Bt2 1	Bt3 1	
48	Bt1 1	Bt2 1	Bt3 2	
49	Bt1 1	Bt2 1	Bt3 1	
50	Bt1 1	Bt3 1	
51	Bt1 1	Bt2 3	Bt3 1	
52	Bt2 2	Bt3 2	
53	Bt2 2	Bt3 2	
54	Bt1 2	Bt2 2	Bt3 2	
55	Bt1 1	Bt2 1	
56	Bt1 2	Bt3 2	
57	Bt1 1	Bt3 2	
58	Bt1 1	Bt2 5	
59	Bt2 1	Bt3 5	
60	Bt1 4	
61	Bt1 1	Bt2 1	Bt3 1	
62	Bt1 3	Bt2 1	Bt3 1	
63	Bt2 2	Bt3 1	
64	Bt2 2	Bt3 3	
65	Bt1 2	Bt2 1	Bt3 2	
66	Bt1 1	Bt2 3	
67	Bt1 3	Bt2 2	Bt3 1	
68	Bt1 2	Bt2 1	Bt3 2	
69	Bt1 1	Bt3 1	
70	Bt1 2	Bt2 1	Bt3 3	
71	Bt2 1	Bt3 3	
72	Bt1 1	Bt2 1	Bt3 1	
73	Bt1 1	Bt3 2	
74	Bt1 1	Bt2 1	Bt3 2	
75	Bt1 2	Bt2 2	
76	Bt1 1	Bt2 3	
77	Bt1 1	Bt3 3	
78	Bt1 1	Bt2 2	
79	Bt2 2	Bt3 1	
80	Bt2 1	Bt3 2	
81	Bt1 2	Bt2 2	Bt3 2	
82	Bt1 1	Bt3 3	
83	Bt1 2	Bt2 1	Bt3 1	
84	Bt1 1	Bt3 2	
85	Bt1 1	Bt2 1	Bt3 1	
86	Bt1 1	Bt2 1	Bt3 3	
87	Bt1 1	Bt2 1	Bt3 1	
88	Bt1 2	Bt3 2	
89	Bt1 1	Bt2 3	
90	Bt1 2	Bt2 1	Bt3 1	
91	Bt1 2	Bt2 3	Bt3 1	
92	Bt1 4	
93	Bt1 2	Bt3 1	
94	Bt2 4	
95	Bt1 2	Bt2 2	
96	Bt1 1	Bt2 1	Bt3 1	
97	Bt1 3	Bt3 1	
98	Bt1 1	Bt2 3	Bt3 2	
99	Bt1 2	Bt3 2	
100	Bt2 2	Bt3 1	