Name				500_n100_m400_bt3
Number_of_Customers		100
Number_of_Items			400
Number_of_ItemTypes		3
Number_of_Vehicles		33
TimeWindows			1

VEHICLE
Mass_Capacity			12595
CargoSpace_Length		60
CargoSpace_Width		25
CargoSpace_Height		30
Wheelbase			48
Max_Mass_FrontAxle		7100
Max_Mass_RearAxle		11500
Distance_FrontAxle_CargoSpace	4

CUSTOMERS
i		x		y		Demand		ReadyTime	DueDate		ServiceTime	DemandedMass	DemandedVolume
0		35		35		0		0		230		0		0		0
1		38		65		3		13		47		10		338.87		558
2		16		0		6		0		180		10		476.76		1136
3		48		45		2		167		197		10		263.46		338
4		13		29		4		78		102		10		615.26		758
5		1		69		4		152		178		10		438.58		594
6		51		2		5		88		118		10		489.69		998
7		45		1		5		0		184		10		779.01		1060
8		28		43		5		14		34		10		690.67		978
9		35		0		4		53		89		10		603.11		850
10		14		65		3		107		147		10		427.21		640
11		46		73		3		33		61		10		351.02		466
12		22		54		5		63		91		10		678.52		1070
13		52		62		6		137		167		10		677.74		1116
14		52		43		4		57		91		10		313.79		788
15		2		1		5		0		172		10		791.16		968
16		43		5		4		123		151		10		526.92		676
17		57		4		5		104		142		10		513.99		814
18		62		26		6		29		53		10		565.1		1218
19		50		5		4		52		84		10		514.77		768
20		65		71		5		77		103		10		413.5		824
21		1		29		3		56		92		10		338.87		558
22		26		31		4		0		210		10		502.62		860
23		52		53		3		116		142		10		238.38		568
24		44		67		5		116		140		10		602.33		896
25		4		36		3		145		177		10		527.7		630
26		35		62		2		0		193		10		263.46		338
27		55		51		4		101		129		10		502.62		860
28		49		24		6		174		206		10		665.59		1208
29		60		5		2		161		189		10		251.31		430
30		69		20		5		143		175		10		602.33		896
31		70		23		4		62		86		10		325.94		696
32		34		75		2		70		100		10		263.46		338
33		32		22		3		7		41		10		238.38		568
34		18		20		6		44		76		10		790.38		1014
35		49		67		5		133		161		10		690.67		978
36		47		13		2		28		60		10		175.12		256
37		29		76		4		0		178		10		338.09		604
38		34		8		3		93		117		10		427.21		640
39		5		13		5		110		132		10		501.84		906
40		4		7		6		0		178		10		878.72		1096
41		6		72		3		150		184		10		351.02		466
42		11		65		4		0		181		10		603.11		850
43		65		42		3		56		80		10		326.72		650
44		14		42		3		29		45		10		338.87		558
45		31		35		4		116		146		10		526.92		676
46		14		24		2		76		102		10		251.31		430
47		59		45		6		26		66		10		854.42		1280
48		25		38		3		105		141		10		338.87		558
49		41		62		5		111		143		10		389.2		1008
50		51		56		3		99		119		10		326.72		650
51		64		19		4		159		183		10		603.11		850
52		62		71		2		0		175		10		162.97		348
53		20		72		2		148		174		10		263.46		338
54		69		40		5		24		56		10		602.33		896
55		65		28		6		160		186		10		677.74		1116
56		56		67		4		73		97		10		426.43		686
57		61		37		2		159		193		10		351.8		420
58		23		6		4		0		188		10		414.28		778
59		49		21		4		0		200		10		514.77		768
60		16		17		2		0		193		10		175.12		256
61		33		80		2		90		120		10		263.46		338
62		66		62		5		0		178		10		602.33		896
63		37		23		4		150		176		10		514.77		768
64		20		49		3		23		59		10		351.02		466
65		38		51		5		70		92		10		602.33		896
66		30		27		5		139		171		10		413.5		824
67		43		12		4		0		195		10		502.62		860
68		0		21		4		0		182		10		426.43		686
69		1		73		4		145		179		10		414.28		778
70		14		53		3		69		85		10		427.21		640
71		1		51		4		0		182		10		426.43		686
72		6		76		3		146		188		10		326.72		650
73		56		71		6		125		159		10		488.91		1044
74		8		21		6		0		189		10		677.74		1116
75		50		40		5		0		204		10		413.5		824
76		14		80		2		71		95		10		162.97		348
77		22		24		6		17		55		10		677.74		1116
78		49		77		4		0		175		10		514.77		768
79		23		75		3		40		72		10		326.72		650
80		58		78		6		115		145		10		577.25		1126
81		5		46		6		138		168		10		565.1		1218
82		4		28		5		16		48		10		614.48		804
83		56		58		4		115		143		10		313.79		788
84		30		59		2		30		58		10		251.31		430
85		30		12		5		0		196		10		526.14		722
86		66		78		3		0		166		10		427.21		640
87		70		37		3		141		171		10		338.87		558
88		17		59		4		172		206		10		313.79		788
89		7		64		4		126		154		10		603.11		850
90		38		35		5		138		166		10		590.18		988
91		64		49		4		0		187		10		426.43		686
92		27		69		4		49		75		10		338.09		604
93		23		60		3		131		163		10		351.02		466
94		63		33		4		0		191		10		402.13		870
95		69		74		3		119		143		10		351.02		466
96		66		59		4		0		180		10		402.13		870
97		69		11		6		36		64		10		967.06		1178
98		8		51		2		84		110		10		175.12		256
99		19		36		5		68		100		10		489.69		998
100		58		36		4		0		196		10		603.11		850

ITEMS
Type		Length		Width		Height		Mass		Fragility	LoadBearingStrength
Bt1		8		4		4		87.56		0		5.5321288
Bt2		11		4		5		75.41		1		3.0156028
Bt3		6		5		7		175.90		0		116.4467613

DEMANDS PER CUSTOMER
i	Type Quantity
1	Bt1 1	Bt2 1	Bt3 1	
2	Bt1 2	Bt2 4	
3	Bt1 1	Bt3 1	
4	Bt1 1	Bt3 3	
5	Bt1 3	Bt3 1	
6	Bt1 1	Bt2 3	Bt3 1	
7	Bt2 1	Bt3 4	
8	Bt1 1	Bt2 1	Bt3 3	
9	Bt2 1	Bt3 3	
10	Bt2 1	Bt3 2	
11	Bt1 2	Bt3 1	
12	Bt2 2	Bt3 3	
13	Bt1 2	Bt2 2	Bt3 2	
14	Bt1 1	Bt2 3	
15	Bt1 1	Bt3 4	
16	Bt1 2	Bt3 2	
17	Bt1 3	Bt2 1	Bt3 1	
18	Bt1 1	Bt2 4	Bt3 1	
19	Bt1 1	Bt2 1	Bt3 2	
20	Bt1 3	Bt2 2	
21	Bt1 1	Bt2 1	Bt3 1	
22	Bt2 2	Bt3 2	
23	Bt1 1	Bt2 2	
24	Bt1 2	Bt2 1	Bt3 2	
25	Bt3 3	
26	Bt1 1	Bt3 1	
27	Bt2 2	Bt3 2	
28	Bt1 1	Bt2 3	Bt3 2	
29	Bt2 1	Bt3 1	
30	Bt1 2	Bt2 1	Bt3 2	
31	Bt1 2	Bt2 2	
32	Bt1 1	Bt3 1	
33	Bt1 1	Bt2 2	
34	Bt1 3	Bt3 3	
35	Bt1 1	Bt2 1	Bt3 3	
36	Bt1 2	
37	Bt1 3	Bt2 1	
38	Bt2 1	Bt3 2	
39	Bt1 2	Bt2 2	Bt3 1	
40	Bt1 2	Bt3 4	
41	Bt1 2	Bt3 1	
42	Bt2 1	Bt3 3	
43	Bt2 2	Bt3 1	
44	Bt1 1	Bt2 1	Bt3 1	
45	Bt1 2	Bt3 2	
46	Bt2 1	Bt3 1	
47	Bt2 2	Bt3 4	
48	Bt1 1	Bt2 1	Bt3 1	
49	Bt1 1	Bt2 4	
50	Bt2 2	Bt3 1	
51	Bt2 1	Bt3 3	
52	Bt1 1	Bt2 1	
53	Bt1 1	Bt3 1	
54	Bt1 2	Bt2 1	Bt3 2	
55	Bt1 2	Bt2 2	Bt3 2	
56	Bt1 2	Bt2 1	Bt3 1	
57	Bt3 2	
58	Bt1 1	Bt2 2	Bt3 1	
59	Bt1 1	Bt2 1	Bt3 2	
60	Bt1 2	
61	Bt1 1	Bt3 1	
62	Bt1 2	Bt2 1	Bt3 2	
63	Bt1 1	Bt2 1	Bt3 2	
64	Bt1 2	Bt3 1	
65	Bt1 2	Bt2 1	Bt3 2	
66	Bt1 3	Bt2 2	
67	Bt2 2	Bt3 2	
68	Bt1 2	Bt2 1	Bt3 1	
69	Bt1 1	Bt2 2	Bt3 1	
70	Bt2 1	Bt3 2	
71	Bt1 2	Bt2 1	Bt3 1	
72	Bt2 2	Bt3 1	
73	Bt1 3	Bt2 3	
74	Bt1 2	Bt2 2	Bt3 2	
75	Bt1 3	Bt2 2	
76	Bt1 1	Bt2 1	
77	Bt1 2	Bt2 2	Bt3 2	
78	Bt1 1	Bt2 1	Bt3 2	
79	Bt2 2	Bt3 1	
80	Bt1 2	Bt2 3	Bt3 1	
81	Bt1 1	Bt2 4	Bt3 1	
82	Bt1 3	Bt3 2	
83	Bt1 1	Bt2 3	
84	Bt2 1	Bt3 1	
85	Bt1 4	Bt3 1	
86	Bt2 1	Bt3 2	
87	Bt1 1	Bt2 1	Bt3 1	
88	Bt1 1	Bt2 3	
89	Bt2 1	Bt3 3	
90	Bt1 1	Bt2 2	Bt3 2	
91	Bt1 2	Bt2 1	Bt3 1	
92	Bt1 3	Bt2 1	
93	Bt1 2	Bt3 1	
94	Bt2 3	Bt3 1	
95	Bt1 2	Bt3 1	
96	Bt2 3	Bt3 1	
97	Bt1 1	Bt3 5	
98	Bt1 2	
99	Bt1 1	Bt2 3	Bt3 1	
100	Bt2 1	Bt3 3	