Name				504_n100_m400_bt10
Number_of_Customers		100
Number_of_Items			400
Number_of_ItemTypes		10
Number_of_Vehicles		28
TimeWindows			1

VEHICLE
Mass_Capacity			12595
CargoSpace_Length		60
CargoSpace_Width		25
CargoSpace_Height		30
Wheelbase			48
Max_Mass_FrontAxle		7100
Max_Mass_RearAxle		11500
Distance_FrontAxle_CargoSpace	4

CUSTOMERS
i		x		y		Demand		ReadyTime	DueDate		ServiceTime	DemandedMass	DemandedVolume
0		35		35		0		0		230		0		0		0
1		43		38		4		0		211		10		578.73		867
2		30		1		4		127		153		10		567.22		880
3		29		76		4		88		116		10		1338.94		1623
4		54		64		5		61		99		10		1025		1480
5		3		26		5		0		186		10		933.71		1392
6		43		1		3		106		132		10		596.99		843
7		23		58		3		123		149		10		639.42		1035
8		43		62		3		0		191		10		1043.29		1392
9		35		7		4		0		192		10		809.41		1336
10		56		2		5		0		180		10		1227.79		1480
11		19		23		3		162		186		10		703.11		987
12		1		42		5		0		185		10		1497.2		1590
13		65		43		2		0		188		10		819.04		887
14		1		58		6		95		123		10		1351.66		1608
15		56		60		3		0		187		10		567.72		840
16		70		19		3		46		76		10		490.52		784
17		36		64		4		85		111		10		1093.76		1207
18		38		19		3		10		42		10		459.25		664
19		35		78		4		0		177		10		720.26		960
20		39		7		5		162		194		10		1132.11		1467
21		62		63		3		123		159		10		843.53		1128
22		67		25		5		0		186		10		1058.45		1251
23		36		10		6		94		124		10		1615.11		1824
24		2		34		2		144		178		10		318.43		688
25		49		13		3		138		170		10		815.55		967
26		13		54		4		97		129		10		815.86		960
27		63		1		3		0		175		10		1035.91		887
28		12		1		3		66		94		10		896.81		839
29		69		80		2		0		163		10		817.04		770
30		30		6		4		146		178		10		809.8		1027
31		59		5		3		0		181		10		396.2		640
32		7		12		3		0		183		10		637.42		918
33		61		16		6		0		187		10		1433.74		2097
34		6		16		3		0		185		10		1235.67		1151
35		52		14		6		125		153		10		2079.63		2207
36		12		13		6		0		188		10		1734.92		2282
37		19		75		4		0		176		10		791.27		960
38		20		27		4		35		63		10		1310.02		1535
39		30		26		6		176		208		10		2190.5		2020
40		51		28		5		0		202		10		1386.47		1394
41		23		5		6		0		187		10		1350.88		1830
42		50		20		6		167		191		10		1876.02		2447
43		19		53		5		61		93		10		858.26		1200
44		14		68		6		163		195		10		1631.27		1959
45		58		65		5		0		182		10		1157.96		1582
46		70		74		6		146		172		10		1330.34		2011
47		8		49		5		51		83		10		1087.62		1576
48		18		48		3		0		198		10		418.1		648
49		20		68		4		134		168		10		782.24		1128
50		60		33		3		148		180		10		529.88		1003
51		64		11		3		0		182		10		395.56		712
52		53		77		3		41		65		10		864.15		960
53		59		75		5		0		173		10		1485.14		1367
54		42		51		4		0		202		10		1310.02		1535
55		49		23		5		93		119		10		1317.29		1771
56		17		26		5		3		37		10		1681.91		1671
57		64		76		3		0		169		10		1098.32		983
58		4		64		2		0		177		10		426.61		531
59		57		29		2		38		74		10		681.65		623
60		35		22		3		0		207		10		636.35		1062
61		27		6		5		163		195		10		889.57		1096
62		13		72		3		0		176		10		601.34		672
63		22		64		4		98		130		10		1266.99		1191
64		67		15		2		0		182		10		247.08		408
65		55		50		5		49		73		10		780.03		1384
66		53		80		4		0		171		10		1639.15		1630
67		6		24		4		0		188		10		1023.69		1103
68		39		39		3		0		214		10		1035.27		959
69		62		30		5		0		192		10		858.94		1224
70		55		73		5		151		183		10		980.9		1280
71		67		46		3		21		45		10		662		888
72		28		49		4		0		204		10		813.51		1248
73		35		53		5		48		84		10		1132.79		1491
74		7		75		6		0		171		10		1087.08		1699
75		67		53		5		0		183		10		1319.71		1469
76		70		53		2		0		180		10		490.98		648
77		60		23		3		95		129		10		864.15		960
78		39		33		2		7		43		10		556.42		480
79		44		80		3		146		178		10		852.67		863
80		44		77		3		0		177		10		1095.25		1010
81		28		61		6		21		59		10		1334.48		1840
82		20		6		3		27		53		10		908.29		936
83		6		55		5		0		184		10		1664.07		1799
84		32		70		4		0		184		10		803.5		888
85		39		70		6		29		57		10		1514.67		1751
86		54		25		6		181		211		10		1534.45		2104
87		58		80		4		0		169		10		1449.55		1511
88		3		67		4		0		174		10		1268.27		1367
89		6		20		2		0		187		10		490.98		648
90		31		54		3		0		200		10		664.39		696
91		14		42		4		16		38		10		566.58		952
92		27		14		2		0		197		10		1211.18		910
93		36		74		4		23		59		10		1093.76		1207
94		63		68		6		0		176		10		1470.98		1782
95		52		34		2		0		202		10		629.44		768
96		21		30		4		0		205		10		876.56		952
97		69		33		3		110		140		10		844.6		984
98		4		79		3		0		166		10		323.14		576
99		21		46		4		17		47		10		1502.4		1294
100		19		37		6		13		47		10		1193.67		1688

ITEMS
Type		Length		Width		Height		Mass		Fragility	LoadBearingStrength
Bt1		9		5		7		211.45		0		10.4389756
Bt2		8		4		8		104.98		0		17.9204269
Bt3		9		6		8		213.45		0		19.7484638
Bt4		7		3		8		76.06		0		12.7787431
Bt5		13		7		5		605.59		0		23.7955650
Bt6		16		6		3		214.52		0		14.9767605
Bt7		9		4		6		215.16		0		145.6901523
Bt8		16		5		3		171.02		0		29.0607940
Bt9		16		6		5		414.92		1		28.8755346
Bt10		16		5		3		278.21		1		7.4808997

DEMANDS PER CUSTOMER
i	Type Quantity
1	Bt1 1	Bt4 2	Bt7 1	
2	Bt2 1	Bt4 1	Bt7 1	Bt8 1	
3	Bt2 1	Bt3 1	Bt5 1	Bt9 1	
4	Bt2 1	Bt4 1	Bt6 2	Bt9 1	
5	Bt3 1	Bt4 1	Bt6 2	Bt7 1	
6	Bt1 1	Bt6 1	Bt8 1	
7	Bt1 1	Bt3 1	Bt6 1	
8	Bt3 1	Bt9 2	
9	Bt2 1	Bt3 1	Bt4 1	Bt9 1	
10	Bt2 1	Bt6 1	Bt7 1	Bt9 1	Bt10 1	
11	Bt1 1	Bt3 1	Bt10 1	
12	Bt2 2	Bt4 1	Bt5 2	
13	Bt3 1	Bt5 1	
14	Bt3 1	Bt6 1	Bt7 3	Bt10 1	
15	Bt3 1	Bt4 1	Bt10 1	
16	Bt2 1	Bt6 1	Bt8 1	
17	Bt2 2	Bt5 1	Bt10 1	
18	Bt2 1	Bt4 1	Bt10 1	
19	Bt4 1	Bt6 2	Bt7 1	
20	Bt1 1	Bt4 1	Bt6 1	Bt7 1	Bt9 1	
21	Bt3 1	Bt7 1	Bt9 1	
22	Bt1 1	Bt4 1	Bt6 1	Bt10 2	
23	Bt3 1	Bt7 2	Bt9 1	Bt10 2	
24	Bt2 1	Bt3 1	
25	Bt2 2	Bt5 1	
26	Bt6 1	Bt7 2	Bt8 1	
27	Bt5 1	Bt7 2	
28	Bt4 1	Bt5 1	Bt7 1	
29	Bt1 1	Bt5 1	
30	Bt1 1	Bt2 1	Bt7 1	Bt10 1	
31	Bt2 1	Bt4 1	Bt7 1	
32	Bt1 2	Bt6 1	
33	Bt1 3	Bt3 1	Bt8 1	Bt9 1	
34	Bt5 1	Bt7 1	Bt9 1	
35	Bt5 1	Bt6 2	Bt7 1	Bt9 2	
36	Bt1 1	Bt3 2	Bt4 1	Bt5 1	Bt9 1	
37	Bt8 3	Bt10 1	
38	Bt3 1	Bt4 1	Bt5 1	Bt9 1	
39	Bt1 2	Bt5 2	Bt10 2	
40	Bt1 1	Bt4 1	Bt5 1	Bt7 1	Bt10 1	
41	Bt1 2	Bt8 3	Bt9 1	
42	Bt3 3	Bt5 1	Bt7 1	Bt9 1	
43	Bt4 3	Bt7 1	Bt9 1	
44	Bt2 1	Bt3 1	Bt5 1	Bt6 2	Bt10 1	
45	Bt1 2	Bt2 1	Bt7 1	Bt9 1	
46	Bt1 1	Bt2 1	Bt3 1	Bt6 1	Bt8 1	Bt9 1	
47	Bt2 1	Bt3 1	Bt4 1	Bt9 1	Bt10 1	
48	Bt4 1	Bt8 2	
49	Bt3 1	Bt4 1	Bt6 1	Bt10 1	
50	Bt1 1	Bt2 1	Bt3 1	
51	Bt2 1	Bt4 1	Bt6 1	
52	Bt8 1	Bt9 1	Bt10 1	
53	Bt5 1	Bt7 2	Bt8 1	Bt10 1	
54	Bt3 1	Bt4 1	Bt5 1	Bt9 1	
55	Bt1 1	Bt2 1	Bt8 1	Bt9 2	
56	Bt2 1	Bt5 1	Bt9 1	Bt10 2	
57	Bt5 1	Bt6 1	Bt10 1	
58	Bt1 1	Bt7 1	
59	Bt4 1	Bt5 1	
60	Bt1 2	Bt3 1	
61	Bt2 1	Bt4 1	Bt7 2	Bt10 1	
62	Bt7 2	Bt8 1	
63	Bt2 1	Bt5 1	Bt10 2	
64	Bt4 1	Bt8 1	
65	Bt2 1	Bt3 1	Bt4 1	Bt6 1	Bt8 1	
66	Bt3 1	Bt5 2	Bt6 1	
67	Bt4 1	Bt5 1	Bt8 2	
68	Bt5 1	Bt6 1	Bt7 1	
69	Bt3 1	Bt4 2	Bt7 1	Bt10 1	
70	Bt2 2	Bt6 1	Bt10 2	
71	Bt4 1	Bt8 1	Bt9 1	
72	Bt3 1	Bt6 2	Bt8 1	
73	Bt1 1	Bt3 1	Bt6 1	Bt7 1	Bt10 1	
74	Bt1 1	Bt2 1	Bt3 1	Bt7 1	Bt8 2	
75	Bt1 2	Bt4 1	Bt5 1	Bt7 1	
76	Bt4 1	Bt9 1	
77	Bt8 1	Bt9 1	Bt10 1	
78	Bt10 2	
79	Bt4 1	Bt5 1	Bt8 1	
80	Bt1 1	Bt5 1	Bt10 1	
81	Bt2 1	Bt6 3	Bt8 1	Bt9 1	
82	Bt7 1	Bt9 1	Bt10 1	
83	Bt5 1	Bt6 3	Bt9 1	
84	Bt4 1	Bt8 1	Bt10 2	
85	Bt4 2	Bt5 1	Bt8 2	Bt9 1	
86	Bt2 1	Bt3 1	Bt7 1	Bt8 1	Bt9 2	
87	Bt5 1	Bt6 2	Bt9 1	
88	Bt3 1	Bt5 1	Bt8 1	Bt10 1	
89	Bt4 1	Bt9 1	
90	Bt7 1	Bt8 1	Bt10 1	
91	Bt2 1	Bt4 1	Bt6 1	Bt8 1	
92	Bt5 2	
93	Bt2 2	Bt5 1	Bt10 1	
94	Bt1 2	Bt3 1	Bt10 3	
95	Bt6 1	Bt9 1	
96	Bt2 1	Bt7 1	Bt10 2	
97	Bt6 1	Bt7 1	Bt9 1	
98	Bt4 2	Bt8 1	
99	Bt4 1	Bt5 2	Bt7 1	
100	Bt2 2	Bt4 1	Bt6 1	Bt9 1	Bt10 1	