Name				506_n100_m400_bt100
Number_of_Customers		100
Number_of_Items			400
Number_of_ItemTypes		100
Number_of_Vehicles		32
TimeWindows			1

VEHICLE
Mass_Capacity			12595
CargoSpace_Length		60
CargoSpace_Width		25
CargoSpace_Height		30
Wheelbase			48
Max_Mass_FrontAxle		7100
Max_Mass_RearAxle		11500
Distance_FrontAxle_CargoSpace	4

CUSTOMERS
i		x		y		Demand		ReadyTime	DueDate		ServiceTime	DemandedMass	DemandedVolume
0		35		35		0		0		230		0		0		0
1		21		12		3		0		193		10		506.36		704
2		64		53		3		24		54		10		632.53		899
3		5		70		6		106		130		10		872.26		1336
4		66		5		4		73		101		10		518.26		1053
5		54		51		5		47		79		10		1943.12		2557
6		16		59		2		158		184		10		244.76		402
7		56		12		6		162		194		10		1123.65		1819
8		54		15		4		108		138		10		637.2		858
9		16		65		6		146		178		10		1444.53		2086
10		61		23		4		0		191		10		1276.05		1745
11		60		80		3		80		110		10		324.86		592
12		25		74		2		0		179		10		265.65		576
13		59		6		4		0		182		10		1307.66		1426
14		21		66		2		23		57		10		419.77		729
15		37		6		6		151		177		10		2497.5		3197
16		11		13		6		19		49		10		1306.8		1760
17		33		50		5		121		153		10		974.09		1357
18		50		53		2		175		205		10		252.57		404
19		27		57		5		177		203		10		1329.81		2140
20		6		21		4		0		187		10		761.77		1062
21		22		70		5		151		179		10		1304.88		1524
22		46		20		3		0		201		10		551.07		688
23		59		65		2		122		158		10		415.34		492
24		12		23		3		0		194		10		694.55		1028
25		21		46		4		145		173		10		340.74		525
26		8		43		4		0		191		10		584.97		753
27		8		80		2		123		157		10		578.83		1162
28		1		39		3		91		113		10		667.93		816
29		46		57		6		115		145		10		1831.43		2176
30		67		28		3		0		187		10		677.89		936
31		18		78		2		58		82		10		486.66		1351
32		28		72		4		120		150		10		690.28		1106
33		60		70		4		0		176		10		1343.88		1289
34		23		20		3		158		190		10		457.79		605
35		51		22		3		133		167		10		664.97		1072
36		14		5		3		68		100		10		1281.79		1693
37		4		48		6		43		73		10		1525.31		1868
38		68		39		5		0		186		10		932.42		1558
39		20		4		4		96		128		10		638.75		646
40		27		29		5		181		207		10		727.01		1121
41		0		33		5		67		91		10		927.65		1602
42		30		65		6		63		83		10		1070.13		1869
43		11		7		5		125		157		10		2097.01		1805
44		46		47		3		176		204		10		518.47		652
45		10		51		6		68		92		10		1450.36		1651
46		4		37		3		0		188		10		779.43		1222
47		16		8		3		123		163		10		526.85		675
48		45		34		3		166		194		10		188.88		285
49		54		80		3		140		172		10		564.33		874
50		27		36		5		176		204		10		1136.8		1908
51		57		48		3		85		121		10		661.02		1166
52		51		66		4		0		185		10		1226.11		999
53		36		30		4		160		186		10		708.24		1257
54		54		40		3		141		169		10		764.07		1122
55		27		19		6		22		48		10		1006.27		1617
56		4		41		2		0		188		10		204.4		372
57		46		72		4		0		181		10		925.41		1258
58		43		70		2		78		98		10		191.04		330
59		26		78		4		64		94		10		1205.13		1446
60		18		74		5		0		177		10		1465.97		2042
61		64		59		4		82		100		10		696.89		1092
62		37		43		5		186		216		10		1547.75		2136
63		36		78		4		126		152		10		1122.78		1122
64		26		63		2		126		164		10		213.3		432
65		65		46		5		87		115		10		1291.66		1402
66		45		14		4		165		189		10		526.07		813
67		52		70		5		0		181		10		1056.15		1504
68		42		10		6		102		132		10		2338.61		2472
69		38		64		3		0		190		10		586.69		894
70		54		33		6		116		150		10		1553.34		2210
71		67		72		3		0		171		10		465.65		798
72		15		54		6		96		128		10		1950.3		2024
73		1		13		6		0		179		10		2545.52		2740
74		30		5		5		118		144		10		1047.08		1288
75		8		26		5		161		197		10		1255.47		1893
76		62		43		3		105		137		10		201.54		264
77		57		40		6		88		118		10		1464.52		1303
78		33		4		3		174		204		10		622.33		1074
79		3		4		3		68		92		10		1122.34		1352
80		9		67		3		38		68		10		868.45		856
81		14		40		3		64		80		10		406.71		640
82		19		23		4		44		72		10		739.52		1164
83		8		58		4		130		154		10		1017.77		1380
84		58		25		2		120		150		10		194.2		228
85		41		35		6		144		178		10		1130.66		2082
86		67		23		3		114		146		10		390.95		585
87		29		77		4		0		177		10		713.09		1119
88		11		32		3		52		82		10		886.42		1149
89		39		59		6		109		137		10		1686.35		1790
90		67		10		4		62		98		10		518.04		618
91		60		62		2		0		183		10		331.73		344
92		23		39		2		117		143		10		362.82		994
93		69		52		5		84		112		10		1228.04		1469
94		33		40		4		0		214		10		797.44		1044
95		58		21		6		0		193		10		899.28		1328
96		18		13		5		94		134		10		862.24		1149
97		32		12		5		58		90		10		1086.52		1779
98		42		74		4		0		180		10		1082.18		1454
99		24		11		2		104		136		10		713.73		489
100		8		29		4		158		192		10		571.41		828

ITEMS
Type		Length		Width		Height		Mass		Fragility	LoadBearingStrength
Bt1		7		5		3		34.31		0		5.1621629
Bt2		7		7		5		232.73		0		189.0646678
Bt3		16		2		5		129.20		0		86.1418371
Bt4		13		7		7		258.73		0		11.0159010
Bt5		11		7		6		266.87		1		5.8708662
Bt6		16		6		5		351.67		0		13.2763340
Bt7		16		6		5		426.32		0		38.6141417
Bt8		16		3		8		679.42		0		129.1172938
Bt9		12		4		8		194.43		0		17.4057905
Bt10		8		5		4		113.24		0		122.3076447
Bt11		11		3		5		95.52		1		7.1623618
Bt12		13		6		6		312.98		0		32.7720026
Bt13		13		6		6		430.57		0		154.4601316
Bt14		15		7		5		320.10		0		29.1497437
Bt15		9		5		4		130.69		0		30.5470063
Bt16		6		5		7		155.52		1		16.9770812
Bt17		14		6		7		255.41		0		15.3420766
Bt18		8		5		7		188.46		0		39.3773114
Bt19		11		4		7		227.60		1		13.8938754
Bt20		14		3		4		126.81		0		30.5997238
Bt21		7		4		3		36.84		0		10.6210762
Bt22		14		5		8		395.21		0		50.7595794
Bt23		9		3		3		32.60		0		55.2917390
Bt24		9		2		6		90.30		0		31.1980446
Bt25		11		6		7		239.30		0		16.7457945
Bt26		12		6		8		459.64		1		13.6632361
Bt27		10		3		4		61.70		1		4.9903865
Bt28		14		4		5		134.89		0		19.8330378
Bt29		13		5		6		254.70		1		5.4478979
Bt30		7		6		6		362.75		0		26.5101619
Bt31		10		6		6		336.08		0		30.7775253
Bt32		6		5		5		143.83		0		29.5090995
Bt33		17		2		5		129.99		1		7.4097265
Bt34		12		5		5		267.85		0		71.1514792
Bt35		17		4		4		270.14		0		203.1268872
Bt36		16		6		3		156.66		0		23.9318937
Bt37		9		6		6		292.78		0		45.0115946
Bt38		14		5		4		161.30		0		8.8190565
Bt39		11		6		6		178.18		0		51.8386737
Bt40		14		5		8		398.99		0		98.4799153
Bt41		8		4		3		92.83		0		44.5635072
Bt42		13		6		8		379.49		0		35.8369415
Bt43		15		6		5		384.48		0		124.1651798
Bt44		6		5		8		353.21		1		20.8683180
Bt45		11		6		5		261.57		0		32.9208039
Bt46		10		4		7		172.19		1		6.7265488
Bt47		9		7		3		130.99		0		19.4039880
Bt48		11		5		5		182.33		0		20.2273520
Bt49		6		3		6		114.51		1		13.3465306
Bt50		6		4		3		69.92		0		47.7618483
Bt51		17		4		4		151.20		0		22.8701618
Bt52		6		6		6		392.50		0		129.7620013
Bt53		6		3		4		107.79		0		163.5652613
Bt54		9		4		7		141.59		0		88.4515382
Bt55		12		2		8		117.05		0		25.1111998
Bt56		13		2		4		48.25		0		52.4312724
Bt57		16		6		6		520.89		0		21.0989581
Bt58		6		3		5		57.81		0		177.6376690
Bt59		12		2		3		31.51		0		23.7707788
Bt60		7		6		7		130.25		0		14.3597186
Bt61		13		4		6		201.12		0		30.3654070
Bt62		7		6		4		90.07		0		16.9292218
Bt63		17		5		6		328.27		1		5.8236169
Bt64		17		7		6		227.93		1		6.0427858
Bt65		11		3		5		159.71		0		53.0569371
Bt66		6		5		7		118.49		0		78.2338090
Bt67		10		6		6		293.10		0		33.4151583
Bt68		7		6		7		112.93		0		73.1448936
Bt69		11		3		4		101.37		1		14.5458191
Bt70		7		6		3		60.05		0		14.0186009
Bt71		9		6		3		153.77		0		217.4146997
Bt72		17		7		7		618.73		1		7.5448029
Bt73		6		5		6		70.04		1		22.1796960
Bt74		12		6		6		196.34		0		21.6599083
Bt75		12		6		4		222.25		0		54.1811509
Bt76		16		3		7		327.37		0		13.8379376
Bt77		10		5		8		175.80		0		14.5602869
Bt78		10		6		8		172.82		0		20.3090332
Bt79		13		6		5		358.02		0		79.7794939
Bt80		6		5		6		162.95		0		34.5495879
Bt81		10		3		7		199.44		0		110.5237202
Bt82		12		5		8		748.67		0		104.9607556
Bt83		12		3		7		82.61		0		28.1899033
Bt84		15		3		8		314.65		0		49.0867072
Bt85		11		4		6		124.46		0		53.2737659
Bt86		15		4		7		343.64		1		9.0472603
Bt87		12		2		3		61.59		1		8.1008271
Bt88		8		5		4		88.18		0		40.7358080
Bt89		16		7		7		733.06		0		28.0861613
Bt90		17		3		5		370.56		0		55.5418811
Bt91		17		3		4		99.67		0		25.6474491
Bt92		12		5		5		145.03		0		26.4924969
Bt93		14		6		3		142.70		1		10.7293555
Bt94		10		4		6		116.17		1		15.9698033
Bt95		10		4		8		313.32		0		26.4786302
Bt96		15		2		5		144.77		0		96.3427964
Bt97		13		3		8		174.52		0		21.7739670
Bt98		14		2		4		168.02		0		405.5737467
Bt99		11		4		3		188.08		0		90.9935639
Bt100		11		4		3		94.69		0		39.1629996

DEMANDS PER CUSTOMER
i	Type Quantity
1	Bt27 1	Bt35 1	Bt97 1	
2	Bt5 1	Bt11 1	Bt35 1	
3	Bt27 1	Bt29 1	Bt46 1	Bt53 1	Bt68 1	Bt80 1	
4	Bt11 1	Bt39 1	Bt73 1	Bt97 1	
5	Bt12 1	Bt38 1	Bt55 1	Bt72 1	Bt89 1	
6	Bt49 1	Bt60 1	
7	Bt5 1	Bt11 1	Bt17 1	Bt24 1	Bt76 1	Bt88 1	
8	Bt53 1	Bt61 1	Bt71 1	Bt97 1	
9	Bt12 1	Bt25 1	Bt36 1	Bt42 1	Bt98 1	Bt99 1	
10	Bt9 1	Bt20 1	Bt31 1	Bt72 1	
11	Bt24 1	Bt28 1	Bt91 1	
12	Bt41 1	Bt78 1	
13	Bt31 1	Bt32 1	Bt89 1	Bt100 1	
14	Bt14 1	Bt91 1	
15	Bt19 1	Bt22 1	Bt31 1	Bt40 1	Bt57 1	Bt72 1	
16	Bt10 1	Bt13 1	Bt25 1	Bt38 1	Bt80 1	Bt81 1	
17	Bt5 1	Bt28 1	Bt34 1	Bt65 1	Bt96 1	
18	Bt51 1	Bt69 1	
19	Bt15 1	Bt16 1	Bt64 1	Bt83 1	Bt89 1	
20	Bt5 1	Bt15 1	Bt21 1	Bt76 1	
21	Bt6 1	Bt20 1	Bt31 1	Bt76 1	Bt80 1	
22	Bt20 1	Bt31 1	Bt88 1	
23	Bt45 1	Bt71 1	
24	Bt13 1	Bt77 1	Bt88 1	
25	Bt3 1	Bt15 1	Bt23 1	Bt56 1	
26	Bt1 1	Bt7 1	Bt41 1	Bt59 1	
27	Bt4 1	Bt14 1	
28	Bt37 1	Bt59 1	Bt86 1	
29	Bt6 2	Bt25 1	Bt30 1	Bt79 1	Bt98 1	
30	Bt26 1	Bt36 1	Bt87 1	
31	Bt4 1	Bt64 1	
32	Bt33 1	Bt37 1	Bt78 1	Bt100 1	
33	Bt2 1	Bt13 1	Bt44 1	Bt76 1	
34	Bt15 1	Bt48 1	Bt96 1	
35	Bt77 1	Bt84 1	Bt97 1	
36	Bt22 1	Bt34 1	Bt72 1	
37	Bt6 1	Bt27 1	Bt89 1	Bt94 1	Bt98 1	Bt100 1	
38	Bt15 2	Bt38 1	Bt42 1	Bt60 1	
39	Bt45 1	Bt53 1	Bt69 1	Bt98 1	
40	Bt2 1	Bt9 1	Bt24 1	Bt38 1	Bt56 1	
41	Bt1 1	Bt9 1	Bt11 1	Bt13 1	Bt78 1	
42	Bt9 1	Bt11 1	Bt41 1	Bt64 1	Bt84 1	Bt96 1	
43	Bt2 1	Bt7 1	Bt31 1	Bt44 1	Bt82 1	
44	Bt10 1	Bt86 1	Bt87 1	
45	Bt14 1	Bt20 1	Bt38 1	Bt45 1	Bt52 1	Bt99 1	
46	Bt6 1	Bt18 1	Bt25 1	
47	Bt1 1	Bt67 1	Bt81 1	
48	Bt23 1	Bt87 1	Bt100 1	
49	Bt10 1	Bt14 1	Bt47 1	
50	Bt6 1	Bt17 1	Bt73 1	Bt84 1	Bt92 1	
51	Bt35 1	Bt64 1	Bt80 1	
52	Bt21 1	Bt73 1	Bt82 1	Bt90 1	
53	Bt65 1	Bt67 1	Bt78 1	Bt83 1	
54	Bt63 1	Bt67 1	Bt93 1	
55	Bt9 1	Bt45 1	Bt47 1	Bt49 1	Bt60 1	Bt97 1	
56	Bt27 1	Bt93 1	
57	Bt46 1	Bt57 1	Bt58 1	Bt97 1	
58	Bt11 2	
59	Bt8 1	Bt25 1	Bt62 1	Bt74 1	
60	Bt42 1	Bt47 1	Bt49 1	Bt72 1	Bt75 1	
61	Bt6 1	Bt15 1	Bt62 1	Bt85 1	
62	Bt12 1	Bt40 1	Bt46 1	Bt57 1	Bt93 1	
63	Bt25 1	Bt44 1	Bt65 1	Bt90 1	
64	Bt15 1	Bt83 1	
65	Bt26 1	Bt30 1	Bt33 1	Bt51 1	Bt99 1	
66	Bt1 1	Bt20 1	Bt75 1	Bt93 1	
67	Bt18 1	Bt25 1	Bt38 1	Bt71 1	Bt95 1	
68	Bt6 1	Bt35 1	Bt40 1	Bt56 1	Bt57 1	Bt82 1	
69	Bt9 1	Bt15 1	Bt45 1	
70	Bt13 1	Bt15 1	Bt17 1	Bt60 1	Bt67 1	Bt95 1	
71	Bt39 1	Bt93 1	Bt96 1	
72	Bt8 1	Bt10 1	Bt25 1	Bt59 1	Bt71 1	Bt89 1	
73	Bt2 1	Bt8 1	Bt12 1	Bt72 1	Bt79 1	Bt86 1	
74	Bt16 1	Bt18 1	Bt31 1	Bt75 1	Bt96 1	
75	Bt1 1	Bt6 1	Bt12 1	Bt22 1	Bt38 1	
76	Bt27 1	Bt50 2	
77	Bt1 1	Bt8 1	Bt21 1	Bt38 1	Bt44 1	Bt81 1	
78	Bt29 2	Bt68 1	
79	Bt13 1	Bt37 1	Bt40 1	
80	Bt38 1	Bt52 1	Bt84 1	
81	Bt18 1	Bt36 1	Bt87 1	
82	Bt11 1	Bt14 1	Bt81 1	Bt85 1	
83	Bt13 1	Bt58 1	Bt61 1	Bt63 1	
84	Bt41 1	Bt69 1	
85	Bt15 1	Bt25 1	Bt36 1	Bt45 1	Bt49 1	Bt64 1	
86	Bt2 1	Bt73 1	Bt88 1	
87	Bt73 1	Bt78 1	Bt90 1	Bt91 1	
88	Bt72 1	Bt91 1	Bt98 1	
89	Bt8 1	Bt22 1	Bt54 1	Bt81 1	Bt83 1	Bt99 1	
90	Bt21 1	Bt79 1	Bt87 2	
91	Bt35 1	Bt87 1	
92	Bt28 1	Bt64 1	
93	Bt2 1	Bt12 1	Bt16 1	Bt76 1	Bt81 1	
94	Bt15 1	Bt75 3	
95	Bt19 1	Bt24 2	Bt29 1	Bt71 1	Bt83 1	
96	Bt1 1	Bt24 1	Bt43 1	Bt67 1	Bt70 1	
97	Bt1 1	Bt12 1	Bt17 1	Bt45 1	Bt75 1	
98	Bt22 1	Bt43 1	Bt61 1	Bt69 1	
99	Bt1 1	Bt8 1	
100	Bt12 1	Bt20 1	Bt27 1	Bt50 1	