Name				510_n100_m400_bt100
Number_of_Customers		100
Number_of_Items			400
Number_of_ItemTypes		100
Number_of_Vehicles		27
TimeWindows			1

VEHICLE
Mass_Capacity			12595
CargoSpace_Length		60
CargoSpace_Width		25
CargoSpace_Height		30
Wheelbase			48
Max_Mass_FrontAxle		7100
Max_Mass_RearAxle		11500
Distance_FrontAxle_CargoSpace	4

CUSTOMERS
i		x		y		Demand		ReadyTime	DueDate		ServiceTime	DemandedMass	DemandedVolume
0		35		35		0		0		230		0		0		0
1		44		79		2		85		111		10		352.88		540
2		36		25		3		158		188		10		334.3		641
3		63		2		6		0		176		10		913.59		1794
4		17		15		4		0		193		10		278.59		541
5		65		52		4		74		106		10		959.05		1794
6		8		74		5		36		68		10		1668		2334
7		23		3		5		0		185		10		841.44		1853
8		15		45		4		0		197		10		670.78		1142
9		1		54		4		0		181		10		483.99		1011
10		13		38		4		0		197		10		724.81		764
11		32		72		5		23		59		10		719.39		1257
12		40		14		4		0		198		10		822.89		1355
13		17		25		2		117		151		10		385.93		497
14		13		52		3		0		192		10		424.68		884
15		30		33		5		0		214		10		749.27		1196
16		65		7		4		30		66		10		735.37		1548
17		23		64		3		0		188		10		603.97		1071
18		9		50		3		101		127		10		569.85		380
19		11		9		3		0		184		10		731.15		1434
20		17		56		3		20		50		10		343.14		872
21		19		61		5		77		117		10		1325.95		2050
22		29		25		5		0		208		10		1411.4		1616
23		55		3		5		0		182		10		1012.17		1960
24		26		13		4		126		156		10		719.41		1593
25		16		50		3		0		195		10		351.76		818
26		27		16		4		152		186		10		813.66		1382
27		15		3		2		73		97		10		366.38		420
28		3		42		6		0		187		10		1316.22		1661
29		21		55		3		99		135		10		929.46		1218
30		11		5		4		63		91		10		774.63		1260
31		27		39		2		0		211		10		265.17		464
32		23		37		6		82		106		10		1294.25		2037
33		58		28		4		154		176		10		747.79		1624
34		34		60		4		141		173		10		545.05		1077
35		35		44		2		0		211		10		343.8		469
36		60		46		2		0		192		10		97.61		170
37		35		78		6		91		129		10		1418.49		1914
38		31		14		5		0		198		10		1304.17		2060
39		59		73		2		159		187		10		553.48		954
40		40		26		4		115		137		10		1134.75		910
41		7		59		3		37		61		10		461.12		810
42		7		79		4		65		101		10		644.88		1262
43		17		6		5		0		185		10		460.97		904
44		60		3		4		147		177		10		908.37		1680
45		53		36		6		83		115		10		1700.07		2432
46		16		79		5		0		172		10		582.92		1032
47		23		29		4		0		206		10		828.41		1305
48		5		33		4		0		189		10		744.08		1360
49		0		62		3		162		190		10		373.49		492
50		66		59		2		111		151		10		669.6		882
51		24		56		5		0		196		10		1388.32		2100
52		44		28		4		177		199		10		1536.67		1994
53		52		47		4		94		120		10		641.25		1284
54		15		0		4		0		179		10		1280.63		864
55		40		58		4		111		137		10		632.21		756
56		37		8		3		36		68		10		468.54		852
57		59		43		2		0		194		10		390.09		693
58		53		30		3		0		201		10		438.79		730
59		35		13		6		0		198		10		911.2		2033
60		2		13		5		110		146		10		1806.85		2502
61		68		9		6		0		177		10		1413		1924
62		52		11		4		166		186		10		967.86		1155
63		40		34		5		0		214		10		1112.55		1350
64		45		11		3		0		194		10		727.69		1242
65		43		40		4		0		210		10		689.06		754
66		42		1		3		0		185		10		884.89		1416
67		20		79		4		0		173		10		695.34		1244
68		40		49		4		81		115		10		497.55		1116
69		53		52		2		154		178		10		323.06		309
70		8		32		5		0		192		10		1058.34		1655
71		50		61		6		0		189		10		1560.9		2100
72		64		73		5		121		145		10		1628.39		1462
73		4		17		5		0		184		10		758.02		1442
74		66		14		5		33		65		10		818.57		1450
75		37		3		3		159		181		10		986.94		738
76		0		28		4		140		178		10		512.08		917
77		32		9		5		130		156		10		1233.74		2093
78		50		64		2		0		187		10		499.5		488
79		43		57		3		168		198		10		346.17		574
80		27		8		3		0		191		10		931.34		1415
81		43		36		6		0		211		10		991		1653
82		43		61		5		130		154		10		1175.1		1380
83		62		79		5		0		168		10		903.61		1500
84		5		1		3		0		174		10		630.38		660
85		22		20		3		15		55		10		381.12		550
86		59		40		6		0		195		10		1540.58		2178
87		36		21		2		0		205		10		655.62		810
88		69		18		5		0		181		10		1299.55		1954
89		14		24		5		21		47		10		794.07		1506
90		31		69		6		160		190		10		2329.59		2492
91		10		35		3		156		188		10		497.72		1180
92		47		53		3		30		64		10		782.98		1082
93		6		39		6		0		190		10		2285.63		2604
94		43		21		2		0		203		10		835.43		1008
95		58		16		5		144		174		10		907.44		1622
96		67		77		4		52		82		10		1056.69		1148
97		37		48		2		0		206		10		346.74		966
98		10		24		5		0		192		10		672.64		1408
99		52		7		5		0		187		10		1224.29		2080
100		20		10		4		167		199		10		595.26		1105

ITEMS
Type		Length		Width		Height		Mass		Fragility	LoadBearingStrength
Bt1		16		6		7		251.37		0		8.2522926
Bt2		14		6		7		289.06		0		25.0113092
Bt3		13		7		6		246.27		0		33.6314658
Bt4		13		5		7		312.37		0		71.8450331
Bt5		11		5		5		128.49		0		15.1372745
Bt6		13		7		6		223.29		0		6.3184309
Bt7		9		5		8		269.53		0		25.8820117
Bt8		8		3		5		213.59		1		37.7767168
Bt9		6		3		4		60.28		0		18.2952599
Bt10		7		7		4		103.42		0		45.6434259
Bt11		14		5		6		189.50		0		46.5256541
Bt12		12		2		6		101.04		0		34.5689791
Bt13		13		3		3		78.08		0		75.5370209
Bt14		13		2		7		66.43		0		15.6388752
Bt15		15		3		4		106.01		0		17.5218888
Bt16		7		4		5		132.71		0		24.2098105
Bt17		14		4		7		204.89		1		9.6488825
Bt18		15		3		4		126.63		0		35.2866823
Bt19		14		6		5		308.02		1		5.5807590
Bt20		10		2		4		25.53		0		29.3520435
Bt21		16		5		7		202.33		0		41.3039990
Bt22		11		2		3		85.01		1		8.9770962
Bt23		16		4		5		230.34		0		8.8598331
Bt24		15		4		5		234.22		0		24.8898405
Bt25		13		4		6		194.36		0		19.7851265
Bt26		16		6		8		543.85		1		7.2911035
Bt27		12		7		4		214.12		0		45.3926500
Bt28		17		2		3		28.02		0		8.3055067
Bt29		12		3		4		97.02		0		20.5479521
Bt30		16		5		6		678.41		0		31.2886097
Bt31		9		2		7		87.74		1		22.2434854
Bt32		12		4		6		469.54		0		291.9483036
Bt33		7		6		7		278.64		0		70.4044354
Bt34		16		5		4		375.87		1		12.0241986
Bt35		14		6		3		149.94		1		4.6634418
Bt36		17		4		7		402.39		0		37.9087359
Bt37		13		3		7		106.28		0		25.1788835
Bt38		9		6		7		193.45		1		5.9961764
Bt39		13		5		4		110.86		0		5.4236332
Bt40		16		5		5		582.69		0		66.1968415
Bt41		8		6		5		118.07		1		6.3865471
Bt42		6		5		3		72.08		0		67.6890297
Bt43		12		5		4		219.13		1		56.4380874
Bt44		8		3		3		45.08		0		18.2474313
Bt45		13		5		3		84.61		1		4.2843154
Bt46		12		3		5		47.45		0		21.6719119
Bt47		17		5		5		195.57		0		8.2036649
Bt48		13		3		7		82.07		0		6.8102828
Bt49		13		4		3		280.51		0		30.2760902
Bt50		13		3		5		59.88		0		21.4002788
Bt51		13		4		6		212.86		0		71.8279655
Bt52		10		7		4		397.87		0		141.7789056
Bt53		10		6		5		157.39		1		7.5987352
Bt54		14		3		5		105.65		0		12.1344626
Bt55		10		2		7		116.85		0		15.4872932
Bt56		13		2		8		133.97		0		52.8780826
Bt57		14		3		4		115		0		22.9633584
Bt58		7		5		7		235.99		0		37.8243998
Bt59		15		7		7		631.05		0		33.2960132
Bt60		11		6		7		283.57		0		20.0247965
Bt61		14		6		5		123.45		0		20.9616492
Bt62		15		5		3		147.11		0		52.1815641
Bt63		8		7		4		144.87		0		15.1678004
Bt64		10		5		7		127.30		1		3.2441289
Bt65		9		5		6		188.54		0		57.2320407
Bt66		15		2		3		39.29		0		9.5605484
Bt67		7		6		6		131.44		0		32.3078695
Bt68		7		2		7		28.75		0		12.7560126
Bt69		16		7		6		412.10		0		91.7745577
Bt70		17		6		3		463.30		0		48.7160806
Bt71		15		5		4		161.21		1		12.5764534
Bt72		6		5		3		56.02		0		29.5605144
Bt73		12		6		5		222.87		0		62.3060013
Bt74		11		3		6		58.75		0		12.0129523
Bt75		17		6		7		435.41		0		111.3848640
Bt76		8		7		6		423.33		0		11.6514874
Bt77		12		2		7		123.63		0		40.9582783
Bt78		6		6		4		263.81		0		32.7522197
Bt79		17		4		6		255.51		0		36.4385281
Bt80		10		2		6		98.49		0		36.5044381
Bt81		15		3		4		131.14		0		65.5668891
Bt82		17		6		4		141.45		1		2.3972539
Bt83		10		7		3		112.79		0		24.3834634
Bt84		16		6		7		263.03		0		35.7867459
Bt85		9		2		6		108.12		0		58.5002279
Bt86		17		3		3		42.55		0		14.1849147
Bt87		12		7		6		192.32		0		18.3297427
Bt88		13		6		6		390.75		0		26.9239060
Bt89		13		3		6		58.73		0		15.1441610
Bt90		11		4		7		196.39		0		20.5294228
Bt91		16		4		6		264.98		1		6.6988151
Bt92		13		7		6		165.67		1		3.2140990
Bt93		16		7		8		1252.85		1		16.0415479
Bt94		11		6		5		257.19		1		25.6851346
Bt95		7		4		8		107.81		0		8.8687739
Bt96		17		5		6		319.57		0		123.9188875
Bt97		9		7		8		367.54		0		26.3811047
Bt98		12		6		4		221.44		0		22.8969400
Bt99		13		4		4		73.48		0		12.3263102
Bt100		10		7		5		182.49		0		17.9268867

DEMANDS PER CUSTOMER
i	Type Quantity
1	Bt67 1	Bt98 1	
2	Bt5 1	Bt31 1	Bt41 1	
3	Bt1 1	Bt16 1	Bt42 1	Bt56 1	Bt81 1	Bt87 1	
4	Bt13 1	Bt31 1	Bt66 1	Bt99 1	
5	Bt2 1	Bt11 1	Bt44 1	Bt75 1	
6	Bt11 1	Bt17 1	Bt40 1	Bt75 1	Bt79 1	
7	Bt4 1	Bt46 1	Bt77 1	Bt87 1	Bt92 1	
8	Bt67 1	Bt68 1	Bt69 1	Bt80 1	
9	Bt5 1	Bt14 1	Bt23 1	Bt89 1	
10	Bt15 1	Bt49 1	Bt55 1	Bt98 1	
11	Bt20 1	Bt23 1	Bt44 1	Bt47 1	Bt73 1	
12	Bt4 1	Bt35 1	Bt43 1	Bt82 1	
13	Bt35 1	Bt58 1	
14	Bt5 1	Bt27 1	Bt48 1	
15	Bt12 1	Bt16 1	Bt67 1	Bt71 1	Bt73 1	
16	Bt6 1	Bt61 1	Bt67 1	Bt94 1	
17	Bt27 1	Bt37 1	Bt60 1	
18	Bt20 1	Bt49 1	Bt78 1	
19	Bt69 1	Bt72 1	Bt84 1	
20	Bt21 1	Bt28 1	Bt83 1	
21	Bt10 1	Bt19 1	Bt27 1	Bt75 1	Bt91 1	
22	Bt1 1	Bt29 1	Bt34 1	Bt76 1	Bt78 1	
23	Bt11 1	Bt19 1	Bt21 1	Bt60 1	Bt68 1	
24	Bt10 1	Bt47 1	Bt53 1	Bt84 1	
25	Bt38 1	Bt39 1	Bt46 1	
26	Bt35 1	Bt68 1	Bt69 1	Bt73 1	
27	Bt31 1	Bt33 1	
28	Bt7 1	Bt32 1	Bt43 1	Bt46 1	Bt47 1	Bt57 1	
29	Bt30 1	Bt87 1	Bt89 1	
30	Bt2 1	Bt7 1	Bt12 1	Bt57 1	
31	Bt9 1	Bt17 1	
32	Bt22 1	Bt25 1	Bt62 1	Bt75 1	Bt83 1	Bt96 1	
33	Bt1 1	Bt67 1	Bt100 2	
34	Bt35 1	Bt37 1	Bt53 1	Bt67 1	
35	Bt58 1	Bt95 1	
36	Bt20 1	Bt42 1	
37	Bt7 1	Bt12 1	Bt26 1	Bt42 1	Bt43 1	Bt51 1	
38	Bt2 1	Bt7 1	Bt17 1	Bt35 1	Bt88 1	
39	Bt41 1	Bt75 1	
40	Bt10 1	Bt32 1	Bt70 1	Bt80 1	
41	Bt19 1	Bt46 1	Bt54 1	
42	Bt19 1	Bt44 1	Bt68 1	Bt84 1	
43	Bt20 1	Bt51 1	Bt72 1	Bt74 1	Bt95 1	
44	Bt6 1	Bt27 1	Bt33 1	Bt87 1	
45	Bt4 1	Bt53 1	Bt59 1	Bt69 1	Bt72 1	Bt81 1	
46	Bt14 1	Bt19 1	Bt20 1	Bt39 1	Bt42 1	
47	Bt4 1	Bt19 1	Bt20 1	Bt100 1	
48	Bt4 1	Bt41 2	Bt47 1	
49	Bt9 1	Bt72 1	Bt94 1	
50	Bt3 1	Bt76 1	
51	Bt1 1	Bt9 1	Bt13 1	Bt59 1	Bt97 1	
52	Bt24 1	Bt58 1	Bt59 1	Bt75 1	
53	Bt11 2	Bt12 1	Bt71 1	
54	Bt16 1	Bt32 1	Bt49 1	Bt52 1	
55	Bt8 1	Bt15 1	Bt27 1	Bt80 1	
56	Bt35 1	Bt53 1	Bt71 1	
57	Bt19 1	Bt48 1	
58	Bt14 1	Bt55 1	Bt79 1	
59	Bt1 1	Bt6 1	Bt46 2	Bt54 1	Bt58 1	
60	Bt75 2	Bt76 1	Bt79 1	Bt94 1	
61	Bt1 1	Bt25 1	Bt43 2	Bt52 1	Bt81 1	
62	Bt30 1	Bt45 1	Bt46 1	Bt53 1	
63	Bt31 1	Bt51 1	Bt53 1	Bt78 1	Bt88 1	
64	Bt1 1	Bt43 1	Bt94 1	
65	Bt12 1	Bt41 1	Bt42 1	Bt52 1	
66	Bt75 1	Bt88 1	Bt89 1	
67	Bt64 1	Bt66 1	Bt71 1	Bt97 1	
68	Bt6 1	Bt44 1	Bt48 1	Bt62 1	
69	Bt49 1	Bt86 1	
70	Bt1 1	Bt10 1	Bt37 1	Bt56 1	Bt70 1	
71	Bt11 1	Bt23 1	Bt34 1	Bt35 1	Bt36 1	Bt51 1	
72	Bt30 1	Bt34 1	Bt38 1	Bt55 1	Bt78 1	
73	Bt18 1	Bt71 1	Bt85 1	Bt90 1	Bt92 1	
74	Bt10 1	Bt41 1	Bt54 1	Bt72 1	Bt75 1	
75	Bt28 1	Bt30 1	Bt49 1	
76	Bt31 1	Bt37 1	Bt48 1	Bt58 1	
77	Bt4 1	Bt11 1	Bt27 1	Bt54 1	Bt69 1	
78	Bt34 1	Bt77 1	
79	Bt16 1	Bt54 1	Bt95 1	
80	Bt5 1	Bt69 1	Bt88 1	
81	Bt8 1	Bt14 1	Bt39 1	Bt48 1	Bt64 1	Bt88 1	
82	Bt7 1	Bt15 2	Bt39 1	Bt40 1	
83	Bt19 1	Bt42 1	Bt60 1	Bt80 1	Bt82 1	
84	Bt12 1	Bt15 1	Bt76 1	
85	Bt28 1	Bt43 1	Bt56 1	
86	Bt6 1	Bt32 1	Bt36 1	Bt48 1	Bt58 1	Bt64 1	
87	Bt70 1	Bt87 1	
88	Bt7 1	Bt76 1	Bt92 1	Bt97 1	Bt99 1	
89	Bt12 1	Bt35 1	Bt41 1	Bt60 1	Bt82 1	
90	Bt34 1	Bt48 1	Bt58 1	Bt64 1	Bt79 1	Bt93 1	
91	Bt71 1	Bt84 1	Bt99 1	
92	Bt29 1	Bt36 1	Bt60 1	
93	Bt56 1	Bt74 1	Bt79 1	Bt91 1	Bt93 1	Bt96 1	
94	Bt69 1	Bt76 1	
95	Bt1 1	Bt20 1	Bt43 1	Bt65 1	Bt73 1	
96	Bt11 1	Bt28 1	Bt34 1	Bt70 1	
97	Bt6 1	Bt61 1	
98	Bt3 1	Bt20 1	Bt63 1	Bt99 1	Bt100 1	
99	Bt6 1	Bt58 1	Bt62 1	Bt75 1	Bt100 1	
100	Bt10 1	Bt13 1	Bt87 1	Bt98 1	