Name				511_n100_m400_bt3
Number_of_Customers		100
Number_of_Items			400
Number_of_ItemTypes		3
Number_of_Vehicles		39
TimeWindows			1

VEHICLE
Mass_Capacity			12595
CargoSpace_Length		60
CargoSpace_Width		25
CargoSpace_Height		30
Wheelbase			48
Max_Mass_FrontAxle		7100
Max_Mass_RearAxle		11500
Distance_FrontAxle_CargoSpace	4

CUSTOMERS
i		x		y		Demand		ReadyTime	DueDate		ServiceTime	DemandedMass	DemandedVolume
0		35		35		0		0		230		0		0		0
1		70		70		4		54		82		10		1907		6044
2		46		79		4		147		171		10		1865.38		6860
3		10		75		4		56		94		10		1988.76		7842
4		26		15		5		0		198		10		2362.2		9678
5		54		0		2		40		74		10		953.5		3022
6		15		46		5		127		157		10		2362.2		9678
7		52		10		6		112		140		10		2653.88		9716
8		12		67		6		118		138		10		2777.26		10698
9		47		16		3		82		98		10		1491.94		5024
10		13		20		4		110		138		10		1658.76		7510
11		60		33		4		29		59		10		1742		5878
12		22		23		3		4		36		10		1245.18		3060
13		28		28		2		53		69		10		788.5		2856
14		24		42		4		0		206		10		1742		5878
15		47		12		6		55		83		10		2488.88		9550
16		68		44		3		143		175		10		1368.56		4042
17		57		76		5		150		180		10		2157.06		6898
18		53		52		3		126		154		10		1285.32		5674
19		68		6		3		135		155		10		1326.94		4858
20		25		47		3		156		192		10		1203.56		3876
21		66		28		6		113		133		10		2488.88		9550
22		16		13		6		136		170		10		2447.26		10366
23		50		66		5		146		182		10		2527.2		9844
24		11		27		4		124		154		10		1577		5712
25		25		36		3		118		150		10		1203.56		3876
26		40		33		5		0		214		10		2115.44		7714
27		40		76		4		36		74		10		1742		5878
28		3		19		4		112		144		10		1823.76		7676
29		30		31		2		90		124		10		911.88		3838
30		68		2		5		72		92		10		2403.82		8862
31		6		36		5		88		110		10		2115.44		7714
32		45		48		5		85		107		10		2445.44		8046
33		34		0		5		140		172		10		2157.06		6898
34		40		37		3		0		214		10		1245.18		3060
35		40		29		3		0		212		10		1368.56		4042
36		36		41		5		0		213		10		1950.44		7548
37		63		62		3		73		107		10		1450.32		5840
38		47		71		6		96		130		10		2695.5		8900
39		32		71		4		141		179		10		1865.38		6860
40		3		51		4		106		146		10		1823.76		7676
41		69		9		6		157		185		10		2818.88		9882
42		2		35		4		141		169		10		1493.76		7344
43		49		32		4		179		215		10		1700.38		6694
44		9		8		2		68		98		10		830.12		2040
45		47		53		4		75		103		10		1700.38		6694
46		10		15		6		32		58		10		2737.12		8084
47		13		55		4		47		79		10		1700.38		6694
48		49		40		6		148		184		10		2572.12		7918
49		3		68		3		49		75		10		1203.56		3876
50		40		6		5		0		190		10		2073.82		8530
51		44		63		4		0		190		10		1907		6044
52		33		76		6		43		71		10		2448.74		6936
53		2		44		4		24		50		10		1535.38		6528
54		53		39		4		0		201		10		1823.76		7676
55		5		56		3		33		69		10		1326.94		4858
56		23		71		6		0		182		10		2777.26		10698
57		18		27		4		95		129		10		1742		5878
58		57		80		6		135		165		10		2900.64		11680
59		4		14		3		0		182		10		1326.94		4858
60		70		53		4		71		97		10		1865.38		6860
61		23		57		4		142		166		10		1700.38		6694
62		43		31		6		188		216		10		2530.5		8734
63		47		9		5		163		191		10		1950.44		7548
64		40		21		3		7		35		10		1285.32		5674
65		34		21		3		126		150		10		1326.94		4858
66		68		19		6		135		169		10		2488.88		9550
67		16		72		5		0		178		10		2280.44		7880
68		59		38		4		100		130		10		1658.76		7510
69		4		62		3		37		57		10		1285.32		5674
70		51		72		4		93		119		10		1907		6044
71		63		68		3		0		176		10		1285.32		5674
72		68		36		2		0		186		10		746.88		3672
73		59		61		3		138		168		10		1491.94		5024
74		43		44		3		33		75		10		1120.32		5508
75		53		59		3		32		62		10		1161.94		4692
76		53		27		4		0		200		10		1742		5878
77		3		2		3		0		174		10		1326.94		4858
78		29		79		3		85		121		10		1491.94		5024
79		38		10		4		166		198		10		1865.38		6860
80		17		18		5		114		142		10		2362.2		9678
81		64		9		2		106		130		10		953.5		3022
82		64		74		4		0		171		10		1907		6044
83		13		70		4		0		178		10		1823.76		7676
84		49		45		4		146		174		10		1618.62		4896
85		65		14		3		0		183		10		1203.56		3876
86		67		66		6		41		71		10		2983.88		10048
87		1		14		2		0		180		10		953.5		3022
88		37		64		2		47		77		10		911.88		3838
89		21		44		3		8		44		10		1161.94		4692
90		45		56		4		163		195		10		1823.76		7676
91		23		8		5		0		190		10		2445.44		8046
92		53		79		3		48		80		10		1203.56		3876
93		3		6		5		115		143		10		2157.06		6898
94		40		64		4		0		190		10		1742		5878
95		28		68		5		0		186		10		2238.82		8696
96		22		3		3		108		146		10		1326.94		4858
97		17		58		2		144		168		10		788.5		2856
98		23		74		2		94		130		10		746.88		3672
99		57		3		4		0		181		10		1742		5878
100		8		79		3		0		168		10		1161.94		4692

ITEMS
Type		Length		Width		Height		Mass		Fragility	LoadBearingStrength
Bt1		34		5		6		415.06		0		15.6100407
Bt2		26		11		7		538.44		0		9.2872331
Bt3		34		9		6		373.44		1		4.2296262

DEMANDS PER CUSTOMER
i	Type Quantity
1	Bt1 2	Bt2 2	
2	Bt1 1	Bt2 2	Bt3 1	
3	Bt2 3	Bt3 1	
4	Bt2 3	Bt3 2	
5	Bt1 1	Bt2 1	
6	Bt2 3	Bt3 2	
7	Bt1 2	Bt2 2	Bt3 2	
8	Bt1 1	Bt2 3	Bt3 2	
9	Bt1 1	Bt2 2	
10	Bt2 1	Bt3 3	
11	Bt1 2	Bt2 1	Bt3 1	
12	Bt1 3	
13	Bt1 1	Bt3 1	
14	Bt1 2	Bt2 1	Bt3 1	
15	Bt1 2	Bt2 1	Bt3 3	
16	Bt1 2	Bt2 1	
17	Bt1 3	Bt2 1	Bt3 1	
18	Bt2 1	Bt3 2	
19	Bt1 1	Bt2 1	Bt3 1	
20	Bt1 2	Bt3 1	
21	Bt1 2	Bt2 1	Bt3 3	
22	Bt1 1	Bt2 1	Bt3 4	
23	Bt2 4	Bt3 1	
24	Bt1 2	Bt3 2	
25	Bt1 2	Bt3 1	
26	Bt1 2	Bt2 1	Bt3 2	
27	Bt1 2	Bt2 1	Bt3 1	
28	Bt2 2	Bt3 2	
29	Bt2 1	Bt3 1	
30	Bt1 1	Bt2 3	Bt3 1	
31	Bt1 2	Bt2 1	Bt3 2	
32	Bt1 2	Bt2 3	
33	Bt1 3	Bt2 1	Bt3 1	
34	Bt1 3	
35	Bt1 2	Bt2 1	
36	Bt1 2	Bt3 3	
37	Bt2 2	Bt3 1	
38	Bt1 3	Bt2 2	Bt3 1	
39	Bt1 1	Bt2 2	Bt3 1	
40	Bt2 2	Bt3 2	
41	Bt1 2	Bt2 3	Bt3 1	
42	Bt3 4	
43	Bt1 1	Bt2 1	Bt3 2	
44	Bt1 2	
45	Bt1 1	Bt2 1	Bt3 2	
46	Bt1 4	Bt2 2	
47	Bt1 1	Bt2 1	Bt3 2	
48	Bt1 4	Bt2 1	Bt3 1	
49	Bt1 2	Bt3 1	
50	Bt1 1	Bt2 1	Bt3 3	
51	Bt1 2	Bt2 2	
52	Bt1 5	Bt3 1	
53	Bt1 1	Bt3 3	
54	Bt2 2	Bt3 2	
55	Bt1 1	Bt2 1	Bt3 1	
56	Bt1 1	Bt2 3	Bt3 2	
57	Bt1 2	Bt2 1	Bt3 1	
58	Bt2 4	Bt3 2	
59	Bt1 1	Bt2 1	Bt3 1	
60	Bt1 1	Bt2 2	Bt3 1	
61	Bt1 1	Bt2 1	Bt3 2	
62	Bt1 3	Bt2 1	Bt3 2	
63	Bt1 2	Bt3 3	
64	Bt2 1	Bt3 2	
65	Bt1 1	Bt2 1	Bt3 1	
66	Bt1 2	Bt2 1	Bt3 3	
67	Bt1 2	Bt2 2	Bt3 1	
68	Bt2 1	Bt3 3	
69	Bt2 1	Bt3 2	
70	Bt1 2	Bt2 2	
71	Bt2 1	Bt3 2	
72	Bt3 2	
73	Bt1 1	Bt2 2	
74	Bt3 3	
75	Bt1 1	Bt3 2	
76	Bt1 2	Bt2 1	Bt3 1	
77	Bt1 1	Bt2 1	Bt3 1	
78	Bt1 1	Bt2 2	
79	Bt1 1	Bt2 2	Bt3 1	
80	Bt2 3	Bt3 2	
81	Bt1 1	Bt2 1	
82	Bt1 2	Bt2 2	
83	Bt2 2	Bt3 2	
84	Bt1 3	Bt3 1	
85	Bt1 2	Bt3 1	
86	Bt1 2	Bt2 4	
87	Bt1 1	Bt2 1	
88	Bt2 1	Bt3 1	
89	Bt1 1	Bt3 2	
90	Bt2 2	Bt3 2	
91	Bt1 2	Bt2 3	
92	Bt1 2	Bt3 1	
93	Bt1 3	Bt2 1	Bt3 1	
94	Bt1 2	Bt2 1	Bt3 1	
95	Bt1 1	Bt2 2	Bt3 2	
96	Bt1 1	Bt2 1	Bt3 1	
97	Bt1 1	Bt3 1	
98	Bt3 2	
99	Bt1 2	Bt2 1	Bt3 1	
100	Bt1 1	Bt3 2	