Name				516_n100_m400_bt10
Number_of_Customers		100
Number_of_Items			400
Number_of_ItemTypes		10
Number_of_Vehicles		50
TimeWindows			1

VEHICLE
Mass_Capacity			12595
CargoSpace_Length		60
CargoSpace_Width		25
CargoSpace_Height		30
Wheelbase			48
Max_Mass_FrontAxle		7100
Max_Mass_RearAxle		11500
Distance_FrontAxle_CargoSpace	4

CUSTOMERS
i		x		y		Demand		ReadyTime	DueDate		ServiceTime	DemandedMass	DemandedVolume
0		35		35		0		0		230		0		0		0
1		8		62		6		80		110		10		2863.72		12207
2		67		44		4		163		195		10		2055.72		8582
3		26		74		3		149		177		10		1040.23		5054
4		11		55		3		39		65		10		1505.82		6629
5		8		29		5		173		205		10		2552.93		9181
6		34		40		3		103		133		10		1823.49		7153
7		17		16		2		165		197		10		1220.67		6068
8		2		49		3		99		121		10		1018.44		6592
9		18		32		6		184		218		10		2354.91		11758
10		58		6		3		128		164		10		2033.72		5698
11		22		42		4		140		166		10		1250.67		8021
12		40		69		2		0		185		10		1322.07		4501
13		27		27		4		107		145		10		1724.77		5808
14		60		28		2		54		82		10		1251.82		3250
15		53		63		3		96		120		10		1040.41		4408
16		27		11		6		135		167		10		2329.42		11542
17		56		26		5		163		193		10		1774.06		8489
18		52		25		6		123		165		10		2101.69		9847
19		32		67		6		82		120		10		2857.8		11268
20		44		27		2		141		171		10		1002.44		2212
21		3		17		4		125		151		10		701.64		6195
22		0		1		5		125		159		10		2489.03		11102
23		60		44		5		154		184		10		2021.28		11896
24		50		2		4		0		183		10		1870.24		5623
25		65		26		5		121		161		10		2038.63		10527
26		16		51		3		0		195		10		1119.84		5025
27		41		39		5		81		117		10		1892.06		9153
28		67		12		6		127		151		10		2622.95		14252
29		63		65		4		158		188		10		2055.72		8582
30		44		63		6		0		190		10		2080.04		10504
31		17		29		3		20		54		10		1316.3		6931
32		62		10		4		67		111		10		2412.14		8507
33		29		6		6		152		176		10		3825.71		11001
34		60		56		3		0		187		10		1051.73		4893
35		33		18		6		0		202		10		2005.93		11868
36		50		58		4		54		84		10		1681.2		6582
37		17		47		6		0		198		10		1649.19		8696
38		36		21		4		90		118		10		2178.86		7544
39		63		40		5		0		191		10		2453.78		11036
40		40		55		4		0		199		10		1708.49		6379
41		22		79		4		0		174		10		1409.16		8838
42		18		7		4		115		143		10		1870.24		5623
43		10		33		3		171		195		10		846.84		4841
44		62		19		4		88		114		10		1793.18		8677
45		51		6		4		0		186		10		1590.31		6361
46		29		38		3		0		213		10		1040.41		4408
47		13		13		6		89		115		10		2428.98		11593
48		22		64		6		91		113		10		2808.36		15735
49		48		72		4		112		138		10		1607.69		6904
50		55		68		4		0		181		10		1262.59		7464
51		26		49		2		157		185		10		1382.42		5312
52		69		66		3		49		75		10		829.46		4298
53		14		9		3		0		186		10		1656.25		5388
54		56		23		3		44		62		10		1202.56		6744
55		26		43		3		0		207		10		2006.43		5901
56		31		26		4		160		190		10		2656.01		10512
57		46		34		4		70		100		10		2851.05		8057
58		69		57		4		157		179		10		1894.58		7110
59		14		65		5		69		99		10		2410.41		7676
60		49		23		5		120		150		10		2896		11262
61		38		44		5		43		81		10		2523.45		9841
62		52		28		3		68		100		10		1251.04		6045
63		27		61		2		74		102		10		279.56		2345
64		67		21		6		23		49		10		3750.49		12437
65		64		73		5		62		90		10		2039.41		8839
66		8		69		5		0		176		10		1886.24		10003
67		32		12		6		95		121		10		3075.54		11337
68		27		80		3		156		186		10		1694.86		5670
69		53		13		5		148		184		10		2535.37		9284
70		12		71		3		60		88		10		1390.41		5567
71		44		42		4		37		75		10		1282.4		7649
72		26		37		3		163		187		10		1774.43		5406
73		54		31		5		161		193		10		3529.58		11493
74		35		78		6		103		135		10		3473.64		12248
75		12		62		3		0		184		10		597.46		3803
76		37		32		3		0		216		10		1420.39		7508
77		64		43		6		49		75		10		2829.31		12282
78		3		58		2		0		180		10		749.62		3393
79		51		16		4		94		118		10		2730.12		9148
80		15		60		5		0		187		10		2393.03		7133
81		67		54		2		162		192		10		1706.09		4340
82		29		49		5		90		122		10		1551.79		7894
83		23		58		3		171		199		10		1119.84		5025
84		60		64		3		141		179		10		1262.36		6530
85		10		43		5		175		197		10		1694.31		9399
86		57		41		6		172		204		10		3019.55		10512
87		48		61		4		0		190		10		1716.32		11150
88		12		5		3		99		133		10		1494.5		6144
89		20		18		2		71		101		10		971.11		5676
90		34		54		2		172		202		10		1024.03		4808
91		15		33		2		0		199		10		722.33		3596
92		22		50		3		64		102		10		1051.73		4893
93		34		29		3		82		114		10		1992.84		8616
94		39		13		4		0		197		10		927.78		7305
95		65		33		5		0		189		10		1201.61		7381
96		5		75		2		146		184		10		528.94		3383
97		19		1		5		163		189		10		2067.01		8753
98		54		42		4		74		102		10		2459.37		9252
99		1		76		3		0		166		10		1830.92		8832
100		39		75		2		88		116		10		1133.64		3232

ITEMS
Type		Length		Width		Height		Mass		Fragility	LoadBearingStrength
Bt1		26		14		7		772.17		0		7.1500063
Bt2		32		11		10		448.50		0		6.7712245
Bt3		30		6		8		199.72		0		14.4211817
Bt4		31		7		9		549.90		1		6.3516373
Bt5		25		11		7		211.04		0		8.9446755
Bt6		27		9		6		317.90		0		8.7645675
Bt7		28		7		11		522.61		0		90.3290824
Bt8		16		8		14		933.92		0		12.8983371
Bt9		14		5		6		68.52		0		19.7721581
Bt10		34		13		6		501.42		1		4.8017704

DEMANDS PER CUSTOMER
i	Type Quantity
1	Bt1 1	Bt3 1	Bt4 1	Bt6 1	Bt7 1	Bt10 1	
2	Bt1 1	Bt4 1	Bt5 1	Bt7 1	
3	Bt3 1	Bt6 1	Bt7 1	
4	Bt1 1	Bt5 1	Bt7 1	
5	Bt1 1	Bt5 1	Bt6 2	Bt8 1	
6	Bt1 1	Bt4 1	Bt10 1	
7	Bt1 1	Bt2 1	
8	Bt2 1	Bt9 1	Bt10 1	
9	Bt4 1	Bt5 1	Bt7 1	Bt9 1	Bt10 2	
10	Bt4 2	Bt8 1	
11	Bt2 1	Bt5 1	Bt7 1	Bt9 1	
12	Bt1 1	Bt4 1	
13	Bt3 1	Bt7 1	Bt8 1	Bt9 1	
14	Bt6 1	Bt8 1	
15	Bt1 1	Bt3 1	Bt9 1	
16	Bt1 1	Bt2 1	Bt3 1	Bt6 1	Bt7 1	Bt9 1	
17	Bt1 1	Bt3 1	Bt5 1	Bt7 1	Bt9 1	
18	Bt3 1	Bt4 2	Bt5 1	Bt7 1	Bt9 1	
19	Bt1 2	Bt3 1	Bt7 2	Bt9 1	
20	Bt8 1	Bt9 1	
21	Bt5 3	Bt9 1	
22	Bt1 2	Bt5 2	Bt7 1	
23	Bt2 1	Bt9 1	Bt10 3	
24	Bt4 1	Bt6 1	Bt8 1	Bt9 1	
25	Bt2 1	Bt3 1	Bt4 1	Bt6 1	Bt7 1	
26	Bt4 1	Bt9 1	Bt10 1	
27	Bt5 1	Bt6 2	Bt7 2	
28	Bt1 1	Bt2 1	Bt3 2	Bt10 2	
29	Bt1 1	Bt4 1	Bt5 1	Bt7 1	
30	Bt1 1	Bt2 1	Bt3 1	Bt7 1	Bt9 2	
31	Bt2 1	Bt4 1	Bt6 1	
32	Bt1 2	Bt4 1	Bt6 1	
33	Bt1 1	Bt4 1	Bt6 2	Bt8 2	
34	Bt1 1	Bt5 1	Bt9 1	
35	Bt1 1	Bt2 2	Bt3 1	Bt9 2	
36	Bt1 1	Bt6 1	Bt7 1	Bt9 1	
37	Bt1 1	Bt5 2	Bt6 1	Bt9 2	
38	Bt3 1	Bt7 2	Bt8 1	
39	Bt2 1	Bt8 1	Bt9 1	Bt10 2	
40	Bt1 1	Bt4 1	Bt6 1	Bt9 1	
41	Bt2 1	Bt3 1	Bt4 1	Bt5 1	
42	Bt4 1	Bt6 1	Bt8 1	Bt9 1	
43	Bt5 1	Bt6 2	
44	Bt2 1	Bt3 1	Bt5 1	Bt8 1	
45	Bt1 1	Bt3 1	Bt4 1	Bt9 1	
46	Bt1 1	Bt3 1	Bt9 1	
47	Bt2 1	Bt3 1	Bt5 1	Bt6 2	Bt8 1	
48	Bt2 3	Bt5 1	Bt6 1	Bt8 1	
49	Bt1 1	Bt3 1	Bt6 2	
50	Bt5 2	Bt6 1	Bt7 1	
51	Bt2 1	Bt8 1	
52	Bt4 1	Bt5 1	Bt9 1	
53	Bt3 1	Bt7 1	Bt8 1	
54	Bt3 1	Bt10 2	
55	Bt4 1	Bt7 1	Bt8 1	
56	Bt1 1	Bt2 1	Bt8 1	Bt10 1	
57	Bt1 1	Bt5 1	Bt8 2	
58	Bt3 1	Bt4 1	Bt5 1	Bt8 1	
59	Bt1 1	Bt6 2	Bt8 1	Bt9 1	
60	Bt1 1	Bt4 2	Bt7 1	Bt10 1	
61	Bt2 1	Bt4 1	Bt7 1	Bt8 1	Bt9 1	
62	Bt3 1	Bt4 1	Bt10 1	
63	Bt5 1	Bt9 1	
64	Bt1 2	Bt3 1	Bt4 1	Bt7 1	Bt8 1	
65	Bt1 1	Bt3 2	Bt4 1	Bt6 1	
66	Bt2 1	Bt4 1	Bt6 1	Bt9 1	Bt10 1	
67	Bt1 1	Bt5 1	Bt6 2	Bt7 1	Bt8 1	
68	Bt4 1	Bt5 1	Bt8 1	
69	Bt4 1	Bt5 1	Bt6 1	Bt7 1	Bt8 1	
70	Bt4 1	Bt6 1	Bt7 1	
71	Bt5 1	Bt9 1	Bt10 2	
72	Bt6 1	Bt7 1	Bt8 1	
73	Bt1 2	Bt4 1	Bt8 1	Bt10 1	
74	Bt1 1	Bt3 1	Bt7 3	Bt8 1	
75	Bt5 1	Bt6 1	Bt9 1	
76	Bt1 1	Bt2 1	Bt3 1	
77	Bt1 1	Bt3 1	Bt5 2	Bt8 1	Bt10 1	
78	Bt3 1	Bt4 1	
79	Bt1 1	Bt7 1	Bt8 1	Bt10 1	
80	Bt1 1	Bt4 1	Bt8 1	Bt9 2	
81	Bt1 1	Bt8 1	
82	Bt3 1	Bt4 1	Bt5 1	Bt7 1	Bt9 1	
83	Bt4 1	Bt9 1	Bt10 1	
84	Bt4 1	Bt5 1	Bt10 1	
85	Bt3 1	Bt4 1	Bt5 2	Bt7 1	
86	Bt1 1	Bt3 1	Bt7 2	Bt8 1	Bt9 1	
87	Bt2 2	Bt6 1	Bt10 1	
88	Bt1 1	Bt3 1	Bt7 1	
89	Bt2 1	Bt7 1	
90	Bt7 1	Bt10 1	
91	Bt3 1	Bt7 1	
92	Bt1 1	Bt5 1	Bt9 1	
93	Bt1 2	Bt2 1	
94	Bt2 1	Bt3 1	Bt5 1	Bt9 1	
95	Bt3 2	Bt5 1	Bt7 1	Bt9 1	
96	Bt5 1	Bt6 1	
97	Bt3 2	Bt5 1	Bt7 1	Bt8 1	
98	Bt7 1	Bt8 1	Bt10 2	
99	Bt2 2	Bt8 1	
100	Bt3 1	Bt8 1	