Name				517_n100_m400_bt10
Number_of_Customers		100
Number_of_Items			400
Number_of_ItemTypes		10
Number_of_Vehicles		51
TimeWindows			1

VEHICLE
Mass_Capacity			12595
CargoSpace_Length		60
CargoSpace_Width		25
CargoSpace_Height		30
Wheelbase			48
Max_Mass_FrontAxle		7100
Max_Mass_RearAxle		11500
Distance_FrontAxle_CargoSpace	4

CUSTOMERS
i		x		y		Demand		ReadyTime	DueDate		ServiceTime	DemandedMass	DemandedVolume
0		35		35		0		0		230		0		0		0
1		13		11		2		75		105		10		585.24		2827
2		9		28		3		34		60		10		1338.09		7643
3		4		15		4		33		63		10		1529.12		6953
4		16		69		4		29		47		10		1470.76		7336
5		34		74		5		55		89		10		2181.72		9522
6		68		44		4		162		200		10		4127.06		10888
7		62		9		4		41		65		10		1429.95		8507
8		35		80		4		99		129		10		916.53		4738
9		47		24		3		167		205		10		2209.89		5413
10		48		4		5		169		201		10		2162.06		10807
11		2		18		3		53		75		10		1633		8018
12		41		3		4		110		134		10		2172.05		7025
13		62		23		4		163		207		10		1527.88		6962
14		23		29		4		180		206		10		1779.79		9234
15		18		10		5		67		93		10		2431.69		9752
16		54		26		6		117		139		10		2206.63		11809
17		1		75		2		83		105		10		2106.96		4794
18		42		79		5		61		85		10		4170.39		11899
19		45		76		4		108		146		10		1089.26		4420
20		8		4		3		81		111		10		2111.96		6958
21		27		10		4		38		64		10		1129.87		5037
22		60		43		3		177		203		10		926.9		3783
23		44		45		5		123		149		10		2973.23		9229
24		27		77		6		115		145		10		2888.6		9883
25		3		66		3		36		62		10		2482.66		5730
26		41		6		3		63		89		10		2030.59		5094
27		36		41		5		34		56		10		3422.04		10738
28		11		39		4		77		117		10		1147.18		8288
29		8		68		6		32		52		10		4497.72		13425
30		54		67		5		65		99		10		1945.58		9136
31		64		62		5		131		165		10		1564.84		9801
32		22		69		5		146		178		10		2156.69		9500
33		37		11		4		68		100		10		2571.3		8941
34		35		18		3		107		135		10		972.88		5707
35		44		58		3		117		147		10		3472.02		8998
36		47		15		2		160		196		10		884.28		4518
37		57		38		4		84		118		10		1835.97		9272
38		22		79		3		60		96		10		1215.04		5309
39		12		30		2		96		130		10		551.2		2847
40		53		20		4		147		183		10		889.06		5395
41		2		53		2		133		177		10		839.34		4373
42		41		10		2		135		169		10		884.28		4518
43		53		37		3		133		153		10		1338.09		7643
44		60		28		4		49		75		10		1916.22		6674
45		10		78		5		112		134		10		2554.74		12086
46		66		13		5		37		55		10		2663.74		10844
47		9		74		4		76		110		10		2142.85		7516
48		2		69		2		42		76		10		1948.56		4542
49		38		32		2		70		94		10		1948.56		4542
50		64		52		2		137		167		10		832.77		3736
51		2		3		5		41		69		10		3557.31		10870
52		39		21		2		183		217		10		775.28		5760
53		47		50		4		43		77		10		3241.7		8356
54		12		24		5		110		136		10		2681.83		8576
55		21		13		3		150		178		10		1008.27		5647
56		12		67		4		36		62		10		1141.81		6981
57		19		40		5		100		136		10		2653.54		12730
58		43		27		2		186		216		10		1112.11		4690
59		47		38		5		14		40		10		2078.42		9760
60		60		18		5		136		166		10		3095.41		9922
61		8		47		5		86		116		10		2599.1		11192
62		43		37		3		64		94		10		938.84		5727
63		32		67		3		99		127		10		1354.65		4782
64		19		23		5		116		148		10		2663.74		10844
65		21		62		3		127		153		10		1042.31		5627
66		30		33		6		76		94		10		1807.22		12342
67		63		76		4		147		185		10		1141.81		6981
68		68		52		3		145		177		10		1254.61		4147
69		24		60		4		132		156		10		1129.87		5037
70		13		79		6		53		79		10		2060.13		11479
71		41		76		3		114		142		10		2117.49		5816
72		41		31		3		8		24		10		794.93		5348
73		20		29		5		103		145		10		2020.22		7694
74		46		53		6		13		41		10		4501.15		12690
75		59		5		5		85		115		10		1804.61		7664
76		47		0		4		156		190		10		1614.62		10133
77		29		21		5		164		190		10		3238.4		11078
78		23		76		5		152		170		10		1991.56		11060
79		67		21		3		41		67		10		2291.26		7277
80		62		66		4		116		146		10		1409.21		5991
81		52		48		6		154		188		10		2417.85		10781
82		17		73		4		55		91		10		1423.54		5421
83		13		60		4		105		129		10		1424.58		7200
84		10		53		3		66		90		10		1315.08		5944
85		49		69		6		33		61		10		2669.73		10726
86		70		7		3		76		104		10		2489.23		6367
87		12		74		2		50		76		10		1654.89		4158
88		66		48		3		100		132		10		940.08		5718
89		38		7		6		78		104		10		2187.92		11016
90		40		47		3		187		213		10		1419.58		5036
91		36		70		5		61		81		10		2285.35		6973
92		43		19		6		13		45		10		3414.93		10820
93		54		59		3		149		185		10		1561.46		6466
94		55		48		6		48		74		10		3903.36		15228
95		17		58		6		119		159		10		2135.37		8455
96		53		5		6		136		166		10		3226.84		9624
97		51		55		3		107		137		10		1319.58		5062
98		20		2		4		139		167		10		2870.3		8610
99		28		70		3		159		187		10		1789.78		5452
100		56		4		5		27		59		10		2099.32		9827

ITEMS
Type		Length		Width		Height		Mass		Fragility	LoadBearingStrength
Bt1		20		12		12		387.64		0		4.2116173
Bt2		19		11		6		202.97		0		12.7143091
Bt3		28		10		10		457.07		0		24.6419214
Bt4		24		11		11		1451.92		1		5.3076855
Bt5		13		11		11		382.27		0		11.8581408
Bt6		14		7		13		168.93		0		19.4349557
Bt7		29		10		11		568.18		0		14.1937014
Bt8		27		7		10		655.04		0		18.3097900
Bt9		26		7		9		496.64		1		4.3789869
Bt10		13		8		9		375.70		0		60.8525337

DEMANDS PER CUSTOMER
i	Type Quantity
1	Bt2 1	Bt5 1	
2	Bt1 1	Bt5 1	Bt7 1	
3	Bt2 1	Bt5 1	Bt7 1	Bt10 1	
4	Bt2 2	Bt7 1	Bt9 1	
5	Bt1 2	Bt8 1	Bt10 2	
6	Bt4 2	Bt7 1	Bt8 1	
7	Bt1 1	Bt2 1	Bt3 1	Bt5 1	
8	Bt2 1	Bt6 2	Bt10 1	
9	Bt4 1	Bt5 1	Bt10 1	
10	Bt1 1	Bt5 1	Bt6 1	Bt7 1	Bt8 1	
11	Bt7 2	Bt9 1	
12	Bt4 1	Bt5 1	Bt6 2	
13	Bt1 1	Bt5 2	Bt10 1	
14	Bt1 1	Bt6 1	Bt7 1	Bt8 1	
15	Bt3 1	Bt7 1	Bt8 1	Bt10 2	
16	Bt1 1	Bt2 1	Bt5 1	Bt6 1	Bt7 1	Bt9 1	
17	Bt4 1	Bt8 1	
18	Bt1 1	Bt4 2	Bt5 1	Bt9 1	
19	Bt6 2	Bt10 2	
20	Bt2 1	Bt3 1	Bt4 1	
21	Bt2 1	Bt5 1	Bt6 1	Bt10 1	
22	Bt5 1	Bt6 1	Bt10 1	
23	Bt1 1	Bt4 1	Bt5 1	Bt10 2	
24	Bt2 1	Bt5 1	Bt8 2	Bt9 2	
25	Bt4 1	Bt8 1	Bt10 1	
26	Bt2 1	Bt4 1	Bt10 1	
27	Bt2 1	Bt3 1	Bt4 1	Bt8 2	
28	Bt1 2	Bt2 1	Bt6 1	
29	Bt1 1	Bt4 2	Bt5 1	Bt6 1	Bt8 1	
30	Bt3 1	Bt6 1	Bt7 1	Bt10 2	
31	Bt1 1	Bt3 1	Bt5 1	Bt6 2	
32	Bt5 2	Bt6 1	Bt7 1	Bt8 1	
33	Bt4 1	Bt5 1	Bt6 1	Bt7 1	
34	Bt1 1	Bt2 1	Bt5 1	
35	Bt4 2	Bt7 1	
36	Bt1 1	Bt9 1	
37	Bt2 1	Bt7 2	Bt9 1	
38	Bt3 1	Bt5 1	Bt10 1	
39	Bt5 1	Bt6 1	
40	Bt5 1	Bt6 3	
41	Bt3 1	Bt5 1	
42	Bt1 1	Bt9 1	
43	Bt1 1	Bt5 1	Bt7 1	
44	Bt5 2	Bt8 1	Bt9 1	
45	Bt1 1	Bt7 2	Bt8 1	Bt10 1	
46	Bt7 2	Bt8 1	Bt9 1	Bt10 1	
47	Bt3 1	Bt8 2	Bt10 1	
48	Bt4 1	Bt9 1	
49	Bt4 1	Bt9 1	
50	Bt3 1	Bt10 1	
51	Bt3 1	Bt4 1	Bt8 1	Bt9 2	
52	Bt1 2	
53	Bt4 2	Bt6 2	
54	Bt2 2	Bt4 1	Bt6 1	Bt8 1	
55	Bt3 1	Bt5 1	Bt6 1	
56	Bt1 1	Bt2 1	Bt5 1	Bt6 1	
57	Bt1 2	Bt7 1	Bt8 2	
58	Bt3 1	Bt8 1	
59	Bt1 1	Bt2 1	Bt3 1	Bt8 1	Bt10 1	
60	Bt2 1	Bt4 1	Bt7 1	Bt9 1	Bt10 1	
61	Bt1 2	Bt2 1	Bt4 1	Bt6 1	
62	Bt1 1	Bt5 1	Bt6 1	
63	Bt2 1	Bt8 1	Bt9 1	
64	Bt7 2	Bt8 1	Bt9 1	Bt10 1	
65	Bt2 1	Bt3 1	Bt5 1	
66	Bt1 2	Bt2 2	Bt3 1	Bt6 1	
67	Bt1 1	Bt2 1	Bt5 1	Bt6 1	
68	Bt5 1	Bt9 1	Bt10 1	
69	Bt2 1	Bt5 1	Bt6 1	Bt10 1	
70	Bt1 2	Bt2 2	Bt5 1	Bt9 1	
71	Bt4 1	Bt6 1	Bt9 1	
72	Bt3 1	Bt6 2	
73	Bt2 1	Bt6 1	Bt8 1	Bt9 2	
74	Bt3 1	Bt4 2	Bt5 2	Bt10 1	
75	Bt1 1	Bt6 1	Bt9 1	Bt10 2	
76	Bt1 2	Bt3 1	Bt5 1	
77	Bt3 2	Bt4 1	Bt9 1	Bt10 1	
78	Bt1 1	Bt2 1	Bt3 1	Bt7 1	Bt10 1	
79	Bt3 1	Bt4 1	Bt5 1	
80	Bt2 1	Bt5 1	Bt6 1	Bt8 1	
81	Bt1 1	Bt5 1	Bt6 2	Bt8 2	
82	Bt5 1	Bt6 1	Bt9 1	Bt10 1	
83	Bt2 1	Bt3 1	Bt5 2	
84	Bt2 1	Bt3 1	Bt8 1	
85	Bt2 2	Bt3 1	Bt8 2	Bt9 1	
86	Bt4 1	Bt5 1	Bt8 1	
87	Bt2 1	Bt4 1	
88	Bt2 1	Bt6 1	Bt7 1	
89	Bt1 1	Bt2 1	Bt3 1	Bt5 2	Bt10 1	
90	Bt5 2	Bt8 1	
91	Bt5 1	Bt8 1	Bt9 1	Bt10 2	
92	Bt1 1	Bt4 1	Bt6 1	Bt8 1	Bt10 2	
93	Bt7 1	Bt9 2	
94	Bt2 1	Bt3 1	Bt4 1	Bt7 2	Bt8 1	
95	Bt3 1	Bt5 1	Bt6 1	Bt10 3	
96	Bt2 2	Bt4 1	Bt9 2	Bt10 1	
97	Bt7 1	Bt10 2	
98	Bt1 1	Bt4 1	Bt8 1	Bt10 1	
99	Bt4 1	Bt6 2	
100	Bt1 1	Bt3 1	Bt5 1	Bt9 1	Bt10 1	