Name				518_n100_m400_bt10
Number_of_Customers		100
Number_of_Items			400
Number_of_ItemTypes		10
Number_of_Vehicles		50
TimeWindows			1

VEHICLE
Mass_Capacity			12595
CargoSpace_Length		60
CargoSpace_Width		25
CargoSpace_Height		30
Wheelbase			48
Max_Mass_FrontAxle		7100
Max_Mass_RearAxle		11500
Distance_FrontAxle_CargoSpace	4

CUSTOMERS
i		x		y		Demand		ReadyTime	DueDate		ServiceTime	DemandedMass	DemandedVolume
0		35		35		0		0		230		0		0		0
1		42		80		5		37		75		10		1903.28		8532
2		40		24		4		18		46		10		1347.94		8466
3		64		80		4		0		166		10		1353.48		9231
4		70		76		4		53		81		10		1646.53		10057
5		19		28		4		0		202		10		1688.09		7928
6		53		4		4		0		184		10		1636.84		8935
7		61		63		4		0		181		10		1825.51		10430
8		51		64		5		0		186		10		1914.95		14790
9		64		25		3		79		105		10		1202.63		6788
10		5		57		2		126		152		10		735.8		4969
11		0		28		4		124		140		10		1397.83		9007
12		52		30		3		6		34		10		1161.66		8028
13		18		42		2		0		201		10		1330.3		6490
14		63		30		6		131		155		10		2573.6		18207
15		11		38		5		126		158		10		2819.18		16054
16		11		29		3		102		132		10		1055.97		6726
17		4		71		2		103		143		10		837.84		5957
18		59		76		6		0		172		10		3090.39		15077
19		26		62		4		87		119		10		1711.28		11728
20		64		1		4		102		132		10		2086.09		9844
21		6		22		2		0		188		10		1241.33		7640
22		41		76		5		0		178		10		2028.8		14102
23		40		57		3		0		197		10		946.27		5147
24		60		57		5		0		186		10		2337.57		13825
25		0		23		5		0		183		10		1798.54		9682
26		21		73		3		0		179		10		1623.34		8342
27		58		49		4		40		80		10		1804.97		11004
28		24		39		3		9		37		10		1265.61		5885
29		69		20		4		0		182		10		1499.87		9995
30		16		7		4		0		186		10		1405.56		9638
31		53		44		3		64		96		10		1533.23		9340
32		36		65		2		132		160		10		743.53		5600
33		56		29		5		0		198		10		1617.44		9266
34		16		24		5		0		198		10		2366.47		14002
35		39		69		4		66		88		10		1675.68		11914
36		70		30		4		78		102		10		1213.48		9688
37		44		62		4		102		138		10		1409.83		11033
38		47		38		3		0		207		10		782.39		5214
39		20		0		4		0		181		10		2197.08		11742
40		69		46		2		41		67		10		1183.64		6428
41		47		80		5		0		173		10		2603.28		12184
42		22		10		5		16		50		10		1672.69		8344
43		31		28		6		0		211		10		2059.38		12044
44		10		73		5		137		165		10		1654.06		8411
45		60		4		6		69		93		10		1988.67		12316
46		45		71		4		0		182		10		1977.13		12609
47		30		73		5		0		181		10		2158.59		13452
48		6		27		4		0		189		10		1801.39		10730
49		13		61		6		0		185		10		2360.91		13800
50		70		2		5		0		171		10		2782.03		14268
51		52		58		3		81		109		10		1475.14		8188
52		30		52		4		0		202		10		1597.98		8926
53		44		42		3		0		208		10		1781.93		10390
54		38		6		5		0		190		10		2233.29		11973
55		30		16		3		47		73		10		1172.78		5630
56		53		36		3		0		201		10		1011.69		6990
57		31		35		5		41		65		10		2308.42		11968
58		10		25		5		0		193		10		1566.19		10273
59		52		7		4		162		202		10		1914.48		9280
60		3		35		2		0		188		10		837.84		5957
61		54		80		5		71		119		10		2162.12		12728
62		8		60		3		0		183		10		1724.24		9178
63		35		13		4		163		201		10		1102.13		6968
64		32		41		3		93		115		10		1159.42		7164
65		26		51		5		0		201		10		1505.76		10778
66		42		66		4		71		103		10		1817		10469
67		67		54		5		42		76		10		1694		12102
68		54		77		4		126		154		10		1216.6		7361
69		14		55		3		0		191		10		830.39		5304
70		37		28		5		0		212		10		2550.15		13149
71		61		27		3		0		192		10		1770		8404
72		39		3		5		0		187		10		1755.15		12550
73		44		34		6		43		67		10		2025.29		11461
74		56		5		5		159		181		10		1784.04		11064
75		50		44		4		0		202		10		1671.48		10559
76		21		79		5		0		173		10		2729.13		13522
77		67		49		3		58		84		10		1011.62		6950
78		7		71		2		110		142		10		837.84		5957
79		56		15		4		49		83		10		1370.99		8054
80		23		69		6		0		183		10		2243.73		11363
81		32		80		3		149		175		10		1195.16		9500
82		26		29		3		163		191		10		1679.89		9402
83		16		50		2		0		195		10		767.72		5340
84		70		23		5		0		183		10		1833.74		9556
85		17		73		6		72		98		10		2783.86		16218
86		16		36		2		6		32		10		735.8		4969
87		63		41		3		0		191		10		1451.73		7778
88		25		1		5		59		83		10		1756.56		12000
89		0		62		5		0		175		10		2331.94		11536
90		61		79		4		114		142		10		895.02		5759
91		50		55		2		0		195		10		910.06		4916
92		59		23		2		159		185		10		707.79		3264
93		48		48		4		87		111		10		1654.26		10688
94		36		9		5		102		128		10		1877.33		12090
95		56		39		3		159		181		10		1015.27		7264
96		53		50		6		0		196		10		2732.92		15963
97		42		31		3		0		211		10		840.08		6426
98		6		8		4		0		180		10		1837.94		9835
99		3		49		4		77		111		10		677.17		4968
100		39		48		5		0		206		10		2194.3		10734

ITEMS
Type		Length		Width		Height		Mass		Fragility	LoadBearingStrength
Bt1		30		13		10		451.63		0		3.0145013
Bt2		25		10		11		540.60		1		9.8927614
Bt3		12		12		10		316.09		0		13.7204601
Bt4		24		7		7		120.36		1		1.0120316
Bt5		29		6		11		439.70		0		6.4441728
Bt6		34		11		10		789.70		0		32.0130731
Bt7		25		9		6		268.09		0		20.9737628
Bt8		28		8		13		349.59		0		2.9822625
Bt9		24		14		8		393.94		0		4.5661704
Bt10		17		11		11		386.21		0		16.7981846

DEMANDS PER CUSTOMER
i	Type Quantity
1	Bt3 1	Bt5 3	Bt7 1	
2	Bt4 1	Bt5 1	Bt9 2	
3	Bt7 1	Bt8 2	Bt10 1	
4	Bt1 1	Bt2 1	Bt7 1	Bt10 1	
5	Bt2 1	Bt5 2	Bt7 1	
6	Bt2 1	Bt3 1	Bt9 1	Bt10 1	
7	Bt1 1	Bt3 1	Bt6 1	Bt7 1	
8	Bt1 3	Bt4 1	Bt5 1	
9	Bt2 1	Bt7 1	Bt9 1	
10	Bt8 1	Bt10 1	
11	Bt7 1	Bt8 1	Bt9 1	Bt10 1	
12	Bt1 1	Bt3 1	Bt9 1	
13	Bt2 1	Bt6 1	
14	Bt1 2	Bt2 1	Bt8 1	Bt9 1	Bt10 1	
15	Bt2 1	Bt6 2	Bt8 2	
16	Bt7 1	Bt9 2	
17	Bt1 1	Bt10 1	
18	Bt2 1	Bt3 1	Bt6 2	Bt7 1	Bt10 1	
19	Bt1 1	Bt4 1	Bt6 1	Bt8 1	
20	Bt2 1	Bt3 1	Bt5 1	Bt6 1	
21	Bt1 1	Bt6 1	
22	Bt1 1	Bt5 1	Bt8 1	Bt9 2	
23	Bt4 1	Bt5 1	Bt10 1	
24	Bt1 1	Bt3 1	Bt6 1	Bt9 1	Bt10 1	
25	Bt3 2	Bt9 1	Bt10 2	
26	Bt5 1	Bt6 1	Bt9 1	
27	Bt3 1	Bt6 1	Bt8 2	
28	Bt5 2	Bt10 1	
29	Bt1 1	Bt7 1	Bt9 1	Bt10 1	
30	Bt7 1	Bt8 1	Bt9 2	
31	Bt6 1	Bt8 1	Bt9 1	
32	Bt8 1	Bt9 1	
33	Bt4 1	Bt5 2	Bt7 1	Bt8 1	
34	Bt1 1	Bt2 2	Bt5 1	Bt9 1	
35	Bt1 2	Bt10 2	
36	Bt4 1	Bt8 2	Bt9 1	
37	Bt1 2	Bt4 1	Bt10 1	
38	Bt4 1	Bt7 1	Bt9 1	
39	Bt6 2	Bt7 1	Bt8 1	
40	Bt6 1	Bt9 1	
41	Bt3 1	Bt5 1	Bt6 2	Bt7 1	
42	Bt3 2	Bt7 1	Bt10 2	
43	Bt3 1	Bt4 1	Bt5 2	Bt8 1	Bt9 1	
44	Bt4 1	Bt5 2	Bt7 1	Bt10 1	
45	Bt2 1	Bt3 1	Bt4 1	Bt7 1	Bt8 1	Bt9 1	
46	Bt1 1	Bt6 1	Bt8 1	Bt10 1	
47	Bt1 1	Bt2 1	Bt9 1	Bt10 2	
48	Bt1 1	Bt4 1	Bt5 1	Bt6 1	
49	Bt2 2	Bt7 2	Bt8 1	Bt9 1	
50	Bt2 1	Bt6 2	Bt7 1	Bt9 1	
51	Bt2 2	Bt9 1	
52	Bt2 1	Bt5 1	Bt7 1	Bt8 1	
53	Bt1 1	Bt2 1	Bt6 1	
54	Bt5 1	Bt6 1	Bt7 1	Bt8 1	Bt10 1	
55	Bt2 1	Bt3 2	
56	Bt1 1	Bt4 1	Bt5 1	
57	Bt2 1	Bt3 1	Bt6 1	Bt7 1	Bt9 1	
58	Bt3 1	Bt4 1	Bt8 1	Bt9 1	Bt10 1	
59	Bt2 1	Bt3 1	Bt6 1	Bt7 1	
60	Bt1 1	Bt10 1	
61	Bt2 1	Bt5 1	Bt9 3	
62	Bt2 1	Bt6 1	Bt9 1	
63	Bt3 2	Bt4 1	Bt8 1	
64	Bt1 1	Bt5 1	Bt7 1	
65	Bt1 1	Bt3 1	Bt4 1	Bt7 1	Bt8 1	
66	Bt2 2	Bt8 1	Bt10 1	
67	Bt1 1	Bt4 1	Bt8 1	Bt10 2	
68	Bt3 1	Bt4 1	Bt9 1	Bt10 1	
69	Bt3 1	Bt4 1	Bt9 1	
70	Bt2 1	Bt5 1	Bt6 1	Bt9 1	Bt10 1	
71	Bt2 1	Bt5 1	Bt6 1	
72	Bt7 1	Bt8 2	Bt9 2	
73	Bt2 1	Bt3 1	Bt4 1	Bt7 1	Bt9 1	Bt10 1	
74	Bt7 1	Bt8 1	Bt9 1	Bt10 2	
75	Bt1 1	Bt5 1	Bt9 1	Bt10 1	
76	Bt3 1	Bt5 1	Bt6 2	Bt9 1	
77	Bt7 1	Bt8 1	Bt9 1	
78	Bt1 1	Bt10 1	
79	Bt2 1	Bt3 1	Bt4 1	Bt9 1	
80	Bt3 1	Bt5 2	Bt7 1	Bt9 1	Bt10 1	
81	Bt1 1	Bt8 1	Bt9 1	
82	Bt2 1	Bt6 1	Bt8 1	
83	Bt1 1	Bt3 1	
84	Bt2 2	Bt3 2	Bt4 1	
85	Bt2 1	Bt3 1	Bt6 1	Bt8 1	Bt9 2	
86	Bt8 1	Bt10 1	
87	Bt6 1	Bt7 1	Bt9 1	
88	Bt5 1	Bt7 1	Bt8 3	
89	Bt3 2	Bt4 1	Bt6 2	
90	Bt4 2	Bt7 1	Bt10 1	
91	Bt4 1	Bt6 1	
92	Bt5 1	Bt7 1	
93	Bt1 1	Bt2 1	Bt7 1	Bt9 1	
94	Bt4 1	Bt6 1	Bt7 1	Bt8 2	
95	Bt3 1	Bt8 2	
96	Bt1 1	Bt3 1	Bt5 1	Bt6 1	Bt8 1	Bt10 1	
97	Bt1 1	Bt4 1	Bt7 1	
98	Bt6 1	Bt7 1	Bt9 1	Bt10 1	
99	Bt3 1	Bt4 3	
100	Bt3 2	Bt6 1	Bt10 2	