Name				519_n100_m400_bt10
Number_of_Customers		100
Number_of_Items			400
Number_of_ItemTypes		10
Number_of_Vehicles		62
TimeWindows			1

VEHICLE
Mass_Capacity			12595
CargoSpace_Length		60
CargoSpace_Width		25
CargoSpace_Height		30
Wheelbase			48
Max_Mass_FrontAxle		7100
Max_Mass_RearAxle		11500
Distance_FrontAxle_CargoSpace	4

CUSTOMERS
i		x		y		Demand		ReadyTime	DueDate		ServiceTime	DemandedMass	DemandedVolume
0		35		35		0		0		230		0		0		0
1		65		3		5		37		57		10		2598.62		17533
2		41		38		4		0		213		10		1976.2		10676
3		23		59		6		0		193		10		2470.76		15496
4		60		34		2		0		194		10		1343.95		8099
5		39		71		5		0		183		10		1704.47		11011
6		12		64		5		0		182		10		2342.21		16069
7		38		53		4		1		37		10		2642.55		16324
8		12		3		5		56		80		10		1489.81		10069
9		36		28		5		0		24		10		2972.26		18626
10		32		16		3		0		200		10		747.48		5652
11		62		18		4		118		152		10		2375.96		15785
12		29		70		4		107		141		10		1422.15		11259
13		7		42		2		0		191		10		585.66		4420
14		44		70		3		0		183		10		1756.55		11649
15		48		44		5		11		43		10		1916.15		12951
16		56		44		3		0		197		10		1548.01		9756
17		16		41		5		105		131		10		2345.35		16116
18		38		64		5		0		190		10		2592.64		15515
19		19		42		5		90		110		10		2364.04		15697
20		7		24		2		0		189		10		779.58		4700
21		21		35		6		0		206		10		2557.56		17465
22		10		78		3		0		170		10		1121.95		6638
23		31		64		3		0		190		10		1000.7		6968
24		24		12		4		112		134		10		2038.59		11637
25		13		29		4		33		55		10		1763.01		12975
26		62		43		3		0		191		10		1574.76		9539
27		53		22		4		59		87		10		1794.81		11539
28		61		4		2		0		179		10		1085.06		5478
29		67		40		3		175		199		10		2001.41		13134
30		69		30		5		0		185		10		1512.28		13045
31		20		28		3		144		178		10		1097.19		8109
32		15		53		6		143		169		10		1990.05		14019
33		34		7		4		103		123		10		2099.9		14751
34		49		54		5		36		60		10		1816.73		12909
35		7		69		6		0		175		10		2722.17		16106
36		1		74		3		0		168		10		1886.43		12474
37		63		79		6		143		169		10		3616.33		21068
38		66		34		4		119		149		10		2318.47		15455
39		45		9		2		0		192		10		1044.63		5759
40		66		51		6		52		80		10		2186.06		14769
41		14		44		2		0		197		10		866.38		6669
42		2		77		4		117		139		10		2993.38		16976
43		53		31		5		0		201		10		3237.03		19921
44		53		38		5		75		111		10		2046.22		16610
45		42		65		4		0		189		10		2325.78		15807
46		44		47		4		122		144		10		1569.93		11126
47		68		66		4		0		174		10		1531.71		8568
48		2		45		6		69		107		10		2921.02		18827
49		23		39		5		22		46		10		2242.79		16027
50		20		61		2		25		63		10		373.98		2480
51		35		71		5		31		61		10		2819.5		17735
52		32		11		4		25		57		10		1316.71		9810
53		60		29		2		12		42		10		855.09		6930
54		18		14		6		0		192		10		2446.28		16731
55		5		66		4		0		176		10		2318.47		15455
56		0		21		2		0		182		10		1171.86		7447
57		50		12		4		64		92		10		2256.53		15359
58		56		39		4		0		198		10		1174.02		8078
59		44		4		5		0		187		10		2826.43		16847
60		5		72		3		0		172		10		1281.42		9217
61		8		39		6		139		175		10		2667.26		17156
62		70		45		3		111		145		10		1264.64		8370
63		62		26		4		0		191		10		2180.44		14938
64		28		35		5		28		64		10		1744.06		12299
65		8		48		3		0		190		10		1935.29		11649
66		5		14		3		0		183		10		1460.37		9356
67		61		50		3		26		54		10		1065.44		7472
68		32		67		4		136		174		10		2096.78		13016
69		66		69		6		0		173		10		3651.13		23815
70		56		47		4		55		83		10		1966.9		12191
71		9		5		4		60		100		10		2078.18		12925
72		41		10		5		141		173		10		1886.56		11548
73		40		34		3		119		141		10		1315.87		6918
74		45		35		6		0		210		10		3217.76		20345
75		67		12		4		0		180		10		1280.3		7958
76		14		57		2		79		97		10		1069.21		7868
77		0		67		5		0		172		10		3066.44		19613
78		23		78		2		0		175		10		906.32		5478
79		14		73		2		0		176		10		1649.43		8877
80		68		25		3		0		185		10		1814.04		11979
81		58		20		4		41		73		10		2572.81		14966
82		32		22		4		101		129		10		1624.98		12458
83		40		16		4		0		200		10		1470.64		11180
84		21		64		2		0		187		10		912.58		7260
85		55		59		4		66		90		10		1941.75		12975
86		9		52		2		84		106		10		654.7		4729
87		33		50		5		0		204		10		3741.35		21134
88		43		29		3		191		219		10		922.75		5740
89		34		56		3		187		211		10		1605.5		10086
90		33		60		2		0		194		10		1011.72		7538
91		19		21		3		81		111		10		908.81		6864
92		39		21		6		106		130		10		3410.84		21285
93		33		74		5		123		147		10		1763.9		13794
94		48		39		6		0		206		10		3065.11		18215
95		51		17		3		0		195		10		1574.76		9539
96		3		69		5		0		173		10		2382.64		15788
97		27		60		4		0		193		10		2515.32		14636
98		27		2		6		0		186		10		2585.19		15068
99		45		64		6		0		189		10		2805.83		18028
100		70		1		2		91		115		10		1528.18		9207

ITEMS
Type		Length		Width		Height		Mass		Fragility	LoadBearingStrength
Bt1		20		9		8		230.81		0		39.0448005
Bt2		27		11		14		747.97		0		68.4548343
Bt3		27		11		14		569.23		0		9.5756488
Bt4		20		13		13		442.49		0		12.6028690
Bt5		22		5		12		337.09		0		21.9647172
Bt6		23		13		11		423.89		1		2.3161779
Bt7		21		12		11		285.86		0		50.9735494
Bt8		34		12		11		626.72		1		2.0955774
Bt9		33		11		13		901.46		0		8.4976576
Bt10		13		8		10		143.17		0		7.9828193

DEMANDS PER CUSTOMER
i	Type Quantity
1	Bt1 1	Bt2 1	Bt3 1	Bt6 1	Bt8 1	
2	Bt2 2	Bt5 1	Bt10 1	
3	Bt1 1	Bt2 1	Bt3 1	Bt4 1	Bt5 1	Bt10 1	
4	Bt4 1	Bt9 1	
5	Bt1 1	Bt7 1	Bt9 1	Bt10 2	
6	Bt3 1	Bt4 1	Bt7 1	Bt9 1	Bt10 1	
7	Bt2 1	Bt3 1	Bt6 1	Bt9 1	
8	Bt4 1	Bt5 1	Bt6 1	Bt10 2	
9	Bt2 3	Bt4 1	Bt7 1	
10	Bt1 2	Bt7 1	
11	Bt6 2	Bt8 1	Bt9 1	
12	Bt3 1	Bt6 1	Bt7 1	Bt10 1	
13	Bt4 1	Bt10 1	
14	Bt3 1	Bt7 1	Bt9 1	
15	Bt4 1	Bt7 1	Bt9 1	Bt10 2	
16	Bt1 1	Bt2 1	Bt3 1	
17	Bt2 1	Bt3 1	Bt4 2	Bt10 1	
18	Bt1 1	Bt2 1	Bt3 1	Bt9 1	Bt10 1	
19	Bt2 1	Bt3 1	Bt5 1	Bt6 1	Bt7 1	
20	Bt4 1	Bt5 1	
21	Bt1 1	Bt2 1	Bt3 1	Bt4 1	Bt6 1	Bt10 1	
22	Bt1 1	Bt2 1	Bt10 1	
23	Bt1 1	Bt8 1	Bt10 1	
24	Bt1 1	Bt3 1	Bt5 1	Bt9 1	
25	Bt3 1	Bt6 1	Bt8 1	Bt10 1	
26	Bt1 1	Bt4 1	Bt9 1	
27	Bt2 1	Bt5 1	Bt6 1	Bt7 1	
28	Bt2 1	Bt5 1	
29	Bt2 1	Bt8 2	
30	Bt1 1	Bt6 1	Bt7 3	
31	Bt1 1	Bt4 1	Bt6 1	
32	Bt1 1	Bt3 1	Bt5 1	Bt6 1	Bt7 1	Bt10 1	
33	Bt7 2	Bt8 1	Bt9 1	
34	Bt5 1	Bt6 1	Bt7 1	Bt8 1	Bt10 1	
35	Bt1 1	Bt2 1	Bt4 1	Bt5 2	Bt8 1	
36	Bt2 1	Bt3 2	
37	Bt2 1	Bt4 1	Bt5 1	Bt7 1	Bt9 2	
38	Bt3 1	Bt6 2	Bt9 1	
39	Bt9 1	Bt10 1	
40	Bt3 1	Bt7 1	Bt9 1	Bt10 3	
41	Bt4 1	Bt6 1	
42	Bt2 1	Bt4 1	Bt9 2	
43	Bt2 3	Bt3 1	Bt6 1	
44	Bt6 2	Bt7 2	Bt8 1	
45	Bt3 2	Bt7 1	Bt9 1	
46	Bt1 1	Bt3 1	Bt8 1	Bt10 1	
47	Bt1 1	Bt5 2	Bt8 1	
48	Bt5 1	Bt7 1	Bt8 2	Bt9 1	Bt10 1	
49	Bt3 1	Bt5 1	Bt6 1	Bt7 1	Bt8 1	
50	Bt1 1	Bt10 1	
51	Bt3 2	Bt4 1	Bt5 1	Bt9 1	
52	Bt1 2	Bt3 1	Bt7 1	
53	Bt3 1	Bt7 1	
54	Bt1 1	Bt4 2	Bt7 1	Bt9 1	Bt10 1	
55	Bt3 1	Bt6 2	Bt9 1	
56	Bt2 1	Bt6 1	
57	Bt4 1	Bt7 1	Bt8 1	Bt9 1	
58	Bt1 2	Bt3 1	Bt10 1	
59	Bt2 2	Bt7 1	Bt9 1	Bt10 1	
60	Bt1 1	Bt6 1	Bt8 1	
61	Bt2 2	Bt4 2	Bt10 2	
62	Bt1 1	Bt2 1	Bt7 1	
63	Bt3 1	Bt6 1	Bt7 1	Bt9 1	
64	Bt2 1	Bt6 1	Bt7 1	Bt10 2	
65	Bt2 1	Bt7 1	Bt9 1	
66	Bt2 1	Bt3 1	Bt10 1	
67	Bt4 1	Bt5 1	Bt7 1	
68	Bt2 1	Bt3 1	Bt4 1	Bt5 1	
69	Bt3 2	Bt6 1	Bt7 1	Bt9 2	
70	Bt4 1	Bt5 1	Bt7 1	Bt9 1	
71	Bt2 1	Bt3 1	Bt5 1	Bt6 1	
72	Bt4 1	Bt5 2	Bt8 1	Bt10 1	
73	Bt1 1	Bt2 1	Bt5 1	
74	Bt6 3	Bt9 2	Bt10 1	
75	Bt1 1	Bt3 1	Bt5 1	Bt10 1	
76	Bt4 1	Bt8 1	
77	Bt2 1	Bt3 1	Bt6 2	Bt9 1	
78	Bt3 1	Bt5 1	
79	Bt2 1	Bt9 1	
80	Bt7 1	Bt8 1	Bt9 1	
81	Bt8 1	Bt9 2	Bt10 1	
82	Bt3 1	Bt7 1	Bt8 1	Bt10 1	
83	Bt4 3	Bt10 1	
84	Bt7 1	Bt8 1	
85	Bt2 1	Bt6 1	Bt8 1	Bt10 1	
86	Bt1 1	Bt6 1	
87	Bt2 2	Bt4 1	Bt9 2	
88	Bt4 1	Bt5 1	Bt10 1	
89	Bt1 1	Bt2 1	Bt8 1	
90	Bt3 1	Bt4 1	
91	Bt5 1	Bt7 2	
92	Bt2 1	Bt3 2	Bt5 1	Bt7 1	Bt9 1	
93	Bt3 1	Bt5 1	Bt7 3	
94	Bt1 1	Bt2 1	Bt5 1	Bt6 2	Bt9 1	
95	Bt1 1	Bt4 1	Bt9 1	
96	Bt2 1	Bt3 1	Bt4 1	Bt5 1	Bt7 1	
97	Bt3 1	Bt9 2	Bt10 1	
98	Bt4 1	Bt5 2	Bt6 1	Bt9 1	Bt10 1	
99	Bt1 1	Bt5 1	Bt6 1	Bt7 1	Bt8 1	Bt9 1	
100	Bt8 1	Bt9 1	