Name				520_n100_m400_bt10
Number_of_Customers		100
Number_of_Items			400
Number_of_ItemTypes		10
Number_of_Vehicles		46
TimeWindows			1

VEHICLE
Mass_Capacity			12595
CargoSpace_Length		60
CargoSpace_Width		25
CargoSpace_Height		30
Wheelbase			48
Max_Mass_FrontAxle		7100
Max_Mass_RearAxle		11500
Distance_FrontAxle_CargoSpace	4

CUSTOMERS
i		x		y		Demand		ReadyTime	DueDate		ServiceTime	DemandedMass	DemandedVolume
0		35		35		0		0		230		0		0		0
1		37		59		2		0		195		10		1057.69		3367
2		18		54		4		0		194		10		1337.46		5175
3		45		50		3		52		80		10		1249.32		4517
4		68		19		2		0		183		10		877.66		4907
5		35		11		5		37		69		10		2225.27		9462
6		60		51		4		53		81		10		2626.59		8765
7		20		32		2		123		149		10		969.45		4380
8		41		4		6		96		126		10		3141.48		11131
9		0		25		5		161		197		10		2187.27		10583
10		0		64		6		0		174		10		2261.23		9693
11		65		30		2		67		99		10		925.85		2695
12		10		78		6		0		170		10		2617.94		9736
13		11		19		2		0		191		10		1045.84		3572
14		62		17		5		0		187		10		2438.85		8556
15		27		60		4		112		144		10		2111.7		8124
16		45		3		3		0		186		10		1777.81		6011
17		60		70		3		113		143		10		1271.88		5647
18		46		28		4		0		206		10		1438.91		8179
19		63		63		6		168		188		10		2306.2		11784
20		51		21		4		141		179		10		1635		7204
21		45		35		5		102		134		10		2140.16		8936
22		43		29		3		0		210		10		1271.88		5647
23		24		40		5		185		225		10		2650.74		9890
24		48		45		4		176		208		10		1856.35		5980
25		39		1		3		0		185		10		1547.81		6481
26		52		79		4		75		101		10		1330.73		6408
27		34		39		4		177		205		10		1999.12		7058
28		2		80		2		0		164		10		1056.99		4727
29		30		4		3		0		188		10		775.88		5372
30		8		40		2		0		192		10		445.91		2985
31		7		32		3		167		201		10		1013.99		3353
32		21		17		3		16		46		10		1704.18		6040
33		7		37		6		0		191		10		2383.03		10796
34		68		36		2		0		186		10		1098.92		4114
35		14		38		5		0		198		10		2052.36		9769
36		26		50		4		0		202		10		1706		7417
37		61		11		4		75		111		10		2004.25		7217
38		46		54		4		55		85		10		1311.43		7053
39		64		56		4		0		184		10		1311.43		7053
40		22		14		5		0		195		10		2421.87		8602
41		29		72		5		0		182		10		2818.74		10173
42		40		58		5		0		196		10		2929.35		9432
43		41		14		6		0		198		10		3003.27		13407
44		29		24		6		0		207		10		2179.71		10342
45		30		35		5		0		215		10		2366.27		11003
46		51		15		4		0		194		10		2082.34		6215
47		39		44		2		0		210		10		780.63		4291
48		61		78		3		44		76		10		1240.78		6464
49		29		29		5		0		211		10		1914.61		8521
50		14		15		2		0		191		10		879.43		4444
51		59		44		5		0		194		10		2064.76		9428
52		36		6		4		170		198		10		1983.54		6062
53		13		33		3		0		197		10		1069		5013
54		64		1		4		0		175		10		1996.7		8848
55		24		30		6		141		167		10		2794.05		8470
56		20		35		2		0		205		10		1095.38		5040
57		53		56		5		0		192		10		2761.17		10767
58		8		67		2		0		178		10		752.94		3002
59		42		39		6		26		50		10		2292.31		12220
60		25		8		5		116		150		10		2652.51		9427
61		33		43		3		41		65		10		1548.94		4723
62		8		48		6		47		77		10		2383.03		10796
63		41		11		4		66		98		10		1572.52		8388
64		27		67		3		162		190		10		1107.95		6108
65		22		78		2		158		188		10		810.51		2408
66		13		29		4		173		201		10		1574.64		6314
67		33		6		6		0		190		10		2595.4		11699
68		34		59		3		139		163		10		1473.54		5215
69		61		66		3		78		98		10		1705.95		5577
70		1		16		3		0		181		10		1099.45		5523
71		36		69		4		103		133		10		1337.46		5175
72		17		12		4		0		190		10		1714.98		7571
73		55		76		3		55		91		10		764.73		4217
74		16		77		2		149		177		10		826.57		2973
75		32		49		5		0		205		10		2032.67		10561
76		7		11		2		84		114		10		769.48		3136
77		34		56		6		110		134		10		2405.43		10275
78		44		22		3		0		204		10		993.6		5505
79		0		52		5		0		181		10		1527.05		8837
80		30		10		6		101		123		10		2182.47		9563
81		60		8		3		99		123		10		1479.96		5342
82		49		66		6		83		121		10		2553.69		11383
83		70		62		2		57		81		10		659.94		4774
84		69		42		5		89		119		10		2030.17		7879
85		31		60		5		68		100		10		2646.09		9300
86		2		12		5		0		179		10		1608.79		7259
87		54		47		6		0		197		10		1948.81		10697
88		63		51		2		0		187		10		1170.78		4548
89		58		55		4		97		141		10		891.82		5970
90		51		38		4		0		203		10		1837.73		7669
91		33		64		6		0		190		10		2122.51		11854
92		52		69		5		0		181		10		2817.39		11182
93		55		60		2		164		194		10		791.89		4097
94		44		16		6		0		198		10		3533.62		11674
95		0		71		5		106		134		10		2276.58		10467
96		11		59		4		165		193		10		1805.28		7139
97		20		28		5		158		180		10		2397.82		9284
98		54		18		2		79		109		10		533.45		3332
99		8		23		4		0		190		10		1805.28		7139
100		33		79		4		0		175		10		1464.65		5257

ITEMS
Type		Length		Width		Height		Mass		Fragility	LoadBearingStrength
Bt1		17		14		8		450.66		0		23.8160691
Bt2		31		11		7		329.97		0		11.2250874
Bt3		34		5		12		242.43		1		5.5748361
Bt4		17		11		11		549.46		0		36.8371878
Bt5		26		13		6		623.09		0		10.4402338
Bt6		14		11		8		318.82		0		7.9943184
Bt7		21		5		9		203.48		0		14.1128976
Bt8		21		12		10		547.69		0		6.8352622
Bt9		30		6		13		727.02		1		3.8990972
Bt10		19		7		11		607.03		0		76.5933365

DEMANDS PER CUSTOMER
i	Type Quantity
1	Bt1 1	Bt10 1	
2	Bt7 3	Bt9 1	
3	Bt6 1	Bt7 1	Bt9 1	
4	Bt2 1	Bt8 1	
5	Bt2 1	Bt3 1	Bt6 1	Bt9 1	Bt10 1	
6	Bt4 1	Bt5 1	Bt9 2	
7	Bt3 1	Bt9 1	
8	Bt3 1	Bt5 2	Bt6 1	Bt9 1	Bt10 1	
9	Bt3 2	Bt8 2	Bt10 1	
10	Bt1 1	Bt3 1	Bt6 2	Bt7 1	Bt9 1	
11	Bt6 1	Bt10 1	
12	Bt3 1	Bt5 2	Bt6 1	Bt7 1	Bt10 1	
13	Bt6 1	Bt9 1	
14	Bt1 2	Bt7 1	Bt9 1	Bt10 1	
15	Bt3 1	Bt5 3	
16	Bt5 1	Bt8 1	Bt10 1	
17	Bt2 1	Bt5 1	Bt6 1	
18	Bt2 1	Bt3 1	Bt6 1	Bt8 1	
19	Bt2 1	Bt3 2	Bt4 1	Bt5 1	Bt6 1	
20	Bt1 1	Bt3 1	Bt5 1	Bt6 1	
21	Bt2 1	Bt4 1	Bt5 1	Bt6 2	
22	Bt2 1	Bt5 1	Bt6 1	
23	Bt4 1	Bt5 1	Bt7 1	Bt8 1	Bt9 1	
24	Bt6 1	Bt7 1	Bt9 1	Bt10 1	
25	Bt1 1	Bt4 1	Bt8 1	
26	Bt1 1	Bt3 1	Bt6 2	
27	Bt4 1	Bt5 2	Bt7 1	
28	Bt2 1	Bt9 1	
29	Bt2 1	Bt3 1	Bt7 1	
30	Bt3 1	Bt7 1	
31	Bt7 2	Bt10 1	
32	Bt4 1	Bt8 1	Bt10 1	
33	Bt1 1	Bt2 1	Bt3 1	Bt4 1	Bt7 1	Bt10 1	
34	Bt4 2	
35	Bt2 1	Bt3 1	Bt4 1	Bt7 1	Bt9 1	
36	Bt2 1	Bt4 1	Bt5 1	Bt7 1	
37	Bt1 1	Bt5 1	Bt7 1	Bt9 1	
38	Bt3 2	Bt5 1	Bt7 1	
39	Bt3 2	Bt5 1	Bt7 1	
40	Bt4 1	Bt5 1	Bt6 1	Bt7 1	Bt9 1	
41	Bt2 1	Bt8 1	Bt9 1	Bt10 2	
42	Bt4 1	Bt6 1	Bt9 2	Bt10 1	
43	Bt2 2	Bt4 1	Bt5 2	Bt8 1	
44	Bt3 2	Bt4 1	Bt5 1	Bt6 1	Bt7 1	
45	Bt2 1	Bt3 1	Bt5 2	Bt8 1	
46	Bt4 1	Bt6 1	Bt10 2	
47	Bt1 1	Bt2 1	
48	Bt1 1	Bt3 1	Bt8 1	
49	Bt1 1	Bt2 1	Bt7 2	Bt9 1	
50	Bt2 1	Bt4 1	
51	Bt2 1	Bt4 1	Bt6 2	Bt8 1	
52	Bt1 1	Bt6 1	Bt10 2	
53	Bt3 1	Bt5 1	Bt7 1	
54	Bt1 2	Bt8 2	
55	Bt1 1	Bt6 1	Bt7 1	Bt10 3	
56	Bt8 2	
57	Bt2 1	Bt4 1	Bt8 1	Bt9 1	Bt10 1	
58	Bt4 1	Bt7 1	
59	Bt2 3	Bt4 2	Bt7 1	
60	Bt4 2	Bt5 1	Bt7 1	Bt9 1	
61	Bt5 1	Bt6 1	Bt10 1	
62	Bt1 1	Bt2 1	Bt3 1	Bt4 1	Bt7 1	Bt10 1	
63	Bt1 1	Bt2 1	Bt3 1	Bt4 1	
64	Bt3 2	Bt5 1	
65	Bt7 1	Bt10 1	
66	Bt2 1	Bt6 2	Bt10 1	
67	Bt2 1	Bt3 1	Bt4 1	Bt6 1	Bt8 1	Bt10 1	
68	Bt6 1	Bt8 1	Bt10 1	
69	Bt4 2	Bt10 1	
70	Bt1 1	Bt2 1	Bt6 1	
71	Bt7 3	Bt9 1	
72	Bt3 2	Bt5 1	Bt10 1	
73	Bt3 1	Bt6 1	Bt7 1	
74	Bt5 1	Bt7 1	
75	Bt1 1	Bt3 2	Bt4 1	Bt8 1	
76	Bt1 1	Bt6 1	
77	Bt1 2	Bt4 1	Bt7 2	Bt8 1	
78	Bt3 1	Bt7 1	Bt8 1	
79	Bt2 1	Bt3 1	Bt7 2	Bt8 1	
80	Bt3 1	Bt4 2	Bt6 2	Bt7 1	
81	Bt4 1	Bt7 1	Bt9 1	
82	Bt2 1	Bt3 1	Bt5 1	Bt7 1	Bt8 1	Bt10 1	
83	Bt2 2	
84	Bt1 1	Bt4 1	Bt5 1	Bt7 2	
85	Bt4 1	Bt5 1	Bt6 1	Bt8 1	Bt10 1	
86	Bt1 1	Bt7 3	Bt8 1	
87	Bt2 1	Bt3 2	Bt7 2	Bt9 1	
88	Bt5 1	Bt8 1	
89	Bt3 2	Bt7 2	
90	Bt3 1	Bt4 1	Bt6 1	Bt9 1	
91	Bt1 2	Bt2 2	Bt3 1	Bt6 1	
92	Bt4 2	Bt5 1	Bt8 2	
93	Bt3 1	Bt4 1	
94	Bt3 1	Bt5 1	Bt9 2	Bt10 2	
95	Bt2 1	Bt3 1	Bt4 1	Bt8 1	Bt10 1	
96	Bt2 1	Bt4 1	Bt6 1	Bt10 1	
97	Bt1 3	Bt6 1	Bt9 1	
98	Bt2 1	Bt7 1	
99	Bt2 1	Bt4 1	Bt6 1	Bt10 1	
100	Bt1 1	Bt7 2	Bt10 1	