Name				523_n100_m400_bt100
Number_of_Customers		100
Number_of_Items			400
Number_of_ItemTypes		100
Number_of_Vehicles		55
TimeWindows			1

VEHICLE
Mass_Capacity			12595
CargoSpace_Length		60
CargoSpace_Width		25
CargoSpace_Height		30
Wheelbase			48
Max_Mass_FrontAxle		7100
Max_Mass_RearAxle		11500
Distance_FrontAxle_CargoSpace	4

CUSTOMERS
i		x		y		Demand		ReadyTime	DueDate		ServiceTime	DemandedMass	DemandedVolume
0		35		35		0		0		230		0		0		0
1		11		70		2		0		177		10		508.99		4077
2		11		25		2		0		194		10		1281.33		6768
3		35		77		4		0		178		10		1673.83		8664
4		63		56		3		42		70		10		1637.44		10920
5		26		65		2		0		188		10		495.85		4798
6		23		18		6		0		199		10		2564.75		10951
7		65		59		3		0		181		10		831.41		4728
8		0		23		2		80		110		10		419.11		2940
9		43		42		5		0		209		10		2003.76		13013
10		16		67		2		0		182		10		1196.61		7280
11		62		68		6		0		177		10		2609.79		13338
12		46		22		3		0		202		10		1469.46		9957
13		19		62		3		0		188		10		1545.1		4984
14		1		42		4		162		182		10		2735.87		11996
15		8		64		6		0		180		10		3988.48		18639
16		67		55		3		0		182		10		709.94		5427
17		68		70		4		81		105		10		1736.1		9035
18		1		29		2		0		185		10		532.61		3580
19		0		26		6		52		84		10		1985.43		11141
20		29		8		3		0		192		10		1252.14		5202
21		61		3		3		0		178		10		1927.22		7548
22		35		3		4		0		188		10		1580.12		7124
23		37		28		3		0		212		10		2719.64		7710
24		6		46		4		0		188		10		2043.21		9411
25		59		22		5		129		157		10		1663.39		6706
26		49		61		3		43		73		10		1344.84		11072
27		20		34		6		0		204		10		2031.86		11301
28		66		10		4		0		180		10		1118.44		8150
29		32		14		6		0		198		10		2741.28		17385
30		58		47		2		0		194		10		1348.71		3765
31		68		52		4		0		182		10		1477.86		9534
32		8		67		4		0		178		10		2542.34		9862
33		42		37		5		0		212		10		5056.29		13160
34		70		73		3		86		116		10		815.05		6462
35		55		80		6		0		170		10		2562.72		13168
36		29		77		4		0		177		10		1243.92		6087
37		52		30		5		0		202		10		1996.51		9688
38		64		16		4		128		164		10		3947.82		10914
39		1		20		4		133		159		10		803.77		5990
40		38		48		5		0		206		10		1869.05		10755
41		46		66		2		0		187		10		2127.4		3576
42		45		33		3		0		209		10		778.24		5448
43		51		7		2		0		187		10		2280.62		4290
44		70		45		5		0		183		10		2355.19		13858
45		11		74		2		0		174		10		775.45		3650
46		23		1		6		0		183		10		2312.53		14318
47		44		54		5		0		198		10		2016.95		12549
48		36		71		4		0		183		10		1522.67		8120
49		13		19		3		0		192		10		1255.73		8494
50		48		73		4		0		179		10		3999.94		14089
51		22		39		6		0		206		10		1977.32		12908
52		10		32		5		0		194		10		2731.37		14997
53		20		13		3		72		98		10		1453.23		5715
54		0		14		3		89		119		10		778.88		5379
55		38		39		3		0		215		10		1471.99		8062
56		55		9		5		0		187		10		2340.11		8464
57		28		39		4		126		156		10		1009.27		7012
58		30		26		2		31		59		10		3840.12		4816
59		7		58		5		0		183		10		1204.95		9307
60		22		42		4		0		205		10		3570.33		16974
61		45		2		6		0		185		10		2954.09		12097
62		36		13		3		0		197		10		882.68		4970
63		25		79		4		0		174		10		3738.89		14274
64		42		80		3		75		101		10		2253.7		6018
65		35		63		3		132		170		10		1312.5		5784
66		32		48		5		0		206		10		1994.06		8979
67		4		77		3		92		122		10		1830.89		10336
68		52		17		6		0		195		10		4772.73		12220
69		4		25		4		41		77		10		2293.31		10483
70		40		16		5		0		200		10		2845.46		17496
71		10		46		4		0		192		10		1893.07		10592
72		16		79		6		0		172		10		2823.41		17067
73		20		59		4		0		191		10		1893.01		11537
74		14		0		4		0		179		10		1469.73		9972
75		0		17		6		0		180		10		1674.56		10812
76		39		64		2		0		190		10		1011.54		5948
77		8		40		4		0		192		10		2439.35		11861
78		52		1		4		72		108		10		1638.63		12922
79		10		37		4		0		194		10		2071.23		12135
80		22		52		3		0		198		10		1936.32		5535
81		45		29		5		0		208		10		1929.22		9775
82		26		19		2		0		201		10		419.68		3924
83		10		18		5		0		189		10		2052.77		11104
84		62		32		5		0		192		10		1818.24		9569
85		63		46		2		0		189		10		754.36		4038
86		3		16		4		0		182		10		2721.17		12806
87		18		19		3		0		196		10		928.46		6279
88		69		10		3		122		156		10		1081.67		6045
89		14		36		6		0		198		10		1796		11722
90		25		56		6		158		186		10		4308.87		20666
91		39		51		4		0		203		10		4201.1		8487
92		6		28		5		75		109		10		1921.57		12740
93		59		17		3		86		114		10		697.13		4526
94		55		2		6		155		179		10		5801.88		15391
95		20		45		3		0		201		10		1755.53		9118
96		31		23		6		0		207		10		2955.46		13367
97		12		67		3		0		180		10		1173.75		8360
98		52		79		6		146		176		10		3747.79		17440
99		9		53		3		0		188		10		820.92		3204
100		0		59		6		0		177		10		1826.37		10547

ITEMS
Type		Length		Width		Height		Mass		Fragility	LoadBearingStrength
Bt1		32		8		10		286.22		0		5.0447205
Bt2		32		10		12		520.43		1		2.9294981
Bt3		19		12		8		201.09		0		38.3113193
Bt4		16		12		13		448.26		0		25.5584757
Bt5		16		6		11		524.04		0		69.3357658
Bt6		29		6		9		173.30		0		16.9785992
Bt7		22		9		11		399.38		0		30.4056238
Bt8		27		6		10		208.40		0		3.2584454
Bt9		15		12		11		732.37		0		27.3506883
Bt10		27		13		6		225.64		1		9.9469883
Bt11		32		9		9		367.45		0		41.1292573
Bt12		15		7		14		291.37		0		16.2328067
Bt13		18		11		10		452.05		0		21.0595490
Bt14		12		9		7		92.88		0		20.7682121
Bt15		23		13		14		800.59		0		27.7791587
Bt16		20		5		9		123.64		0		11.4123416
Bt17		12		10		13		219.82		0		13.9574310
Bt18		24		13		13		515.92		1		3.0021806
Bt19		30		11		10		2103.02		0		26.9079344
Bt20		25		14		11		726.92		0		14.4494257
Bt21		28		7		13		672.67		0		27.3785650
Bt22		31		12		14		1061.51		0		6.9132118
Bt23		25		11		10		313.97		0		3.0510478
Bt24		13		12		8		173.24		0		5.1179434
Bt25		21		9		9		245.49		0		14.3628047
Bt26		27		10		8		238.95		0		7.1437573
Bt27		35		9		12		589.42		0		9.2145537
Bt28		18		13		10		295		0		8.7855525
Bt29		22		9		12		263.50		0		20.9986033
Bt30		22		12		7		239.12		0		6.2601290
Bt31		27		9		7		297.69		1		3.0800770
Bt32		20		9		12		390.91		0		10.7464677
Bt33		34		12		12		563.72		0		11.0719906
Bt34		28		11		12		1076.91		0		26.8959435
Bt35		12		10		8		175.20		1		6.8301724
Bt36		25		13		10		486.78		1		2.3127400
Bt37		23		10		7		213.34		0		15.5956955
Bt38		27		10		13		492.98		0		24.1092071
Bt39		18		8		13		278.04		0		4.3619091
Bt40		13		5		14		159.97		0		16.2319610
Bt41		27		12		6		250.51		0		15.2832058
Bt42		15		10		11		206.25		0		14.2428899
Bt43		22		13		12		624.03		0		29.3748501
Bt44		19		7		10		154.99		0		10.2857861
Bt45		23		7		7		437.64		0		97.9440731
Bt46		19		5		8		121.88		0		34.2958454
Bt47		21		5		10		177.11		0		9.6405899
Bt48		23		11		6		198.29		0		41.9779608
Bt49		13		12		14		656.39		0		20.3997724
Bt50		12		6		12		93.12		1		4.6596319
Bt51		29		9		11		292.23		0		9.3268218
Bt52		18		11		8		314.05		0		14.9523887
Bt53		28		7		8		272.81		0		65.0362304
Bt54		26		14		6		402.24		0		15.2774067
Bt55		26		11		12		460.40		1		7.5553312
Bt56		34		14		12		822.03		0		9.6012811
Bt57		15		8		14		349.77		0		11.3768294
Bt58		35		12		7		521.93		0		37.4392856
Bt59		21		13		6		332.41		1		4.6239798
Bt60		19		14		11		294.34		1		1.8111390
Bt61		13		5		7		46.74		0		30.9893478
Bt62		19		7		12		214.14		0		10.9100119
Bt63		23		5		6		112.02		1		3.0778950
Bt64		34		5		12		562.11		0		34.6900957
Bt65		33		10		13		1386.41		0		26.1907107
Bt66		27		7		7		555.07		1		9.8981325
Bt67		24		7		8		204.97		0		68.6514594
Bt68		33		6		11		315.27		0		63.8969367
Bt69		21		12		7		180.73		1		7.6866589
Bt70		23		8		8		780.07		0		34.2734697
Bt71		15		12		13		421.44		1		14.5262125
Bt72		26		10		9		473.31		0		11.1742421
Bt73		25		7		10		254.34		0		10.6319838
Bt74		12		11		9		699.19		0		24.5161832
Bt75		15		13		11		1140.31		1		27.6806077
Bt76		33		14		14		1318.53		1		7.4019243
Bt77		18		10		10		340.51		0		12.6482704
Bt78		29		10		12		509.35		0		8.0987275
Bt79		29		14		8		3567.31		0		72.9521365
Bt80		20		7		14		324.98		0		8.4076350
Bt81		18		8		13		201.51		0		20.9956130
Bt82		23		12		12		395.16		0		19.5877287
Bt83		19		13		9		248.18		0		12.0095914
Bt84		30		6		9		207.63		0		10.1977245
Bt85		14		9		10		240.05		1		28.5568681
Bt86		33		9		11		513.99		0		62.8788865
Bt87		32		12		14		968.50		0		17.4262703
Bt88		34		13		11		863.88		0		62.7089585
Bt89		28		8		10		377.54		0		17.1316851
Bt90		21		10		12		1603.36		0		26.7942137
Bt91		15		9		13		963.78		0		54.6449443
Bt92		32		13		13		918.57		0		22.0599893
Bt93		35		12		14		908.27		0		18.5998550
Bt94		32		9		6		181.66		0		6.7351352
Bt95		30		6		12		381.74		1		4.2321520
Bt96		23		8		10		308.66		0		44.7729797
Bt97		28		14		13		1011.94		1		4.7190811
Bt98		22		12		11		1089.46		0		51.1073514
Bt99		28		11		13		761.03		0		19.9510327
Bt100		33		7		10		572.70		1		4.6653525

DEMANDS PER CUSTOMER
i	Type Quantity
1	Bt25 1	Bt29 1	
2	Bt17 1	Bt22 1	
3	Bt34 1	Bt84 2	Bt94 1	
4	Bt17 1	Bt78 1	Bt93 1	
5	Bt60 1	Bt81 1	
6	Bt14 1	Bt27 1	Bt47 1	Bt75 1	Bt80 1	Bt85 1	
7	Bt12 1	Bt59 1	Bt84 1	
8	Bt62 1	Bt67 1	
9	Bt25 1	Bt40 1	Bt56 1	Bt58 1	Bt73 1	
10	Bt39 1	Bt92 1	
11	Bt3 1	Bt4 1	Bt63 1	Bt69 1	Bt74 1	Bt87 1	
12	Bt29 1	Bt31 1	Bt93 1	
13	Bt21 1	Bt24 1	Bt74 1	
14	Bt22 1	Bt62 1	Bt74 1	Bt99 1	
15	Bt11 1	Bt33 1	Bt38 1	Bt62 1	Bt65 1	Bt91 1	
16	Bt6 1	Bt26 1	Bt31 1	
17	Bt18 1	Bt53 1	Bt74 1	Bt83 1	
18	Bt80 1	Bt84 1	
19	Bt29 1	Bt58 1	Bt61 1	Bt77 1	Bt85 1	Bt100 1	
20	Bt7 1	Bt31 1	Bt66 1	
21	Bt8 1	Bt59 1	Bt65 1	
22	Bt32 1	Bt70 1	Bt81 1	Bt84 1	
23	Bt16 1	Bt19 1	Bt38 1	
24	Bt33 1	Bt35 1	Bt77 1	Bt91 1	
25	Bt5 1	Bt45 1	Bt61 1	Bt72 1	Bt94 1	
26	Bt33 1	Bt36 1	Bt60 1	
27	Bt5 1	Bt14 1	Bt48 1	Bt58 1	Bt69 1	Bt86 1	
28	Bt37 1	Bt58 1	Bt81 1	Bt94 1	
29	Bt10 1	Bt28 2	Bt50 1	Bt76 1	Bt86 1	
30	Bt8 1	Bt75 1	
31	Bt30 1	Bt46 1	Bt48 1	Bt92 1	
32	Bt45 1	Bt61 1	Bt87 1	Bt98 1	
33	Bt27 1	Bt53 1	Bt59 1	Bt60 1	Bt79 1	
34	Bt14 1	Bt18 1	Bt42 1	
35	Bt36 1	Bt47 1	Bt54 2	Bt74 1	Bt82 1	
36	Bt12 1	Bt42 1	Bt45 1	Bt96 1	
37	Bt5 1	Bt16 1	Bt40 1	Bt80 1	Bt88 1	
38	Bt19 1	Bt47 1	Bt74 1	Bt87 1	
39	Bt3 1	Bt35 1	Bt37 1	Bt62 1	
40	Bt10 1	Bt12 1	Bt49 1	Bt86 1	Bt94 1	
41	Bt5 1	Bt90 1	
42	Bt24 1	Bt38 1	Bt63 1	
43	Bt75 2	
44	Bt5 1	Bt23 1	Bt60 1	Bt73 1	Bt87 1	
45	Bt37 1	Bt64 1	
46	Bt4 1	Bt21 1	Bt29 1	Bt46 1	Bt51 1	Bt86 1	
47	Bt47 1	Bt73 1	Bt84 1	Bt86 1	Bt88 1	
48	Bt9 1	Bt23 1	Bt39 1	Bt48 1	
49	Bt50 1	Bt73 1	Bt93 1	
50	Bt70 1	Bt75 1	Bt76 1	Bt99 1	
51	Bt6 1	Bt26 1	Bt42 1	Bt53 1	Bt80 1	Bt99 1	
52	Bt66 1	Bt85 1	Bt86 2	Bt93 1	
53	Bt74 1	Bt85 1	Bt86 1	
54	Bt48 1	Bt59 1	Bt83 1	
55	Bt22 1	Bt40 1	Bt41 1	
56	Bt5 1	Bt57 1	Bt73 1	Bt83 1	Bt91 1	
57	Bt47 1	Bt63 1	Bt80 1	Bt82 1	
58	Bt53 1	Bt79 1	
59	Bt23 1	Bt31 1	Bt37 1	Bt48 1	Bt94 1	
60	Bt22 1	Bt62 1	Bt65 1	Bt93 1	
61	Bt5 1	Bt9 1	Bt31 1	Bt36 1	Bt77 1	Bt100 1	
62	Bt44 2	Bt100 1	
63	Bt22 1	Bt65 1	Bt81 1	Bt98 1	
64	Bt13 1	Bt48 1	Bt90 1	
65	Bt2 1	Bt14 1	Bt74 1	
66	Bt3 1	Bt50 1	Bt58 1	Bt62 1	Bt91 1	
67	Bt21 1	Bt60 1	Bt88 1	
68	Bt30 1	Bt42 1	Bt69 1	Bt73 1	Bt79 1	Bt80 1	
69	Bt21 1	Bt26 1	Bt51 1	Bt98 1	
70	Bt17 1	Bt26 1	Bt49 1	Bt56 1	Bt93 1	
71	Bt8 1	Bt13 1	Bt52 1	Bt92 1	
72	Bt16 1	Bt29 1	Bt54 1	Bt76 1	Bt81 1	Bt86 1	
73	Bt3 1	Bt52 1	Bt86 1	Bt88 1	
74	Bt26 1	Bt27 1	Bt30 1	Bt54 1	
75	Bt8 1	Bt27 1	Bt48 1	Bt50 1	Bt63 1	Bt72 1	
76	Bt41 1	Bt99 1	
77	Bt23 1	Bt58 1	Bt86 1	Bt98 1	
78	Bt18 1	Bt26 1	Bt27 1	Bt60 1	
79	Bt2 1	Bt34 1	Bt51 1	Bt94 1	
80	Bt1 1	Bt61 1	Bt90 1	
81	Bt28 1	Bt46 1	Bt64 1	Bt66 1	Bt82 1	
82	Bt26 1	Bt69 1	
83	Bt6 1	Bt23 1	Bt29 1	Bt58 1	Bt70 1	
84	Bt26 1	Bt43 1	Bt45 1	Bt47 1	Bt77 1	
85	Bt94 1	Bt100 1	
86	Bt37 1	Bt70 1	Bt88 2	
87	Bt39 1	Bt54 1	Bt83 1	
88	Bt31 1	Bt54 1	Bt95 1	
89	Bt8 2	Bt11 1	Bt35 1	Bt36 1	Bt57 1	
90	Bt27 1	Bt33 1	Bt42 1	Bt65 1	Bt74 1	Bt88 1	
91	Bt10 1	Bt40 1	Bt79 1	Bt83 1	
92	Bt1 1	Bt7 1	Bt11 1	Bt36 1	Bt95 1	
93	Bt14 1	Bt32 1	Bt37 1	
94	Bt8 1	Bt9 1	Bt43 1	Bt51 1	Bt79 1	Bt89 1	
95	Bt63 1	Bt76 1	Bt80 1	
96	Bt34 1	Bt39 1	Bt45 1	Bt46 1	Bt47 1	Bt88 1	
97	Bt7 1	Bt23 1	Bt55 1	
98	Bt23 1	Bt36 1	Bt78 2	Bt80 1	Bt90 1	
99	Bt5 1	Bt16 1	Bt24 1	
100	Bt12 1	Bt27 1	Bt50 1	Bt59 1	Bt61 1	Bt72 1	