Name				524_n100_m400_bt100
Number_of_Customers		100
Number_of_Items			400
Number_of_ItemTypes		100
Number_of_Vehicles		57
TimeWindows			1

VEHICLE
Mass_Capacity			12595
CargoSpace_Length		60
CargoSpace_Width		25
CargoSpace_Height		30
Wheelbase			48
Max_Mass_FrontAxle		7100
Max_Mass_RearAxle		11500
Distance_FrontAxle_CargoSpace	4

CUSTOMERS
i		x		y		Demand		ReadyTime	DueDate		ServiceTime	DemandedMass	DemandedVolume
0		35		35		0		0		230		0		0		0
1		64		63		5		163		191		10		1662.17		10652
2		17		11		4		63		93		10		1440.69		6488
3		19		74		3		121		151		10		1276.61		8902
4		56		72		5		0		177		10		940.58		5579
5		70		77		6		70		102		10		2642.84		11646
6		33		1		3		109		137		10		494.72		3056
7		15		17		4		67		97		10		1708.85		8744
8		29		49		4		121		159		10		2156.32		8848
9		51		3		6		56		90		10		3413.71		12178
10		67		34		5		17		57		10		3082.52		9793
11		61		12		5		0		185		10		2197.11		14171
12		64		53		3		69		95		10		1242.01		7300
13		12		40		3		151		187		10		1387.05		5450
14		5		38		6		128		156		10		2569.18		13407
15		68		16		4		0		181		10		1378.59		8609
16		41		31		5		0		212		10		3382.97		14322
17		35		26		4		178		210		10		1199.72		8386
18		46		19		2		55		89		10		806.02		2472
19		10		2		4		135		165		10		4789.96		10634
20		14		31		4		163		183		10		1340.53		9100
21		56		41		2		0		198		10		1140.7		3186
22		18		19		4		60		88		10		1621.16		10296
23		37		60		4		17		47		10		4749.28		11278
24		63		31		6		165		195		10		2771.93		11007
25		41		68		4		107		133		10		1340.81		5809
26		10		69		3		118		154		10		757.81		4000
27		42		14		2		0		197		10		1145.17		2448
28		49		26		6		68		98		10		2087.39		12749
29		56		35		6		29		69		10		3241.3		12450
30		31		14		4		0		198		10		1188.51		6485
31		65		7		2		108		140		10		906.22		4300
32		30		64		3		68		104		10		3004.46		6768
33		7		66		6		31		63		10		3089.65		13572
34		38		34		6		0		216		10		2662.31		16029
35		33		53		5		16		52		10		2125.39		9576
36		58		21		5		163		191		10		2354.71		13916
37		34		31		5		124		140		10		1634.91		8175
38		8		38		4		57		89		10		1552.88		8562
39		35		66		2		0		189		10		1292.06		3984
40		25		23		2		45		73		10		937.93		4480
41		4		2		4		154		180		10		1712.01		11170
42		2		33		3		0		186		10		408.66		2431
43		46		42		4		139		165		10		1217.35		6356
44		30		18		2		166		198		10		1110.63		4921
45		42		25		5		53		79		10		2054.57		12524
46		56		7		3		59		81		10		864.18		4344
47		23		68		6		102		126		10		3265.68		14495
48		40		78		3		112		144		10		1412.57		5288
49		58		65		4		119		151		10		1667.83		8704
50		11		6		6		76		102		10		1491.05		8150
51		37		44		5		6		38		10		2423.56		10766
52		64		75		3		56		84		10		1799.58		6386
53		17		46		2		182		204		10		209.91		1712
54		67		56		3		151		177		10		816.03		5665
55		16		79		3		0		172		10		1539.61		10396
56		21		16		5		111		145		10		2602.48		9361
57		20		3		3		76		100		10		1721.02		5250
58		70		61		4		147		181		10		1874.92		9326
59		44		54		3		0		198		10		1902.8		8205
60		38		39		3		185		213		10		1705.33		5206
61		68		2		4		97		125		10		3773.53		10528
62		34		48		4		160		196		10		4024.26		8118
63		8		74		6		79		109		10		1781.16		12573
64		58		48		5		113		143		10		3143.45		16210
65		45		60		3		0		193		10		595.37		2159
66		27		52		4		0		201		10		2055.02		6794
67		1		47		2		0		183		10		1003.32		5152
68		31		37		5		1		25		10		5650.42		11421
69		3		65		4		124		160		10		2731.66		7858
70		3		21		2		0		185		10		512.29		4250
71		14		75		4		77		107		10		1318.81		7496
72		62		67		4		0		178		10		1203.42		6137
73		29		25		5		29		65		10		1792.47		10415
74		14		52		4		0		192		10		1393.32		9947
75		4		30		3		59		91		10		885.31		4572
76		53		57		4		74		104		10		2582.93		12036
77		54		14		4		34		66		10		1668.95		9753
78		66		48		5		0		186		10		1501.02		7260
79		53		74		2		69		99		10		540.82		2618
80		3		73		6		131		153		10		1886.27		14182
81		0		60		2		55		83		10		450.6		2664
82		42		7		4		27		63		10		1936.14		10544
83		26		2		5		139		163		10		2020.34		11859
84		19		27		4		0		202		10		1834.78		7423
85		16		3		3		0		182		10		1675.92		7302
86		34		80		6		0		174		10		3588.79		12046
87		19		23		4		0		200		10		2961.96		9824
88		38		1		3		95		125		10		1547.06		8370
89		22		12		4		27		59		10		1833.96		6718
90		59		54		5		121		149		10		1830.13		8109
91		27		73		3		86		116		10		1387.27		6769
92		70		5		6		58		82		10		2370.78		8956
93		44		10		5		0		193		10		2454.23		8936
94		17		33		2		64		104		10		1374.27		6540
95		38		70		3		114		146		10		1015.22		6751
96		50		56		5		114		146		10		2521.1		12068
97		28		21		4		0		204		10		1680		12925
98		25		27		6		58		80		10		2931.38		14376
99		49		12		3		39		59		10		915.64		5755
100		9		21		3		176		194		10		981.04		7836

ITEMS
Type		Length		Width		Height		Mass		Fragility	LoadBearingStrength
Bt1		33		9		11		354.18		0		4.8543671
Bt2		27		12		14		685.39		1		2.6558996
Bt3		27		6		13		1019.84		1		13.0466098
Bt4		22		9		11		1259.86		0		54.0511294
Bt5		13		13		8		233.88		0		34.7981504
Bt6		27		7		8		282.09		0		6.6870430
Bt7		20		10		14		603.59		0		48.6809534
Bt8		32		12		12		974.66		1		3.4923816
Bt9		31		10		11		820.11		0		57.5797561
Bt10		14		6		6		428.23		0		48.6981190
Bt11		24		12		11		335.72		0		17.2052806
Bt12		14		12		11		1272.17		0		125.1183162
Bt13		33		10		6		251.77		1		2.5966622
Bt14		17		13		12		490.17		0		11.6912009
Bt15		34		11		7		1191.08		0		29.1386214
Bt16		20		8		6		135.08		0		5.6759459
Bt17		16		13		10		454.04		0		48.3695287
Bt18		30		5		12		343.87		0		8.6242947
Bt19		28		11		8		626.80		1		11.8769432
Bt20		34		5		9		244.81		0		20.3842231
Bt21		25		7		10		237.95		0		6.8894714
Bt22		14		7		7		141.21		0		13.5140821
Bt23		30		7		7		186.99		0		4.4166566
Bt24		21		12		11		387.20		1		2.0967372
Bt25		33		6		8		956.26		1		8.8649633
Bt26		28		6		6		211.13		1		4.9608886
Bt27		19		10		8		223.99		0		4.4609153
Bt28		14		10		6		306.50		0		44.9737037
Bt29		23		13		14		926.02		0		99.0498092
Bt30		35		8		10		700.32		0		14.0138374
Bt31		12		12		6		188.91		0		50.7032057
Bt32		24		8		14		573.73		0		30.8933963
Bt33		24		6		9		976.33		0		66.2931684
Bt34		32		8		12		460.12		0		11.2028201
Bt35		20		5		13		261.71		0		57.6467199
Bt36		30		8		8		245.26		0		38.2500879
Bt37		25		10		10		274.34		0		15.4106410
Bt38		23		11		9		417.76		1		5.1505673
Bt39		13		11		12		302.02		0		18.3645873
Bt40		18		5		11		171.17		0		13.9002449
Bt41		23		11		13		611.11		0		17.4637599
Bt42		30		7		6		210.86		0		46.0873302
Bt43		12		10		14		237.61		1		3.5273415
Bt44		29		12		7		354.77		0		8.5131260
Bt45		33		5		14		324.85		0		10.9754606
Bt46		13		10		13		209.47		0		12.9373182
Bt47		33		12		11		1289.87		0		12.0209380
Bt48		18		9		6		119.59		0		8.5558576
Bt49		15		6		12		120.86		0		12.9225692
Bt50		34		6		8		499.52		1		11.7651831
Bt51		13		9		12		325.38		0		22.3130938
Bt52		34		5		6		231.45		0		53.7635779
Bt53		13		12		6		180.61		0		14.1604948
Bt54		12		8		7		81.82		0		5.7205671
Bt55		17		9		12		279.42		0		39.5464957
Bt56		31		12		8		661.44		0		17.7548140
Bt57		12		11		13		416.25		0		18.2640078
Bt58		15		13		10		463.70		1		8.2584970
Bt59		18		11		12		343.25		0		16.3290506
Bt60		13		10		8		128.09		1		6.4871075
Bt61		30		14		9		400.18		0		26.4468692
Bt62		23		11		7		408.03		0		17.5208642
Bt63		34		8		14		751.60		0		68.6320488
Bt64		23		12		7		399.61		0		19.0085912
Bt65		23		13		14		776.30		0		53.1649906
Bt66		31		10		11		529.85		0		17.5894233
Bt67		22		9		9		220.33		1		5.0774943
Bt68		22		9		6		1018.11		0		497.1206614
Bt69		27		11		14		844.01		0		18.4901358
Bt70		26		11		13		496.83		0		6.7888426
Bt71		32		9		8		394.68		0		60.2283835
Bt72		30		13		10		445.80		0		25.8147118
Bt73		13		9		9		222.03		0		51.4164083
Bt74		16		11		12		515.13		0		13.0185608
Bt75		33		7		7		186.74		1		9.3432431
Bt76		29		6		6		263.08		0		7.8963447
Bt77		26		12		10		313.19		0		11.9141814
Bt78		20		9		7		260.26		0		11.4206462
Bt79		30		6		10		261.69		0		4.8559408
Bt80		19		8		10		189.97		0		30.1850907
Bt81		13		5		7		99.96		0		15.1074270
Bt82		22		8		14		429.59		0		9.3700348
Bt83		32		9		8		270		1		3.1469203
Bt84		14		10		7		540.87		0		176.9409088
Bt85		19		5		8		182.52		0		52.7065085
Bt86		32		14		6		315.73		1		3.2322320
Bt87		16		11		12		319.66		0		34.5403270
Bt88		27		14		9		476.15		1		8.6573129
Bt89		35		9		13		693.69		0		13.2194029
Bt90		18		10		11		355.17		0		10.1105453
Bt91		20		7		13		458.26		0		25.2291283
Bt92		22		10		12		682.02		0		26.5994214
Bt93		35		9		14		781.81		0		16.5104945
Bt94		35		14		10		893.39		0		19.1575992
Bt95		33		8		14		3143.39		0		26.9606699
Bt96		30		8		14		376.66		1		3.1372532
Bt97		19		6		12		225.72		0		10.5326290
Bt98		25		7		8		221.63		0		59.1818249
Bt99		29		10		8		357.54		1		2.3476492
Bt100		17		11		14		375.38		0		28.2077561

DEMANDS PER CUSTOMER
i	Type Quantity
1	Bt20 1	Bt43 1	Bt51 1	Bt70 1	Bt99 1	
2	Bt55 1	Bt71 1	Bt84 1	Bt97 1	
3	Bt34 1	Bt70 1	Bt87 1	
4	Bt6 1	Bt36 1	Bt52 1	Bt54 1	Bt81 1	
5	Bt3 1	Bt18 1	Bt79 1	Bt85 1	Bt91 1	Bt96 1	
6	Bt27 1	Bt31 1	Bt54 1	
7	Bt7 1	Bt17 1	Bt82 1	Bt98 1	
8	Bt7 1	Bt63 1	Bt78 1	Bt84 1	
9	Bt8 1	Bt10 1	Bt15 1	Bt38 1	Bt39 1	Bt81 1	
10	Bt3 1	Bt27 1	Bt41 1	Bt46 1	Bt68 1	
11	Bt1 1	Bt60 1	Bt69 1	Bt71 1	Bt88 1	
12	Bt19 1	Bt39 1	Bt77 1	
13	Bt10 1	Bt65 1	Bt85 1	
14	Bt14 1	Bt49 1	Bt58 2	Bt69 1	Bt75 1	
15	Bt37 1	Bt41 1	Bt52 1	Bt79 1	
16	Bt4 1	Bt66 1	Bt69 1	Bt82 1	Bt87 1	
17	Bt16 1	Bt24 1	Bt53 1	Bt70 1	
18	Bt28 1	Bt50 1	
19	Bt69 1	Bt79 1	Bt84 1	Bt95 1	
20	Bt59 1	Bt76 1	Bt96 1	Bt99 1	
21	Bt3 1	Bt49 1	
22	Bt11 1	Bt18 1	Bt63 1	Bt80 1	
23	Bt16 1	Bt19 1	Bt69 1	Bt95 1	
24	Bt20 1	Bt25 1	Bt27 1	Bt38 1	Bt50 1	Bt82 1	
25	Bt10 1	Bt41 1	Bt49 1	Bt53 1	
26	Bt53 1	Bt71 1	Bt85 1	
27	Bt25 1	Bt31 1	
28	Bt18 1	Bt21 1	Bt64 1	Bt66 1	Bt81 1	Bt88 1	
29	Bt12 1	Bt16 1	Bt22 1	Bt32 1	Bt94 1	Bt97 1	
30	Bt16 1	Bt35 1	Bt41 1	Bt53 1	
31	Bt19 1	Bt55 1	
32	Bt12 2	Bt34 1	
33	Bt4 1	Bt20 1	Bt32 1	Bt55 1	Bt90 1	Bt96 1	
34	Bt21 1	Bt29 1	Bt45 1	Bt62 1	Bt72 1	Bt87 1	
35	Bt3 1	Bt24 1	Bt40 1	Bt52 1	Bt86 1	
36	Bt2 1	Bt14 1	Bt65 1	Bt67 1	Bt85 1	
37	Bt10 1	Bt38 1	Bt39 1	Bt40 1	Bt86 1	
38	Bt16 1	Bt49 1	Bt74 1	Bt93 1	
39	Bt33 1	Bt86 1	
40	Bt30 1	Bt43 1	
41	Bt23 1	Bt52 1	Bt61 1	Bt94 1	
42	Bt53 1	Bt60 1	Bt81 1	
43	Bt26 1	Bt32 1	Bt42 1	Bt98 1	
44	Bt41 1	Bt50 1	
45	Bt19 1	Bt24 1	Bt62 1	Bt72 1	Bt75 1	
46	Bt28 1	Bt60 1	Bt82 1	
47	Bt15 1	Bt39 1	Bt46 1	Bt62 1	Bt79 1	Bt94 1	
48	Bt10 1	Bt19 1	Bt99 1	
49	Bt50 1	Bt66 1	Bt76 1	Bt100 1	
50	Bt18 1	Bt26 1	Bt39 1	Bt73 2	Bt80 1	
51	Bt5 1	Bt9 1	Bt18 1	Bt30 1	Bt51 1	
52	Bt4 1	Bt27 1	Bt86 1	
53	Bt54 1	Bt60 1	
54	Bt37 1	Bt73 1	Bt87 1	
55	Bt2 1	Bt17 1	Bt61 1	
56	Bt12 1	Bt36 1	Bt41 1	Bt42 1	Bt76 1	
57	Bt3 1	Bt28 1	Bt71 1	
58	Bt7 1	Bt29 1	Bt48 1	Bt97 1	
59	Bt1 1	Bt15 1	Bt99 1	
60	Bt3 1	Bt17 1	Bt52 1	
61	Bt9 1	Bt12 1	Bt14 1	Bt15 1	
62	Bt6 1	Bt16 1	Bt58 1	Bt95 1	
63	Bt11 1	Bt46 1	Bt49 1	Bt52 1	Bt80 1	Bt89 1	
64	Bt11 1	Bt29 1	Bt69 1	Bt70 1	Bt84 1	
65	Bt28 1	Bt31 1	Bt81 1	
66	Bt5 1	Bt15 1	Bt62 1	Bt73 1	
67	Bt32 1	Bt82 1	
68	Bt12 1	Bt16 1	Bt38 1	Bt92 1	Bt95 1	
69	Bt4 1	Bt10 1	Bt30 1	Bt59 1	
70	Bt21 1	Bt37 1	
71	Bt13 1	Bt22 1	Bt54 1	Bt69 1	
72	Bt28 1	Bt46 1	Bt55 1	Bt62 1	
73	Bt1 1	Bt26 1	Bt80 1	Bt90 1	Bt92 1	
74	Bt1 1	Bt16 1	Bt72 1	Bt91 1	
75	Bt28 1	Bt76 1	Bt86 1	
76	Bt42 1	Bt47 1	Bt61 1	Bt92 1	
77	Bt18 1	Bt24 1	Bt62 1	Bt66 1	
78	Bt21 2	Bt27 1	Bt78 1	Bt84 1	
79	Bt22 1	Bt64 1	
80	Bt23 1	Bt42 1	Bt66 1	Bt77 1	Bt83 1	Bt100 1	
81	Bt31 1	Bt79 1	
82	Bt39 1	Bt66 1	Bt69 1	Bt78 1	
83	Bt14 1	Bt31 1	Bt41 1	Bt44 1	Bt100 1	
84	Bt9 1	Bt13 1	Bt73 1	Bt84 1	
85	Bt3 1	Bt55 1	Bt96 1	
86	Bt3 2	Bt54 1	Bt70 1	Bt82 1	Bt84 1	
87	Bt8 1	Bt14 1	Bt25 1	Bt84 1	
88	Bt58 1	Bt80 1	Bt94 1	
89	Bt33 1	Bt37 1	Bt48 1	Bt58 1	
90	Bt10 1	Bt14 1	Bt51 1	Bt64 1	Bt75 1	
91	Bt19 1	Bt32 1	Bt75 1	
92	Bt16 1	Bt39 1	Bt68 1	Bt78 1	Bt82 1	Bt97 1	
93	Bt3 1	Bt32 1	Bt40 1	Bt50 1	Bt80 1	
94	Bt8 1	Bt64 1	
95	Bt1 1	Bt52 1	Bt82 1	
96	Bt25 1	Bt55 2	Bt66 1	Bt88 1	
97	Bt46 1	Bt61 1	Bt89 1	Bt96 1	
98	Bt19 1	Bt32 1	Bt71 1	Bt78 1	Bt85 1	Bt94 1	
99	Bt43 1	Bt62 1	Bt83 1	
100	Bt43 1	Bt59 1	Bt61 1	