Name				526_n100_m400_bt3
Number_of_Customers		100
Number_of_Items			400
Number_of_ItemTypes		3
Number_of_Vehicles		33
TimeWindows			1

VEHICLE
Mass_Capacity			12595
CargoSpace_Length		60
CargoSpace_Width		25
CargoSpace_Height		30
Wheelbase			48
Max_Mass_FrontAxle		7100
Max_Mass_RearAxle		11500
Distance_FrontAxle_CargoSpace	4

CUSTOMERS
i		x		y		Demand		ReadyTime	DueDate		ServiceTime	DemandedMass	DemandedVolume
0		35		35		0		0		230		0		0		0
1		40		26		4		26		54		10		1628.36		1862
2		62		73		3		40		68		10		1100.78		1267
3		32		46		5		46		68		10		2111.26		2373
4		16		17		4		138		164		10		1824.66		2037
5		70		27		6		47		69		10		2156.88		2450
6		15		61		5		0		187		10		1673.98		1939
7		22		26		5		0		204		10		1870.28		2114
8		12		74		5		60		90		10		1825.6		2030
9		27		22		6		162		198		10		2638.84		2968
10		37		66		6		17		47		10		2067.52		2282
11		25		4		2		36		64		10		573.2		672
12		19		25		3		89		125		10		1341.76		1526
13		13		8		3		113		153		10		1056.1		1183
14		11		46		3		167		197		10		1341.76		1526
15		50		5		4		68		92		10		1057.04		1176
16		11		36		4		0		195		10		967.68		1008
17		48		34		6		23		45		10		1826.54		2023
18		39		48		5		97		137		10		1870.28		2114
19		25		55		4		69		101		10		1539		1694
20		16		43		4		0		199		10		1101.72		1260
21		56		38		6		90		124		10		2156.88		2450
22		15		54		6		0		192		10		1826.54		2023
23		21		41		4		131		149		10		1342.7		1519
24		32		4		4		101		131		10		1342.7		1519
25		10		70		2		122		154		10		528.52		588
26		55		30		5		81		105		10		1825.6		2030
27		34		58		3		0		196		10		1341.76		1526
28		42		78		3		51		93		10		770.44		840
29		51		24		2		0		200		10		528.52		588
30		56		56		3		35		69		10		1341.76		1526
31		45		7		4		0		190		10		1628.36		1862
32		13		66		3		121		153		10		815.12		924
33		64		54		5		116		142		10		1870.28		2114
34		44		73		5		39		75		10		1629.3		1855
35		4		11		5		65		89		10		1539.94		1687
36		28		1		4		151		177		10		1539		1694
37		15		22		3		148		170		10		1011.42		1099
38		1		60		4		143		173		10		1298.02		1435
39		1		23		5		117		139		10		2066.58		2289
40		42		46		3		43		77		10		1056.1		1183
41		27		63		3		0		190		10		1100.78		1267
42		60		30		3		79		109		10		1056.1		1183
43		55		52		5		29		63		10		1780.92		1946
44		12		15		5		135		161		10		1343.64		1512
45		43		50		6		0		203		10		2638.84		2968
46		65		67		2		139		167		10		769.5		847
47		44		2		3		111		137		10		1341.76		1526
48		28		18		3		0		201		10		1056.1		1183
49		52		51		6		23		53		10		2442.54		2793
50		34		41		5		164		200		10		1629.3		1855
51		24		58		4		0		194		10		1253.34		1351
52		58		53		3		93		117		10		1056.1		1183
53		38		74		4		143		175		10		1628.36		1862
54		38		34		3		0		216		10		1011.42		1099
55		36		20		2		47		75		10		573.2		672
56		53		20		2		9		37		10		1055.16		1190
57		9		7		6		142		168		10		1915.9		2191
58		48		46		5		169		195		10		1584.62		1771
59		9		79		5		39		65		10		1870.28		2114
60		41		37		3		0		213		10		770.44		840
61		64		3		3		0		176		10		1100.78		1267
62		20		74		2		95		127		10		814.18		931
63		30		73		5		19		57		10		1825.6		2030
64		34		74		5		137		173		10		1870.28		2114
65		68		56		2		127		153		10		528.52		588
66		16		27		4		176		204		10		1628.36		1862
67		62		78		3		133		169		10		1056.1		1183
68		69		78		3		103		127		10		859.8		1008
69		25		78		4		77		105		10		1824.66		2037
70		68		72		3		79		103		10		1100.78		1267
71		51		73		4		82		112		10		1824.66		2037
72		21		45		5		53		87		10		1673.98		1939
73		32		1		4		0		185		10		1101.72		1260
74		68		44		3		63		87		10		815.12		924
75		63		70		6		129		157		10		2397.86		2709
76		31		63		5		29		61		10		2396.92		2716
77		30		56		2		156		190		10		528.52		588
78		48		9		4		117		139		10		1057.04		1176
79		11		61		4		47		75		10		1342.7		1519
80		23		63		4		92		126		10		1583.68		1778
81		43		63		4		0		190		10		1012.36		1092
82		36		27		4		63		99		10		1539		1694
83		1		39		3		57		83		10		1341.76		1526
84		35		78		2		53		91		10		1055.16		1190
85		44		32		6		0		210		10		1915.9		2191
86		13		5		6		29		57		10		1915.9		2191
87		15		33		4		0		199		10		1057.04		1176
88		50		54		3		85		109		10		1056.1		1183
89		3		30		2		0		187		10		528.52		588
90		22		77		3		0		176		10		770.44		840
91		37		24		6		41		65		10		2112.2		2366
92		68		17		2		0		182		10		1055.16		1190
93		41		18		3		60		86		10		1056.1		1183
94		17		67		3		0		183		10		1100.78		1267
95		38		43		6		0		211		10		2201.56		2534
96		34		54		5		27		57		10		2066.58		2289
97		57		26		4		55		85		10		967.68		1008
98		68		8		5		139		167		10		1388.32		1596
99		44		35		4		0		211		10		1298.02		1435
100		61		65		6		30		72		10		1630.24		1848

ITEMS
Type		Length		Width		Height		Mass		Fragility	LoadBearingStrength
Bt1		16		7		3		286.60		0		16.4474000
Bt2		17		7		5		527.58		1		5.5662519
Bt3		7		6		6		241.92		0		79.8533417

DEMANDS PER CUSTOMER
i	Type Quantity
1	Bt1 2	Bt2 2	
2	Bt1 2	Bt2 1	
3	Bt1 1	Bt2 3	Bt3 1	
4	Bt2 3	Bt3 1	
5	Bt1 3	Bt2 2	Bt3 1	
6	Bt1 4	Bt2 1	
7	Bt1 2	Bt2 2	Bt3 1	
8	Bt1 1	Bt2 2	Bt3 2	
9	Bt1 1	Bt2 4	Bt3 1	
10	Bt1 1	Bt2 2	Bt3 3	
11	Bt1 2	
12	Bt1 1	Bt2 2	
13	Bt1 1	Bt2 1	Bt3 1	
14	Bt1 1	Bt2 2	
15	Bt1 2	Bt3 2	
16	Bt3 4	
17	Bt1 2	Bt2 1	Bt3 3	
18	Bt1 2	Bt2 2	Bt3 1	
19	Bt2 2	Bt3 2	
20	Bt1 3	Bt3 1	
21	Bt1 3	Bt2 2	Bt3 1	
22	Bt1 2	Bt2 1	Bt3 3	
23	Bt1 2	Bt2 1	Bt3 1	
24	Bt1 2	Bt2 1	Bt3 1	
25	Bt1 1	Bt3 1	
26	Bt1 1	Bt2 2	Bt3 2	
27	Bt1 1	Bt2 2	
28	Bt1 1	Bt3 2	
29	Bt1 1	Bt3 1	
30	Bt1 1	Bt2 2	
31	Bt1 2	Bt2 2	
32	Bt1 2	Bt3 1	
33	Bt1 2	Bt2 2	Bt3 1	
34	Bt1 3	Bt2 1	Bt3 1	
35	Bt1 1	Bt2 1	Bt3 3	
36	Bt2 2	Bt3 2	
37	Bt2 1	Bt3 2	
38	Bt1 1	Bt2 1	Bt3 2	
39	Bt2 3	Bt3 2	
40	Bt1 1	Bt2 1	Bt3 1	
41	Bt1 2	Bt2 1	
42	Bt1 1	Bt2 1	Bt3 1	
43	Bt2 2	Bt3 3	
44	Bt1 3	Bt3 2	
45	Bt1 1	Bt2 4	Bt3 1	
46	Bt2 1	Bt3 1	
47	Bt1 1	Bt2 2	
48	Bt1 1	Bt2 1	Bt3 1	
49	Bt1 3	Bt2 3	
50	Bt1 3	Bt2 1	Bt3 1	
51	Bt2 1	Bt3 3	
52	Bt1 1	Bt2 1	Bt3 1	
53	Bt1 2	Bt2 2	
54	Bt2 1	Bt3 2	
55	Bt1 2	
56	Bt2 2	
57	Bt1 4	Bt2 1	Bt3 1	
58	Bt1 2	Bt2 1	Bt3 2	
59	Bt1 2	Bt2 2	Bt3 1	
60	Bt1 1	Bt3 2	
61	Bt1 2	Bt2 1	
62	Bt1 1	Bt2 1	
63	Bt1 1	Bt2 2	Bt3 2	
64	Bt1 2	Bt2 2	Bt3 1	
65	Bt1 1	Bt3 1	
66	Bt1 2	Bt2 2	
67	Bt1 1	Bt2 1	Bt3 1	
68	Bt1 3	
69	Bt2 3	Bt3 1	
70	Bt1 2	Bt2 1	
71	Bt2 3	Bt3 1	
72	Bt1 4	Bt2 1	
73	Bt1 3	Bt3 1	
74	Bt1 2	Bt3 1	
75	Bt1 2	Bt2 3	Bt3 1	
76	Bt1 1	Bt2 4	
77	Bt1 1	Bt3 1	
78	Bt1 2	Bt3 2	
79	Bt1 2	Bt2 1	Bt3 1	
80	Bt1 1	Bt2 2	Bt3 1	
81	Bt1 1	Bt3 3	
82	Bt2 2	Bt3 2	
83	Bt1 1	Bt2 2	
84	Bt2 2	
85	Bt1 4	Bt2 1	Bt3 1	
86	Bt1 4	Bt2 1	Bt3 1	
87	Bt1 2	Bt3 2	
88	Bt1 1	Bt2 1	Bt3 1	
89	Bt1 1	Bt3 1	
90	Bt1 1	Bt3 2	
91	Bt1 2	Bt2 2	Bt3 2	
92	Bt2 2	
93	Bt1 1	Bt2 1	Bt3 1	
94	Bt1 2	Bt2 1	
95	Bt1 4	Bt2 2	
96	Bt2 3	Bt3 2	
97	Bt3 4	
98	Bt1 4	Bt3 1	
99	Bt1 1	Bt2 1	Bt3 2	
100	Bt1 4	Bt3 2	