Name				527_n100_m400_bt3
Number_of_Customers		100
Number_of_Items			400
Number_of_ItemTypes		3
Number_of_Vehicles		42
TimeWindows			1

VEHICLE
Mass_Capacity			12595
CargoSpace_Length		60
CargoSpace_Width		25
CargoSpace_Height		30
Wheelbase			48
Max_Mass_FrontAxle		7100
Max_Mass_RearAxle		11500
Distance_FrontAxle_CargoSpace	4

CUSTOMERS
i		x		y		Demand		ReadyTime	DueDate		ServiceTime	DemandedMass	DemandedVolume
0		35		35		0		0		230		0		0		0
1		46		50		5		63		79		10		772.82		1368
2		37		65		3		144		172		10		362.78		630
3		34		74		5		81		119		10		618.3		990
4		26		73		3		72		102		10		421.12		726
5		58		41		3		153		179		10		266.6		348
6		42		28		4		105		139		10		607.22		1002
7		67		26		6		162		194		10		649.88		888
8		4		62		6		96		126		10		649.88		888
9		67		23		6		56		82		10		842.24		1452
10		30		66		4		70		108		10		548.88		906
11		59		14		6		113		143		10		996.76		1830
12		24		14		5		89		125		10		714.48		1272
13		29		0		5		151		179		10		772.82		1368
14		48		41		6		38		72		10		996.76		1830
15		49		61		5		49		77		10		559.96		894
16		63		74		4		144		182		10		645.06		1188
17		32		60		3		170		194		10		671.82		1386
18		12		71		3		45		71		10		421.12		726
19		59		49		5		152		186		10		772.82		1368
20		12		14		3		174		202		10		266.6		348
21		57		27		3		170		206		10		575.64		1104
22		11		10		4		19		49		10		394.36		528
23		41		40		3		46		74		10		266.6		348
24		42		71		3		114		158		10		575.64		1104
25		51		48		5		14		52		10		869		1650
26		30		54		3		12		48		10		479.46		822
27		53		44		6		80		108		10		1092.94		2112
28		64		15		5		165		195		10		676.64		1086
29		27		39		4		3		43		10		586.72		1092
30		42		79		3		128		162		10		517.3		1008
31		40		2		3		128		156		10		362.78		630
32		16		58		2		53		81		10		138.84		168
33		5		68		5		42		72		10		927.34		1746
34		42		16		6		51		81		10		900.58		1548
35		52		68		6		137		159		10		1247.46		2490
36		51		74		4		30		60		10		432.2		714
37		3		28		4		173		197		10		703.4		1284
38		12		66		5		125		153		10		618.3		990
39		34		54		3		41		61		10		266.6		348
40		65		5		6		74		102		10		629.38		978
41		52		9		5		37		69		10		772.82		1368
42		6		26		6		156		182		10		1092.94		2112
43		13		34		6		11		39		10		996.76		1830
44		21		11		2		174		202		10		138.84		168
45		3		20		3		74		102		10		421.12		726
46		56		1		5		28		58		10		405.44		516
47		47		9		4		20		52		10		394.36		528
48		22		55		4		145		175		10		586.72		1092
49		46		6		2		97		125		10		351.7		642
50		8		44		3		50		74		10		208.26		252
51		23		77		4		53		81		10		548.88		906
52		13		17		6		149		173		10		900.58		1548
53		1		2		3		60		92		10		324.94		444
54		44		61		4		43		69		10		490.54		810
55		16		6		4		50		82		10		336.02		432
56		35		16		5		159		195		10		463.78		612
57		11		47		4		102		138		10		490.54		810
58		68		67		3		53		75		10		266.6		348
59		31		17		3		184		214		10		266.6		348
60		46		0		3		50		78		10		421.12		726
61		8		33		5		107		135		10		559.96		894
62		54		14		3		58		84		10		421.12		726
63		70		25		6		42		76		10		996.76		1830
64		12		78		6		82		110		10		842.24		1452
65		65		29		2		145		173		10		447.88		924
66		42		54		4		153		187		10		490.54		810
67		15		1		5		90		124		10		463.78		612
68		31		57		4		170		192		10		548.88		906
69		9		25		3		84		112		10		421.12		726
70		46		66		2		67		101		10		447.88		924
71		35		71		3		98		126		10		324.94		444
72		16		74		4		70		102		10		548.88		906
73		44		32		4		57		89		10		490.54		810
74		23		47		5		24		60		10		772.82		1368
75		0		8		3		90		114		10		575.64		1104
76		59		5		2		142		180		10		447.88		924
77		3		17		3		45		75		10		671.82		1386
78		60		2		3		73		109		10		266.6		348
79		63		33		2		131		155		10		293.36		546
80		41		75		4		151		185		10		741.24		1470
81		23		34		6		171		195		10		996.76		1830
82		65		0		6		138		170		10		687.72		1074
83		60		69		6		135		163		10		1034.6		2016
84		8		55		4		160		184		10		394.36		528
85		40		64		2		142		178		10		293.36		546
86		70		4		3		155		185		10		421.12		726
87		57		31		4		110		138		10		645.06		1188
88		10		61		2		49		79		10		197.18		264
89		54		4		4		45		75		10		490.54		810
90		65		36		3		110		132		10		479.46		822
91		41		35		3		119		155		10		266.6		348
92		15		20		4		70		94		10		586.72		1092
93		36		60		3		166		198		10		421.12		726
94		15		48		4		153		181		10		490.54		810
95		6		11		3		150		188		10		421.12		726
96		2		69		3		125		167		10		517.3		1008
97		37		25		3		57		79		10		421.12		726
98		5		50		3		88		118		10		421.12		726
99		26		65		3		26		54		10		208.26		252
100		52		79		6		36		66		10		629.38		978

ITEMS
Type		Length		Width		Height		Mass		Fragility	LoadBearingStrength
Bt1		7		2		6		69.42		0		23.2615221
Bt2		11		6		7		223.94		1		8.9232919
Bt3		12		5		3		127.76		0		10.6384183

DEMANDS PER CUSTOMER
i	Type Quantity
1	Bt1 1	Bt2 2	Bt3 2	
2	Bt1 2	Bt2 1	
3	Bt1 2	Bt2 1	Bt3 2	
4	Bt1 1	Bt2 1	Bt3 1	
5	Bt1 2	Bt3 1	
6	Bt2 1	Bt3 3	
7	Bt1 2	Bt3 4	
8	Bt1 2	Bt3 4	
9	Bt1 2	Bt2 2	Bt3 2	
10	Bt1 1	Bt2 1	Bt3 2	
11	Bt1 1	Bt2 3	Bt3 2	
12	Bt1 2	Bt2 2	Bt3 1	
13	Bt1 1	Bt2 2	Bt3 2	
14	Bt1 1	Bt2 3	Bt3 2	
15	Bt1 3	Bt2 1	Bt3 1	
16	Bt1 1	Bt2 2	Bt3 1	
17	Bt2 3	
18	Bt1 1	Bt2 1	Bt3 1	
19	Bt1 1	Bt2 2	Bt3 2	
20	Bt1 2	Bt3 1	
21	Bt2 2	Bt3 1	
22	Bt1 2	Bt3 2	
23	Bt1 2	Bt3 1	
24	Bt2 2	Bt3 1	
25	Bt1 1	Bt2 3	Bt3 1	
26	Bt2 1	Bt3 2	
27	Bt1 1	Bt2 4	Bt3 1	
28	Bt1 1	Bt2 1	Bt3 3	
29	Bt1 2	Bt2 2	
30	Bt1 1	Bt2 2	
31	Bt1 2	Bt2 1	
32	Bt1 2	
33	Bt2 3	Bt3 2	
34	Bt1 1	Bt2 2	Bt3 3	
35	Bt2 5	Bt3 1	
36	Bt1 3	Bt2 1	
37	Bt2 2	Bt3 2	
38	Bt1 2	Bt2 1	Bt3 2	
39	Bt1 2	Bt3 1	
40	Bt1 4	Bt2 1	Bt3 1	
41	Bt1 1	Bt2 2	Bt3 2	
42	Bt1 1	Bt2 4	Bt3 1	
43	Bt1 1	Bt2 3	Bt3 2	
44	Bt1 2	
45	Bt1 1	Bt2 1	Bt3 1	
46	Bt1 4	Bt3 1	
47	Bt1 2	Bt3 2	
48	Bt1 2	Bt2 2	
49	Bt2 1	Bt3 1	
50	Bt1 3	
51	Bt1 1	Bt2 1	Bt3 2	
52	Bt1 1	Bt2 2	Bt3 3	
53	Bt1 1	Bt3 2	
54	Bt1 2	Bt2 1	Bt3 1	
55	Bt1 3	Bt3 1	
56	Bt1 3	Bt3 2	
57	Bt1 2	Bt2 1	Bt3 1	
58	Bt1 2	Bt3 1	
59	Bt1 2	Bt3 1	
60	Bt1 1	Bt2 1	Bt3 1	
61	Bt1 3	Bt2 1	Bt3 1	
62	Bt1 1	Bt2 1	Bt3 1	
63	Bt1 1	Bt2 3	Bt3 2	
64	Bt1 2	Bt2 2	Bt3 2	
65	Bt2 2	
66	Bt1 2	Bt2 1	Bt3 1	
67	Bt1 3	Bt3 2	
68	Bt1 1	Bt2 1	Bt3 2	
69	Bt1 1	Bt2 1	Bt3 1	
70	Bt2 2	
71	Bt1 1	Bt3 2	
72	Bt1 1	Bt2 1	Bt3 2	
73	Bt1 2	Bt2 1	Bt3 1	
74	Bt1 1	Bt2 2	Bt3 2	
75	Bt2 2	Bt3 1	
76	Bt2 2	
77	Bt2 3	
78	Bt1 2	Bt3 1	
79	Bt1 1	Bt2 1	
80	Bt1 1	Bt2 3	
81	Bt1 1	Bt2 3	Bt3 2	
82	Bt1 3	Bt2 1	Bt3 2	
83	Bt1 2	Bt2 4	
84	Bt1 2	Bt3 2	
85	Bt1 1	Bt2 1	
86	Bt1 1	Bt2 1	Bt3 1	
87	Bt1 1	Bt2 2	Bt3 1	
88	Bt1 1	Bt3 1	
89	Bt1 2	Bt2 1	Bt3 1	
90	Bt2 1	Bt3 2	
91	Bt1 2	Bt3 1	
92	Bt1 2	Bt2 2	
93	Bt1 1	Bt2 1	Bt3 1	
94	Bt1 2	Bt2 1	Bt3 1	
95	Bt1 1	Bt2 1	Bt3 1	
96	Bt1 1	Bt2 2	
97	Bt1 1	Bt2 1	Bt3 1	
98	Bt1 1	Bt2 1	Bt3 1	
99	Bt1 3	
100	Bt1 4	Bt2 1	Bt3 1	