Name				528_n100_m400_bt3
Number_of_Customers		100
Number_of_Items			400
Number_of_ItemTypes		3
Number_of_Vehicles		39
TimeWindows			1

VEHICLE
Mass_Capacity			12595
CargoSpace_Length		60
CargoSpace_Width		25
CargoSpace_Height		30
Wheelbase			48
Max_Mass_FrontAxle		7100
Max_Mass_RearAxle		11500
Distance_FrontAxle_CargoSpace	4

CUSTOMERS
i		x		y		Demand		ReadyTime	DueDate		ServiceTime	DemandedMass	DemandedVolume
0		35		35		0		0		230		0		0		0
1		25		41		2		11		39		10		496.88		636
2		23		47		4		146		174		10		1001.36		1196
3		63		11		4		121		149		10		765.28		880
4		8		41		2		25		59		10		732.96		952
5		53		5		5		56		86		10		1246		1552
6		33		0		3		29		65		10		1099.44		1428
7		7		76		3		80		112		10		749.12		916
8		16		66		6		133		157		10		1384		1636
9		35		43		4		189		225		10		1351.68		1708
10		19		24		5		148		178		10		1131.76		1356
11		61		25		3		128		162		10		1099.44		1428
12		41		10		2		88		112		10		496.88		636
13		54		33		4		88		118		10		1115.6		1392
14		64		65		5		96		120		10		1253.6		1476
15		3		44		4		64		96		10		1115.6		1392
16		22		1		5		92		122		10		1246		1552
17		43		36		2		91		121		10		732.96		952
18		9		79		4		77		101		10		1115.6		1392
19		44		30		3		189		217		10		634.88		720
20		1		41		3		120		150		10		870.96		1036
21		56		76		5		114		136		10		1367.84		1672
22		23		16		5		138		168		10		1246		1552
23		56		12		4		107		127		10		1123.2		1316
24		2		80		6		125		145		10		1384		1636
25		7		7		3		60		90		10		863.36		1112
26		39		46		3		45		71		10		749.12		916
27		40		74		3		133		169		10		634.88		720
28		14		37		6		34		72		10		1734.32		2148
29		17		35		4		162		198		10		1115.6		1392
30		4		9		4		47		77		10		1001.36		1196
31		30		58		6		114		150		10		1498.24		1832
32		69		14		5		89		111		10		1009.92		1236
33		56		57		6		180		200		10		1498.24		1832
34		66		12		3		116		146		10		749.12		916
35		31		12		3		35		67		10		870.96		1036
36		34		63		5		77		115		10		1246		1552
37		41		55		4		61		91		10		1008.96		1120
38		1		76		4		92		116		10		1123.2		1316
39		64		4		3		116		150		10		870.96		1036
40		40		25		3		13		51		10		749.12		916
41		58		69		5		117		145		10		1489.68		1792
42		60		77		3		130		160		10		634.88		720
43		27		17		5		93		123		10		1246		1552
44		17		55		2		64		94		10		732.96		952
45		53		41		3		122		148		10		985.2		1232
46		14		73		4		77		111		10		993.76		1272
47		41		70		3		112		142		10		870.96		1036
48		46		66		4		121		153		10		643.44		760
49		42		61		5		103		129		10		1596.32		2064
50		68		41		3		36		60		10		627.28		796
51		38		2		3		78		104		10		634.88		720
52		49		23		5		98		130		10		1482.08		1868
53		64		69		5		144		170		10		1253.6		1476
54		41		58		3		29		61		10		756.72		840
55		38		67		4		100		122		10		1001.36		1196
56		24		4		4		88		122		10		1123.2		1316
57		49		43		2		76		106		10		618.72		756
58		32		77		4		120		140		10		757.68		956
59		41		79		5		141		179		10		1367.84		1672
60		35		79		3		56		84		10		749.12		916
61		45		4		4		31		57		10		879.52		1076
62		8		26		4		59		89		10		1351.68		1708
63		19		50		6		90		116		10		1498.24		1832
64		48		40		5		83		109		10		1124.16		1432
65		68		37		3		109		139		10		627.28		796
66		1		32		5		165		197		10		1596.32		2064
67		54		8		3		152		186		10		513.04		600
68		70		19		3		143		179		10		627.28		796
69		5		63		3		120		150		10		870.96		1036
70		51		8		6		33		65		10		1612.48		2028
71		69		56		5		96		130		10		1367.84		1672
72		35		48		3		86		120		10		870.96		1036
73		59		6		5		121		145		10		1489.68		1792
74		63		79		4		151		179		10		1351.68		1708
75		53		75		4		137		163		10		765.28		880
76		21		67		2		125		155		10		496.88		636
77		15		24		4		89		117		10		757.68		956
78		41		64		6		17		49		10		1734.32		2148
79		12		49		4		157		185		10		879.52		1076
80		29		74		5		132		156		10		1482.08		1868
81		58		33		5		115		141		10		1246		1552
82		5		72		2		111		133		10		496.88		636
83		63		45		4		148		172		10		1351.68		1708
84		29		0		6		147		173		10		1498.24		1832
85		45		9		4		18		46		10		643.44		760
86		6		53		6		100		128		10		1147.92		1320
87		61		54		4		151		175		10		765.28		880
88		23		75		3		100		124		10		870.96		1036
89		45		1		4		149		177		10		1351.68		1708
90		5		67		5		141		173		10		1718.16		2184
91		33		29		3		124		152		10		627.28		796
92		62		34		6		168		196		10		1498.24		1832
93		20		20		2		151		183		10		618.72		756
94		23		70		6		111		139		10		1498.24		1832
95		68		9		3		45		75		10		985.2		1232
96		29		63		4		175		197		10		993.76		1272
97		43		27		4		166		192		10		879.52		1076
98		27		13		4		39		81		10		1465.92		1904
99		18		42		5		102		132		10		1489.68		1792
100		50		30		3		146		174		10		870.96		1036

ITEMS
Type		Length		Width		Height		Mass		Fragility	LoadBearingStrength
Bt1		17		4		7		366.48		0		10.8963703
Bt2		8		4		5		130.40		0		122.1436711
Bt3		10		4		7		252.24		1		71.0909342

DEMANDS PER CUSTOMER
i	Type Quantity
1	Bt1 1	Bt2 1	
2	Bt1 1	Bt2 1	Bt3 2	
3	Bt2 2	Bt3 2	
4	Bt1 2	
5	Bt1 2	Bt2 2	Bt3 1	
6	Bt1 3	
7	Bt1 1	Bt2 1	Bt3 1	
8	Bt1 1	Bt2 2	Bt3 3	
9	Bt1 3	Bt3 1	
10	Bt1 1	Bt2 2	Bt3 2	
11	Bt1 3	
12	Bt1 1	Bt2 1	
13	Bt1 2	Bt2 1	Bt3 1	
14	Bt1 1	Bt2 1	Bt3 3	
15	Bt1 2	Bt2 1	Bt3 1	
16	Bt1 2	Bt2 2	Bt3 1	
17	Bt1 2	
18	Bt1 2	Bt2 1	Bt3 1	
19	Bt2 1	Bt3 2	
20	Bt1 1	Bt3 2	
21	Bt1 2	Bt2 1	Bt3 2	
22	Bt1 2	Bt2 2	Bt3 1	
23	Bt1 1	Bt3 3	
24	Bt1 1	Bt2 2	Bt3 3	
25	Bt1 2	Bt2 1	
26	Bt1 1	Bt2 1	Bt3 1	
27	Bt2 1	Bt3 2	
28	Bt1 3	Bt2 1	Bt3 2	
29	Bt1 2	Bt2 1	Bt3 1	
30	Bt1 1	Bt2 1	Bt3 2	
31	Bt1 2	Bt2 2	Bt3 2	
32	Bt1 1	Bt2 3	Bt3 1	
33	Bt1 2	Bt2 2	Bt3 2	
34	Bt1 1	Bt2 1	Bt3 1	
35	Bt1 1	Bt3 2	
36	Bt1 2	Bt2 2	Bt3 1	
37	Bt3 4	
38	Bt1 1	Bt3 3	
39	Bt1 1	Bt3 2	
40	Bt1 1	Bt2 1	Bt3 1	
41	Bt1 2	Bt3 3	
42	Bt2 1	Bt3 2	
43	Bt1 2	Bt2 2	Bt3 1	
44	Bt1 2	
45	Bt1 2	Bt3 1	
46	Bt1 2	Bt2 2	
47	Bt1 1	Bt3 2	
48	Bt2 3	Bt3 1	
49	Bt1 4	Bt2 1	
50	Bt1 1	Bt2 2	
51	Bt2 1	Bt3 2	
52	Bt1 3	Bt2 1	Bt3 1	
53	Bt1 1	Bt2 1	Bt3 3	
54	Bt3 3	
55	Bt1 1	Bt2 1	Bt3 2	
56	Bt1 1	Bt3 3	
57	Bt1 1	Bt3 1	
58	Bt1 1	Bt2 3	
59	Bt1 2	Bt2 1	Bt3 2	
60	Bt1 1	Bt2 1	Bt3 1	
61	Bt1 1	Bt2 2	Bt3 1	
62	Bt1 3	Bt3 1	
63	Bt1 2	Bt2 2	Bt3 2	
64	Bt1 2	Bt2 3	
65	Bt1 1	Bt2 2	
66	Bt1 4	Bt2 1	
67	Bt2 2	Bt3 1	
68	Bt1 1	Bt2 2	
69	Bt1 1	Bt3 2	
70	Bt1 3	Bt2 2	Bt3 1	
71	Bt1 2	Bt2 1	Bt3 2	
72	Bt1 1	Bt3 2	
73	Bt1 2	Bt3 3	
74	Bt1 3	Bt3 1	
75	Bt2 2	Bt3 2	
76	Bt1 1	Bt2 1	
77	Bt1 1	Bt2 3	
78	Bt1 3	Bt2 1	Bt3 2	
79	Bt1 1	Bt2 2	Bt3 1	
80	Bt1 3	Bt2 1	Bt3 1	
81	Bt1 2	Bt2 2	Bt3 1	
82	Bt1 1	Bt2 1	
83	Bt1 3	Bt3 1	
84	Bt1 2	Bt2 2	Bt3 2	
85	Bt2 3	Bt3 1	
86	Bt2 3	Bt3 3	
87	Bt2 2	Bt3 2	
88	Bt1 1	Bt3 2	
89	Bt1 3	Bt3 1	
90	Bt1 4	Bt3 1	
91	Bt1 1	Bt2 2	
92	Bt1 2	Bt2 2	Bt3 2	
93	Bt1 1	Bt3 1	
94	Bt1 2	Bt2 2	Bt3 2	
95	Bt1 2	Bt3 1	
96	Bt1 2	Bt2 2	
97	Bt1 1	Bt2 2	Bt3 1	
98	Bt1 4	
99	Bt1 2	Bt3 3	
100	Bt1 1	Bt3 2	