Name				531_n100_m400_bt10
Number_of_Customers		100
Number_of_Items			400
Number_of_ItemTypes		10
Number_of_Vehicles		29
TimeWindows			1

VEHICLE
Mass_Capacity			12595
CargoSpace_Length		60
CargoSpace_Width		25
CargoSpace_Height		30
Wheelbase			48
Max_Mass_FrontAxle		7100
Max_Mass_RearAxle		11500
Distance_FrontAxle_CargoSpace	4

CUSTOMERS
i		x		y		Demand		ReadyTime	DueDate		ServiceTime	DemandedMass	DemandedVolume
0		35		35		0		0		230		0		0		0
1		22		21		4		115		133		10		802.52		777
2		48		1		4		167		199		10		667.82		858
3		21		41		3		0		204		10		633.69		678
4		63		30		4		0		191		10		728.8		633
5		1		11		2		94		122		10		730.55		480
6		45		66		4		0		187		10		404.98		798
7		44		56		3		82		116		10		610.66		672
8		11		39		3		0		195		10		634.5		882
9		21		51		2		0		198		10		143.67		423
10		9		60		4		0		183		10		571.42		909
11		58		59		3		159		185		10		568.84		633
12		37		58		3		0		196		10		581.23		570
13		24		75		3		159		189		10		537.04		381
14		5		68		5		0		175		10		1320.05		969
15		29		53		2		76		98		10		469.94		576
16		0		60		6		157		181		10		1119.83		1014
17		22		29		5		162		182		10		823.45		816
18		47		36		3		162		196		10		303.42		399
19		3		48		2		96		132		10		560.22		480
20		43		37		2		0		211		10		153.83		204
21		61		35		4		127		151		10		555.61		408
22		69		54		5		152		176		10		593.16		1152
23		34		20		6		0		204		10		606.92		849
24		21		63		3		0		188		10		255.31		552
25		49		44		4		0		203		10		857.46		789
26		18		20		3		125		145		10		373.08		774
27		47		22		4		0		202		10		438.76		627
28		59		16		2		0		189		10		440.43		423
29		29		74		6		61		89		10		1196.51		1053
30		39		17		3		0		201		10		428.02		786
31		60		47		5		0		192		10		1004.75		801
32		6		2		4		0		176		10		587.62		684
33		46		53		5		0		198		10		1150.53		1173
34		61		52		4		0		188		10		570.5		468
35		54		19		3		62		84		10		228.03		555
36		10		26		3		167		195		10		238.19		336
37		66		65		4		0		176		10		885.8		636
38		62		40		6		90		120		10		1062.19		1038
39		29		0		3		83		111		10		428.02		786
40		55		64		3		133		173		10		289.09		381
41		25		24		5		0		205		10		523.12		759
42		21		36		2		182		210		10		469.13		372
43		40		27		4		0		210		10		752.64		843
44		37		26		4		34		68		10		594.26		627
45		52		34		4		188		214		10		937.51		885
46		5		20		6		98		130		10		843.04		954
47		8		6		4		0		180		10		440.99		783
48		7		79		3		0		167		10		682.15		660
49		56		23		3		0		195		10		355.96		558
50		66		80		3		133		171		10		463.36		678
51		58		8		5		79		111		10		775.13		945
52		41		59		4		114		146		10		644.22		612
53		47		14		4		0		195		10		920.39		669
54		55		71		5		0		178		10		417.58		669
55		43		74		4		37		69		10		822.87		756
56		16		56		4		17		45		10		368.85		504
57		34		39		4		0		215		10		661.34		828
58		22		59		4		0		192		10		417.29		684
59		0		14		4		120		152		10		333.51		612
60		64		2		4		0		176		10		485.18		972
61		56		1		3		0		180		10		440.33		672
62		53		0		5		35		59		10		1185.87		1065
63		3		57		6		0		181		10		1001.13		1212
64		30		6		3		0		190		10		814.77		501
65		36		8		3		0		192		10		555.72		660
66		16		61		6		0		187		10		1225.56		1434
67		45		43		5		0		207		10		932.49		1050
68		25		79		5		0		174		10		933.3		1254
69		53		3		6		0		183		10		992.4		1224
70		41		2		6		24		42		10		1062.52		1668
71		10		68		2		0		178		10		452.82		360
72		18		13		3		0		192		10		581.15		519
73		70		1		5		149		185		10		671.88		1146
74		13		60		3		139		173		10		306		573
75		64		9		6		111		147		10		1015.89		1299
76		18		33		3		0		202		10		646		564
77		35		53		3		0		202		10		895.11		786
78		26		45		3		157		197		10		228.03		555
79		53		57		5		0		191		10		1156.34		1110
80		27		66		4		52		92		10		488.64		561
81		68		19		4		0		183		10		411.02		561
82		56		15		3		0		191		10		560.8		540
83		31		56		5		150		172		10		615.55		768
84		11		1		3		86		122		10		538.6		444
85		69		14		5		132		160		10		541.8		1038
86		61		62		4		96		130		10		845.15		903
87		27		37		6		126		144		10		780.11		1074
88		2		42		5		0		186		10		844.61		999
89		11		50		5		42		60		10		1059.44		1065
90		43		31		4		0		27		10		457.44		906
91		23		7		4		119		145		10		972.85		777
92		25		55		3		0		197		10		907.42		672
93		33		80		6		93		121		10		977.26		1299
94		14		42		2		0		197		10		431.56		324
95		51		75		6		65		87		10		892.27		1602
96		16		68		2		0		181		10		221.64		441
97		19		73		6		26		60		10		1143.66		1086
98		24		38		6		0		208		10		1232.66		1149
99		70		78		5		101		133		10		821.09		804
100		26		20		4		113		147		10		845.15		903

ITEMS
Type		Length		Width		Height		Mass		Fragility	LoadBearingStrength
Bt1		13		3		3		120.37		0		74.9748580
Bt2		11		4		3		84.36		0		35.7042516
Bt3		16		6		3		86.59		0		13.7662929
Bt4		17		3		6		164.56		0		61.3542995
Bt5		9		4		8		383.35		1		9.1401915
Bt6		16		4		3		176.87		0		13.1059788
Bt7		16		2		6		347.20		0		61.9154731
Bt8		9		2		4		69.47		0		14.1074971
Bt9		6		5		6		121.93		0		21.9843444
Bt10		9		3		5		57.08		1		4.4628258

DEMANDS PER CUSTOMER
i	Type Quantity
1	Bt1 1	Bt5 1	Bt6 1	Bt9 1	
2	Bt3 1	Bt4 1	Bt7 1	Bt8 1	
3	Bt4 1	Bt7 1	Bt9 1	
4	Bt1 1	Bt2 1	Bt6 1	Bt7 1	
5	Bt5 1	Bt7 1	
6	Bt2 1	Bt3 1	Bt4 1	Bt8 1	
7	Bt3 1	Bt6 1	Bt7 1	
8	Bt3 1	Bt4 1	Bt5 1	
9	Bt3 1	Bt10 1	
10	Bt1 1	Bt4 2	Bt9 1	
11	Bt4 1	Bt7 1	Bt10 1	
12	Bt4 1	Bt7 1	Bt8 1	
13	Bt1 1	Bt7 1	Bt8 1	
14	Bt1 1	Bt5 1	Bt7 2	Bt9 1	
15	Bt3 1	Bt5 1	
16	Bt4 1	Bt7 2	Bt8 2	Bt9 1	
17	Bt1 1	Bt6 1	Bt7 1	Bt9 1	Bt10 1	
18	Bt6 1	Bt8 1	Bt10 1	
19	Bt5 1	Bt6 1	
20	Bt2 1	Bt8 1	
21	Bt7 1	Bt8 3	
22	Bt1 1	Bt3 1	Bt4 2	Bt10 1	
23	Bt4 1	Bt6 1	Bt8 3	Bt10 1	
24	Bt2 2	Bt3 1	
25	Bt1 1	Bt5 1	Bt6 2	
26	Bt3 1	Bt4 1	Bt9 1	
27	Bt1 1	Bt2 1	Bt4 1	Bt8 1	
28	Bt5 1	Bt10 1	
29	Bt1 1	Bt2 2	Bt5 1	Bt6 1	Bt7 1	
30	Bt3 1	Bt4 1	Bt6 1	
31	Bt1 1	Bt2 1	Bt5 1	Bt7 1	Bt8 1	
32	Bt2 1	Bt3 1	Bt7 1	Bt8 1	
33	Bt1 1	Bt3 1	Bt5 2	Bt6 1	
34	Bt2 1	Bt7 1	Bt8 2	
35	Bt2 1	Bt3 1	Bt10 1	
36	Bt2 2	Bt8 1	
37	Bt7 2	Bt8 1	Bt9 1	
38	Bt1 2	Bt2 1	Bt5 1	Bt6 2	
39	Bt3 1	Bt4 1	Bt6 1	
40	Bt1 1	Bt2 2	
41	Bt1 1	Bt2 2	Bt4 1	Bt8 1	
42	Bt7 1	Bt9 1	
43	Bt1 1	Bt2 1	Bt4 1	Bt5 1	
44	Bt2 1	Bt5 1	Bt8 1	Bt10 1	
45	Bt1 1	Bt3 1	Bt5 1	Bt7 1	
46	Bt1 1	Bt2 1	Bt4 1	Bt7 1	Bt8 1	Bt10 1	
47	Bt1 1	Bt3 1	Bt4 1	Bt8 1	
48	Bt5 1	Bt6 1	Bt9 1	
49	Bt4 1	Bt8 1	Bt9 1	
50	Bt4 1	Bt6 1	Bt9 1	
51	Bt2 1	Bt4 1	Bt7 1	Bt9 1	Bt10 1	
52	Bt5 1	Bt8 2	Bt9 1	
53	Bt1 1	Bt5 1	Bt7 1	Bt8 1	
54	Bt6 1	Bt8 1	Bt10 3	
55	Bt6 2	Bt7 1	Bt9 1	
56	Bt1 1	Bt8 1	Bt9 1	Bt10 1	
57	Bt3 1	Bt5 1	Bt8 1	Bt9 1	
58	Bt2 1	Bt3 1	Bt6 1	Bt8 1	
59	Bt1 1	Bt3 1	Bt8 1	Bt10 1	
60	Bt3 1	Bt4 2	Bt8 1	
61	Bt3 1	Bt6 2	
62	Bt1 1	Bt5 2	Bt6 1	Bt9 1	
63	Bt1 1	Bt3 1	Bt5 1	Bt6 2	Bt10 1	
64	Bt1 1	Bt7 2	
65	Bt3 1	Bt7 1	Bt9 1	
66	Bt3 1	Bt4 1	Bt5 1	Bt7 1	Bt9 2	
67	Bt4 1	Bt6 1	Bt7 1	Bt9 2	
68	Bt3 1	Bt4 1	Bt5 1	Bt6 1	Bt9 1	
69	Bt2 2	Bt3 1	Bt5 1	Bt6 2	
70	Bt3 2	Bt4 2	Bt5 1	Bt6 1	
71	Bt5 1	Bt8 1	
72	Bt6 1	Bt7 1	Bt10 1	
73	Bt3 1	Bt4 1	Bt6 1	Bt9 2	
74	Bt2 1	Bt4 1	Bt10 1	
75	Bt4 2	Bt5 1	Bt6 1	Bt8 1	Bt10 1	
76	Bt6 1	Bt7 1	Bt9 1	
77	Bt4 1	Bt5 1	Bt7 1	
78	Bt2 1	Bt3 1	Bt10 1	
79	Bt2 1	Bt4 1	Bt5 1	Bt6 1	Bt7 1	
80	Bt1 1	Bt6 1	Bt8 1	Bt9 1	
81	Bt1 1	Bt2 2	Bt9 1	
82	Bt1 1	Bt5 1	Bt10 1	
83	Bt1 1	Bt2 1	Bt6 2	Bt10 1	
84	Bt7 1	Bt8 1	Bt9 1	
85	Bt2 2	Bt3 1	Bt4 1	Bt9 1	
86	Bt1 1	Bt4 1	Bt5 1	Bt6 1	
87	Bt1 1	Bt2 1	Bt4 1	Bt6 2	Bt10 1	
88	Bt3 1	Bt6 2	Bt7 1	Bt10 1	
89	Bt1 1	Bt3 1	Bt5 1	Bt7 1	Bt9 1	
90	Bt2 1	Bt3 1	Bt4 1	Bt9 1	
91	Bt1 1	Bt5 1	Bt7 1	Bt9 1	
92	Bt5 1	Bt6 1	Bt7 1	
93	Bt4 2	Bt7 1	Bt9 2	Bt10 1	
94	Bt2 1	Bt7 1	
95	Bt4 5	Bt8 1	
96	Bt4 1	Bt10 1	
97	Bt1 2	Bt3 1	Bt7 2	Bt9 1	
98	Bt1 1	Bt2 2	Bt5 2	Bt6 1	
99	Bt5 1	Bt6 1	Bt8 2	Bt9 1	
100	Bt1 1	Bt4 1	Bt5 1	Bt6 1	