Name				540_n100_m400_bt100
Number_of_Customers		100
Number_of_Items			400
Number_of_ItemTypes		100
Number_of_Vehicles		42
TimeWindows			1

VEHICLE
Mass_Capacity			12595
CargoSpace_Length		60
CargoSpace_Width		25
CargoSpace_Height		30
Wheelbase			48
Max_Mass_FrontAxle		7100
Max_Mass_RearAxle		11500
Distance_FrontAxle_CargoSpace	4

CUSTOMERS
i		x		y		Demand		ReadyTime	DueDate		ServiceTime	DemandedMass	DemandedVolume
0		35		35		0		0		230		0		0		0
1		14		32		4		170		204		10		917.81		1120
2		53		19		6		152		184		10		1000.21		1658
3		61		64		4		33		59		10		687.48		1157
4		65		29		4		54		72		10		1422.84		1512
5		44		8		6		59		93		10		1377.95		1863
6		58		45		6		169		199		10		2084.84		2171
7		64		56		4		150		170		10		755.74		1098
8		29		72		4		74		98		10		495.8		860
9		4		41		6		67		105		10		629.63		1029
10		22		62		3		158		180		10		324.75		521
11		62		60		3		136		156		10		351.99		468
12		54		32		6		67		95		10		1268.54		1791
13		51		49		4		22		52		10		340.54		485
14		56		0		6		33		59		10		1243.55		1520
15		63		52		3		28		52		10		868.98		1416
16		32		36		3		73		99		10		417.42		951
17		66		13		3		110		152		10		266.74		383
18		14		71		5		105		137		10		1004.47		1291
19		27		76		5		151		181		10		895.03		1460
20		47		1		2		136		166		10		417.96		585
21		30		15		3		113		137		10		235.12		450
22		22		50		4		28		60		10		788.47		1117
23		59		58		2		30		68		10		498.86		444
24		70		62		2		103		131		10		495.58		895
25		25		79		3		91		121		10		875.67		866
26		21		75		4		35		71		10		1205.66		1253
27		29		12		2		108		130		10		828.67		1211
28		5		80		4		102		126		10		987.04		1159
29		58		17		3		76		104		10		353.17		620
30		64		78		4		81		117		10		955.2		916
31		61		13		5		106		130		10		1723.33		1772
32		23		44		6		146		176		10		1027.65		1764
33		44		13		6		18		58		10		2720.24		2018
34		44		75		2		92		118		10		946.31		712
35		7		28		2		100		124		10		574.17		631
36		11		69		6		112		148		10		2501.53		2283
37		6		52		4		51		73		10		369.44		468
38		17		41		2		172		202		10		435.44		668
39		26		12		6		78		112		10		1283.81		1861
40		37		9		3		113		135		10		548.04		841
41		57		29		3		44		84		10		982.43		1158
42		11		66		4		37		65		10		869.49		1010
43		19		16		2		152		172		10		229.1		345
44		50		24		4		43		69		10		547.56		876
45		1		55		4		85		113		10		997.24		1589
46		50		31		6		19		47		10		1571.46		1443
47		25		5		3		110		136		10		634.13		1036
48		1		28		2		112		140		10		871.7		868
49		55		42		6		43		71		10		864.26		1232
50		34		54		6		56		90		10		1631.88		1792
51		17		78		5		90		120		10		1461.36		1623
52		40		36		6		108		136		10		851.15		1020
53		17		71		4		135		161		10		981.54		1215
54		70		56		6		40		76		10		1466		1440
55		1		17		3		117		147		10		574.92		720
56		70		0		3		60		86		10		485.64		760
57		3		44		4		36		66		10		1195.37		1176
58		19		6		5		94		124		10		1450.54		1374
59		0		36		5		163		193		10		1178.56		1499
60		28		5		3		128		162		10		633.96		844
61		68		40		6		135		163		10		1806.29		2002
62		16		48		5		123		155		10		882.13		1240
63		15		64		4		124		158		10		456.37		669
64		59		69		3		150		176		10		837.81		936
65		31		64		4		144		166		10		342.71		594
66		35		45		4		0		32		10		1482.94		1527
67		68		21		3		96		130		10		390.52		822
68		49		64		5		39		71		10		2430.02		2682
69		29		34		4		87		117		10		1353.91		1420
70		38		0		3		143		175		10		564.03		674
71		60		38		3		121		145		10		850.52		1240
72		31		75		6		109		145		10		975.58		1653
73		58		26		2		10		48		10		1018.36		970
74		44		51		2		169		201		10		331.13		408
75		29		79		3		102		130		10		539.97		728
76		33		25		6		124		154		10		2310		2089
77		58		23		3		185		205		10		333.29		737
78		63		42		5		156		186		10		1473.5		2059
79		16		16		3		20		50		10		1211.78		1217
80		70		66		6		61		83		10		1501.78		1498
81		19		9		5		97		127		10		1907.44		2268
82		32		4		4		135		167		10		1257.87		1781
83		51		72		2		62		90		10		338.35		504
84		41		79		4		53		83		10		1334.38		1603
85		44		17		4		11		45		10		1708.27		1704
86		1		72		3		148		172		10		803.26		990
87		10		13		5		75		101		10		1171.78		1440
88		51		58		3		55		85		10		715.44		1002
89		54		8		5		36		66		10		823.15		1406
90		65		68		6		66		96		10		1270.46		1912
91		60		2		5		119		147		10		536.04		655
92		13		57		3		39		77		10		524.51		1034
93		33		17		3		20		60		10		379.76		816
94		6		61		3		158		188		10		287.77		426
95		35		68		4		81		105		10		509.87		888
96		65		48		3		90		108		10		569.09		891
97		31		68		4		84		114		10		623.74		648
98		30		25		6		111		139		10		1596.5		1898
99		28		55		2		7		37		10		360.25		324
100		23		16		2		18		52		10		204.97		536

ITEMS
Type		Length		Width		Height		Mass		Fragility	LoadBearingStrength
Bt1		11		5		7		190.19		0		10.0206110
Bt2		9		3		5		90.61		0		37.6614515
Bt3		17		4		6		186.30		0		46.7437218
Bt4		15		4		3		119.49		0		39.0679022
Bt5		11		6		4		195		0		18.5760354
Bt6		9		3		3		71.14		0		20.1227172
Bt7		12		6		7		503.78		1		19.0028995
Bt8		13		5		8		872.07		0		32.3847527
Bt9		10		7		6		330.29		1		7.8504545
Bt10		14		4		8		386.13		0		73.0609166
Bt11		12		4		5		82.58		1		3.7955597
Bt12		7		7		8		125.21		0		59.7419214
Bt13		12		3		8		120.03		0		10.8176465
Bt14		13		3		8		113.38		0		11.5990685
Bt15		7		3		4		49.76		1		23.4352350
Bt16		17		5		4		273.16		1		12.6456247
Bt17		9		2		8		108.65		0		25.0119902
Bt18		14		6		6		322.66		0		20.7265121
Bt19		8		3		3		93.80		0		27.2255264
Bt20		13		4		4		190.69		0		35.6713077
Bt21		9		4		6		165.40		0		18.2454223
Bt22		15		3		8		300.87		0		18.4870989
Bt23		12		4		5		171		0		9.9272512
Bt24		15		3		3		119.76		0		52.1208394
Bt25		7		3		4		64.14		0		24.1514592
Bt26		8		4		4		68.19		0		16.9469554
Bt27		15		6		6		459.95		0		67.4278977
Bt28		10		5		4		283.07		1		23.7134167
Bt29		17		6		5		792.70		0		133.4318186
Bt30		11		6		3		111.36		0		8.5962951
Bt31		13		5		7		491.84		0		26.8265075
Bt32		8		4		7		200.03		0		28.5812774
Bt33		16		7		7		632.15		0		30.8246146
Bt34		11		4		6		247.26		0		35.0521965
Bt35		14		3		5		252.50		0		77.5071119
Bt36		14		6		6		398.43		0		47.6561432
Bt37		12		2		6		136.13		0		280.5852914
Bt38		17		5		7		257.01		0		19.0158181
Bt39		6		6		7		155.79		0		19.8250733
Bt40		9		2		8		139.22		1		11.5554180
Bt41		11		4		6		110.98		0		14.1152048
Bt42		13		3		3		106.30		0		33.9407776
Bt43		16		3		5		86.79		0		43.6533420
Bt44		6		3		3		28.15		0		24.5426184
Bt45		6		5		6		251.60		1		12.9014947
Bt46		8		4		6		163.03		0		31.8414248
Bt47		17		5		7		400.10		0		93.4403184
Bt48		6		5		3		56.72		0		22.7809541
Bt49		15		4		4		227.37		1		19.5617161
Bt50		12		2		4		47.97		0		23.9588108
Bt51		12		4		7		177.65		0		19.2618614
Bt52		6		4		7		154.63		1		25.1673848
Bt53		11		7		3		172.74		0		28.8142242
Bt54		12		4		7		303.79		0		55.6435127
Bt55		10		6		5		95.48		0		13.2660012
Bt56		12		5		7		568.42		1		18.8949357
Bt57		17		4		5		300.68		0		79.0893895
Bt58		11		3		6		185.58		1		9.0914274
Bt59		17		4		4		128.20		0		24.7819549
Bt60		13		2		3		102.92		0		53.0339544
Bt61		11		4		4		82.33		0		40.6606331
Bt62		7		2		6		81.95		0		68.1172059
Bt63		7		2		3		37.69		0		22.1420601
Bt64		9		5		5		149.56		0		31.2689155
Bt65		15		5		5		638.41		0		87.9599386
Bt66		8		3		4		52.49		0		29.9595348
Bt67		17		2		4		55.88		1		7.8280916
Bt68		12		7		5		296.66		0		38.9731905
Bt69		12		7		6		360.02		1		13.7408576
Bt70		14		6		5		344.70		0		75.4173376
Bt71		10		4		3		90.79		0		38.9270993
Bt72		11		6		8		257.55		1		5.7169936
Bt73		12		6		3		123.85		0		127.7775443
Bt74		10		7		3		186.60		0		40.1365231
Bt75		15		7		3		111.17		0		49.3130950
Bt76		16		4		5		117.49		1		12.3905522
Bt77		9		3		3		57.94		0		129.9632921
Bt78		12		5		3		119.49		1		15.6566604
Bt79		12		3		3		88.92		0		25.2034363
Bt80		15		6		7		745.20		0		39.1949607
Bt81		15		4		5		165.82		1		23.2606971
Bt82		10		6		7		176.22		1		6.9251433
Bt83		15		6		5		718.64		1		13.4804526
Bt84		9		3		6		88.82		0		78.1510453
Bt85		11		4		6		144.13		0		28.7507906
Bt86		11		5		4		132.16		0		24.9052676
Bt87		10		4		7		248.02		0		23.1581590
Bt88		17		4		7		317.69		0		19.5240386
Bt89		14		4		8		303.28		0		28.4346375
Bt90		17		5		5		377.76		0		32.8740224
Bt91		14		5		5		124.89		0		73.6321089
Bt92		15		7		5		231.90		0		14.7774098
Bt93		11		5		6		239.11		0		34.8497490
Bt94		16		2		6		74.24		0		34.1895436
Bt95		9		4		6		87.48		0		8.0886126
Bt96		7		5		6		169.98		0		42.9265862
Bt97		14		4		4		130.45		0		21.3883779
Bt98		9		3		6		74.54		0		88.1397695
Bt99		11		3		5		109.61		0		26.9775383
Bt100		11		7		8		571.66		0		80.6097509

DEMANDS PER CUSTOMER
i	Type Quantity
1	Bt5 1	Bt23 1	Bt54 1	Bt87 1	
2	Bt12 1	Bt13 1	Bt20 1	Bt32 1	Bt51 1	Bt74 1	
3	Bt1 1	Bt45 1	Bt59 1	Bt76 1	
4	Bt31 1	Bt53 1	Bt74 1	Bt100 1	
5	Bt3 1	Bt27 1	Bt70 1	Bt71 1	Bt74 1	Bt99 1	
6	Bt25 1	Bt27 1	Bt31 1	Bt39 1	Bt56 1	Bt70 1	
7	Bt27 1	Bt78 1	Bt84 1	Bt95 1	
8	Bt3 1	Bt25 1	Bt46 1	Bt61 1	
9	Bt6 1	Bt11 1	Bt17 1	Bt62 1	Bt78 1	Bt81 1	
10	Bt24 1	Bt97 1	Bt98 1	
11	Bt40 1	Bt73 1	Bt79 1	
12	Bt5 1	Bt21 1	Bt47 1	Bt61 1	Bt74 1	Bt93 1	
13	Bt25 1	Bt37 1	Bt61 1	Bt77 1	
14	Bt53 1	Bt56 1	Bt71 1	Bt75 1	Bt96 1	Bt97 1	
15	Bt3 1	Bt18 1	Bt69 1	
16	Bt41 1	Bt92 1	Bt98 1	
17	Bt2 1	Bt19 1	Bt61 1	
18	Bt2 1	Bt43 1	Bt56 1	Bt59 1	Bt97 1	
19	Bt67 1	Bt70 1	Bt91 1	Bt93 1	Bt97 1	
20	Bt69 1	Bt77 1	
21	Bt4 1	Bt44 1	Bt95 1	
22	Bt6 1	Bt62 1	Bt88 2	
23	Bt34 1	Bt45 1	
24	Bt47 1	Bt55 1	
25	Bt7 1	Bt28 1	Bt84 1	
26	Bt22 1	Bt31 1	Bt49 1	Bt58 1	
27	Bt38 1	Bt100 1	
28	Bt2 1	Bt4 1	Bt7 1	Bt16 1	
29	Bt30 2	Bt97 1	
30	Bt50 1	Bt56 1	Bt71 1	Bt87 1	
31	Bt27 1	Bt58 1	Bt67 1	Bt83 1	Bt89 1	
32	Bt1 1	Bt2 1	Bt3 1	Bt61 1	Bt93 2	
33	Bt8 2	Bt13 1	Bt30 1	Bt42 1	Bt65 1	
34	Bt8 1	Bt94 1	
35	Bt31 1	Bt61 1	
36	Bt14 1	Bt36 1	Bt56 1	Bt63 1	Bt65 1	Bt80 1	
37	Bt19 1	Bt30 1	Bt37 1	Bt44 1	
38	Bt86 1	Bt89 1	
39	Bt6 1	Bt37 1	Bt68 1	Bt70 1	Bt76 1	Bt88 1	
40	Bt6 1	Bt57 1	Bt82 1	
41	Bt14 1	Bt73 1	Bt80 1	
42	Bt10 1	Bt15 1	Bt58 1	Bt87 1	
43	Bt4 1	Bt99 1	
44	Bt11 1	Bt37 1	Bt46 1	Bt81 1	
45	Bt16 1	Bt69 1	Bt86 1	Bt92 1	
46	Bt8 1	Bt28 1	Bt42 1	Bt48 1	Bt81 1	Bt95 1	
47	Bt52 1	Bt82 1	Bt89 1	
48	Bt56 1	Bt89 1	
49	Bt17 2	Bt21 1	Bt22 1	Bt59 1	Bt66 1	
50	Bt7 1	Bt30 1	Bt39 1	Bt45 1	Bt63 1	Bt100 1	
51	Bt9 1	Bt77 1	Bt80 1	Bt84 1	Bt93 1	
52	Bt15 1	Bt22 1	Bt46 1	Bt50 1	Bt60 1	Bt74 1	
53	Bt2 2	Bt56 1	Bt92 1	
54	Bt2 1	Bt18 1	Bt25 1	Bt34 1	Bt60 1	Bt65 1	
55	Bt17 1	Bt21 1	Bt22 1	
56	Bt3 1	Bt17 1	Bt20 1	
57	Bt8 1	Bt26 1	Bt41 1	Bt85 1	
58	Bt7 1	Bt56 1	Bt60 1	Bt74 1	Bt84 1	
59	Bt19 1	Bt56 1	Bt75 1	Bt88 1	Bt95 1	
60	Bt16 1	Bt25 1	Bt68 1	
61	Bt5 1	Bt7 1	Bt35 1	Bt40 1	Bt85 1	Bt100 1	
62	Bt23 1	Bt34 1	Bt50 1	Bt67 1	Bt69 1	
63	Bt17 1	Bt42 1	Bt43 1	Bt52 1	
64	Bt7 1	Bt23 1	Bt46 1	
65	Bt2 1	Bt11 1	Bt15 1	Bt24 1	
66	Bt14 1	Bt16 1	Bt83 1	Bt90 1	
67	Bt6 1	Bt92 1	Bt95 1	
68	Bt7 1	Bt18 1	Bt27 1	Bt36 1	Bt80 1	
69	Bt55 1	Bt57 1	Bt83 1	Bt93 1	
70	Bt28 1	Bt41 1	Bt96 1	
71	Bt33 1	Bt85 1	Bt94 1	
72	Bt3 1	Bt40 1	Bt49 1	Bt51 1	Bt55 1	Bt64 1	
73	Bt16 1	Bt80 1	
74	Bt5 1	Bt37 1	
75	Bt17 1	Bt22 1	Bt97 1	
76	Bt2 1	Bt33 1	Bt39 1	Bt52 1	Bt65 2	
77	Bt55 1	Bt59 1	Bt99 1	
78	Bt22 1	Bt47 1	Bt66 1	Bt69 2	
79	Bt80 1	Bt84 1	Bt90 1	
80	Bt5 1	Bt13 1	Bt20 1	Bt25 1	Bt29 1	Bt40 1	
81	Bt7 1	Bt36 1	Bt47 1	Bt49 1	Bt90 1	
82	Bt36 1	Bt67 1	Bt92 1	Bt100 1	
83	Bt41 1	Bt49 1	
84	Bt2 1	Bt33 1	Bt45 1	Bt69 1	
85	Bt8 1	Bt27 1	Bt32 1	Bt82 1	
86	Bt26 1	Bt33 1	Bt60 1	
87	Bt16 1	Bt20 1	Bt28 1	Bt59 1	Bt68 1	
88	Bt27 1	Bt30 1	Bt85 1	
89	Bt9 1	Bt30 1	Bt59 1	Bt81 1	Bt95 1	
90	Bt51 1	Bt60 1	Bt69 1	Bt89 1	Bt93 1	Bt95 1	
91	Bt15 1	Bt24 1	Bt44 1	Bt57 1	Bt63 1	
92	Bt1 2	Bt85 1	
93	Bt50 1	Bt72 1	Bt94 1	
94	Bt19 1	Bt44 1	Bt81 1	
95	Bt22 1	Bt43 1	Bt50 1	Bt94 1	
96	Bt22 1	Bt53 1	Bt55 1	
97	Bt19 1	Bt20 1	Bt32 1	Bt40 1	
98	Bt16 1	Bt49 1	Bt70 1	Bt71 1	Bt84 1	Bt100 1	
99	Bt17 1	Bt45 1	
100	Bt76 1	Bt95 1	