Name				542_n100_m400_bt3
Number_of_Customers		100
Number_of_Items			400
Number_of_ItemTypes		3
Number_of_Vehicles		40
TimeWindows			1

VEHICLE
Mass_Capacity			12595
CargoSpace_Length		60
CargoSpace_Width		25
CargoSpace_Height		30
Wheelbase			48
Max_Mass_FrontAxle		7100
Max_Mass_RearAxle		11500
Distance_FrontAxle_CargoSpace	4

CUSTOMERS
i		x		y		Demand		ReadyTime	DueDate		ServiceTime	DemandedMass	DemandedVolume
0		35		35		0		0		1000		0		0		0
1		24		51		5		751		971		10		1641.91		8210
2		53		27		6		0		223		10		2052.34		11830
3		38		66		3		667		891		10		986.81		5020
4		25		72		3		168		376		10		1041.45		6280
5		48		68		4		0		954		10		1323.16		6780
6		48		0		5		237		487		10		1648.39		8410
7		3		20		3		0		160		10		986.81		5020
8		53		65		4		170		420		10		1384.28		8240
9		60		68		6		679		893		10		2045.86		11630
10		41		64		3		135		371		10		1010.89		5550
11		65		20		4		807		1000		10		1384.28		8240
12		49		51		5		339		575		10		1696.55		9470
13		35		70		5		0		206		10		1672.47		8940
14		21		6		4		401		641		10		1336.12		7180
15		62		46		4		414		632		10		1353.72		7510
16		12		16		2		587		867		10		661.58		3390
17		7		75		4		0		941		10		1390.76		8440
18		51		20		4		0		968		10		1305.56		6450
19		46		50		3		504		696		10		1010.89		5550
20		23		3		2		60		300		10		661.58		3390
21		59		26		5		697		939		10		1617.83		7680
22		6		2		3		0		946		10		1004.41		5350
23		48		6		3		552		806		10		1017.37		5750
24		62		80		2		0		937		10		692.14		4120
25		18		7		5		59		277		10		1740.07		10600
26		53		7		2		0		956		10		698.62		4320
27		48		80		4		588		836		10		1353.72		7510
28		68		80		6		0		934		10		1967.14		9840
29		26		10		4		176		370		10		1353.72		7510
30		6		66		6		299		597		10		2028.26		11300
31		29		14		6		335		581		10		2021.78		11100
32		46		39		3		707		929		10		1010.89		5550
33		17		15		5		0		154		10		1678.95		9140
34		69		14		4		0		950		10		1360.2		7710
35		32		54		5		196		450		10		1672.47		8940
36		45		26		4		365		641		10		1377.8		8040
37		7		71		4		600		872		10		1390.76		8440
38		2		11		4		0		949		10		1360.2		7710
39		7		62		4		334		550		10		1353.72		7510
40		11		44		4		810		1000		10		1353.72		7510
41		18		66		4		59		301		10		1377.8		8040
42		35		61		3		69		329		10		1004.41		5350
43		52		43		5		371		639		10		1715.99		10070
44		21		41		6		0		974		10		2004.18		10770
45		29		49		4		380		644		10		1360.2		7710
46		13		56		3		577		787		10		986.81		5020
47		43		46		5		0		143		10		1709.51		9870
48		8		38		3		584		820		10		1034.97		6080
49		29		79		5		306		570		10		1654.87		8610
50		54		36		5		59		269		10		1696.55		9470
51		32		65		3		222		422		10		980.33		4820
52		66		40		5		87		345		10		1678.95		9140
53		68		23		5		0		954		10		1672.47		8940
54		54		79		6		448		682		10		2021.78		11100
55		12		4		6		353		605		10		1997.7		10570
56		43		54		5		0		198		10		1672.47		8940
57		1		26		3		683		953		10		1041.45		6280
58		8		9		3		555		795		10		986.81		5020
59		25		47		5		873		1000		10		1703.03		9670
60		19		29		5		812		1000		10		1727.11		10200
61		9		59		3		306		512		10		980.33		4820
62		50		24		3		851		1000		10		1017.37		5750
63		24		37		4		472		688		10		1353.72		7510
64		14		26		4		0		967		10		1384.28		8240
65		11		21		2		716		918		10		685.66		3920
66		57		64		3		0		953		10		956.25		4290
67		60		75		3		0		224		10		986.81		5020
68		52		2		3		357		627		10		1041.45		6280
69		12		67		5		0		225		10		1672.47		8940
70		42		79		3		0		945		10		980.33		4820
71		22		24		5		0		972		10		1665.99		8740
72		45		31		5		0		979		10		1672.47		8940
73		35		3		2		0		958		10		668.06		3590
74		24		60		4		406		638		10		1323.16		6780
75		0		21		3		281		517		10		986.81		5020
76		29		0		3		761		993		10		1010.89		5550
77		52		76		3		482		750		10		1034.97		6080
78		11		53		4		64		254		10		1377.8		8040
79		18		10		3		0		959		10		1028.49		5880
80		56		53		3		0		962		10		1010.89		5550
81		16		21		5		623		899		10		1678.95		9140
82		38		58		6		0		966		10		1991.22		10370
83		69		11		4		212		468		10		1299.08		6250
84		57		76		4		177		473		10		1299.08		6250
85		43		1		4		151		383		10		1329.64		6980
86		50		59		6		500		780		10		1943.06		9310
87		62		18		4		247		475		10		1336.12		7180
88		41		16		4		0		970		10		1366.68		7910
89		60		62		4		294		502		10		1377.8		8040
90		64		69		3		677		911		10		1004.41		5350
91		4		7		5		191		401		10		1703.03		9670
92		64		63		3		176		396		10		1010.89		5550
93		67		73		5		0		940		10		1678.95		9140
94		8		33		4		0		962		10		1305.56		6450
95		17		51		3		0		965		10		1004.41		5350
96		41		38		3		0		983		10		1028.49		5880
97		68		44		3		604		792		10		1028.49		5880
98		0		39		3		143		369		10		1041.45		6280
99		60		21		6		539		795		10		2069.94		12160
100		27		53		2		807		1000		10		661.58		3390

ITEMS
Type		Length		Width		Height		Mass		Fragility	LoadBearingStrength
Bt1		28		10		7		342.83		0		7.2484627
Bt2		18		12		10		349.31		1		2.0303571
Bt3		13		11		10		318.75		0		12.2316047

DEMANDS PER CUSTOMER
i	Type Quantity
1	Bt1 2	Bt3 3	
2	Bt1 2	Bt2 3	Bt3 1	
3	Bt2 1	Bt3 2	
4	Bt1 1	Bt2 2	
5	Bt1 2	Bt3 2	
6	Bt1 1	Bt2 1	Bt3 3	
7	Bt2 1	Bt3 2	
8	Bt1 2	Bt2 2	
9	Bt1 3	Bt2 2	Bt3 1	
10	Bt1 1	Bt2 1	Bt3 1	
11	Bt1 2	Bt2 2	
12	Bt1 3	Bt2 1	Bt3 1	
13	Bt1 2	Bt2 1	Bt3 2	
14	Bt2 2	Bt3 2	
15	Bt1 2	Bt2 1	Bt3 1	
16	Bt1 1	Bt3 1	
17	Bt1 1	Bt2 3	
18	Bt2 1	Bt3 3	
19	Bt1 1	Bt2 1	Bt3 1	
20	Bt1 1	Bt3 1	
21	Bt1 1	Bt3 4	
22	Bt1 2	Bt3 1	
23	Bt2 2	Bt3 1	
24	Bt1 1	Bt2 1	
25	Bt1 1	Bt2 4	
26	Bt2 2	
27	Bt1 2	Bt2 1	Bt3 1	
28	Bt1 1	Bt2 1	Bt3 4	
29	Bt1 2	Bt2 1	Bt3 1	
30	Bt1 1	Bt2 3	Bt3 2	
31	Bt1 2	Bt2 2	Bt3 2	
32	Bt1 1	Bt2 1	Bt3 1	
33	Bt1 1	Bt2 2	Bt3 2	
34	Bt1 1	Bt2 2	Bt3 1	
35	Bt1 2	Bt2 1	Bt3 2	
36	Bt1 3	Bt2 1	
37	Bt1 1	Bt2 3	
38	Bt1 1	Bt2 2	Bt3 1	
39	Bt1 2	Bt2 1	Bt3 1	
40	Bt1 2	Bt2 1	Bt3 1	
41	Bt1 3	Bt2 1	
42	Bt1 2	Bt3 1	
43	Bt2 4	Bt3 1	
44	Bt2 3	Bt3 3	
45	Bt1 1	Bt2 2	Bt3 1	
46	Bt2 1	Bt3 2	
47	Bt1 1	Bt2 3	Bt3 1	
48	Bt1 2	Bt2 1	
49	Bt2 2	Bt3 3	
50	Bt1 3	Bt2 1	Bt3 1	
51	Bt1 1	Bt3 2	
52	Bt1 1	Bt2 2	Bt3 2	
53	Bt1 2	Bt2 1	Bt3 2	
54	Bt1 2	Bt2 2	Bt3 2	
55	Bt1 1	Bt2 2	Bt3 3	
56	Bt1 2	Bt2 1	Bt3 2	
57	Bt1 1	Bt2 2	
58	Bt2 1	Bt3 2	
59	Bt1 2	Bt2 2	Bt3 1	
60	Bt1 3	Bt2 2	
61	Bt1 1	Bt3 2	
62	Bt2 2	Bt3 1	
63	Bt1 2	Bt2 1	Bt3 1	
64	Bt1 2	Bt2 2	
65	Bt1 2	
66	Bt3 3	
67	Bt2 1	Bt3 2	
68	Bt1 1	Bt2 2	
69	Bt1 2	Bt2 1	Bt3 2	
70	Bt1 1	Bt3 2	
71	Bt1 3	Bt3 2	
72	Bt1 2	Bt2 1	Bt3 2	
73	Bt2 1	Bt3 1	
74	Bt1 2	Bt3 2	
75	Bt2 1	Bt3 2	
76	Bt1 1	Bt2 1	Bt3 1	
77	Bt1 2	Bt2 1	
78	Bt1 3	Bt2 1	
79	Bt1 3	
80	Bt1 1	Bt2 1	Bt3 1	
81	Bt1 1	Bt2 2	Bt3 2	
82	Bt1 2	Bt2 1	Bt3 3	
83	Bt1 1	Bt3 3	
84	Bt1 1	Bt3 3	
85	Bt1 1	Bt2 1	Bt3 2	
86	Bt2 1	Bt3 5	
87	Bt2 2	Bt3 2	
88	Bt2 3	Bt3 1	
89	Bt1 3	Bt2 1	
90	Bt1 2	Bt3 1	
91	Bt1 2	Bt2 2	Bt3 1	
92	Bt1 1	Bt2 1	Bt3 1	
93	Bt1 1	Bt2 2	Bt3 2	
94	Bt2 1	Bt3 3	
95	Bt1 2	Bt3 1	
96	Bt1 3	
97	Bt1 3	
98	Bt1 1	Bt2 2	
99	Bt1 4	Bt2 2	
100	Bt1 1	Bt3 1	