Name				544_n100_m400_bt3
Number_of_Customers		100
Number_of_Items			400
Number_of_ItemTypes		3
Number_of_Vehicles		49
TimeWindows			1

VEHICLE
Mass_Capacity			12595
CargoSpace_Length		60
CargoSpace_Width		25
CargoSpace_Height		30
Wheelbase			48
Max_Mass_FrontAxle		7100
Max_Mass_RearAxle		11500
Distance_FrontAxle_CargoSpace	4

CUSTOMERS
i		x		y		Demand		ReadyTime	DueDate		ServiceTime	DemandedMass	DemandedVolume
0		35		35		0		0		1000		0		0		0
1		58		47		4		0		964		10		1714.13		4953
2		18		13		4		0		962		10		2110.22		6162
3		3		39		5		0		957		10		3427.95		10154
4		1		78		4		729		947		10		3000.42		8899
5		54		80		3		0		231		10		1976.75		5864
6		12		62		4		121		365		10		3000.42		8899
7		26		75		4		0		949		10		2800.37		8328
8		23		56		6		0		965		10		3361.37		9881
9		67		26		4		674		918		10		3196.46		9537
10		17		42		4		0		970		10		2208.24		6481
11		12		29		3		0		966		10		1878.73		5545
12		28		22		3		0		975		10		1878.73		5545
13		10		6		3		657		885		10		1976.75		5864
14		51		5		3		0		956		10		2274.82		6754
15		10		78		2		213		445		10		659.02		1872
16		1		43		4		94		384		10		3098.44		9218
17		45		76		4		0		947		10		2306.26		6800
18		55		72		6		29		323		10		4251.57		12618
19		49		51		4		857		1000		10		2506.31		7371
20		6		3		4		0		946		10		3098.44		9218
21		45		26		4		300		538		10		3098.44		9218
22		2		19		4		0		953		10		2110.22		6162
23		23		37		5		0		977		10		3427.95		10154
24		38		21		4		0		975		10		3196.46		9537
25		28		5		5		0		959		10		3129.88		9264
26		50		79		5		0		943		10		2933.84		8626
27		31		46		4		0		978		10		2208.24		6481
28		24		28		2		591		847		10		1647.24		4928
29		61		0		3		286		552		10		1976.75		5864
30		20		41		4		759		1000		10		2506.31		7371
31		64		49		6		0		957		10		4349.59		12937
32		0		36		3		0		954		10		1482.64		4336
33		63		22		3		0		959		10		1384.62		4017
34		68		43		4		822		1000		10		2306.26		6800
35		31		28		6		0		981		10		3757.46		11090
36		21		45		2		690		916		10		1549.22		4609
37		11		53		4		0		960		10		3000.42		8899
38		37		14		5		0		968		10		2439.73		7098
39		24		9		3		0		961		10		2274.82		6754
40		53		75		3		0		946		10		2274.82		6754
41		51		67		3		0		954		10		2372.84		7073
42		60		7		4		0		240		10		2604.33		7690
43		12		18		6		0		961		10		3561.42		10452
44		60		78		3		0		940		10		1976.75		5864
45		24		22		5		0		972		10		3525.97		10473
46		7		44		3		0		960		10		1384.62		4017
47		64		75		2		0		940		10		1647.24		4928
48		3		73		5		0		940		10		2635.77		7736
49		28		60		5		0		964		10		3628		10725
50		14		23		6		0		965		10		4647.66		13827
51		45		59		4		0		964		10		3098.44		9218
52		14		6		6		0		954		10		3263.35		9562
53		30		69		5		0		955		10		2537.75		7417
54		44		44		4		0		977		10		3196.46		9537
55		25		15		3		0		967		10		1976.75		5864
56		20		72		4		0		950		10		2604.33		7690
57		52		8		5		0		958		10		3129.88		9264
58		35		53		3		562		818		10		2372.84		7073
59		50		75		3		0		947		10		1878.73		5545
60		56		19		5		0		963		10		2537.75		7417
61		10		75		2		0		942		10		1055.11		3081
62		50		41		5		0		973		10		2835.82		8307
63		11		15		5		0		958		10		3427.95		10154
64		39		47		5		0		977		10		2933.84		8626
65		47		23		4		821		1000		10		3196.46		9537
66		8		41		3		538		792		10		1384.62		4017
67		19		61		6		0		959		10		3757.46		11090
68		22		60		2		0		961		10		659.02		1872
69		38		1		5		0		955		10		2043.64		5889
70		41		42		5		0		980		10		3427.95		10154
71		41		56		5		0		968		10		3427.95		10154
72		29		19		6		0		972		10		3361.37		9881
73		0		63		2		0		150		10		659.02		1872
74		49		61		4		0		960		10		2306.26		6800
75		18		36		3		0		972		10		1384.62		4017
76		6		6		3		554		748		10		2274.82		6754
77		13		2		5		584		800		10		2933.84		8626
78		63		13		4		0		179		10		2604.33		7690
79		32		5		3		0		959		10		1780.71		5226
80		61		41		4		0		963		10		2208.24		6481
81		19		30		4		0		973		10		2800.37		8328
82		24		66		2		0		957		10		1153.13		3400
83		63		27		5		0		960		10		3427.95		10154
84		6		80		2		0		936		10		1153.13		3400
85		3		16		2		0		952		10		1153.13		3400
86		18		75		4		188		452		10		3196.46		9537
87		22		53		3		0		967		10		2470.86		7392
88		7		21		5		0		958		10		3427.95		10154
89		11		58		3		0		956		10		1482.64		4336
90		62		36		5		0		962		10		3329.93		9835
91		30		55		5		241		479		10		3427.95		10154
92		1		55		2		0		950		10		1153.13		3400
93		14		35		4		0		969		10		2110.22		6162
94		26		48		5		0		974		10		2835.82		8307
95		45		70		5		0		953		10		4020.08		12001
96		38		5		4		0		959		10		3098.44		9218
97		10		9		3		0		953		10		1976.75		5864
98		38		51		6		0		973		10		3757.46		11090
99		52		24		6		0		969		10		3263.35		9562
100		69		65		3		0		944		10		1482.64		4336

ITEMS
Type		Length		Width		Height		Mass		Fragility	LoadBearingStrength
Bt1		13		9		8		329.51		1		3.9891366
Bt2		33		5		13		725.60		0		21.9709617
Bt3		32		11		7		823.62		0		11.1542864

DEMANDS PER CUSTOMER
i	Type Quantity
1	Bt1 3	Bt2 1	
2	Bt1 2	Bt2 2	
3	Bt1 1	Bt2 2	Bt3 2	
4	Bt2 3	Bt3 1	
5	Bt1 1	Bt3 2	
6	Bt2 3	Bt3 1	
7	Bt1 1	Bt3 3	
8	Bt1 3	Bt2 1	Bt3 2	
9	Bt2 1	Bt3 3	
10	Bt1 2	Bt2 1	Bt3 1	
11	Bt1 1	Bt2 1	Bt3 1	
12	Bt1 1	Bt2 1	Bt3 1	
13	Bt1 1	Bt3 2	
14	Bt2 2	Bt3 1	
15	Bt1 2	
16	Bt2 2	Bt3 2	
17	Bt1 2	Bt3 2	
18	Bt1 1	Bt2 2	Bt3 3	
19	Bt1 1	Bt2 3	
20	Bt2 2	Bt3 2	
21	Bt2 2	Bt3 2	
22	Bt1 2	Bt2 2	
23	Bt1 1	Bt2 2	Bt3 2	
24	Bt2 1	Bt3 3	
25	Bt1 2	Bt3 3	
26	Bt1 2	Bt2 2	Bt3 1	
27	Bt1 2	Bt2 1	Bt3 1	
28	Bt3 2	
29	Bt1 1	Bt3 2	
30	Bt1 1	Bt2 3	
31	Bt1 1	Bt2 1	Bt3 4	
32	Bt1 2	Bt3 1	
33	Bt1 2	Bt2 1	
34	Bt1 2	Bt3 2	
35	Bt1 2	Bt2 2	Bt3 2	
36	Bt2 1	Bt3 1	
37	Bt2 3	Bt3 1	
38	Bt1 3	Bt2 2	
39	Bt2 2	Bt3 1	
40	Bt2 2	Bt3 1	
41	Bt2 1	Bt3 2	
42	Bt1 1	Bt2 2	Bt3 1	
43	Bt1 2	Bt2 4	
44	Bt1 1	Bt3 2	
45	Bt1 1	Bt2 1	Bt3 3	
46	Bt1 2	Bt2 1	
47	Bt3 2	
48	Bt1 3	Bt3 2	
49	Bt2 5	
50	Bt2 3	Bt3 3	
51	Bt2 2	Bt3 2	
52	Bt1 3	Bt2 2	Bt3 1	
53	Bt1 3	Bt2 1	Bt3 1	
54	Bt2 1	Bt3 3	
55	Bt1 1	Bt3 2	
56	Bt1 1	Bt2 2	Bt3 1	
57	Bt1 2	Bt3 3	
58	Bt2 1	Bt3 2	
59	Bt1 1	Bt2 1	Bt3 1	
60	Bt1 3	Bt2 1	Bt3 1	
61	Bt1 1	Bt2 1	
62	Bt1 2	Bt2 3	
63	Bt1 1	Bt2 2	Bt3 2	
64	Bt1 2	Bt2 2	Bt3 1	
65	Bt2 1	Bt3 3	
66	Bt1 2	Bt2 1	
67	Bt1 2	Bt2 2	Bt3 2	
68	Bt1 2	
69	Bt1 4	Bt2 1	
70	Bt1 1	Bt2 2	Bt3 2	
71	Bt1 1	Bt2 2	Bt3 2	
72	Bt1 3	Bt2 1	Bt3 2	
73	Bt1 2	
74	Bt1 2	Bt3 2	
75	Bt1 2	Bt2 1	
76	Bt2 2	Bt3 1	
77	Bt1 2	Bt2 2	Bt3 1	
78	Bt1 1	Bt2 2	Bt3 1	
79	Bt1 1	Bt2 2	
80	Bt1 2	Bt2 1	Bt3 1	
81	Bt1 1	Bt3 3	
82	Bt1 1	Bt3 1	
83	Bt1 1	Bt2 2	Bt3 2	
84	Bt1 1	Bt3 1	
85	Bt1 1	Bt3 1	
86	Bt2 1	Bt3 3	
87	Bt3 3	
88	Bt1 1	Bt2 2	Bt3 2	
89	Bt1 2	Bt3 1	
90	Bt1 1	Bt2 3	Bt3 1	
91	Bt1 1	Bt2 2	Bt3 2	
92	Bt1 1	Bt3 1	
93	Bt1 2	Bt2 2	
94	Bt1 2	Bt2 3	
95	Bt2 1	Bt3 4	
96	Bt2 2	Bt3 2	
97	Bt1 1	Bt3 2	
98	Bt1 2	Bt2 2	Bt3 2	
99	Bt1 3	Bt2 2	Bt3 1	
100	Bt1 2	Bt3 1	