Name				547_n100_m400_bt10
Number_of_Customers		100
Number_of_Items			400
Number_of_ItemTypes		10
Number_of_Vehicles		51
TimeWindows			1

VEHICLE
Mass_Capacity			12595
CargoSpace_Length		60
CargoSpace_Width		25
CargoSpace_Height		30
Wheelbase			48
Max_Mass_FrontAxle		7100
Max_Mass_RearAxle		11500
Distance_FrontAxle_CargoSpace	4

CUSTOMERS
i		x		y		Demand		ReadyTime	DueDate		ServiceTime	DemandedMass	DemandedVolume
0		35		35		0		0		1000		0		0		0
1		8		36		4		539		797		10		2252.73		11458
2		36		62		3		275		533		10		2243.37		9522
3		48		73		3		182		412		10		1137.91		4520
4		33		45		3		526		772		10		1410.95		7384
5		25		67		2		0		167		10		609.64		2242
6		49		29		3		53		261		10		865.79		3820
7		70		8		6		0		193		10		2335.67		7921
8		61		40		6		0		233		10		3687.72		10800
9		68		21		3		433		667		10		1572.94		6165
10		20		52		4		655		859		10		1745.92		9392
11		59		62		4		808		1000		10		1867.47		7985
12		37		28		2		861		1000		10		1920.05		6552
13		54		54		4		320		598		10		2045.03		9944
14		66		80		2		253		425		10		1098.59		5180
15		12		76		4		495		771		10		1717.13		8242
16		3		61		3		0		144		10		1814.38		5978
17		32		73		4		404		654		10		1653.73		8370
18		41		79		5		396		606		10		4116.8		14540
19		11		67		6		668		914		10		3092.34		12638
20		23		28		4		795		1000		10		2415.43		11508
21		28		56		5		155		413		10		3049.06		10252
22		1		36		3		344		584		10		1104.88		7490
23		51		57		5		495		789		10		1777.92		6221
24		47		62		3		47		277		10		1920.48		8924
25		18		68		5		422		678		10		2615.83		10828
26		26		10		4		795		1000		10		2042.51		5950
27		47		70		3		299		587		10		1751.53		5121
28		20		30		4		75		277		10		1486.94		5392
29		53		22		4		567		801		10		1198.7		5882
30		46		43		4		597		881		10		2149.67		9394
31		65		36		5		252		460		10		1973.31		8564
32		53		19		4		430		706		10		2185.24		8658
33		64		56		4		537		739		10		1653.73		8370
34		62		50		3		334		586		10		1328.47		3922
35		68		77		6		741		1000		10		2010.88		11594
36		64		0		6		700		942		10		3093.22		12695
37		27		48		3		84		358		10		1489.55		3902
38		69		73		4		369		619		10		1896.95		7407
39		25		2		5		155		377		10		2364.03		10082
40		8		15		2		723		957		10		1145.21		6714
41		51		25		5		552		728		10		2308.14		10864
42		12		10		4		800		1000		10		1271.22		7103
43		1		80		2		361		603		10		1151.25		4815
44		10		29		5		228		468		10		2951.38		10144
45		17		31		3		776		1000		10		1728.67		6316
46		69		40		3		182		412		10		1266.87		6271
47		43		57		5		820		1000		10		3679.45		15496
48		16		19		4		437		635		10		1366.04		4492
49		12		2		4		445		727		10		1984.82		7894
50		0		8		3		385		627		10		1139.71		6741
51		53		2		3		315		559		10		1899.61		7658
52		52		62		5		638		816		10		2081.32		8564
53		64		13		4		509		769		10		1525.32		5634
54		63		22		5		587		799		10		1556.16		9831
55		1		66		5		437		739		10		2640.8		8717
56		18		3		6		39		255		10		3516.28		13894
57		57		26		3		745		1000		10		1451.17		3660
58		59		37		2		183		445		10		653.37		2313
59		21		60		4		829		1000		10		2051.99		9286
60		39		3		5		239		445		10		3819.66		14210
61		29		62		4		198		464		10		1890.91		9306
62		25		15		3		580		774		10		1938.31		9308
63		23		42		3		0		181		10		1943.34		7729
64		58		75		6		783		997		10		2392.33		12363
65		50		37		4		347		579		10		1628.35		5571
66		39		11		4		5		283		10		2249.84		9995
67		40		31		6		557		775		10		3277.16		11480
68		4		39		5		674		886		10		1980.46		9691
69		45		77		5		726		992		10		3226.96		10936
70		5		65		6		554		820		10		2203.38		12474
71		3		31		4		156		352		10		3600.98		10690
72		45		26		2		53		287		10		617.85		4790
73		48		21		4		123		409		10		1956.25		10656
74		64		31		6		347		545		10		2276.37		8055
75		44		74		3		834		1000		10		970.65		7182
76		62		74		5		684		930		10		1840.99		10990
77		45		46		6		334		576		10		2818.02		7824
78		29		52		4		389		639		10		2267.35		8971
79		67		65		2		0		191		10		617.85		4790
80		29		73		4		202		466		10		1374.94		5312
81		24		34		6		56		310		10		3109.85		11614
82		2		58		2		535		759		10		1145.9		4986
83		67		54		4		68		254		10		1611.8		10520
84		70		18		3		478		714		10		1201.31		4392
85		8		3		3		685		899		10		1805.48		5158
86		32		54		4		442		626		10		1262.32		6283
87		53		30		6		117		365		10		2538.24		13518
88		25		78		6		518		758		10		2896.59		11691
89		69		45		2		690		866		10		1145.9		4986
90		12		39		4		635		925		10		3534.03		13210
91		49		15		2		49		257		10		653.37		2313
92		17		62		4		249		537		10		2426.63		6730
93		18		74		4		615		793		10		1805.91		7530
94		39		59		2		380		518		10		618.54		3062
95		21		77		4		740		964		10		1554.8		5056
96		62		37		6		531		741		10		2905.56		8451
97		10		6		4		258		476		10		1195.15		4891
98		5		68		3		476		700		10		971.34		5454
99		16		45		4		46		304		10		2045.37		8669
100		17		15		4		696		890		10		1419.3		9640

ITEMS
Type		Length		Width		Height		Mass		Fragility	LoadBearingStrength
Bt1		30		9		11		323.32		0		6.5445867
Bt2		25		5		8		285.63		0		18.8721498
Bt3		17		7		9		329.36		0		29.3266695
Bt4		14		13		10		294.53		0		19.4757980
Bt5		25		6		9		421.69		0		14.0423476
Bt6		23		6		9		324.01		0		7.1980836
Bt7		19		10		7		582.77		0		23.6386486
Bt8		18		13		12		1098.16		0		55.9043640
Bt9		35		10		11		515.82		1		1.4227327
Bt10		24		12		13		821.89		1		3.4421141

DEMANDS PER CUSTOMER
i	Type Quantity
1	Bt1 1	Bt2 1	Bt10 2	
2	Bt1 1	Bt8 1	Bt10 1	
3	Bt4 1	Bt5 2	
4	Bt4 2	Bt10 1	
5	Bt2 1	Bt6 1	
6	Bt2 2	Bt4 1	
7	Bt2 1	Bt3 1	Bt4 1	Bt5 2	Bt7 1	
8	Bt5 2	Bt6 2	Bt8 2	
9	Bt3 1	Bt5 1	Bt10 1	
10	Bt1 1	Bt6 1	Bt7 1	Bt9 1	
11	Bt3 1	Bt4 1	Bt5 1	Bt10 1	
12	Bt8 1	Bt10 1	
13	Bt2 1	Bt5 1	Bt9 1	Bt10 1	
14	Bt7 1	Bt9 1	
15	Bt4 1	Bt6 1	Bt7 1	Bt9 1	
16	Bt4 1	Bt5 1	Bt8 1	
17	Bt4 1	Bt5 2	Bt9 1	
18	Bt7 1	Bt8 2	Bt9 1	Bt10 1	
19	Bt2 2	Bt4 1	Bt7 1	Bt10 2	
20	Bt2 1	Bt8 1	Bt9 2	
21	Bt2 1	Bt5 2	Bt8 1	Bt10 1	
22	Bt4 2	Bt9 1	
23	Bt2 2	Bt3 1	Bt4 1	Bt7 1	
24	Bt7 1	Bt9 1	Bt10 1	
25	Bt2 1	Bt4 1	Bt5 1	Bt8 1	Bt9 1	
26	Bt2 1	Bt3 2	Bt8 1	
27	Bt3 1	Bt6 1	Bt8 1	
28	Bt2 1	Bt4 1	Bt6 1	Bt7 1	
29	Bt2 1	Bt4 2	Bt6 1	
30	Bt1 1	Bt5 1	Bt7 1	Bt10 1	
31	Bt2 3	Bt4 1	Bt10 1	
32	Bt2 2	Bt8 1	Bt9 1	
33	Bt4 1	Bt5 2	Bt9 1	
34	Bt5 1	Bt6 1	Bt7 1	
35	Bt1 2	Bt4 1	Bt5 1	Bt6 2	
36	Bt3 1	Bt5 2	Bt7 1	Bt9 1	Bt10 1	
37	Bt6 1	Bt7 2	
38	Bt3 1	Bt5 1	Bt6 1	Bt10 1	
39	Bt1 1	Bt4 1	Bt6 2	Bt8 1	
40	Bt1 1	Bt10 1	
41	Bt1 1	Bt2 1	Bt4 1	Bt7 1	Bt10 1	
42	Bt1 1	Bt3 1	Bt4 1	Bt6 1	
43	Bt3 1	Bt10 1	
44	Bt2 1	Bt5 1	Bt6 1	Bt8 1	Bt10 1	
45	Bt6 1	Bt7 1	Bt10 1	
46	Bt3 1	Bt5 1	Bt9 1	
47	Bt5 1	Bt8 1	Bt9 1	Bt10 2	
48	Bt2 1	Bt3 2	Bt5 1	
49	Bt2 1	Bt4 1	Bt7 1	Bt10 1	
50	Bt3 1	Bt4 1	Bt9 1	
51	Bt2 1	Bt8 1	Bt9 1	
52	Bt3 2	Bt6 1	Bt7 1	Bt9 1	
53	Bt4 1	Bt6 2	Bt7 1	
54	Bt1 2	Bt2 1	Bt3 1	Bt4 1	
55	Bt3 1	Bt6 1	Bt7 2	Bt10 1	
56	Bt3 2	Bt5 1	Bt8 1	Bt9 1	Bt10 1	
57	Bt2 1	Bt7 2	
58	Bt3 1	Bt6 1	
59	Bt1 1	Bt6 1	Bt7 1	Bt10 1	
60	Bt2 1	Bt8 2	Bt9 1	Bt10 1	
61	Bt1 1	Bt5 1	Bt6 1	Bt10 1	
62	Bt4 1	Bt10 2	
63	Bt3 1	Bt8 1	Bt9 1	
64	Bt2 1	Bt3 1	Bt5 1	Bt6 1	Bt9 2	
65	Bt3 1	Bt4 1	Bt5 1	Bt7 1	
66	Bt3 1	Bt7 1	Bt9 1	Bt10 1	
67	Bt3 2	Bt5 1	Bt7 1	Bt8 1	Bt9 1	
68	Bt1 2	Bt3 1	Bt5 1	Bt7 1	
69	Bt1 1	Bt2 1	Bt5 1	Bt8 2	
70	Bt1 1	Bt4 1	Bt5 1	Bt6 2	Bt9 1	
71	Bt7 1	Bt8 2	Bt10 1	
72	Bt1 1	Bt4 1	
73	Bt4 1	Bt6 1	Bt9 1	Bt10 1	
74	Bt3 1	Bt4 1	Bt5 1	Bt6 2	Bt7 1	
75	Bt1 2	Bt6 1	
76	Bt1 1	Bt2 1	Bt4 1	Bt5 1	Bt9 1	
77	Bt5 1	Bt6 2	Bt7 3	
78	Bt3 1	Bt6 1	Bt8 1	Bt9 1	
79	Bt1 1	Bt4 1	
80	Bt3 2	Bt4 1	Bt5 1	
81	Bt2 2	Bt4 1	Bt6 1	Bt8 1	Bt10 1	
82	Bt6 1	Bt10 1	
83	Bt2 1	Bt4 1	Bt9 2	
84	Bt4 1	Bt6 1	Bt7 1	
85	Bt2 1	Bt5 1	Bt8 1	
86	Bt1 1	Bt2 1	Bt3 1	Bt6 1	
87	Bt1 2	Bt5 1	Bt6 2	Bt10 1	
88	Bt3 3	Bt4 1	Bt8 1	Bt9 1	
89	Bt6 1	Bt10 1	
90	Bt8 2	Bt9 1	Bt10 1	
91	Bt3 1	Bt6 1	
92	Bt5 1	Bt6 1	Bt7 1	Bt8 1	
93	Bt2 1	Bt5 1	Bt7 1	Bt9 1	
94	Bt4 1	Bt6 1	
95	Bt6 3	Bt7 1	
96	Bt2 2	Bt3 1	Bt6 1	Bt7 1	Bt8 1	
97	Bt2 2	Bt3 1	Bt4 1	
98	Bt1 1	Bt6 2	
99	Bt1 1	Bt3 1	Bt4 1	Bt8 1	
100	Bt1 1	Bt2 1	Bt4 1	Bt9 1	