Name				548_n100_m400_bt10
Number_of_Customers		100
Number_of_Items			400
Number_of_ItemTypes		10
Number_of_Vehicles		41
TimeWindows			1

VEHICLE
Mass_Capacity			12595
CargoSpace_Length		60
CargoSpace_Width		25
CargoSpace_Height		30
Wheelbase			48
Max_Mass_FrontAxle		7100
Max_Mass_RearAxle		11500
Distance_FrontAxle_CargoSpace	4

CUSTOMERS
i		x		y		Demand		ReadyTime	DueDate		ServiceTime	DemandedMass	DemandedVolume
0		35		35		0		0		1000		0		0		0
1		62		72		5		0		944		10		2286.37		12936
2		69		78		3		0		935		10		789.18		4844
3		12		72		2		0		946		10		344.78		2380
4		33		14		4		0		968		10		1143.14		7190
5		38		52		2		74		326		10		363.46		2380
6		40		69		5		0		955		10		2273.02		10901
7		25		65		6		0		958		10		2330.19		12873
8		60		25		3		0		963		10		732.36		4700
9		53		20		4		455		711		10		1421.93		7801
10		5		67		6		565		789		10		1944.63		8491
11		22		34		3		0		976		10		1305.19		7014
12		39		48		4		0		976		10		2020.72		9134
13		30		64		4		0		960		10		1586.57		8247
14		55		77		4		0		943		10		987.61		3903
15		10		48		6		815		1000		10		2147.56		13508
16		59		69		4		0		948		10		806.48		5770
17		55		32		4		0		969		10		1506.28		9698
18		59		77		3		0		941		10		468.04		1930
19		23		60		5		0		962		10		2057.45		12620
20		28		57		2		0		966		10		865.91		3590
21		52		47		3		0		969		10		1034.97		5060
22		4		38		6		0		958		10		1952.22		12940
23		69		73		5		786		1000		10		2180.1		10347
24		53		54		5		0		963		10		1153.74		8646
25		0		66		3		0		943		10		1067.21		6020
26		46		2		4		0		955		10		1002.55		3877
27		15		1		3		0		950		10		1073.87		5460
28		30		1		5		99		347		10		1755.63		9717
29		42		64		3		0		960		10		1001.82		6398
30		27		39		5		562		814		10		1386.44		9214
31		47		73		2		0		181		10		641.28		3810
32		14		49		5		0		964		10		753.86		4896
33		48		5		2		0		957		10		576.1		3934
34		32		58		4		0		966		10		968.64		5780
35		20		5		6		0		956		10		2338.76		12351
36		48		17		3		0		967		10		796.37		4487
37		38		3		5		0		957		10		1143.34		9180
38		68		35		3		0		957		10		485.34		2916
39		11		52		5		0		960		10		1216.44		8086
40		16		35		4		0		971		10		1421.93		7801
41		35		48		3		0		977		10		1058.93		5486
42		47		51		6		82		266		10		2388.68		10975
43		37		78		3		101		391		10		1356.4		6097
44		23		2		4		140		340		10		1809.65		10314
45		7		27		4		0		960		10		1788.02		8566
46		20		80		3		108		356		10		1334.27		6480
47		48		36		3		687		929		10		1827.08		8480
48		33		68		4		0		956		10		979.04		5246
49		29		4		6		0		958		10		2280.18		10436
50		57		44		2		463		703		10		344.78		2380
51		49		45		3		665		891		10		510.68		2356
52		65		60		2		0		950		10		363.46		2380
53		50		64		3		0		957		10		815.05		4487
54		14		54		2		0		961		10		698.86		4210
55		36		39		5		0		985		10		1766.03		9183
56		57		16		4		0		960		10		1218.14		8000
57		19		23		5		0		970		10		1437.16		8124
58		16		66		6		0		953		10		2768.91		15544
59		9		57		4		0		955		10		1204.58		7040
60		14		11		6		0		958		10		2345.42		11791
61		50		71		4		0		951		10		921.46		4846
62		12		29		5		447		665		10		847.42		6282
63		7		22		3		83		327		10		835.85		3419
64		63		11		6		0		953		10		1556.05		6882
65		45		29		5		0		978		10		1580.38		10880
66		28		12		3		125		335		10		731.6		4444
67		12		45		2		0		248		10		671.33		2457
68		54		1		2		0		951		10		358.92		1872
69		37		9		5		0		963		10		1616.33		8711
70		61		40		2		0		963		10		562.54		2974
71		9		61		4		0		953		10		1236.06		7744
72		70		11		3		248		460		10		485.34		2916
73		22		53		4		0		967		10		1932.41		10590
74		19		15		3		0		964		10		1117.89		4900
75		63		16		3		94		264		10		823.9		6240
76		53		9		5		0		958		10		2426.36		11875
77		60		2		6		0		948		10		1780.89		10720
78		66		24		6		0		957		10		1868.46		7467
79		49		58		5		0		963		10		2576.39		11517
80		42		78		5		289		499		10		1862.12		8927
81		61		22		3		775		1000		10		996.21		5337
82		25		16		3		0		968		10		642.54		3340
83		61		31		4		0		963		10		1209.29		6247
84		2		19		2		0		953		10		316.28		1446
85		17		63		4		0		956		10		1468.14		9554
86		10		23		3		714		940		10		1277.45		6336
87		46		8		5		0		960		10		1719.86		8477
88		47		14		6		0		965		10		1873.77		10227
89		48		54		6		0		966		10		2046.14		11080
90		43		26		5		0		977		10		1909.32		10570
91		38		23		4		0		977		10		2366.73		10176
92		54		6		4		0		955		10		1038.56		7580
93		22		29		4		323		569		10		907.32		5354
94		42		40		5		0		981		10		1906.14		8367
95		60		54		3		0		958		10		989.02		5694
96		30		30		3		0		982		10		1092.55		5460
97		70		4		4		0		943		10		943.3		6340
98		36		61		4		0		963		10		1603.71		8230
99		26		52		4		0		970		10		987.61		3903
100		40		15		5		0		969		10		987.32		5720

ITEMS
Type		Length		Width		Height		Mass		Fragility	LoadBearingStrength
Bt1		22		14		10		729.09		0		21.2686663
Bt2		16		14		11		425.72		0		11.9570095
Bt3		14		5		13		194.40		0		13.8748453
Bt4		21		7		10		150.38		0		3.7448670
Bt5		29		10		8		368.90		0		4.1513291
Bt6		30		7		7		169.06		0		3.5984181
Bt7		26		6		6		179.46		0		46.0634274
Bt8		30		10		11		504.46		1		1.3637688
Bt9		17		5		6		136.82		1		3.7674763
Bt10		17		7		13		476.93		0		18.6384998

DEMANDS PER CUSTOMER
i	Type Quantity
1	Bt1 1	Bt5 1	Bt7 1	Bt8 2	
2	Bt2 1	Bt3 1	Bt6 1	
3	Bt3 1	Bt4 1	
4	Bt2 1	Bt5 1	Bt6 1	Bt7 1	
5	Bt3 1	Bt6 1	
6	Bt1 1	Bt2 1	Bt8 1	Bt9 1	Bt10 1	
7	Bt2 4	Bt4 1	Bt10 1	
8	Bt3 1	Bt5 1	Bt6 1	
9	Bt2 1	Bt4 1	Bt5 1	Bt10 1	
10	Bt3 1	Bt4 1	Bt6 1	Bt10 3	
11	Bt1 1	Bt2 1	Bt4 1	
12	Bt1 2	Bt2 1	Bt9 1	
13	Bt2 1	Bt7 1	Bt8 1	Bt10 1	
14	Bt3 1	Bt7 1	Bt9 1	Bt10 1	
15	Bt2 2	Bt4 1	Bt8 2	Bt9 1	
16	Bt4 2	Bt5 1	Bt9 1	
17	Bt2 2	Bt4 1	Bt8 1	
18	Bt3 1	Bt9 2	
19	Bt1 1	Bt4 1	Bt6 1	Bt8 2	
20	Bt1 1	Bt9 1	
21	Bt1 1	Bt6 1	Bt9 1	
22	Bt2 1	Bt6 2	Bt7 1	Bt8 2	
23	Bt1 1	Bt2 1	Bt5 1	Bt7 1	Bt10 1	
24	Bt4 2	Bt6 1	Bt7 1	Bt8 1	
25	Bt1 1	Bt6 2	
26	Bt3 2	Bt9 1	Bt10 1	
27	Bt1 1	Bt3 1	Bt4 1	
28	Bt2 1	Bt6 1	Bt7 1	Bt8 1	Bt10 1	
29	Bt2 2	Bt4 1	
30	Bt2 1	Bt4 1	Bt6 1	Bt8 1	Bt9 1	
31	Bt8 1	Bt9 1	
32	Bt4 2	Bt7 1	Bt9 2	
33	Bt2 1	Bt4 1	
34	Bt2 1	Bt3 1	Bt6 1	Bt7 1	
35	Bt1 1	Bt2 1	Bt5 1	Bt6 2	Bt10 1	
36	Bt4 1	Bt6 1	Bt10 1	
37	Bt4 2	Bt6 2	Bt8 1	
38	Bt6 1	Bt7 1	Bt9 1	
39	Bt3 1	Bt6 2	Bt7 1	Bt8 1	
40	Bt2 1	Bt4 1	Bt5 1	Bt10 1	
41	Bt1 1	Bt4 1	Bt7 1	
42	Bt1 1	Bt2 2	Bt3 1	Bt9 1	Bt10 1	
43	Bt1 1	Bt4 1	Bt10 1	
44	Bt1 1	Bt2 1	Bt4 1	Bt8 1	
45	Bt1 2	Bt4 1	Bt7 1	
46	Bt1 1	Bt2 1	Bt7 1	
47	Bt1 2	Bt5 1	
48	Bt2 1	Bt3 1	Bt7 2	
49	Bt1 2	Bt5 1	Bt7 1	Bt9 2	
50	Bt3 1	Bt4 1	
51	Bt3 1	Bt7 1	Bt9 1	
52	Bt3 1	Bt6 1	
53	Bt6 2	Bt10 1	
54	Bt3 1	Bt8 1	
55	Bt2 1	Bt7 2	Bt8 1	Bt10 1	
56	Bt3 1	Bt4 1	Bt5 1	Bt8 1	
57	Bt2 1	Bt5 2	Bt9 2	
58	Bt1 1	Bt2 2	Bt7 1	Bt8 2	
59	Bt3 1	Bt5 1	Bt8 1	Bt9 1	
60	Bt1 1	Bt2 1	Bt3 1	Bt4 1	Bt5 1	Bt10 1	
61	Bt2 1	Bt7 2	Bt9 1	
62	Bt4 1	Bt6 2	Bt7 2	
63	Bt7 2	Bt10 1	
64	Bt1 1	Bt3 1	Bt7 2	Bt9 2	
65	Bt5 2	Bt6 2	Bt8 1	
66	Bt2 1	Bt6 1	Bt9 1	
67	Bt3 1	Bt10 1	
68	Bt7 2	
69	Bt2 1	Bt3 1	Bt4 1	Bt5 1	Bt10 1	
70	Bt2 1	Bt9 1	
71	Bt2 1	Bt6 1	Bt8 1	Bt9 1	
72	Bt6 1	Bt7 1	Bt9 1	
73	Bt1 1	Bt3 1	Bt8 2	
74	Bt1 1	Bt3 2	
75	Bt4 1	Bt6 1	Bt8 1	
76	Bt1 1	Bt2 2	Bt5 1	Bt10 1	
77	Bt1 1	Bt3 1	Bt4 1	Bt5 1	Bt6 2	
78	Bt1 1	Bt3 2	Bt9 2	Bt10 1	
79	Bt1 2	Bt8 1	Bt9 1	Bt10 1	
80	Bt1 1	Bt4 1	Bt5 1	Bt9 1	Bt10 1	
81	Bt4 1	Bt5 1	Bt10 1	
82	Bt5 1	Bt9 2	
83	Bt3 1	Bt5 1	Bt6 1	Bt10 1	
84	Bt7 1	Bt9 1	
85	Bt2 1	Bt5 1	Bt6 1	Bt8 1	
86	Bt1 1	Bt5 1	Bt7 1	
87	Bt1 1	Bt3 1	Bt4 1	Bt6 1	Bt10 1	
88	Bt2 1	Bt4 1	Bt7 1	Bt8 1	Bt9 1	Bt10 1	
89	Bt1 2	Bt4 3	Bt9 1	
90	Bt1 2	Bt4 3	
91	Bt1 3	Bt7 1	
92	Bt4 2	Bt5 2	
93	Bt2 1	Bt3 1	Bt4 1	Bt9 1	
94	Bt1 1	Bt3 1	Bt5 1	Bt9 1	Bt10 1	
95	Bt2 1	Bt3 1	Bt5 1	
96	Bt1 1	Bt3 1	Bt6 1	
97	Bt2 1	Bt6 2	Bt7 1	
98	Bt1 1	Bt5 2	Bt9 1	
99	Bt3 1	Bt7 1	Bt9 1	Bt10 1	
100	Bt3 1	Bt4 1	Bt5 1	Bt9 2	