Name				549_n100_m400_bt10
Number_of_Customers		100
Number_of_Items			400
Number_of_ItemTypes		10
Number_of_Vehicles		45
TimeWindows			1

VEHICLE
Mass_Capacity			12595
CargoSpace_Length		60
CargoSpace_Width		25
CargoSpace_Height		30
Wheelbase			48
Max_Mass_FrontAxle		7100
Max_Mass_RearAxle		11500
Distance_FrontAxle_CargoSpace	4

CUSTOMERS
i		x		y		Demand		ReadyTime	DueDate		ServiceTime	DemandedMass	DemandedVolume
0		35		35		0		0		1000		0		0		0
1		20		34		5		0		974		10		2312.03		13634
2		31		12		3		0		966		10		1574.3		6057
3		21		62		5		539		755		10		2006.52		10910
4		16		38		3		184		446		10		1156.33		5280
5		3		42		3		0		957		10		1644.63		6674
6		29		29		6		0		981		10		1851.84		11884
7		32		20		3		0		974		10		1449.06		6186
8		33		63		5		0		961		10		2999.41		9830
9		38		49		3		0		975		10		1328.88		7596
10		10		66		4		330		538		10		2606.61		7470
11		53		54		4		0		963		10		2360.02		8388
12		8		50		6		0		959		10		2428.62		12382
13		2		64		2		0		946		10		646.81		3208
14		36		6		3		0		960		10		2344.79		5497
15		53		48		3		0		967		10		1478.99		6304
16		34		28		5		0		982		10		2271.6		13336
17		53		51		5		810		1000		10		2249.51		11670
18		3		20		5		0		954		10		1822.84		9880
19		57		37		3		0		967		10		1080.83		4746
20		55		18		4		0		963		10		2569.71		10740
21		51		68		4		191		357		10		3291.01		8080
22		60		50		4		184		414		10		1315.71		8082
23		26		36		3		0		980		10		2238.49		5465
24		13		66		2		0		951		10		1596.71		2940
25		4		11		5		0		950		10		3140.21		9499
26		2		58		3		0		949		10		1503.97		5440
27		57		41		6		0		967		10		2838.78		12034
28		15		54		4		0		962		10		1766.19		9396
29		26		42		6		0		978		10		3449.7		10200
30		18		46		2		628		834		10		552.4		2634
31		43		64		5		0		959		10		2008.37		10766
32		42		78		2		0		946		10		842.38		3696
33		19		65		3		0		956		10		1104.91		4703
34		25		72		2		631		893		10		668.9		4874
35		19		52		6		0		966		10		2159.59		12164
36		15		15		3		0		961		10		1473.03		7507
37		63		78		6		0		938		10		3224.88		9838
38		0		9		4		637		917		10		2866.66		8414
39		12		47		3		101		345		10		1104.91		4703
40		60		19		3		524		728		10		1932.75		6190
41		65		70		5		0		943		10		2151.07		12804
42		20		30		4		0		974		10		1393.85		9824
43		52		9		3		0		958		10		2238.49		5465
44		59		14		4		396		594		10		1888.25		7641
45		61		74		3		463		753		10		2177.62		7414
46		5		67		5		0		946		10		3414.03		10365
47		66		45		6		0		957		10		2592.41		12896
48		23		28		2		0		976		10		986.53		3607
49		52		15		4		0		963		10		2463.17		6593
50		52		33		3		0		972		10		1102.92		6412
51		12		77		5		0		942		10		2330.19		8940
52		48		69		4		0		953		10		1221.3		7508
53		39		76		4		0		948		10		2802.89		6992
54		52		0		4		0		951		10		1982.9		12330
55		15		33		4		0		258		10		2517.34		7014
56		18		13		4		0		962		10		1687.51		7236
57		59		79		5		0		939		10		2391.81		11725
58		7		7		3		299		515		10		1175.24		5320
59		61		38		3		0		963		10		1244.67		9230
60		21		23		5		0		971		10		2010.41		11570
61		19		72		6		0		949		10		2615.08		13055
62		32		77		3		0		947		10		1032.59		5795
63		20		78		4		331		553		10		1768.07		9860
64		0		71		3		472		708		10		1038.9		6534
65		41		20		4		0		973		10		2510.48		9038
66		60		58		4		0		956		10		1299.98		9668
67		63		1		2		0		945		10		665.72		3248
68		63		45		6		0		960		10		2250.89		15802
69		32		50		6		0		974		10		4587.71		12046
70		67		16		4		0		952		10		2592.84		7548
71		62		13		6		0		955		10		2528.99		14225
72		50		56		6		0		964		10		3164.58		12004
73		43		47		3		0		975		10		2177.62		7414
74		52		71		4		0		950		10		1451.54		6249
75		12		32		6		0		966		10		3668.64		11611
76		25		17		5		329		543		10		2318.94		15580
77		37		32		4		0		986		10		1739.99		9598
78		41		67		6		0		957		10		3180.34		10217
79		44		0		3		292		532		10		2302.86		7285
80		21		59		3		0		962		10		1430.15		6146
81		28		67		6		0		957		10		2380.81		16022
82		61		4		2		0		949		10		950.56		4192
83		48		8		4		315		571		10		1432.6		6410
84		33		44		3		0		980		10		1213.09		5199
85		9		12		6		0		955		10		2499.99		10613
86		7		37		4		0		961		10		1514.46		10196
87		49		19		6		0		968		10		3720.98		15538
88		12		72		5		0		946		10		2907.39		10339
89		69		63		3		3		213		10		1633.64		6395
90		12		50		3		0		962		10		2184.48		5390
91		66		0		2		454		690		10		986.53		3607
92		57		23		4		0		964		10		2416.07		8464
93		46		27		3		167		381		10		1032.59		5795
94		66		25		4		0		957		10		1490.69		7290
95		37		67		3		0		957		10		1256.67		7324
96		4		55		4		0		953		10		1577.53		10854
97		69		55		3		0		950		10		1309.04		11050
98		2		17		3		0		952		10		1312.72		7400
99		65		55		6		299		533		10		2168.71		9873
100		12		21		2		667		895		10		754.99		3704

ITEMS
Type		Length		Width		Height		Mass		Fragility	LoadBearingStrength
Bt1		24		6		11		313.95		0		11.7935770
Bt2		23		5		13		458.10		0		48.4466242
Bt3		25		13		10		336.04		1		2.3575422
Bt4		25		6		7		238.45		0		9.3877996
Bt5		25		14		7		587.77		0		44.4862330
Bt6		22		8		12		528.43		0		8.8628070
Bt7		29		7		8		332.86		0		10.8590588
Bt8		20		8		13		422.13		0		6.9212606
Bt9		25		12		13		486.50		0		5.1766410
Bt10		35		6		9		1358.26		1		10.5248736

DEMANDS PER CUSTOMER
i	Type Quantity
1	Bt1 1	Bt3 1	Bt5 2	Bt9 1	
2	Bt2 1	Bt5 1	Bt6 1	
3	Bt3 1	Bt4 1	Bt5 1	Bt8 2	
4	Bt1 2	Bt6 1	
5	Bt5 1	Bt6 2	
6	Bt1 1	Bt3 1	Bt4 3	Bt9 1	
7	Bt5 1	Bt6 1	Bt7 1	
8	Bt2 2	Bt4 1	Bt9 1	Bt10 1	
9	Bt1 1	Bt6 1	Bt9 1	
10	Bt4 1	Bt5 1	Bt8 1	Bt10 1	
11	Bt3 1	Bt7 2	Bt10 1	
12	Bt1 1	Bt4 1	Bt6 2	Bt7 1	Bt9 1	
13	Bt1 1	Bt7 1	
14	Bt2 1	Bt6 1	Bt10 1	
15	Bt6 2	Bt8 1	
16	Bt3 1	Bt5 1	Bt6 1	Bt7 1	Bt9 1	
17	Bt1 1	Bt5 1	Bt6 1	Bt7 1	Bt9 1	
18	Bt3 1	Bt4 2	Bt5 1	Bt8 1	
19	Bt1 1	Bt4 1	Bt6 1	
20	Bt4 1	Bt9 2	Bt10 1	
21	Bt3 1	Bt4 1	Bt10 2	
22	Bt1 1	Bt3 1	Bt7 2	
23	Bt2 1	Bt8 1	Bt10 1	
24	Bt4 1	Bt10 1	
25	Bt1 1	Bt2 1	Bt5 1	Bt8 1	Bt10 1	
26	Bt2 2	Bt5 1	
27	Bt5 1	Bt6 3	Bt7 2	
28	Bt1 1	Bt3 1	Bt5 1	Bt6 1	
29	Bt1 1	Bt2 2	Bt6 1	Bt7 1	Bt10 1	
30	Bt1 1	Bt4 1	
31	Bt4 1	Bt6 1	Bt7 1	Bt8 1	Bt9 1	
32	Bt1 1	Bt6 1	
33	Bt1 1	Bt2 1	Bt7 1	
34	Bt3 1	Bt7 1	
35	Bt2 2	Bt3 2	Bt4 1	Bt7 1	
36	Bt2 1	Bt6 1	Bt9 1	
37	Bt4 2	Bt6 2	Bt7 1	Bt10 1	
38	Bt5 2	Bt7 1	Bt10 1	
39	Bt1 1	Bt2 1	Bt7 1	
40	Bt3 1	Bt4 1	Bt10 1	
41	Bt3 2	Bt6 2	Bt8 1	
42	Bt3 1	Bt4 1	Bt7 1	Bt9 1	
43	Bt2 1	Bt8 1	Bt10 1	
44	Bt1 1	Bt2 1	Bt5 1	Bt6 1	
45	Bt7 1	Bt9 1	Bt10 1	
46	Bt2 1	Bt5 2	Bt8 1	Bt10 1	
47	Bt1 1	Bt3 1	Bt4 1	Bt5 2	Bt6 1	
48	Bt2 1	Bt6 1	
49	Bt1 1	Bt2 1	Bt7 1	Bt10 1	
50	Bt3 1	Bt4 1	Bt6 1	
51	Bt2 2	Bt4 1	Bt5 2	
52	Bt1 1	Bt3 1	Bt4 1	Bt7 1	
53	Bt2 2	Bt6 1	Bt10 1	
54	Bt5 1	Bt8 1	Bt9 2	
55	Bt4 1	Bt5 1	Bt7 1	Bt10 1	
56	Bt4 1	Bt5 1	Bt6 1	Bt7 1	
57	Bt2 1	Bt3 1	Bt5 2	Bt8 1	
58	Bt1 1	Bt6 1	Bt7 1	
59	Bt3 1	Bt8 1	Bt9 1	
60	Bt2 2	Bt3 2	Bt8 1	
61	Bt2 1	Bt4 1	Bt5 1	Bt8 2	Bt9 1	
62	Bt2 1	Bt3 1	Bt4 1	
63	Bt3 1	Bt5 1	Bt8 2	
64	Bt1 1	Bt4 1	Bt9 1	
65	Bt7 2	Bt9 1	Bt10 1	
66	Bt1 2	Bt3 2	
67	Bt7 2	
68	Bt1 3	Bt3 1	Bt9 2	
69	Bt5 1	Bt6 1	Bt7 1	Bt8 1	Bt10 2	
70	Bt1 1	Bt5 1	Bt7 1	Bt10 1	
71	Bt2 1	Bt3 1	Bt4 1	Bt5 1	Bt8 1	Bt9 1	
72	Bt1 3	Bt3 1	Bt6 1	Bt10 1	
73	Bt7 1	Bt9 1	Bt10 1	
74	Bt2 1	Bt4 1	Bt7 1	Bt8 1	
75	Bt1 1	Bt2 1	Bt5 1	Bt6 1	Bt8 1	Bt10 1	
76	Bt3 1	Bt5 1	Bt8 1	Bt9 2	
77	Bt5 1	Bt7 2	Bt9 1	
78	Bt1 3	Bt2 1	Bt8 1	Bt10 1	
79	Bt2 1	Bt9 1	Bt10 1	
80	Bt1 1	Bt5 1	Bt6 1	
81	Bt3 3	Bt6 1	Bt8 2	
82	Bt6 1	Bt8 1	
83	Bt4 1	Bt6 1	Bt7 2	
84	Bt2 1	Bt7 1	Bt8 1	
85	Bt1 2	Bt2 1	Bt4 1	Bt5 2	
86	Bt1 1	Bt3 2	Bt6 1	
87	Bt6 2	Bt7 1	Bt9 2	Bt10 1	
88	Bt2 1	Bt3 1	Bt7 1	Bt8 1	Bt10 1	
89	Bt2 1	Bt5 2	
90	Bt4 1	Bt5 1	Bt10 1	
91	Bt2 1	Bt6 1	
92	Bt4 1	Bt7 1	Bt9 1	Bt10 1	
93	Bt2 1	Bt3 1	Bt4 1	
94	Bt2 2	Bt3 1	Bt4 1	
95	Bt3 1	Bt5 1	Bt7 1	
96	Bt3 1	Bt7 1	Bt8 1	Bt9 1	
97	Bt3 1	Bt9 2	
98	Bt4 1	Bt5 1	Bt9 1	
99	Bt1 2	Bt2 1	Bt4 1	Bt8 2	
100	Bt7 1	Bt8 1	