Name				550_n100_m400_bt10
Number_of_Customers		100
Number_of_Items			400
Number_of_ItemTypes		10
Number_of_Vehicles		46
TimeWindows			1

VEHICLE
Mass_Capacity			12595
CargoSpace_Length		60
CargoSpace_Width		25
CargoSpace_Height		30
Wheelbase			48
Max_Mass_FrontAxle		7100
Max_Mass_RearAxle		11500
Distance_FrontAxle_CargoSpace	4

CUSTOMERS
i		x		y		Demand		ReadyTime	DueDate		ServiceTime	DemandedMass	DemandedVolume
0		35		35		0		0		1000		0		0		0
1		58		21		4		379		603		10		1026.49		7420
2		0		46		4		250		518		10		1451.21		9011
3		6		24		4		0		958		10		1220.69		9222
4		8		11		3		144		414		10		1890.75		4413
5		12		20		4		0		962		10		1082.29		8860
6		64		8		6		0		950		10		3173.74		13924
7		7		5		5		0		948		10		2719.13		10336
8		39		20		3		0		974		10		1105.32		8334
9		19		16		2		549		785		10		634.4		4470
10		19		60		4		71		275		10		1271.45		7859
11		30		10		4		845		1000		10		1146.39		9209
12		57		33		2		0		967		10		687.14		4884
13		9		75		4		160		340		10		2106.11		7507
14		22		12		6		66		340		10		2641.85		10142
15		43		70		6		817		1000		10		1410.11		7259
16		68		41		2		42		294		10		814.39		5933
17		53		63		5		355		555		10		1736.79		9665
18		34		68		4		682		926		10		1570.79		8027
19		5		46		3		0		958		10		1049.34		5837
20		17		0		2		108		322		10		644.82		3744
21		52		31		6		741		1000		10		2636.01		11188
22		28		47		3		0		976		10		1463.42		7805
23		24		28		5		0		976		10		1104.31		8078
24		0		59		3		335		573		10		986.51		4782
25		10		15		4		462		690		10		1456.79		11069
26		33		43		6		0		981		10		3556.33		10784
27		24		35		6		726		934		10		1831.61		13393
28		8		55		4		412		650		10		1151.55		6070
29		57		71		6		0		947		10		2813.11		10900
30		69		33		3		0		955		10		1839.99		5776
31		14		73		4		331		613		10		2433.55		9682
32		41		58		2		241		473		10		1666.22		3783
33		54		53		3		757		975		10		665.38		4704
34		63		17		2		0		202		10		1426.74		2978
35		23		73		3		10		274		10		909.25		6906
36		11		69		5		659		881		10		1673.65		9666
37		42		49		5		381		627		10		1736.25		10410
38		45		13		5		0		965		10		1744.56		10020
39		32		29		5		0		983		10		2040.75		11541
40		53		12		4		0		960		10		1009.45		7105
41		5		53		2		0		955		10		642.4		5136
42		2		67		6		146		390		10		1162.42		9268
43		36		9		2		0		963		10		575.87		5478
44		44		35		5		65		333		10		2460.31		7794
45		29		73		3		0		951		10		1106.78		6592
46		12		38		6		0		271		10		1771.43		11257
47		13		55		4		0		960		10		1144.43		7121
48		14		58		5		0		958		10		1530.09		12443
49		4		42		5		0		958		10		1131.94		6942
50		70		0		2		0		940		10		439.89		3724
51		64		73		3		402		662		10		1890.75		4413
52		7		58		4		115		369		10		770.93		6650
53		1		16		5		0		951		10		2651		12751
54		30		76		3		758		1000		10		743.33		5374
55		70		21		2		334		580		10		824.58		4896
56		64		38		4		0		960		10		1449.12		9036
57		35		39		6		681		887		10		1601.4		12548
58		16		32		6		0		970		10		2863.67		15538
59		24		18		3		0		969		10		736.52		5369
60		39		80		3		0		944		10		731.91		4362
61		36		28		2		0		982		10		822.16		6288
62		17		47		4		0		968		10		1264.05		7525
63		13		27		5		0		966		10		2575.47		10689
64		25		23		3		536		760		10		774.23		5502
65		10		48		4		0		961		10		2252.28		8224
66		56		29		5		0		968		10		1724.28		10416
67		21		5		5		0		956		10		1250.06		7700
68		27		31		3		0		981		10		1701.59		5414
69		17		66		2		0		954		10		440.85		4074
70		17		75		3		128		378		10		917.25		7572
71		23		61		5		0		961		10		1366.31		8832
72		50		62		3		514		700		10		664.42		4354
73		54		0		6		188		470		10		2561.12		10846
74		40		69		3		0		955		10		731.91		4362
75		46		50		5		574		834		10		2286.63		8428
76		54		35		3		0		971		10		2070.74		5876
77		30		13		5		485		769		10		2353.76		8418
78		60		31		5		338		576		10		1487.54		10992
79		9		19		3		0		959		10		1208.82		7385
80		4		79		3		0		936		10		664.42		4354
81		30		67		4		0		957		10		1255.24		10007
82		51		69		4		235		521		10		1206.38		6459
83		33		73		4		102		412		10		2249.86		9616
84		59		10		3		0		955		10		1836.61		6818
85		34		19		3		0		973		10		2203.44		6994
86		11		32		3		101		347		10		498		4914
87		30		1		3		787		1000		10		1174.27		6600
88		29		7		4		0		961		10		1276.8		9606
89		52		39		3		582		876		10		1174.27		6600
90		0		75		5		0		936		10		1624.98		11004
91		33		56		6		0		968		10		1780.6		8793
92		48		32		6		128		344		10		1788.79		14345
93		16		50		3		0		965		10		604.93		5012
94		32		48		6		0		976		10		2220.96		13518
95		5		27		5		0		958		10		3153.5		7260
96		64		2		6		251		499		10		2327.7		14652
97		49		8		3		323		581		10		1831.26		5071
98		4		74		3		646		890		10		974.08		5474
99		8		1		3		0		946		10		1097.01		8724
100		48		35		6		325		603		10		2088.26		12400

ITEMS
Type		Length		Width		Height		Mass		Fragility	LoadBearingStrength
Bt1		13		10		13		1261.70		1		12.1778569
Bt2		32		10		12		409.87		0		18.2068708
Bt3		23		13		7		404.52		0		20.4811687
Bt4		17		14		12		529.45		1		3.0322913
Bt5		15		7		6		224.53		0		15.0485522
Bt6		12		9		12		232.53		0		8.1131477
Bt7		34		6		12		412.29		0		59.6151878
Bt8		18		7		13		166		0		5.3978447
Bt9		29		6		14		274.85		0		5.0424046
Bt10		23		8		7		165.04		0		17.7104016

DEMANDS PER CUSTOMER
i	Type Quantity
1	Bt4 1	Bt8 2	Bt10 1	
2	Bt2 1	Bt3 1	Bt5 1	Bt7 1	
3	Bt2 1	Bt6 1	Bt7 1	Bt8 1	
4	Bt1 1	Bt3 1	Bt5 1	
5	Bt2 1	Bt6 1	Bt9 1	Bt10 1	
6	Bt1 1	Bt4 2	Bt7 1	Bt8 1	Bt9 1	
7	Bt1 1	Bt4 2	Bt6 1	Bt8 1	
8	Bt2 1	Bt4 1	Bt8 1	
9	Bt2 1	Bt5 1	
10	Bt2 1	Bt3 1	Bt5 1	Bt6 1	
11	Bt2 1	Bt3 1	Bt8 2	
12	Bt7 1	Bt9 1	
13	Bt1 1	Bt3 1	Bt9 1	Bt10 1	
14	Bt1 1	Bt5 1	Bt7 2	Bt8 1	Bt10 1	
15	Bt3 1	Bt5 3	Bt8 2	
16	Bt2 1	Bt3 1	
17	Bt3 1	Bt4 1	Bt5 1	Bt7 1	Bt8 1	
18	Bt3 1	Bt4 1	Bt5 1	Bt7 1	
19	Bt3 1	Bt6 1	Bt7 1	
20	Bt6 1	Bt7 1	
21	Bt1 1	Bt2 1	Bt5 1	Bt6 2	Bt9 1	
22	Bt3 1	Bt4 2	
23	Bt5 1	Bt9 2	Bt10 2	
24	Bt4 1	Bt5 1	Bt6 1	
25	Bt2 2	Bt3 1	Bt6 1	
26	Bt1 2	Bt2 1	Bt5 1	Bt6 1	Bt8 1	
27	Bt2 1	Bt3 1	Bt7 1	Bt9 1	Bt10 2	
28	Bt4 1	Bt5 1	Bt6 1	Bt10 1	
29	Bt1 1	Bt3 2	Bt7 1	Bt10 2	
30	Bt1 1	Bt7 1	Bt8 1	
31	Bt1 1	Bt2 1	Bt4 1	Bt6 1	
32	Bt1 1	Bt3 1	
33	Bt5 1	Bt8 1	Bt9 1	
34	Bt1 1	Bt10 1	
35	Bt2 1	Bt5 1	Bt9 1	
36	Bt4 1	Bt5 1	Bt6 1	Bt7 1	Bt9 1	
37	Bt5 1	Bt7 3	Bt9 1	
38	Bt4 1	Bt5 1	Bt7 2	Bt8 1	
39	Bt3 1	Bt4 2	Bt7 1	Bt10 1	
40	Bt3 1	Bt9 1	Bt10 2	
41	Bt2 1	Bt6 1	
42	Bt5 1	Bt8 3	Bt9 1	Bt10 1	
43	Bt2 1	Bt8 1	
44	Bt1 1	Bt3 2	Bt5 1	Bt10 1	
45	Bt4 1	Bt7 1	Bt10 1	
46	Bt3 1	Bt4 1	Bt6 1	Bt9 1	Bt10 2	
47	Bt3 1	Bt6 2	Bt9 1	
48	Bt2 1	Bt3 1	Bt8 1	Bt9 2	
49	Bt5 1	Bt7 1	Bt10 3	
50	Bt9 1	Bt10 1	
51	Bt1 1	Bt3 1	Bt5 1	
52	Bt8 1	Bt9 1	Bt10 2	
53	Bt1 1	Bt2 2	Bt3 1	Bt10 1	
54	Bt7 1	Bt8 1	Bt10 1	
55	Bt7 2	
56	Bt4 1	Bt6 1	Bt7 1	Bt9 1	
57	Bt2 1	Bt4 1	Bt8 2	Bt10 2	
58	Bt1 1	Bt2 2	Bt6 1	Bt9 2	
59	Bt3 1	Bt8 2	
60	Bt5 1	Bt6 1	Bt9 1	
61	Bt2 1	Bt7 1	
62	Bt3 1	Bt4 1	Bt10 2	
63	Bt1 1	Bt2 1	Bt3 1	Bt5 1	Bt9 1	
64	Bt5 1	Bt9 2	
65	Bt1 1	Bt7 2	Bt8 1	
66	Bt4 2	Bt5 1	Bt8 1	Bt9 1	
67	Bt4 1	Bt5 1	Bt8 1	Bt10 2	
68	Bt1 1	Bt9 1	Bt10 1	
69	Bt8 1	Bt9 1	
70	Bt2 1	Bt6 1	Bt9 1	
71	Bt2 1	Bt5 2	Bt6 1	Bt9 1	
72	Bt5 1	Bt9 1	Bt10 1	
73	Bt1 1	Bt4 1	Bt9 1	Bt10 3	
74	Bt5 1	Bt6 1	Bt9 1	
75	Bt1 1	Bt2 1	Bt5 2	Bt8 1	
76	Bt1 1	Bt3 2	
77	Bt1 1	Bt4 1	Bt6 1	Bt10 2	
78	Bt2 1	Bt5 1	Bt7 1	Bt8 1	Bt9 1	
79	Bt3 1	Bt4 1	Bt9 1	
80	Bt5 1	Bt9 1	Bt10 1	
81	Bt2 1	Bt3 1	Bt8 1	Bt9 1	
82	Bt3 1	Bt5 1	Bt7 1	Bt10 1	
83	Bt1 1	Bt2 1	Bt7 1	Bt8 1	
84	Bt1 1	Bt2 1	Bt10 1	
85	Bt1 1	Bt4 1	Bt7 1	
86	Bt8 3	
87	Bt4 1	Bt6 1	Bt7 1	
88	Bt2 2	Bt5 1	Bt6 1	
89	Bt4 1	Bt6 1	Bt7 1	
90	Bt2 1	Bt5 1	Bt7 2	Bt8 1	
91	Bt3 1	Bt4 1	Bt5 2	Bt6 1	Bt10 1	
92	Bt2 2	Bt3 1	Bt6 1	Bt8 2	
93	Bt9 1	Bt10 2	
94	Bt2 1	Bt4 1	Bt5 1	Bt6 1	Bt7 2	
95	Bt1 2	Bt6 2	Bt10 1	
96	Bt2 2	Bt4 2	Bt5 2	
97	Bt1 1	Bt3 1	Bt10 1	
98	Bt3 2	Bt10 1	
99	Bt2 1	Bt7 1	Bt9 1	
100	Bt2 1	Bt3 2	Bt5 1	Bt6 1	Bt7 1	