Name				551_n100_m400_bt100
Number_of_Customers		100
Number_of_Items			400
Number_of_ItemTypes		100
Number_of_Vehicles		56
TimeWindows			1

VEHICLE
Mass_Capacity			12595
CargoSpace_Length		60
CargoSpace_Width		25
CargoSpace_Height		30
Wheelbase			48
Max_Mass_FrontAxle		7100
Max_Mass_RearAxle		11500
Distance_FrontAxle_CargoSpace	4

CUSTOMERS
i		x		y		Demand		ReadyTime	DueDate		ServiceTime	DemandedMass	DemandedVolume
0		35		35		0		0		1000		0		0		0
1               65              80              4               0               935             10              1753.13         9162
2               53              52              3               384             604             10              1406.54         9468
3               39              47              2               311             467             10              790.94          5799
4               58              20              6               0               962             10              2995.36         11644
5               57              30              3               0               967             10              1103.85         5751
6               34              11              2               413             735             10              728.93          5064
7               48              34              4               75              305             10              1098.73         7983
8               24              33              5               114             368             10              2230.66         11223
9               11              17              3               0               960             10              892.93          5958
10              55              35              2               226             468             10              579.62          3824
11              23              38              3               643             875             10              893.03          5109
12              40              67              5               352             552             10              2096.07         13588
13              10              65              6               0               950             10              2152.98         16890
14              44              43              3               0               977             10              1563.91         10332
15              37              31              6               0               955             10              2541.15         16219
16              34              75              4               0               949             10              1513.85         9567
17              36              78              6               0               243             10              3006.55         15680
18              62              76              4               0               940             10              1474.41         11360
19              13              20              6               0               963             10              2098.59         11152
20              60              23              3               40              238             10              880.27          6147
21              56              37              3               0               968             10              1501.58         7668
22              41              56              4               797             1000            10              1726.97         11801
23              14              43              4               0               967             10              1851.23         11614
24              65              61              3               0               950             10              874.06          4452
25              45              28              2               583             859             10              653.24          2376
26              59              33              5               160             440             10              1411.14         8178
27              57              24              5               0               965             10              1965.76         10938
28              18              31              5               0               951             10              1887.88         10903
29              13              47              2               688             984             10              458.68          2664
30              23              44              2               605             799             10              851.71          4144
31              57              39              6               521             763             10              1624.34         10360
32              67              14              3               598             810             10              1151.47         7994
33              49              48              5               0               970             10              1833.83         11904
34              69              52              3               0               951             10              1218.63         7518
35              42              38              6               0               962             10              2131.86         14748
36              61              68              6               0               947             10              1725.05         11376
37              50              10              6               0               960             10              2327.93         12708
38              34              30              4               0               943             10              1705.07         11459
39              52              37              2               0               957             10              618.20          4746
40              33              63              5               0               947             10              1360.72         8288
41              44              67              5               288             484             10              1523.92         10871
42              59              50              3               0               961             10              1133.61         5334
43              63              28              4               0               961             10              1498.25         6902
44              52              68              4               0               952             10              1878.44         9720
45              29              55              5               0               969             10              2453.59         12451
46              37              38              2               645             901             10              996.41          5602
47              45              74              4               0               949             10              1751.44         9010
48              61              12              6               0               955             10              1813.47         10806
49              10              57              4               706             976             10              1294.39         10715
50              29              37              3               0               176             10              964.61          7028
51              35              51              4               0               193             10              1322.02         9834
52              66              44              3               516             764             10              2253.76         10764
53              46              23              5               598             886             10              1800.95         9564
54              53              32              3               842             1000            10              883.28          5310
55              65              22              4               490             684             10              1220.52         8569
56              11              54              4               608             828             10              1386.78         8447
57              29              70              3               255             509             10              760.44          5904
58              17              12              4               815             1000            10              1671.50         10398
59              20              48              6               141             381             10              1959.88         11574
60              17              62              4               0               951             10              1692.98         10436
61              49              19              4               0               968             10              1501.00         6959
62              34              36              2               262             520             10              669.16          5720
63              27              75              3               0               949             10              799.20          6620
64              58              61              6               775             1000            10              2955.89         14274
65              31              32              4               222             472             10              1505.94         9589
66              65              31              2               708             956             10              1392.24         5400
67              36              25              4               0               959             10              2136.43         8832
68              29              36              6               201             405             10              2253.97         17311
69              25              54              3               0               968             10              1349.13         9252
70              12              31              6               0               966             10              1829.82         15250
71              15              26              6               0               968             10              3406.14         13236
72              65              73              3               367             611             10              1600.50         6497
73              58              47              4               0               173             10              2112.54         13544
74              15              40              2               0               969             10              1105.16         7056
75              24              10              4               0               950             10              1857.19         9460
76              70              33              3               829             1000            10              1075.15         7868
77              13              26              3               0               953             10              1120.31         7736
78              70              58              4               0               948             10              1375.26         7330
79              55              80              5               0               940             10              2069.05         8756
80              21              33              6               615             855             10              2133.84         12944
81              44              35              3               0               246             10              1284.13         7356
82              50              51              3               0               968             10              1004.93         5232
83              24              26              3               0               958             10              890.26          7958
84              52              34              3               436             676             10              1505.89         8355
85              49              72              3               0               162             10              1780.37         8494
86              39              35              3               444             678             10              1199.18         8132
87              12              80              5               290             550             10              1400.96         11364
88              33              29              5               0               983             10              2230.91         13350
89              57              53              3               0               961             10              895.54          7584
90              20              77              4               136             330             10              1600.80         9558
91              6               16              6               822             1000            10              1920.12         11674
92              47              63              4               0               959             10              1734.48         8295
93              46              10              3               58              308             10              1647.12         9258
94              25              33              6               0               979             10              1638.88         12637
95              69              62              2               0               946             10              447.91          3609
96              41              24              4               153             363             10              1466.55         10883
97              24              66              4               299             567             10              1780.96         8597
98              28              13              5               173             413             10              1652.81         10626
99              65              34              4               0               959             10              1299.17         8559
100             66              21              6               0               943             10              1525.88         10396

ITEMS
Type		Length		Width		Height		Mass		Fragility	LoadBearingStrength
Bt1		24		10		11		386.77		0		37.2593847
Bt2		27		14		10		475.74		0		21.7040608
Bt3		27		12		6		254.40		0		10.0021457
Bt4		25		12		12		574.79		0		33.4657784
Bt5		26		7		13		627.50		0		12.9333476
Bt6		29		8		10		711.37		1		7.7950603
Bt7		25		12		12		795.43		0		11.2862392
Bt8		19		6		8		128.10		0		3.7420508
Bt9		13		12		6		465.42		0		88.6011969
Bt10		28		12		12		578.25		0		11.3567998
Bt11		15		14		14		308.53		0		7.2352250
Bt12		23		12		7		328.73		1		4.0250637
Bt13		22		12		8		396.44		1		8.5971080
Bt14		18		13		13		400.59		0		21.7039955
Bt15		21		13		7		347.43		0		88.2423217
Bt16		16		9		10		259.29		0		26.1684878
Bt17		21		9		11		275.94		0		16.7463568
Bt18		35		13		10		573.77		0		36.9877511
Bt19		35		11		11		753.70		0		22.7532243
Bt20		23		12		9		370.59		0		14.4753727
Bt21		27		11		7		358.31		0		10.5022694
Bt22		30		12		9		1136.57		0		69.8552838
Bt23		32		14		10		517.98		0		25.9523201
Bt24		20		9		11		395.06		0		46.5128069
Bt25		17		7		12		217.56		0		27.0423794
Bt26		19		6		9		148.11		0		18.9263321
Bt27		29		13		12		515.49		0		25.4886385
Bt28		23		7		6		128.84		1		2.5491880
Bt29		27		8		14		856.92		0		49.1493570
Bt30		25		9		14		515.53		0		13.4254531
Bt31		15		10		6		109.76		0		4.6617611
Bt32		15		7		8		155.94		0		14.9681890
Bt33		22		5		10		214.87		0		14.9687597
Bt34		22		13		7		421.62		1		2.6218654
Bt35		12		8		7		94.77		0		51.2409044
Bt36		29		10		7		309.73		0		23.2909050
Bt37		29		13		12		700.19		0		35.2246248
Bt38		32		6		8		497.30		1		1.8847120
Bt39		29		9		10		424.78		0		34.3562641
Bt40		22		6		10		176.88		0		21.7716288
Bt41		29		6		11		191.49		0		37.2302445
Bt42		20		12		9		255.67		0		38.7194337
Bt43		14		14		14		297.85		0		39.5976333
Bt44		33		10		14		463.37		0		24.4954620
Bt45		29		9		14		730.76		0		8.4126066
Bt46		20		12		7		449.83		1		6.6094722
Bt47		29		12		8		374.38		1		1.5962135
Bt48		26		7		8		159.90		0		6.4738609
Bt49		30		13		11		627.18		1		2.0173351
Bt50		27		12		8		381.73		0		10.3240383
Bt51		30		9		6		326.06		0		40.6074789
Bt52		31		6		14		502.85		0		18.1435425
Bt53		30		8		7		226.63		0		29.0330238
Bt54		30		13		12		749.23		0		26.8823201
Bt55		19		5		7		82.20		1		1.2461576
Bt56		22		10		9		338.68		0		13.3947119
Bt57		14		12		6		166.50		0		37.3099889
Bt58		24		13		12		627.83		0		13.1374190
Bt59		28		10		7		339.61		0		20.7325051
Bt60		24		9		8		495.10		1		11.6360694
Bt61		26		10		11		551.86		0		21.6042555
Bt62		30		8		13		590.07		0		63.1516904
Bt63		28		5		11		322.21		0		10.3730214
Bt64		15		12		8		163.59		0		17.8869559
Bt65		18		8		9		262.72		1		2.6743039
Bt66		32		11		7		401.88		0		35.6702850
Bt67		14		10		13		189.36		0		18.0733450
Bt68		18		14		13		328.12		0		38.1732571
Bt69		31		7		8		270.79		0		20.4038892
Bt70		16		13		10		313.99		1		2.5744835
Bt71		16		13		8		323.95		1		11.9970132
Bt72		35		13		9		793.06		0		11.1230224
Bt73		19		13		9		272.29		0		21.0600484
Bt74		33		10		10		400.92		0		36.7592237
Bt75		17		10		12		335.19		1		16.5262981
Bt76		20		5		11		205.79		0		35.2198481
Bt77		20		9		10		341.05		0		13.5636569
Bt78		30		9		14		489.36		0		34.3699788
Bt79		27		12		12		443.51		0		12.0172134
Bt80		35		13		11		458.20		0		4.5430419
Bt81		31		12		7		489.80		0		12.8585782
Bt82		27		12		7		752.71		0		14.6528995
Bt83		32		8		11		456.95		0		33.4334709
Bt84		35		9		10		537.44		1		3.1633791
Bt85		22		11		13		372.83		1		2.7902816
Bt86		17		9		10		171.97		0		39.7680073
Bt87		14		12		12		251.64		0		38.3600121
Bt88		22		6		10		179.59		0		29.9603244
Bt89		12		5		12		204.28		0		23.1134984
Bt90		23		8		11		395.75		0		37.7841747
Bt91		17		8		8		842.87		0		99.0492454
Bt92		28		6		11		389.19		0		39.6092961
Bt93		12		12		6		168.92		1		13.2269544
Bt94		13		7		11		134.60		0		13.5310068
Bt95		33		12		8		661.65		1		2.4776804
Bt96		15		5		7		109.26		1		22.6963524
Bt97		32		13		7		298.33		0		47.8000884
Bt98		17		14		6		255.43		0		51.5314054
Bt99		20		9		10		348.74		0		33.0589547
Bt100		24		7		11		713.15		0		55.3759332

DEMANDS PER CUSTOMER
i	Type Quantity
1	Bt9 1	Bt14 1	Bt16 1	Bt58 1	
2	Bt8 1	Bt10 1	Bt37 1	
3	Bt15 1	Bt79 1	
4	Bt29 1	Bt62 1	Bt71 1	Bt73 1	Bt91 1	Bt96 1	
5	Bt15 1	Bt35 1	Bt95 1	
6	Bt41 1	Bt84 1	
7	Bt8 1	Bt21 1	Bt70 1	Bt97 1	
8	Bt36 1	Bt54 1	Bt71 1	Bt94 1	Bt100 1	
9	Bt17 2	Bt77 1	
10	Bt42 1	Bt71 1	
11	Bt32 1	Bt58 1	Bt96 1	
12	Bt35 1	Bt54 1	Bt61 1	Bt66 1	Bt97 1	
13	Bt10 1	Bt27 1	Bt41 1	Bt70 1	Bt97 1	Bt98 1	
14	Bt1 1	Bt27 1	Bt95 1	
15	Bt14 1	Bt28 1	Bt56 1	Bt61 1	Bt68 1	Bt72 1	
16	Bt35 1	Bt47 1	Bt72 1	Bt87 1	
17	Bt7 1	Bt13 1	Bt39 1	Bt45 1	Bt71 1	Bt75 1	
18	Bt1 1	Bt23 1	Bt42 1	Bt70 1	
19	Bt29 1	Bt35 1	Bt48 1	Bt59 1	Bt87 1	Bt90 1	
20	Bt1 1	Bt17 1	Bt25 1	
21	Bt2 1	Bt29 1	Bt93 1	
22	Bt9 1	Bt70 1	Bt78 1	Bt80 1	
23	Bt18 1	Bt54 1	Bt71 1	Bt89 1	
24	Bt12 1	Bt77 1	Bt89 1	
25	Bt32 1	Bt38 1	
26	Bt4 1	Bt28 3	Bt46 1	
27	Bt9 1	Bt28 1	Bt50 1	Bt68 1	Bt95 1	
28	Bt12 1	Bt17 1	Bt34 1	Bt36 1	Bt61 1	
29	Bt3 1	Bt89 1	
30	Bt46 1	Bt66 1	
31	Bt11 1	Bt16 1	Bt21 1	Bt33 1	Bt94 1	Bt99 1	
32	Bt41 1	Bt95 1	Bt97 1	
33	Bt27 1	Bt63 1	Bt87 1	Bt90 1	Bt99 1	
34	Bt12 1	Bt49 1	Bt65 1	
35	Bt11 1	Bt18 1	Bt39 1	Bt40 1	Bt71 2	
36	Bt28 1	Bt71 1	Bt76 1	Bt78 1	Bt85 1	Bt89 1	
37	Bt7 1	Bt24 1	Bt32 1	Bt42 1	Bt66 1	Bt71 1	
38	Bt19 1	Bt43 1	Bt66 1	Bt87 1	
39	Bt28 1	Bt78 1	
40	Bt25 1	Bt32 1	Bt53 1	Bt69 1	Bt81 1	
41	Bt14 1	Bt35 1	Bt52 1	Bt55 1	Bt79 1	
42	Bt5 1	Bt57 1	Bt59 1	
43	Bt5 1	Bt16 1	Bt65 1	Bt99 1	
44	Bt1 1	Bt9 1	Bt37 1	Bt51 1	
45	Bt43 1	Bt45 1	Bt55 1	Bt62 1	Bt82 1	
46	Bt4 1	Bt34 1	
47	Bt5 1	Bt54 1	Bt76 1	Bt93 1	
48	Bt3 1	Bt5 1	Bt30 1	Bt55 2	Bt87 1	
49	Bt23 1	Bt73 1	Bt76 1	Bt97 1	
50	Bt28 1	Bt84 1	Bt97 1	
51	Bt10 1	Bt14 1	Bt64 1	Bt88 1	
52	Bt22 1	Bt58 1	Bt78 1	
53	Bt40 1	Bt46 1	Bt53 1	Bt61 1	Bt90 1	
54	Bt31 1	Bt39 1	Bt99 1	
55	Bt17 1	Bt18 1	Bt32 1	Bt33 1	
56	Bt14 1	Bt52 1	Bt94 1	Bt99 1	
57	Bt3 2	Bt87 1	
58	Bt1 1	Bt45 1	Bt47 1	Bt88 1	
59	Bt3 1	Bt8 1	Bt29 1	Bt41 1	Bt59 1	Bt67 1	
60	Bt23 1	Bt62 1	Bt63 1	Bt65 1	
61	Bt15 1	Bt60 1	Bt65 1	Bt90 1	
62	Bt44 1	Bt76 1	
63	Bt3 1	Bt85 1	Bt86 1	
64	Bt9 1	Bt22 1	Bt27 1	Bt52 1	Bt64 1	Bt86 1	
65	Bt25 1	Bt54 1	Bt55 1	Bt83 1	
66	Bt22 1	Bt42 1	
67	Bt1 1	Bt29 1	Bt88 1	Bt100 1	
68	Bt25 1	Bt27 1	Bt39 1	Bt70 1	Bt71 1	Bt80 1	
69	Bt35 1	Bt49 2	
70	Bt1 1	Bt20 1	Bt40 1	Bt68 1	Bt80 1	Bt96 1	
71	Bt20 1	Bt22 1	Bt29 1	Bt31 1	Bt82 1	Bt88 1	
72	Bt22 1	Bt50 1	Bt55 1	
73	Bt4 1	Bt10 1	Bt43 1	Bt95 1	
74	Bt79 1	Bt95 1	
75	Bt53 1	Bt78 1	Bt91 1	Bt97 1	
76	Bt23 1	Bt25 1	Bt59 1	
77	Bt23 1	Bt59 1	Bt65 1	
78	Bt15 1	Bt33 1	Bt45 1	Bt55 1	
79	Bt42 1	Bt50 1	Bt51 1	Bt65 1	Bt91 1	
80	Bt28 1	Bt32 1	Bt37 1	Bt39 1	Bt63 1	Bt66 1	
81	Bt57 1	Bt58 1	Bt81 1	
82	Bt8 1	Bt50 1	Bt60 1	
83	Bt41 1	Bt43 1	Bt74 1	
84	Bt1 1	Bt51 1	Bt72 1	
85	Bt6 1	Bt17 1	Bt72 1	
86	Bt4 1	Bt51 1	Bt97 1	
87	Bt27 1	Bt73 2	Bt86 1	Bt93 1	
88	Bt11 1	Bt24 1	Bt45 1	Bt59 1	Bt83 1	
89	Bt57 1	Bt68 1	Bt74 1	
90	Bt16 1	Bt37 1	Bt41 1	Bt46 1	
91	Bt5 1	Bt35 1	Bt43 1	Bt50 1	Bt56 1	Bt88 1	
92	Bt21 1	Bt26 1	Bt38 1	Bt45 1	
93	Bt14 1	Bt38 1	Bt54 1	
94	Bt23 1	Bt25 1	Bt42 1	Bt55 1	Bt64 1	Bt66 1	
95	Bt17 1	Bt86 1	
96	Bt42 1	Bt54 1	Bt67 1	Bt73 1	
97	Bt32 1	Bt71 1	Bt80 1	Bt91 1	
98	Bt12 1	Bt27 1	Bt62 1	Bt96 2	
99	Bt4 1	Bt17 1	Bt31 1	Bt56 1	
100	Bt1 1	Bt24 1	Bt48 1	Bt64 1	Bt87 1	Bt93 1	