Name				552_n100_m400_bt100
Number_of_Customers		100
Number_of_Items			400
Number_of_ItemTypes		100
Number_of_Vehicles		55
TimeWindows			1

VEHICLE
Mass_Capacity			12595
CargoSpace_Length		60
CargoSpace_Width		25
CargoSpace_Height		30
Wheelbase			48
Max_Mass_FrontAxle		7100
Max_Mass_RearAxle		11500
Distance_FrontAxle_CargoSpace	4

CUSTOMERS
i		x		y		Demand		ReadyTime	DueDate		ServiceTime	DemandedMass	DemandedVolume
0		35		35		0		0		1000		0		0		0
1		19		43		6		745		945		10		1855.86		13622
2		53		0		5		0		243		10		2376.29		9571
3		9		63		2		0		951		10		669.58		3348
4		10		5		6		727		949		10		2094.87		13739
5		57		49		6		0		963		10		4137.42		10493
6		42		66		2		0		958		10		783.45		7310
7		3		29		4		293		559		10		1626.11		9754
8		20		1		5		29		225		10		2960.4		11466
9		49		33		3		311		593		10		1782.19		11549
10		2		7		3		54		308		10		1004.23		6568
11		56		40		4		234		476		10		1500.2		7407
12		47		38		5		0		977		10		2074.4		15449
13		70		5		2		0		943		10		569.22		2988
14		10		76		6		166		428		10		3827.3		13205
15		34		46		3		0		978		10		1454.48		8527
16		42		41		4		80		354		10		1321.17		10094
17		23		64		6		577		833		10		1374.59		9082
18		59		64		6		139		355		10		2629.54		11331
19		65		64		4		0		948		10		1574.06		8964
20		5		33		3		539		793		10		1491.88		10692
21		2		54		2		450		678		10		730.45		4371
22		17		10		3		0		959		10		792.04		4564
23		39		34		4		462		674		10		2734.09		9923
24		61		33		3		0		963		10		1064.26		8239
25		26		17		2		0		969		10		560.16		4092
26		55		37		3		396		636		10		1432.31		8204
27		7		70		5		381		651		10		1464.63		7848
28		24		53		5		704		970		10		1695.64		9526
29		6		39		5		0		960		10		2248.52		14552
30		48		17		3		0		967		10		3150.7		5982
31		70		16		3		125		355		10		959.69		6247
32		31		17		2		0		971		10		1156.02		7095
33		36		75		6		278		508		10		2285.65		15376
34		14		63		5		190		444		10		2974.31		10089
35		58		57		4		0		958		10		1766.5		12878
36		44		58		3		0		965		10		1507.55		4596
37		34		66		6		0		958		10		1846.29		13722
38		60		50		5		0		960		10		2186.6		13964
39		34		61		4		129		353		10		1592.83		10470
40		14		11		2		239		441		10		993.16		4872
41		48		22		5		0		971		10		2210.7		12251
42		10		16		3		0		958		10		1264.97		6491
43		30		46		4		0		977		10		1146.64		8190
44		4		73		4		700		982		10		1812.62		12467
45		69		52		6		0		236		10		1479.63		10172
46		69		80		5		0		933		10		1770.06		11360
47		34		53		2		0		971		10		820.81		5967
48		28		75		6		0		949		10		2599.62		13446
49		30		67		4		720		942		10		1599.62		8604
50		31		75		4		705		923		10		3485.57		9742
51		35		5		5		0		960		10		1579.87		9818
52		22		22		2		0		971		10		950.58		5262
53		52		7		3		0		957		10		1498.92		8171
54		62		75		5		0		941		10		3782.15		10216
55		14		7		2		0		955		10		2697.78		6960
56		15		54		3		626		892		10		3803.94		9944
57		38		52		6		319		597		10		2086.48		11656
58		68		44		3		255		493		10		549.7		5379
59		4		67		5		587		811		10		2329.1		10627
60		29		26		3		0		979		10		1285.08		7885
61		64		20		4		0		957		10		1133.54		7288
62		11		73		6		513		689		10		3481.61		15792
63		41		31		6		326		538		10		2139.83		12355
64		13		23		4		0		964		10		2125.81		7491
65		24		10		5		0		962		10		1030.03		8264
66		66		53		6		0		954		10		3237.34		16747
67		37		64		3		409		657		10		674.94		3958
68		32		39		5		668		924		10		1713.64		9416
69		62		36		4		0		205		10		2026.43		10967
70		0		43		5		603		787		10		3030.53		11931
71		53		22		3		0		967		10		2005.37		7709
72		43		2		4		0		956		10		1524.41		8051
73		47		2		3		533		775		10		1000.25		8172
74		41		80		4		0		944		10		1071.85		8066
75		11		50		3		0		961		10		1007.42		5701
76		44		46		4		0		975		10		2398.48		10644
77		48		29		4		0		975		10		1245.21		6432
78		38		3		4		0		957		10		1481.66		8756
79		11		36		2		0		965		10		505.38		1608
80		20		50		4		0		968		10		1598.19		12053
81		27		22		5		0		974		10		1814.08		11348
82		21		59		3		736		922		10		597.34		3942
83		4		58		3		0		951		10		1034.64		6982
84		32		36		3		0		986		10		1714.48		5536
85		61		70		6		288		510		10		2269.11		8704
86		69		60		2		374		634		10		682.68		4032
87		17		70		6		0		950		10		4276.58		12758
88		33		24		4		820		1000		10		2330.25		8698
89		16		76		4		659		843		10		2414.14		9071
90		13		0		2		423		637		10		1052.6		5716
91		43		73		3		0		951		10		880.38		4844
92		37		20		5		473		689		10		2206.89		17187
93		65		9		6		774		996		10		3930.14		9818
94		37		10		4		0		964		10		1441.19		6011
95		48		46		2		0		972		10		822.73		6536
96		27		45		5		0		977		10		1889.49		11886
97		8		44		3		251		485		10		3537.9		7959
98		68		64		5		384		630		10		2043.21		7389
99		45		21		3		333		629		10		1704.94		7254
100		66		36		3		580		882		10		2817.88		5716

ITEMS
Type		Length		Width		Height		Mass		Fragility	LoadBearingStrength
Bt1		19		11		13		607.61		0		7.5965386
Bt2		13		11		11		257.22		0		13.2392121
Bt3		28		5		6		186.63		0		48.3849740
Bt4		33		5		10		1026.22		0		99.7409194
Bt5		17		7		8		193.49		0		23.8791206
Bt6		17		11		9		168.67		1		4.5335097
Bt7		16		7		7		80.08		0		36.9683790
Bt8		28		14		13		822.39		0		6.0160397
Bt9		17		6		10		152.67		0		6.9424888
Bt10		17		10		10		281.58		0		41.6047799
Bt11		32		13		10		456.98		1		4.5497776
Bt12		31		13		13		963.90		0		31.3545136
Bt13		18		6		10		113.70		0		15.0732576
Bt14		35		14		6		326.87		0		7.3364279
Bt15		34		6		9		421.53		0		23.1861719
Bt16		17		7		7		151.81		0		7.6509938
Bt17		26		5		9		188.94		0		8.8894910
Bt18		19		10		12		466.99		1		6.6173074
Bt19		27		7		12		337.91		0		7.6803692
Bt20		24		5		9		223.49		1		5.6510750
Bt21		31		12		9		725.37		1		2.6203376
Bt22		31		12		13		541.15		0		14.8606947
Bt23		22		12		8		218.63		0		3.9991328
Bt24		22		10		9		341.53		1		2.1803643
Bt25		35		13		13		603.31		1		2.3597517
Bt26		14		10		13		214.91		0		28.6471594
Bt27		25		14		13		706.72		0		4.6727581
Bt28		31		11		13		801.98		0		21.0334602
Bt29		24		9		6		252.99		0		44.5886888
Bt30		32		13		6		449.42		0		5.2371189
Bt31		12		9		10		223.59		0		33.4934205
Bt32		30		12		6		361.50		0		14.6964127
Bt33		13		12		12		321.18		0		15.6174981
Bt34		17		9		9		308.83		0		17.7860771
Bt35		19		12		8		363.53		0		81.3462732
Bt36		34		6		14		551.10		0		18.6051485
Bt37		15		11		9		328.41		0		24.4418149
Bt38		28		13		6		524.16		0		7.6935141
Bt39		22		9		13		481.58		0		5.4630932
Bt40		32		14		12		2763.43		1		10.9202612
Bt41		23		13		10		340.26		0		7.2931586
Bt42		18		9		13		333.82		0		5.4228804
Bt43		27		8		11		308.19		0		9.5650144
Bt44		32		10		6		252.34		0		7.7712232
Bt45		22		11		9		331.26		1		2.2692115
Bt46		35		6		13		620.68		0		26.3019541
Bt47		29		11		13		605.90		0		6.1679757
Bt48		24		14		8		469		0		46.6184559
Bt49		22		11		8		288.53		1		2.8408051
Bt50		23		8		6		250.89		0		27.8263925
Bt51		34		11		8		458.69		1		5.1728799
Bt52		33		9		13		631.36		1		3.1004914
Bt53		25		8		8		747.33		0		40.2010983
Bt54		20		14		10		2240.80		0		109.7549177
Bt55		34		10		14		541.89		0		3.5023029
Bt56		23		7		7		565.22		0		77.7252055
Bt57		25		10		6		231.36		0		23.2555244
Bt58		24		10		8		420.07		0		110.5805568
Bt59		26		9		12		2669.95		1		19.8259191
Bt60		15		12		9		308.16		0		8.6656032
Bt61		13		12		12		392.26		0		27.5371059
Bt62		28		10		6		291.23		1		2.7047714
Bt63		29		9		11		322.98		0		29.0443691
Bt64		29		7		8		204.35		0		12.5518491
Bt65		26		6		7		213.55		1		10.4707647
Bt66		12		9		13		173.04		0		5.3296179
Bt67		31		11		7		488.47		0		61.3693017
Bt68		29		13		7		1426.56		0		71.0963743
Bt69		33		10		10		522.90		0		11.7032893
Bt70		34		7		6		249.51		0		14.7305829
Bt71		14		11		8		161.81		0		14.6273579
Bt72		15		5		6		97.05		0		35.5173369
Bt73		24		8		13		371.21		0		8.2427638
Bt74		24		14		8		561.78		0		23.8438013
Bt75		17		10		8		236.49		0		19.9475169
Bt76		27		12		11		436.90		0		2.2735695
Bt77		26		14		8		300.95		1		1.9503195
Bt78		15		6		12		144.91		0		10.4415280
Bt79		35		10		9		326.47		0		3.3399725
Bt80		14		12		7		128.45		0		9.5844306
Bt81		26		9		10		534.83		0		24.0185665
Bt82		13		8		14		209.25		0		13.3775381
Bt83		28		6		11		283.21		0		17.8864872
Bt84		31		5		10		276.40		1		4.6102378
Bt85		14		7		6		352.71		0		218.9241753
Bt86		19		10		14		521.23		0		12.4074808
Bt87		23		10		14		603.18		0		19.2595062
Bt88		32		12		11		833.04		0		19.7551527
Bt89		30		6		6		108.26		0		8.8632194
Bt90		29		12		6		1149.78		0		41.7928384
Bt91		24		10		8		284.39		1		3.0335527
Bt92		30		11		7		1355.12		0		54.7278719
Bt93		29		11		8		452.39		0		18.5610082
Bt94		31		13		10		561.11		0		30.9198393
Bt95		30		7		13		300.67		0		10.5570407
Bt96		19		6		13		206.80		0		48.5313725
Bt97		14		10		6		87.89		1		2.8740902
Bt98		16		8		9		147.69		0		55.0019325
Bt99		22		13		7		471.54		1		13.2142373
Bt100		29		9		8		374.65		0		64.2456068

DEMANDS PER CUSTOMER
i	Type Quantity
1	Bt14 1	Bt29 1	Bt41 1	Bt69 1	Bt80 1	Bt91 1	
2	Bt29 1	Bt32 1	Bt52 1	Bt56 2	
3	Bt58 1	Bt70 1	
4	Bt31 1	Bt34 1	Bt48 1	Bt50 1	Bt55 1	Bt95 1	
5	Bt34 1	Bt49 1	Bt58 1	Bt59 1	Bt65 1	Bt75 1	
6	Bt11 1	Bt79 1	
7	Bt8 1	Bt9 1	Bt84 1	Bt100 1	
8	Bt5 1	Bt20 1	Bt27 1	Bt39 1	Bt92 1	
9	Bt12 1	Bt55 1	Bt84 1	
10	Bt50 1	Bt77 1	Bt93 1	
11	Bt33 1	Bt34 1	Bt46 1	Bt70 1	
12	Bt11 1	Bt22 1	Bt52 1	Bt57 1	Bt65 1	
13	Bt15 1	Bt98 1	
14	Bt12 1	Bt29 1	Bt53 1	Bt58 1	Bt92 1	Bt97 1	
15	Bt9 1	Bt12 1	Bt19 1	
16	Bt22 1	Bt42 1	Bt71 1	Bt91 1	
17	Bt6 1	Bt64 1	Bt67 1	Bt72 1	Bt82 1	Bt96 1	
18	Bt23 1	Bt32 1	Bt68 1	Bt82 1	Bt96 2	
19	Bt24 1	Bt62 1	Bt88 1	Bt89 1	
20	Bt27 1	Bt51 1	Bt79 1	
21	Bt6 1	Bt74 1	
22	Bt13 1	Bt96 1	Bt99 1	
23	Bt21 1	Bt23 1	Bt35 1	Bt68 1	
24	Bt6 1	Bt51 1	Bt76 1	
25	Bt23 1	Bt24 1	
26	Bt51 1	Bt86 1	Bt93 1	
27	Bt19 1	Bt20 2	Bt78 1	Bt81 1	
28	Bt3 1	Bt24 1	Bt66 1	Bt69 1	Bt99 1	
29	Bt3 1	Bt8 1	Bt18 1	Bt22 1	Bt57 1	
30	Bt59 1	Bt64 1	Bt84 1	
31	Bt2 1	Bt45 1	Bt73 1	
32	Bt63 1	Bt88 1	
33	Bt1 1	Bt10 1	Bt17 1	Bt47 1	Bt77 1	Bt95 1	
34	Bt18 1	Bt31 1	Bt46 1	Bt68 1	Bt75 1	
35	Bt11 1	Bt22 1	Bt46 1	Bt98 1	
36	Bt70 1	Bt89 1	Bt90 1	
37	Bt3 1	Bt55 1	Bt71 1	Bt79 1	Bt86 1	Bt89 1	
38	Bt21 1	Bt48 1	Bt49 1	Bt55 1	Bt71 1	
39	Bt8 1	Bt72 1	Bt75 1	Bt76 1	
40	Bt38 1	Bt48 1	
41	Bt36 1	Bt38 1	Bt62 1	Bt63 1	Bt86 1	
42	Bt38 1	Bt44 1	Bt67 1	
43	Bt22 1	Bt35 1	Bt72 1	Bt78 1	
44	Bt11 1	Bt26 1	Bt47 1	Bt81 1	
45	Bt5 1	Bt7 1	Bt14 1	Bt31 1	Bt73 1	Bt91 1	
46	Bt42 1	Bt62 1	Bt82 1	Bt94 1	Bt100 1	
47	Bt26 1	Bt47 1	
48	Bt15 1	Bt30 1	Bt36 1	Bt46 1	Bt48 1	Bt97 1	
49	Bt21 1	Bt24 1	Bt70 1	Bt83 1	
50	Bt40 1	Bt75 1	Bt82 1	Bt84 1	
51	Bt9 1	Bt10 1	Bt41 1	Bt42 1	Bt99 1	
52	Bt39 1	Bt48 1	
53	Bt5 1	Bt12 1	Bt24 1	
54	Bt15 1	Bt20 1	Bt32 1	Bt54 1	Bt81 1	
55	Bt11 1	Bt54 1	
56	Bt59 1	Bt77 1	Bt88 1	
57	Bt1 1	Bt2 2	Bt34 1	Bt73 1	Bt91 1	
58	Bt6 1	Bt7 1	Bt77 1	
59	Bt19 1	Bt30 1	Bt38 1	Bt56 1	Bt93 1	
60	Bt47 1	Bt79 1	Bt85 1	
61	Bt32 1	Bt44 1	Bt75 1	Bt83 1	
62	Bt20 1	Bt38 1	Bt55 1	Bt82 1	Bt88 1	Bt90 1	
63	Bt19 1	Bt28 1	Bt39 1	Bt72 1	Bt78 1	Bt84 1	
64	Bt9 1	Bt51 1	Bt68 1	Bt97 1	
65	Bt23 1	Bt44 2	Bt71 1	Bt78 1	
66	Bt2 1	Bt8 1	Bt50 1	Bt53 1	Bt79 1	Bt88 1	
67	Bt17 1	Bt70 1	Bt75 1	
68	Bt31 1	Bt64 1	Bt81 1	Bt87 1	Bt98 1	
69	Bt39 1	Bt52 1	Bt61 1	Bt86 1	
70	Bt19 1	Bt38 1	Bt51 1	Bt68 1	Bt83 1	
71	Bt44 1	Bt68 1	Bt79 1	
72	Bt35 1	Bt44 1	Bt58 1	Bt67 1	
73	Bt22 1	Bt73 1	Bt97 1	
74	Bt66 1	Bt80 1	Bt82 1	Bt94 1	
75	Bt2 1	Bt18 1	Bt83 1	
76	Bt41 1	Bt76 1	Bt90 1	Bt99 1	
77	Bt15 1	Bt29 1	Bt33 1	Bt70 1	
78	Bt5 1	Bt77 1	Bt81 1	Bt93 1	
79	Bt9 1	Bt85 1	
80	Bt11 1	Bt22 1	Bt34 1	Bt62 1	
81	Bt7 1	Bt13 1	Bt21 1	Bt42 1	Bt94 1	
82	Bt5 1	Bt17 1	Bt26 1	
83	Bt10 1	Bt93 1	Bt95 1	
84	Bt5 1	Bt73 1	Bt90 1	
85	Bt7 1	Bt53 1	Bt58 1	Bt85 1	Bt86 1	Bt98 1	
86	Bt32 1	Bt33 1	
87	Bt1 1	Bt6 1	Bt29 1	Bt50 1	Bt59 1	Bt79 1	
88	Bt4 1	Bt33 1	Bt38 1	Bt51 1	
89	Bt29 1	Bt67 1	Bt69 1	Bt90 1	
90	Bt30 1	Bt87 1	
91	Bt50 1	Bt86 1	Bt89 1	
92	Bt23 1	Bt25 1	Bt47 1	Bt52 1	Bt98 1	
93	Bt3 1	Bt24 1	Bt26 1	Bt58 1	Bt59 1	Bt72 1	
94	Bt37 1	Bt49 1	Bt85 1	Bt99 1	
95	Bt10 1	Bt22 1	
96	Bt17 1	Bt42 1	Bt86 1	Bt91 1	Bt94 1	
97	Bt40 1	Bt56 1	Bt82 1	
98	Bt4 1	Bt16 1	Bt17 1	Bt18 1	Bt82 1	
99	Bt27 1	Bt50 1	Bt53 1	
100	Bt35 1	Bt54 1	Bt65 1	