Name				553_n100_m400_bt100
Number_of_Customers		100
Number_of_Items			400
Number_of_ItemTypes		100
Number_of_Vehicles		49
TimeWindows			1

VEHICLE
Mass_Capacity			12595
CargoSpace_Length		60
CargoSpace_Width		25
CargoSpace_Height		30
Wheelbase			48
Max_Mass_FrontAxle		7100
Max_Mass_RearAxle		11500
Distance_FrontAxle_CargoSpace	4

CUSTOMERS
i		x		y		Demand		ReadyTime	DueDate		ServiceTime	DemandedMass	DemandedVolume
0		35		35		0		0		1000		0		0		0
1		36		7		3		0		961		10		1709.71		6432
2		59		0		3		0		947		10		3265.71		7684
3		51		10		5		0		960		10		1518.93		10446
4		58		67		4		0		950		10		3234.44		9118
5		54		6		2		0		955		10		934.61		5248
6		49		42		4		325		561		10		3172.47		8404
7		52		18		3		0		965		10		1019.8		7754
8		57		43		2		0		966		10		405.82		3096
9		37		51		2		0		973		10		906.27		5460
10		11		17		5		0		960		10		1510.88		8642
11		6		24		5		8		280		10		1934.52		10319
12		7		41		3		0		961		10		1867.32		7726
13		42		67		6		0		957		10		1247.59		9087
14		60		24		6		0		962		10		3392.04		13086
15		9		1		2		0		947		10		637.58		3428
16		2		15		5		0		951		10		1458.5		10426
17		36		47		3		105		355		10		936.27		6762
18		3		56		4		0		951		10		1825.9		11442
19		69		61		5		461		761		10		1541.34		10700
20		43		34		2		0		981		10		270.73		1608
21		45		10		3		0		963		10		1085.75		5910
22		12		32		3		757		1000		10		1618.49		6147
23		13		27		6		759		1000		10		1592.14		8712
24		29		7		3		341		587		10		1271.63		7778
25		42		52		6		0		971		10		2955.8		12669
26		16		37		2		0		970		10		503.83		4383
27		23		4		6		0		956		10		3815.82		15483
28		57		60		5		0		956		10		2010.86		10500
29		57		34		4		0		967		10		1374.83		8904
30		8		6		4		129		357		10		1579.22		10388
31		42		1		4		0		955		10		1719.33		10590
32		26		2		3		832		1000		10		910.77		6258
33		6		59		3		0		952		10		1073.37		7142
34		59		17		6		0		960		10		2285.25		10034
35		32		40		5		0		984		10		2704.35		7388
36		41		57		3		811		1000		10		625.5		5012
37		4		53		3		0		954		10		1790.02		4806
38		40		10		3		0		964		10		959.62		6106
39		64		3		3		0		946		10		581.02		4136
40		50		74		2		535		773		10		955.5		6842
41		17		34		6		174		414		10		3694.53		13954
42		19		5		6		0		956		10		1892.74		9029
43		14		67		4		0		951		10		2076.73		9300
44		22		45		3		0		973		10		763.87		6354
45		32		50		6		0		974		10		1813.99		12284
46		51		78		5		0		944		10		3010		8425
47		57		53		3		0		961		10		557.64		3318
48		29		25		4		0		978		10		2354.53		8698
49		54		9		5		0		144		10		1483.88		10086
50		45		22		5		0		973		10		1505.15		9624
51		7		34		2		501		721		10		385.03		2088
52		0		25		4		0		953		10		2367.93		10250
53		20		77		3		0		945		10		524.97		2868
54		67		22		3		0		955		10		997.28		6866
55		36		4		6		0		958		10		2104.41		12906
56		22		28		4		0		975		10		1766.54		10649
57		64		78		3		0		938		10		606.83		3882
58		58		76		4		0		942		10		1510.09		10142
59		32		29		3		0		983		10		1147.89		8246
60		17		15		6		0		963		10		2989.85		13423
61		35		39		2		0		986		10		1705.92		6260
62		25		69		3		0		954		10		1561.55		5727
63		12		57		3		0		958		10		812.25		5090
64		41		48		4		0		975		10		3615.36		9966
65		16		59		2		0		959		10		1080.54		5880
66		46		49		5		0		972		10		1316.95		9942
67		13		24		6		0		965		10		2503.38		11019
68		20		21		2		184		406		10		982.69		5410
69		51		55		4		416		696		10		1955.73		7174
70		37		14		3		0		968		10		874.9		4350
71		49		62		2		0		959		10		920.91		6208
72		36		43		6		0		981		10		3717.63		15782
73		32		62		6		0		962		10		2099.15		14634
74		21		55		3		0		965		10		936.71		6690
75		59		79		5		0		939		10		2380.78		9656
76		8		48		4		47		271		10		1536.07		10574
77		38		67		4		0		957		10		1594.99		6069
78		52		27		4		0		971		10		1771.36		8958
79		53		22		4		12		240		10		2055.28		7996
80		45		60		6		0		963		10		1902.68		12576
81		39		61		5		0		963		10		2090.09		12664
82		29		3		2		715		909		10		1431.33		4277
83		69		56		5		0		950		10		1530.37		12062
84		25		42		6		0		977		10		1773.6		11592
85		56		19		4		350		574		10		1294.67		9308
86		25		9		4		278		486		10		1989.59		6654
87		27		60		2		0		963		10		774.05		5100
88		29		45		4		0		978		10		2500.87		4180
89		16		1		5		0		951		10		1375.74		8489
90		67		7		4		0		947		10		2146.61		8982
91		10		51		4		428		636		10		946.5		6548
92		19		1		4		0		952		10		1250.09		8564
93		7		11		4		0		953		10		1815.56		12638
94		22		69		5		0		161		10		2685.84		7415
95		39		73		6		0		951		10		3106.78		13282
96		0		30		4		399		609		10		2516.19		7542
97		57		7		4		0		954		10		2280.25		14342
98		16		8		4		0		956		10		2671.71		5742
99		48		45		5		0		973		10		2847.26		12830
100		0		79		5		531		755		10		1692.14		10328

ITEMS
Type		Length		Width		Height		Mass		Fragility	LoadBearingStrength
Bt1		27		7		11		232.31		0		6.6813910
Bt2		31		13		11		717.88		1		10.6301639
Bt3		24		6		14		334.03		0		36.1255935
Bt4		30		8		8		270.99		0		24.6490301
Bt5		15		9		14		309.60		0		5.8481745
Bt6		15		11		6		1068.10		0		46.2072149
Bt7		33		11		14		618.92		0		8.5487202
Bt8		35		5		6		138.09		0		6.4331091
Bt9		26		12		12		478.14		0		7.3069776
Bt10		27		5		6		153.86		0		76.9642006
Bt11		17		12		7		165.39		1		8.9635732
Bt12		22		8		10		336.58		0		16.8315659
Bt13		31		5		11		314.77		0		56.9479124
Bt14		19		11		14		581.90		0		38.4552218
Bt15		32		8		13		491.41		0		54.4206786
Bt16		12		5		6		66.91		0		27.2528722
Bt17		20		5		14		167.19		0		38.8106422
Bt18		31		9		12		511.67		0		34.3396959
Bt19		33		6		6		207.62		0		9.6653666
Bt20		20		14		9		310.16		0		29.7324252
Bt21		19		13		10		319.97		0		40.1674717
Bt22		25		7		10		343.81		0		15.1391091
Bt23		23		11		6		819.30		0		15.1352956
Bt24		24		8		12		441.86		0		6.3162895
Bt25		29		10		7		226.10		1		3.0986615
Bt26		26		10		11		409.24		0		21.1024246
Bt27		30		7		12		662.95		0		9.1874675
Bt28		15		13		11		849.43		0		80.6968684
Bt29		18		10		6		122.18		0		5.7832085
Bt30		18		14		13		482.14		0		17.0390490
Bt31		12		12		8		193.92		0		16.7928302
Bt32		19		12		14		490.84		0		18.5145225
Bt33		29		12		13		567.19		1		6.2105552
Bt34		32		12		13		684.97		0		11.3560908
Bt35		15		5		10		89.77		0		6.7923483
Bt36		16		7		8		102.08		0		16.4651767
Bt37		29		5		14		273.10		0		27.8104794
Bt38		13		12		13		271		0		3.3936510
Bt39		32		6		9		218.25		0		4.7063673
Bt40		17		11		13		360.54		1		5.6821538
Bt41		16		8		13		301.98		0		8.4896377
Bt42		19		14		11		383.66		0		4.3047228
Bt43		27		14		12		542.84		1		14.0670858
Bt44		13		10		11		165.16		0		5.3435697
Bt45		12		6		14		130.91		0		5.4443551
Bt46		18		7		7		97.45		0		6.9102676
Bt47		24		13		10		488.46		0		8.5137018
Bt48		12		8		14		1024.10		0		71.3741994
Bt49		17		6		10		124.29		0		5.0184681
Bt50		24		5		7		113.12		0		35.5062665
Bt51		33		14		10		510.79		0		11.5083486
Bt52		24		8		12		432.85		1		8.5468769
Bt53		21		11		14		368.01		0		21.7834565
Bt54		32		7		8		238.13		0		7.0916422
Bt55		26		8		6		197.24		1		2.0168567
Bt56		28		10		9		349.53		0		8.6999267
Bt57		12		9		10		274.11		0		14.4292619
Bt58		27		10		14		433.12		1		2.6233705
Bt59		22		7		10		221.69		0		12.1629265
Bt60		34		5		8		1104.61		1		26.9610013
Bt61		26		10		12		471.53		0		14.5763722
Bt62		15		13		13		295.25		0		9.3253055
Bt63		29		9		7		988.04		0		28.3330132
Bt64		27		8		7		194.50		0		10.5228367
Bt65		13		10		8		175.20		1		4.1161803
Bt66		25		6		14		286.67		1		2.0084246
Bt67		25		10		11		402.67		0		14.3584289
Bt68		30		5		7		126.93		0		32.8445244
Bt69		20		11		6		250.44		0		11.0853836
Bt70		23		9		14		408.18		1		4.3272743
Bt71		35		7		14		680.17		0		15.8572931
Bt72		35		8		6		1012.13		1		12.0143287
Bt73		12		8		8		82.94		1		5.8546800
Bt74		34		12		10		554.70		0		11.4652582
Bt75		14		6		14		163.76		0		11.1616643
Bt76		19		8		12		340.07		0		11.0895643
Bt77		19		6		14		173.89		1		1.9736676
Bt78		17		7		8		166.98		1		2.3524620
Bt79		14		9		14		335.60		0		14.9209509
Bt80		28		7		11		332.76		0		5.8895798
Bt81		24		13		14		666.21		0		13.3678814
Bt82		28		12		8		423.15		0		11.4892995
Bt83		29		5		14		1353.66		0		130.4381333
Bt84		30		13		12		921.62		0		21.4211400
Bt85		14		12		9		280.06		0		13.9398156
Bt86		32		8		10		511.46		1		21.7036800
Bt87		15		10		8		158.92		0		5.9996898
Bt88		12		10		7		187.79		0		74.5753951
Bt89		24		13		11		619.04		0		49.7291449
Bt90		35		5		14		443.29		0		15.0111748
Bt91		18		6		10		238.39		1		8.1522148
Bt92		19		14		9		2196.35		0		93.6528995
Bt93		13		10		6		129.91		1		3.5458456
Bt94		22		12		7		208.58		0		8.5600946
Bt95		18		10		11		302.52		0		4.8815763
Bt96		28		8		8		317.50		0		26.5285755
Bt97		25		14		7		348.96		0		38.6047309
Bt98		26		11		13		700.41		0		12.7715829
Bt99		29		11		8		435.62		0		13.8781954
Bt100		30		9		12		2062.75		0		58.2273903

DEMANDS PER CUSTOMER
i	Type Quantity
1	Bt45 1	Bt48 1	Bt74 1	
2	Bt23 1	Bt42 1	Bt100 1	
3	Bt34 1	Bt38 1	Bt46 1	Bt79 1	Bt93 1	
4	Bt41 1	Bt48 1	Bt74 1	Bt83 1	
5	Bt82 1	Bt86 1	
6	Bt69 1	Bt70 1	Bt92 1	Bt96 1	
7	Bt9 1	Bt21 1	Bt59 1	
8	Bt55 1	Bt94 1	
9	Bt25 1	Bt71 1	
10	Bt37 1	Bt69 1	Bt89 1	Bt91 1	Bt93 1	
11	Bt17 1	Bt24 1	Bt27 1	Bt40 1	Bt41 1	
12	Bt42 1	Bt61 1	Bt72 1	
13	Bt36 1	Bt38 1	Bt62 1	Bt77 1	Bt78 1	Bt91 1	
14	Bt19 1	Bt25 1	Bt74 1	Bt77 1	Bt78 1	Bt100 1	
15	Bt41 1	Bt79 1	
16	Bt5 1	Bt16 1	Bt26 1	Bt43 1	Bt93 1	
17	Bt7 1	Bt16 1	Bt69 1	
18	Bt50 1	Bt53 1	Bt82 1	Bt84 1	
19	Bt12 1	Bt17 1	Bt34 1	Bt45 1	Bt59 1	
20	Bt73 1	Bt88 1	
21	Bt17 1	Bt71 1	Bt91 1	
22	Bt61 1	Bt63 1	Bt87 1	
23	Bt45 1	Bt52 1	Bt57 1	Bt69 1	Bt75 1	Bt76 1	
24	Bt56 1	Bt59 1	Bt98 1	
25	Bt13 1	Bt18 1	Bt56 1	Bt60 1	Bt75 1	Bt86 1	
26	Bt62 1	Bt94 1	
27	Bt38 1	Bt39 1	Bt56 1	Bt62 1	Bt89 1	Bt100 1	
28	Bt9 1	Bt21 1	Bt23 1	Bt39 1	Bt65 1	
29	Bt3 1	Bt64 1	Bt82 2	
30	Bt12 1	Bt17 1	Bt26 1	Bt81 1	
31	Bt19 1	Bt53 1	Bt90 1	Bt98 1	
32	Bt8 1	Bt56 1	Bt82 1	
33	Bt18 1	Bt25 1	Bt79 1	
34	Bt8 1	Bt35 1	Bt67 1	Bt72 1	Bt76 1	Bt95 1	
35	Bt10 1	Bt72 2	Bt73 1	Bt90 1	
36	Bt36 1	Bt56 1	Bt77 1	
37	Bt6 1	Bt24 1	Bt85 1	
38	Bt53 1	Bt57 1	Bt96 1	
39	Bt55 1	Bt65 1	Bt94 1	
40	Bt7 1	Bt12 1	
41	Bt4 1	Bt16 1	Bt34 1	Bt46 1	Bt86 1	Bt100 1	
42	Bt8 1	Bt28 1	Bt35 1	Bt57 1	Bt80 1	Bt94 1	
43	Bt21 1	Bt37 1	Bt61 1	Bt72 1	
44	Bt8 1	Bt43 1	Bt73 1	
45	Bt3 1	Bt9 1	Bt19 1	Bt80 1	Bt87 1	Bt95 1	
46	Bt6 1	Bt24 1	Bt63 1	Bt64 1	Bt96 1	
47	Bt10 1	Bt11 1	Bt91 1	
48	Bt5 1	Bt57 1	Bt60 1	Bt81 1	
49	Bt3 1	Bt42 1	Bt45 1	Bt80 1	Bt95 1	
50	Bt3 1	Bt11 1	Bt82 1	Bt85 1	Bt95 1	
51	Bt55 1	Bt88 1	
52	Bt4 1	Bt20 1	Bt58 1	Bt83 1	
53	Bt16 1	Bt19 1	Bt69 1	
54	Bt18 1	Bt67 1	Bt73 1	
55	Bt9 1	Bt68 1	Bt86 2	Bt87 1	Bt96 1	
56	Bt18 1	Bt31 1	Bt40 1	Bt98 1	
57	Bt4 1	Bt46 1	Bt91 1	
58	Bt24 1	Bt35 1	Bt43 1	Bt99 1	
59	Bt37 1	Bt81 1	Bt94 1	
60	Bt53 1	Bt55 1	Bt62 1	Bt76 1	Bt83 1	Bt99 1	
61	Bt2 1	Bt63 1	
62	Bt4 1	Bt63 1	Bt95 1	
63	Bt10 1	Bt15 1	Bt78 1	
64	Bt20 1	Bt23 1	Bt82 1	Bt100 1	
65	Bt84 1	Bt87 1	
66	Bt50 1	Bt54 1	Bt58 1	Bt67 1	Bt93 1	
67	Bt13 2	Bt28 1	Bt78 1	Bt89 1	Bt91 1	
68	Bt71 1	Bt95 1	
69	Bt12 1	Bt24 1	Bt44 1	Bt72 1	
70	Bt27 1	Bt29 1	Bt35 1	
71	Bt18 1	Bt26 1	
72	Bt14 1	Bt83 1	Bt84 1	Bt90 1	Bt94 2	
73	Bt4 1	Bt9 1	Bt24 1	Bt43 1	Bt68 1	Bt91 1	
74	Bt8 1	Bt20 1	Bt47 1	
75	Bt24 1	Bt61 1	Bt65 1	Bt72 1	Bt85 1	
76	Bt5 1	Bt51 1	Bt85 1	Bt99 1	
77	Bt44 1	Bt49 1	Bt63 1	Bt96 1	
78	Bt9 1	Bt20 1	Bt23 1	Bt75 1	
79	Bt12 1	Bt14 1	Bt23 1	Bt96 1	
80	Bt11 1	Bt19 1	Bt29 1	Bt32 1	Bt69 1	Bt81 1	
81	Bt15 1	Bt27 1	Bt32 1	Bt38 1	Bt77 1	
82	Bt63 1	Bt90 1	
83	Bt9 1	Bt44 1	Bt58 1	Bt77 1	Bt85 1	
84	Bt19 1	Bt24 1	Bt29 1	Bt32 1	Bt94 1	Bt95 1	
85	Bt3 1	Bt33 1	Bt39 1	Bt65 1	
86	Bt6 1	Bt52 1	Bt85 1	Bt94 1	
87	Bt61 1	Bt95 1	
88	Bt6 1	Bt35 1	Bt60 1	Bt91 1	
89	Bt29 1	Bt40 1	Bt71 1	Bt73 1	Bt93 1	
90	Bt13 1	Bt63 1	Bt70 1	Bt99 1	
91	Bt16 1	Bt32 1	Bt36 1	Bt66 1	
92	Bt3 1	Bt70 1	Bt87 1	Bt97 1	
93	Bt3 1	Bt18 1	Bt33 1	Bt67 1	
94	Bt28 1	Bt29 2	Bt83 1	Bt91 1	
95	Bt5 1	Bt24 1	Bt26 1	Bt27 1	Bt38 1	Bt72 1	
96	Bt23 1	Bt31 1	Bt32 1	Bt72 1	
97	Bt4 1	Bt34 1	Bt67 1	Bt84 1	
98	Bt11 1	Bt29 1	Bt88 1	Bt92 1	
99	Bt9 1	Bt47 1	Bt60 1	Bt80 1	Bt90 1	
100	Bt16 1	Bt20 1	Bt39 1	Bt65 1	Bt84 1	