Name				556_n100_m400_bt3
Number_of_Customers		100
Number_of_Items			400
Number_of_ItemTypes		3
Number_of_Vehicles		21
TimeWindows			1

VEHICLE
Mass_Capacity			12595
CargoSpace_Length		60
CargoSpace_Width		25
CargoSpace_Height		30
Wheelbase			48
Max_Mass_FrontAxle		7100
Max_Mass_RearAxle		11500
Distance_FrontAxle_CargoSpace	4

CUSTOMERS
i		x		y		Demand		ReadyTime	DueDate		ServiceTime	DemandedMass	DemandedVolume
0		35		35		0		0		1000		0		0		0
1		68		71		3		0		941		10		503.24		900
2		4		10		4		736		974		10		390.52		912
3		40		46		4		503		763		10		597.2		1124
4		55		71		3		583		777		10		680.56		1080
5		19		12		5		382		580		10		676.48		1332
6		44		14		6		0		967		10		785.12		1572
7		7		72		6		712		984		10		607.8		1392
8		54		3		3		8		236		10		311.24		704
9		64		56		6		0		954		10		962.44		1752
10		68		22		3		380		688		10		680.56		1080
11		35		60		5		178		424		10		868.48		1528
12		1		50		5		0		952		10		1060.48		1724
13		30		32		4		314		560		10		582.52		1108
14		15		46		2		0		967		10		202.6		464
15		62		20		3		727		993		10		488.56		884
16		68		65		2		0		945		10		187.92		448
17		48		57		5		686		922		10		705.84		1364
18		33		20		2		191		465		10		379.92		644
19		9		78		3		161		431		10		488.56		884
20		21		55		5		0		220		10		691.16		1348
21		11		10		5		640		866		10		853.8		1512
22		60		64		3		734		968		10		296.56		688
23		12		41		3		146		388		10		488.56		884
24		61		17		3		726		970		10		665.88		1064
25		11		32		5		0		965		10		513.84		1168
26		51		55		6		271		531		10		962.44		1752
27		33		15		2		162		414		10		571.92		840
28		44		31		2		631		895		10		379.92		644
29		55		68		4		0		951		10		582.52		1108
30		15		63		5		0		225		10		676.48		1332
31		56		46		5		137		379		10		1060.48		1724
32		44		1		3		0		954		10		488.56		884
33		56		14		6		100		350		10		977.12		1768
34		10		0		4		155		429		10		774.52		1304
35		4		23		5		821		1000		10		705.84		1364
36		18		22		4		0		968		10		966.52		1500
37		29		70		3		683		931		10		680.56		1080
38		21		50		2		355		581		10		379.92		644
39		67		75		6		0		938		10		637.16		1424
40		18		34		3		707		947		10		665.88		1064
41		52		29		5		232		456		10		661.8		1316
42		22		14		5		785		1000		10		469.8		1120
43		50		78		6		420		628		10		1169.12		1964
44		0		57		4		266		516		10		966.52		1500
45		8		40		4		467		713		10		966.52		1500
46		37		80		6		785		973		10		799.8		1588
47		60		54		2		333		559		10		217.28		480
48		16		74		3		0		946		10		680.56		1080
49		21		65		5		631		869		10		1060.48		1724
50		69		33		5		419		653		10		1045.8		1708
51		35		24		6		296		554		10		607.8		1392
52		9		65		4		830		1000		10		774.52		1304
53		17		66		4		0		169		10		597.2		1124
54		47		11		6		582		822		10		1139.76		1932
55		19		18		5		799		1000		10		676.48		1332
56		43		73		4		0		212		10		390.52		912
57		38		71		3		463		637		10		503.24		900
58		47		17		3		521		739		10		281.88		672
59		3		36		6		0		215		10		962.44		1752
60		55		6		5		519		781		10		691.16		1348
61		4		7		3		0		948		10		473.88		868
62		5		76		5		810		998		10		868.48		1528
63		54		63		6		402		624		10		1331.76		2128
64		46		53		4		0		968		10		582.52		1108
65		6		29		3		224		508		10		503.24		900
66		24		34		3		346		616		10		680.56		1080
67		15		8		4		289		475		10		789.2		1320
68		53		40		4		590		868		10		582.52		1108
69		47		22		5		331		527		10		897.84		1560
70		41		26		6		0		979		10		785.12		1572
71		1		5		3		125		399		10		473.88		868
72		21		24		3		702		902		10		680.56		1080
73		11		35		3		320		578		10		296.56		688
74		64		70		3		708		956		10		503.24		900
75		12		21		6		476		730		10		1169.12		1964
76		31		49		3		0		227		10		488.56		884
77		53		18		2		0		965		10		202.6		464
78		46		61		2		140		362		10		202.6		464
79		38		4		6		30		192		10		1154.44		1948
80		42		39		4		483		733		10		582.52		1108
81		46		42		5		25		243		10		676.48		1332
82		24		24		2		0		974		10		379.92		644
83		50		5		3		0		956		10		281.88		672
84		40		10		3		567		837		10		665.88		1064
85		4		2		2		77		319		10		202.6		464
86		12		27		2		688		902		10		394.6		660
87		6		67		5		0		946		10		676.48		1332
88		35		50		6		0		975		10		814.48		1604
89		30		61		3		0		963		10		680.56		1080
90		53		11		3		0		960		10		311.24		704
91		27		67		2		400		662		10		202.6		464
92		7		7		4		0		950		10		789.2		1320
93		42		43		4		588		810		10		419.88		944
94		2		63		3		532		780		10		311.24		704
95		51		64		5		0		956		10		720.52		1380
96		50		0		4		384		616		10		434.56		960
97		0		42		4		0		954		10		567.84		1092
98		68		44		5		202		480		10		676.48		1332
99		44		77		5		147		399		10		691.16		1348
100		22		39		3		198		436		10		503.24		900

ITEMS
Type		Length		Width		Height		Mass		Fragility	LoadBearingStrength
Bt1		16		5		3		108.64		0		4.4573686
Bt2		14		2		8		93.96		1		4.2131175
Bt3		14		5		6		285.96		0		46.6688695

DEMANDS PER CUSTOMER
i	Type Quantity
1	Bt1 2	Bt3 1	
2	Bt1 1	Bt2 3	
3	Bt1 2	Bt2 1	Bt3 1	
4	Bt1 1	Bt3 2	
5	Bt1 1	Bt2 3	Bt3 1	
6	Bt1 2	Bt2 3	Bt3 1	
7	Bt1 3	Bt2 3	
8	Bt1 2	Bt2 1	
9	Bt1 1	Bt2 3	Bt3 2	
10	Bt1 1	Bt3 2	
11	Bt1 1	Bt2 2	Bt3 2	
12	Bt1 1	Bt2 1	Bt3 3	
13	Bt1 1	Bt2 2	Bt3 1	
14	Bt1 1	Bt2 1	
15	Bt1 1	Bt2 1	Bt3 1	
16	Bt2 2	
17	Bt1 3	Bt2 1	Bt3 1	
18	Bt2 1	Bt3 1	
19	Bt1 1	Bt2 1	Bt3 1	
20	Bt1 2	Bt2 2	Bt3 1	
21	Bt2 3	Bt3 2	
22	Bt1 1	Bt2 2	
23	Bt1 1	Bt2 1	Bt3 1	
24	Bt2 1	Bt3 2	
25	Bt1 3	Bt2 2	
26	Bt1 1	Bt2 3	Bt3 2	
27	Bt3 2	
28	Bt2 1	Bt3 1	
29	Bt1 1	Bt2 2	Bt3 1	
30	Bt1 1	Bt2 3	Bt3 1	
31	Bt1 1	Bt2 1	Bt3 3	
32	Bt1 1	Bt2 1	Bt3 1	
33	Bt1 2	Bt2 2	Bt3 2	
34	Bt1 1	Bt2 1	Bt3 2	
35	Bt1 3	Bt2 1	Bt3 1	
36	Bt1 1	Bt3 3	
37	Bt1 1	Bt3 2	
38	Bt2 1	Bt3 1	
39	Bt1 5	Bt2 1	
40	Bt2 1	Bt3 2	
41	Bt2 4	Bt3 1	
42	Bt2 5	
43	Bt1 2	Bt2 1	Bt3 3	
44	Bt1 1	Bt3 3	
45	Bt1 1	Bt3 3	
46	Bt1 3	Bt2 2	Bt3 1	
47	Bt1 2	
48	Bt1 1	Bt3 2	
49	Bt1 1	Bt2 1	Bt3 3	
50	Bt2 2	Bt3 3	
51	Bt1 3	Bt2 3	
52	Bt1 1	Bt2 1	Bt3 2	
53	Bt1 2	Bt2 1	Bt3 1	
54	Bt2 3	Bt3 3	
55	Bt1 1	Bt2 3	Bt3 1	
56	Bt1 1	Bt2 3	
57	Bt1 2	Bt3 1	
58	Bt2 3	
59	Bt1 1	Bt2 3	Bt3 2	
60	Bt1 2	Bt2 2	Bt3 1	
61	Bt2 2	Bt3 1	
62	Bt1 1	Bt2 2	Bt3 2	
63	Bt2 2	Bt3 4	
64	Bt1 1	Bt2 2	Bt3 1	
65	Bt1 2	Bt3 1	
66	Bt1 1	Bt3 2	
67	Bt1 2	Bt3 2	
68	Bt1 1	Bt2 2	Bt3 1	
69	Bt1 3	Bt3 2	
70	Bt1 2	Bt2 3	Bt3 1	
71	Bt2 2	Bt3 1	
72	Bt1 1	Bt3 2	
73	Bt1 1	Bt2 2	
74	Bt1 2	Bt3 1	
75	Bt1 2	Bt2 1	Bt3 3	
76	Bt1 1	Bt2 1	Bt3 1	
77	Bt1 1	Bt2 1	
78	Bt1 1	Bt2 1	
79	Bt1 1	Bt2 2	Bt3 3	
80	Bt1 1	Bt2 2	Bt3 1	
81	Bt1 1	Bt2 3	Bt3 1	
82	Bt2 1	Bt3 1	
83	Bt2 3	
84	Bt2 1	Bt3 2	
85	Bt1 1	Bt2 1	
86	Bt1 1	Bt3 1	
87	Bt1 1	Bt2 3	Bt3 1	
88	Bt1 4	Bt2 1	Bt3 1	
89	Bt1 1	Bt3 2	
90	Bt1 2	Bt2 1	
91	Bt1 1	Bt2 1	
92	Bt1 2	Bt3 2	
93	Bt1 3	Bt2 1	
94	Bt1 2	Bt2 1	
95	Bt1 4	Bt3 1	
96	Bt1 4	
97	Bt2 3	Bt3 1	
98	Bt1 1	Bt2 3	Bt3 1	
99	Bt1 2	Bt2 2	Bt3 1	
100	Bt1 2	Bt3 1	