Name				557_n100_m400_bt3
Number_of_Customers		100
Number_of_Items			400
Number_of_ItemTypes		3
Number_of_Vehicles		21
TimeWindows			1

VEHICLE
Mass_Capacity			12595
CargoSpace_Length		60
CargoSpace_Width		25
CargoSpace_Height		30
Wheelbase			48
Max_Mass_FrontAxle		7100
Max_Mass_RearAxle		11500
Distance_FrontAxle_CargoSpace	4

CUSTOMERS
i		x		y		Demand		ReadyTime	DueDate		ServiceTime	DemandedMass	DemandedVolume
0		35		35		0		0		1000		0		0		0
1		58		51		5		459		693		10		772.19		885
2		70		12		6		362		546		10		1491.57		1743
3		41		6		3		350		572		10		1096.91		1401
4		66		8		2		0		246		10		349.18		306
5		9		80		3		99		325		10		681.23		813
6		11		10		4		0		955		10		855.82		966
7		10		52		5		733		953		10		485.62		414
8		47		28		4		0		258		10		1013.28		1320
9		45		20		5		764		986		10		1187.87		1473
10		59		66		4		433		729		10		726.71		849
11		69		54		3		356		588		10		967.8		1284
12		6		26		3		416		704		10		967.8		1284
13		44		25		6		196		438		10		1362.46		1626
14		55		63		2		0		955		10		90.96		72
15		26		0		4		519		749		10		698.36		612
16		43		1		5		816		1000		10		1187.87		1473
17		13		62		3		603		879		10		681.23		813
18		66		80		2		0		935		10		90.96		72
19		20		25		6		0		971		10		1233.35		1509
20		29		15		3		531		769		10		1096.91		1401
21		2		26		4		239		435		10		597.6		732
22		62		37		6		729		951		10		789.32		684
23		58		32		3		199		459		10		967.8		1284
24		22		35		3		0		218		10		552.12		696
25		44		11		4		624		834		10		1271.5		1554
26		16		36		4		0		970		10		569.25		495
27		17		57		2		766		1000		10		506.64		660
28		34		54		5		252		474		10		1316.98		1590
29		25		7		3		200		506		10		967.8		1284
30		23		22		3		71		329		10		265.55		225
31		61		1		3		427		687		10		1096.91		1401
32		63		56		3		0		955		10		394.66		342
33		11		29		2		803		979		10		349.18		306
34		16		30		3		0		970		10		810.34		930
35		3		58		2		0		950		10		90.96		72
36		34		57		3		233		487		10		523.77		459
37		18		72		4		0		949		10		1558.07		2025
38		16		26		4		552		768		10		1844.64		2496
39		33		2		6		0		956		10		1620.68		1860
40		68		57		5		54		346		10		901.3		1002
41		33		16		3		850		1000		10		810.34		930
42		46		15		4		456		648		10		984.93		1083
43		48		67		4		0		955		10		440.14		378
44		20		49		6		150		378		10		1205		1272
45		31		55		3		0		969		10		523.77		459
46		14		75		5		437		713		10		1732.66		2178
47		35		47		5		854		1000		10		1474.44		1944
48		27		54		5		161		375		10		1732.66		2178
49		26		76		5		0		948		10		1187.87		1473
50		15		50		6		707		929		10		1047.54		918
51		39		11		4		0		173		10		855.82		966
52		54		41		3		618		844		10		136.44		108
53		8		65		3		0		949		10		681.23		813
54		22		71		6		753		1000		10		1649.03		2097
55		41		54		4		654		884		10		855.82		966
56		65		45		2		0		958		10		506.64		660
57		6		38		5		204		456		10		772.19		885
58		41		67		3		23		237		10		552.12		696
59		29		79		4		227		423		10		311.03		261
60		68		68		4		488		754		10		1271.5		1554
61		68		37		3		0		956		10		810.34		930
62		0		39		4		0		954		10		311.03		261
63		4		30		6		0		179		10		1362.46		1626
64		66		40		2		103		351		10		90.96		72
65		53		51		3		0		965		10		552.12		696
66		44		56		4		535		751		10		181.92		144
67		69		16		3		522		748		10		967.8		1284
68		62		30		3		719		959		10		265.55		225
69		15		71		3		198		476		10		967.8		1284
70		67		2		4		441		651		10		569.25		495
71		4		64		3		8		224		10		265.55		225
72		22		14		2		51		301		10		635.75		777
73		21		32		6		628		860		10		946.78		1038
74		68		5		5		543		763		10		1446.09		1707
75		32		33		6		653		873		10		1075.89		1155
76		62		12		6		662		886		10		2351.28		3156
77		3		54		3		449		673		10		681.23		813
78		38		59		6		330		584		10		817.67		921
79		26		65		5		0		958		10		1187.87		1473
80		11		17		3		797		1000		10		681.23		813
81		32		38		6		0		985		10		1907.25		2331
82		7		17		4		55		299		10		311.03		261
83		34		62		6		441		703		10		946.78		1038
84		38		37		3		346		600		10		1383.48		1872
85		38		53		2		0		971		10		922.32		1248
86		68		22		2		244		442		10		349.18		306
87		9		26		4		457		683		10		1428.96		1908
88		33		79		4		287		575		10		440.14		378
89		56		38		3		807		991		10		265.55		225
90		12		32		2		381		615		10		635.75		777
91		44		41		4		509		729		10		726.71		849
92		15		78		6		0		942		10		1519.92		1980
93		14		47		5		781		1000		10		485.62		414
94		11		40		5		219		449		10		743.84		648
95		57		44		5		522		760		10		1890.12		2532
96		47		47		5		0		973		10		356.51		297
97		29		7		6		0		961		10		2064.71		2685
98		42		60		3		0		964		10		265.55		225
99		69		75		6		93		353		10		1233.35		1509
100		40		24		5		0		164		10		901.3		1002

ITEMS
Type		Length		Width		Height		Mass		Fragility	LoadBearingStrength
Bt1		6		2		3		45.48		0		9.3543687
Bt2		13		6		8		461.16		0		29.1657484
Bt3		17		3		3		174.59		1		4.9093355

DEMANDS PER CUSTOMER
i	Type Quantity
1	Bt1 3	Bt2 1	Bt3 1	
2	Bt1 1	Bt2 2	Bt3 3	
3	Bt2 2	Bt3 1	
4	Bt3 2	
5	Bt1 1	Bt2 1	Bt3 1	
6	Bt1 1	Bt2 1	Bt3 2	
7	Bt1 3	Bt3 2	
8	Bt1 2	Bt2 2	
9	Bt1 2	Bt2 2	Bt3 1	
10	Bt1 2	Bt2 1	Bt3 1	
11	Bt1 1	Bt2 2	
12	Bt1 1	Bt2 2	
13	Bt1 2	Bt2 2	Bt3 2	
14	Bt1 2	
15	Bt3 4	
16	Bt1 2	Bt2 2	Bt3 1	
17	Bt1 1	Bt2 1	Bt3 1	
18	Bt1 2	
19	Bt1 3	Bt2 2	Bt3 1	
20	Bt2 2	Bt3 1	
21	Bt1 3	Bt2 1	
22	Bt1 2	Bt3 4	
23	Bt1 1	Bt2 2	
24	Bt1 2	Bt2 1	
25	Bt2 2	Bt3 2	
26	Bt1 1	Bt3 3	
27	Bt1 1	Bt2 1	
28	Bt1 1	Bt2 2	Bt3 2	
29	Bt1 1	Bt2 2	
30	Bt1 2	Bt3 1	
31	Bt2 2	Bt3 1	
32	Bt1 1	Bt3 2	
33	Bt3 2	
34	Bt2 1	Bt3 2	
35	Bt1 2	
36	Bt3 3	
37	Bt2 3	Bt3 1	
38	Bt2 4	
39	Bt2 2	Bt3 4	
40	Bt1 2	Bt2 1	Bt3 2	
41	Bt2 1	Bt3 2	
42	Bt2 1	Bt3 3	
43	Bt1 2	Bt3 2	
44	Bt1 1	Bt2 1	Bt3 4	
45	Bt3 3	
46	Bt2 3	Bt3 2	
47	Bt1 2	Bt2 3	
48	Bt2 3	Bt3 2	
49	Bt1 2	Bt2 2	Bt3 1	
50	Bt3 6	
51	Bt1 1	Bt2 1	Bt3 2	
52	Bt1 3	
53	Bt1 1	Bt2 1	Bt3 1	
54	Bt1 2	Bt2 3	Bt3 1	
55	Bt1 1	Bt2 1	Bt3 2	
56	Bt1 1	Bt2 1	
57	Bt1 3	Bt2 1	Bt3 1	
58	Bt1 2	Bt2 1	
59	Bt1 3	Bt3 1	
60	Bt2 2	Bt3 2	
61	Bt2 1	Bt3 2	
62	Bt1 3	Bt3 1	
63	Bt1 2	Bt2 2	Bt3 2	
64	Bt1 2	
65	Bt1 2	Bt2 1	
66	Bt1 4	
67	Bt1 1	Bt2 2	
68	Bt1 2	Bt3 1	
69	Bt1 1	Bt2 2	
70	Bt1 1	Bt3 3	
71	Bt1 2	Bt3 1	
72	Bt2 1	Bt3 1	
73	Bt1 3	Bt2 1	Bt3 2	
74	Bt2 2	Bt3 3	
75	Bt1 2	Bt2 1	Bt3 3	
76	Bt1 1	Bt2 5	
77	Bt1 1	Bt2 1	Bt3 1	
78	Bt1 4	Bt2 1	Bt3 1	
79	Bt1 2	Bt2 2	Bt3 1	
80	Bt1 1	Bt2 1	Bt3 1	
81	Bt2 3	Bt3 3	
82	Bt1 3	Bt3 1	
83	Bt1 3	Bt2 1	Bt3 2	
84	Bt2 3	
85	Bt2 2	
86	Bt3 2	
87	Bt1 1	Bt2 3	
88	Bt1 2	Bt3 2	
89	Bt1 2	Bt3 1	
90	Bt2 1	Bt3 1	
91	Bt1 2	Bt2 1	Bt3 1	
92	Bt1 3	Bt2 3	
93	Bt1 3	Bt3 2	
94	Bt1 1	Bt3 4	
95	Bt1 1	Bt2 4	
96	Bt1 4	Bt3 1	
97	Bt1 1	Bt2 4	Bt3 1	
98	Bt1 2	Bt3 1	
99	Bt1 3	Bt2 2	Bt3 1	
100	Bt1 2	Bt2 1	Bt3 2	