Name				558_n100_m400_bt3
Number_of_Customers		100
Number_of_Items			400
Number_of_ItemTypes		3
Number_of_Vehicles		13
TimeWindows			1

VEHICLE
Mass_Capacity			12595
CargoSpace_Length		60
CargoSpace_Width		25
CargoSpace_Height		30
Wheelbase			48
Max_Mass_FrontAxle		7100
Max_Mass_RearAxle		11500
Distance_FrontAxle_CargoSpace	4

CUSTOMERS
i		x		y		Demand		ReadyTime	DueDate		ServiceTime	DemandedMass	DemandedVolume
0		35		35		0		0		1000		0		0		0
1		13		36		3		138		384		10		369.9		882
2		30		62		5		0		962		10		311.22		838
3		17		34		4		0		971		10		414.12		1086
4		62		7		4		0		951		10		387.76		1056
5		45		41		5		0		978		10		284.86		808
6		38		1		4		0		955		10		364.16		958
7		70		9		5		0		946		10		513.82		1282
8		68		52		6		650		902		10		534.44		1388
9		10		32		3		129		375		10		290.82		792
10		24		17		5		414		650		10		411.14		1094
11		9		2		5		0		947		10		487.46		1252
12		2		42		4		176		406		10		364.16		958
13		6		11		4		0		952		10		440.48		1116
14		66		47		2		0		956		10		220.24		558
15		41		67		2		0		957		10		170.28		430
16		35		47		5		122		334		10		487.46		1252
17		58		32		5		0		966		10		463.86		1154
18		57		45		5		0		965		10		411.14		1094
19		44		30		5		0		979		10		437.5		1124
20		18		6		4		0		956		10		493.2		1176
21		47		31		4		0		977		10		466.84		1146
22		47		14		4		0		965		10		440.48		1116
23		28		76		3		0		948		10		240.86		664
24		51		45		5		0		971		10		513.82		1282
25		55		37		2		0		969		10		143.92		400
26		57		75		5		621		839		10		384.78		1064
27		6		68		6		0		946		10		484.48		1260
28		31		43		6		0		981		10		484.48		1260
29		0		10		5		282		562		10		461.1		1222
30		49		72		2		0		950		10		170.28		430
31		64		51		2		0		956		10		143.92		400
32		40		7		2		327		579		10		220.24		558
33		25		62		3		591		809		10		317.18		822
34		32		19		5		0		973		10		487.46		1252
35		65		44		3		844		1000		10		267.22		694
36		66		27		6		0		957		10		510.84		1290
37		44		6		5		0		959		10		311.22		838
38		5		7		6		159		381		10		481.72		1328
39		3		69		3		0		943		10		293.58		724
40		69		29		6		0		955		10		584.4		1516
41		41		34		2		0		983		10		170.28		430
42		44		59		2		0		964		10		143.92		400
43		25		76		4		0		132		10		287.84		800
44		45		63		4		0		960		10		314.2		830
45		18		66		5		0		954		10		437.5		1124
46		65		69		3		0		944		10		240.86		664
47		70		24		4		0		953		10		264.24		702
48		0		59		2		0		947		10		220.24		558
49		53		50		4		0		966		10		466.84		1146
50		12		22		5		0		180		10		411.14		1094
51		66		15		4		0		953		10		237.88		672
52		23		27		4		0		975		10		314.2		830
53		28		26		5		0		978		10		437.5		1124
54		14		26		4		0		967		10		387.76		1056
55		68		20		4		0		953		10		340.56		860
56		40		39		5		0		983		10		487.46		1252
57		40		48		4		0		976		10		264.24		702
58		16		70		5		0		950		10		461.1		1222
59		61		14		3		0		956		10		267.22		694
60		17		79		3		693		929		10		267.22		694
61		14		29		4		0		968		10		440.48		1116
62		37		40		5		0		984		10		463.86		1154
63		6		37		4		0		960		10		237.88		672
64		26		49		6		0		973		10		508.08		1358
65		61		45		5		0		962		10		334.82		936
66		28		71		4		0		953		10		337.8		928
67		18		10		2		0		219		10		143.92		400
68		48		39		4		0		976		10		364.16		958
69		22		59		3		0		962		10		290.82		792
70		49		4		3		0		955		10		240.86		664
71		20		14		3		0		964		10		190.9		536
72		10		38		5		6		208		10		437.5		1124
73		57		28		5		781		1000		10		361.18		966
74		42		13		4		284		516		10		364.16		958
75		15		42		5		0		968		10		334.82		936
76		37		23		2		0		977		10		93.96		272
77		10		35		5		0		965		10		387.54		996
78		39		62		6		500		738		10		510.84		1290
79		53		56		4		345		599		10		364.16		958
80		24		53		2		0		968		10		143.92		400
81		17		62		4		0		957		10		340.56		860
82		6		56		4		0		954		10		440.48		1116
83		41		17		3		628		924		10		343.54		852
84		54		9		4		508		780		10		237.88		672
85		15		54		3		0		962		10		343.54		852
86		52		42		6		0		971		10		510.84		1290
87		51		21		3		0		968		10		317.18		822
88		56		49		3		0		964		10		190.9		536
89		3		3		5		0		944		10		361.18		966
90		52		17		3		0		965		10		267.22		694
91		17		21		2		0		967		10		220.24		558
92		5		0		6		223		403		10		431.76		1200
93		17		57		4		0		961		10		314.2		830
94		22		42		4		0		975		10		314.2		830
95		44		76		2		0		948		10		143.92		400
96		51		59		4		0		961		10		314.2		830
97		67		41		3		75		299		10		290.82		792
98		3		22		3		0		955		10		217.26		566
99		12		56		6		0		958		10		458.12		1230
100		28		66		3		0		958		10		217.26		566

ITEMS
Type		Length		Width		Height		Mass		Fragility	LoadBearingStrength
Bt1		7		7		6		123.30		0		5.0876797
Bt2		11		4		6		96.94		1		15.6120536
Bt3		17		2		4		46.98		0		15.2372884

DEMANDS PER CUSTOMER
i	Type Quantity
1	Bt1 3	
2	Bt1 1	Bt3 4	
3	Bt1 1	Bt2 3	
4	Bt2 4	
5	Bt2 1	Bt3 4	
6	Bt1 1	Bt2 2	Bt3 1	
7	Bt1 3	Bt2 1	Bt3 1	
8	Bt1 2	Bt2 2	Bt3 2	
9	Bt2 3	
10	Bt1 1	Bt2 2	Bt3 2	
11	Bt1 2	Bt2 2	Bt3 1	
12	Bt1 1	Bt2 2	Bt3 1	
13	Bt1 2	Bt2 2	
14	Bt1 1	Bt2 1	
15	Bt1 1	Bt3 1	
16	Bt1 2	Bt2 2	Bt3 1	
17	Bt1 3	Bt3 2	
18	Bt1 1	Bt2 2	Bt3 2	
19	Bt1 2	Bt2 1	Bt3 2	
20	Bt1 4	
21	Bt1 3	Bt2 1	
22	Bt1 2	Bt2 2	
23	Bt2 2	Bt3 1	
24	Bt1 3	Bt2 1	Bt3 1	
25	Bt2 1	Bt3 1	
26	Bt2 3	Bt3 2	
27	Bt1 2	Bt2 1	Bt3 3	
28	Bt1 2	Bt2 1	Bt3 3	
29	Bt1 1	Bt2 3	Bt3 1	
30	Bt1 1	Bt3 1	
31	Bt2 1	Bt3 1	
32	Bt1 1	Bt2 1	
33	Bt1 1	Bt2 2	
34	Bt1 2	Bt2 2	Bt3 1	
35	Bt1 1	Bt2 1	Bt3 1	
36	Bt1 3	Bt3 3	
37	Bt1 1	Bt3 4	
38	Bt2 4	Bt3 2	
39	Bt1 2	Bt3 1	
40	Bt1 2	Bt2 3	Bt3 1	
41	Bt1 1	Bt3 1	
42	Bt2 1	Bt3 1	
43	Bt2 2	Bt3 2	
44	Bt1 1	Bt2 1	Bt3 2	
45	Bt1 2	Bt2 1	Bt3 2	
46	Bt2 2	Bt3 1	
47	Bt1 1	Bt3 3	
48	Bt1 1	Bt2 1	
49	Bt1 3	Bt2 1	
50	Bt1 1	Bt2 2	Bt3 2	
51	Bt2 1	Bt3 3	
52	Bt1 1	Bt2 1	Bt3 2	
53	Bt1 2	Bt2 1	Bt3 2	
54	Bt2 4	
55	Bt1 2	Bt3 2	
56	Bt1 2	Bt2 2	Bt3 1	
57	Bt1 1	Bt3 3	
58	Bt1 1	Bt2 3	Bt3 1	
59	Bt1 1	Bt2 1	Bt3 1	
60	Bt1 1	Bt2 1	Bt3 1	
61	Bt1 2	Bt2 2	
62	Bt1 3	Bt3 2	
63	Bt2 1	Bt3 3	
64	Bt1 1	Bt2 3	Bt3 2	
65	Bt2 2	Bt3 3	
66	Bt2 3	Bt3 1	
67	Bt2 1	Bt3 1	
68	Bt1 1	Bt2 2	Bt3 1	
69	Bt2 3	
70	Bt2 2	Bt3 1	
71	Bt2 1	Bt3 2	
72	Bt1 2	Bt2 1	Bt3 2	
73	Bt1 1	Bt2 1	Bt3 3	
74	Bt1 1	Bt2 2	Bt3 1	
75	Bt2 2	Bt3 3	
76	Bt3 2	
77	Bt1 2	Bt3 3	
78	Bt1 3	Bt3 3	
79	Bt1 1	Bt2 2	Bt3 1	
80	Bt2 1	Bt3 1	
81	Bt1 2	Bt3 2	
82	Bt1 2	Bt2 2	
83	Bt1 2	Bt2 1	
84	Bt2 1	Bt3 3	
85	Bt1 2	Bt2 1	
86	Bt1 3	Bt3 3	
87	Bt1 1	Bt2 2	
88	Bt2 1	Bt3 2	
89	Bt1 1	Bt2 1	Bt3 3	
90	Bt1 1	Bt2 1	Bt3 1	
91	Bt1 1	Bt2 1	
92	Bt2 3	Bt3 3	
93	Bt1 1	Bt2 1	Bt3 2	
94	Bt1 1	Bt2 1	Bt3 2	
95	Bt2 1	Bt3 1	
96	Bt1 1	Bt2 1	Bt3 2	
97	Bt2 3	
98	Bt1 1	Bt3 2	
99	Bt1 1	Bt2 2	Bt3 3	
100	Bt1 1	Bt3 2	