Name				559_n100_m400_bt3
Number_of_Customers		100
Number_of_Items			400
Number_of_ItemTypes		3
Number_of_Vehicles		21
TimeWindows			1

VEHICLE
Mass_Capacity			12595
CargoSpace_Length		60
CargoSpace_Width		25
CargoSpace_Height		30
Wheelbase			48
Max_Mass_FrontAxle		7100
Max_Mass_RearAxle		11500
Distance_FrontAxle_CargoSpace	4

CUSTOMERS
i		x		y		Demand		ReadyTime	DueDate		ServiceTime	DemandedMass	DemandedVolume
0		35		35		0		0		1000		0		0		0
1		40		55		5		25		253		10		962.58		1248
2		67		11		2		0		950		10		403.78		504
3		59		78		4		708		980		10		1014.82		1176
4		33		17		2		666		882		10		234.36		384
5		17		4		3		0		954		10		709.3		840
6		54		43		3		0		969		10		728.22		864
7		57		69		3		152		376		10		709.3		840
8		65		74		6		0		940		10		1437.52		1704
9		9		30		3		0		226		10		916.56		1008
10		49		57		6		677		909		10		1230.26		1536
11		28		46		5		0		976		10		943.66		1224
12		22		2		4		145		375		10		976.98		1128
13		70		13		3		342		536		10		859.8		936
14		1		3		4		0		175		10		638.14		888
15		29		42		4		0		980		10		826.48		1032
16		59		75		4		503		781		10		976.98		1128
17		22		64		6		0		163		10		1606.94		1824
18		4		13		5		642		860		10		962.58		1248
19		11		71		3		0		946		10		897.64		984
20		42		78		4		0		946		10		1014.82		1176
21		12		65		6		0		952		10		1456.44		1728
22		20		38		2		849		1000		10		403.78		504
23		29		4		5		807		1000		10		1150.92		1392
24		57		41		6		0		213		10		1437.52		1704
25		42		68		6		0		221		10		1399.68		1656
26		14		8		2		665		875		10		592.12		648
27		16		39		3		0		970		10		690.38		816
28		19		15		4		711		945		10		1033.74		1200
29		45		32		4		705		911		10		638.14		888
30		69		28		5		0		955		10		1489.76		1632
31		40		12		4		0		966		10		807.56		1008
32		34		5		5		293		507		10		1094.16		1320
33		7		56		4		0		955		10		1184.24		1296
34		14		16		3		742		1000		10		709.3		840
35		13		11		4		0		228		10		995.9		1152
36		59		26		4		335		589		10		995.9		1152
37		34		70		2		742		966		10		573.2		624
38		21		52		5		0		967		10		924.74		1200
39		23		74		2		380		570		10		234.36		384
40		13		31		3		0		967		10		916.56		1008
41		18		50		5		0		967		10		943.66		1224
42		23		38		5		633		899		10		1339.26		1536
43		52		73		2		411		677		10		234.36		384
44		30		36		6		0		984		10		1249.18		1560
45		3		27		6		384		656		10		1418.6		1680
46		39		8		3		516		790		10		539.88		720
47		20		7		6		439		717		10		1249.18		1560
48		43		56		5		413		645		10		755.32		1080
49		4		2		5		62		260		10		1470.84		1608
50		60		18		3		736		1000		10		878.72		960
51		68		32		6		181		411		10		1418.6		1680
52		51		48		3		314		554		10		709.3		840
53		58		46		3		349		589		10		539.88		720
54		43		17		3		463		713		10		539.88		720
55		56		50		3		27		263		10		539.88		720
56		39		20		2		305		537		10		592.12		648
57		31		20		2		663		1000		10		592.12		648
58		31		11		4		383		619		10		995.9		1152
59		50		30		4		594		886		10		638.14		888
60		40		62		2		0		962		10		592.12		648
61		18		47		3		249		541		10		897.64		984
62		43		71		4		355		611		10		1184.24		1296
63		68		41		3		566		808		10		728.22		864
64		40		35		6		0		220		10		1268.1		1584
65		69		61		6		568		786		10		1249.18		1560
66		11		15		4		483		683		10		1203.16		1320
67		4		66		4		100		288		10		1014.82		1176
68		38		45		4		179		399		10		995.9		1152
69		33		24		6		0		978		10		1211.34		1512
70		59		54		5		0		196		10		1320.34		1512
71		60		35		4		78		340		10		1033.74		1200
72		24		7		3		699		949		10		709.3		840
73		9		47		4		194		408		10		995.9		1152
74		47		53		5		401		631		10		1470.84		1608
75		63		25		3		663		863		10		709.3		840
76		58		62		6		26		258		10		1606.94		1824
77		22		28		6		462		706		10		1569.1		1776
78		16		60		3		422		618		10		690.38		816
79		7		16		4		0		956		10		807.56		1008
80		54		56		5		181		447		10		943.66		1224
81		65		52		3		439		637		10		709.3		840
82		32		53		3		79		333		10		897.64		984
83		20		74		5		177		437		10		1263.58		1440
84		37		38		5		0		986		10		1150.92		1392
85		16		36		2		0		970		10		234.36		384
86		63		40		3		153		449		10		878.72		960
87		69		16		4		0		951		10		1203.16		1320
88		52		27		2		259		481		10		234.36		384
89		63		45		3		150		414		10		709.3		840
90		26		51		5		356		598		10		1113.08		1344
91		45		35		4		274		522		10		657.06		912
92		56		75		5		674		910		10		1282.5		1464
93		3		80		6		61		261		10		891.42		1296
94		2		34		4		804		1000		10		807.56		1008
95		60		30		3		0		964		10		897.64		984
96		30		15		2		626		858		10		611.04		672
97		0		17		4		0		950		10		845.4		1056
98		4		20		5		738		928		10		1339.26		1536
99		54		34		4		92		290		10		807.56		1008
100		60		68		4		285		517		10		1033.74		1200

ITEMS
Type		Length		Width		Height		Mass		Fragility	LoadBearingStrength
Bt1		7		6		8		305.52		1		5.6034099
Bt2		6		4		8		117.18		0		33.1998050
Bt3		13		6		4		286.60		0		118.3882170

DEMANDS PER CUSTOMER
i	Type Quantity
1	Bt1 2	Bt2 3	
2	Bt2 1	Bt3 1	
3	Bt1 2	Bt2 1	Bt3 1	
4	Bt2 2	
5	Bt1 1	Bt2 1	Bt3 1	
6	Bt1 2	Bt2 1	
7	Bt1 1	Bt2 1	Bt3 1	
8	Bt1 3	Bt2 2	Bt3 1	
9	Bt1 3	
10	Bt1 1	Bt2 3	Bt3 2	
11	Bt1 1	Bt2 3	Bt3 1	
12	Bt2 1	Bt3 3	
13	Bt3 3	
14	Bt2 3	Bt3 1	
15	Bt1 1	Bt2 2	Bt3 1	
16	Bt2 1	Bt3 3	
17	Bt1 3	Bt2 1	Bt3 2	
18	Bt1 2	Bt2 3	
19	Bt1 2	Bt3 1	
20	Bt1 2	Bt2 1	Bt3 1	
21	Bt1 4	Bt2 2	
22	Bt2 1	Bt3 1	
23	Bt1 3	Bt2 2	
24	Bt1 3	Bt2 2	Bt3 1	
25	Bt1 1	Bt2 2	Bt3 3	
26	Bt1 1	Bt3 1	
27	Bt2 1	Bt3 2	
28	Bt1 3	Bt2 1	
29	Bt2 3	Bt3 1	
30	Bt1 3	Bt3 2	
31	Bt2 2	Bt3 2	
32	Bt2 2	Bt3 3	
33	Bt1 2	Bt3 2	
34	Bt1 1	Bt2 1	Bt3 1	
35	Bt1 1	Bt2 1	Bt3 2	
36	Bt1 1	Bt2 1	Bt3 2	
37	Bt3 2	
38	Bt2 3	Bt3 2	
39	Bt2 2	
40	Bt1 3	
41	Bt1 1	Bt2 3	Bt3 1	
42	Bt1 4	Bt2 1	
43	Bt2 2	
44	Bt1 2	Bt2 3	Bt3 1	
45	Bt1 2	Bt2 2	Bt3 2	
46	Bt1 1	Bt2 2	
47	Bt1 2	Bt2 3	Bt3 1	
48	Bt2 4	Bt3 1	
49	Bt1 2	Bt3 3	
50	Bt1 1	Bt3 2	
51	Bt1 2	Bt2 2	Bt3 2	
52	Bt1 1	Bt2 1	Bt3 1	
53	Bt1 1	Bt2 2	
54	Bt1 1	Bt2 2	
55	Bt1 1	Bt2 2	
56	Bt1 1	Bt3 1	
57	Bt1 1	Bt3 1	
58	Bt1 1	Bt2 1	Bt3 2	
59	Bt2 3	Bt3 1	
60	Bt1 1	Bt3 1	
61	Bt1 2	Bt3 1	
62	Bt1 2	Bt3 2	
63	Bt1 2	Bt2 1	
64	Bt1 3	Bt2 3	
65	Bt1 2	Bt2 3	Bt3 1	
66	Bt1 3	Bt3 1	
67	Bt1 2	Bt2 1	Bt3 1	
68	Bt1 1	Bt2 1	Bt3 2	
69	Bt2 3	Bt3 3	
70	Bt1 3	Bt2 1	Bt3 1	
71	Bt1 3	Bt2 1	
72	Bt1 1	Bt2 1	Bt3 1	
73	Bt1 1	Bt2 1	Bt3 2	
74	Bt1 2	Bt3 3	
75	Bt1 1	Bt2 1	Bt3 1	
76	Bt1 3	Bt2 1	Bt3 2	
77	Bt1 1	Bt2 1	Bt3 4	
78	Bt2 1	Bt3 2	
79	Bt2 2	Bt3 2	
80	Bt1 1	Bt2 3	Bt3 1	
81	Bt1 1	Bt2 1	Bt3 1	
82	Bt1 2	Bt3 1	
83	Bt2 1	Bt3 4	
84	Bt1 3	Bt2 2	
85	Bt2 2	
86	Bt1 1	Bt3 2	
87	Bt1 3	Bt3 1	
88	Bt2 2	
89	Bt1 1	Bt2 1	Bt3 1	
90	Bt1 1	Bt2 2	Bt3 2	
91	Bt1 1	Bt2 3	
92	Bt1 1	Bt2 1	Bt3 3	
93	Bt1 1	Bt2 5	
94	Bt2 2	Bt3 2	
95	Bt1 2	Bt3 1	
96	Bt1 2	
97	Bt1 2	Bt2 2	
98	Bt1 4	Bt2 1	
99	Bt2 2	Bt3 2	
100	Bt1 3	Bt2 1	