Name				560_n100_m400_bt3
Number_of_Customers		100
Number_of_Items			400
Number_of_ItemTypes		3
Number_of_Vehicles		16
TimeWindows			1

VEHICLE
Mass_Capacity			12595
CargoSpace_Length		60
CargoSpace_Width		25
CargoSpace_Height		30
Wheelbase			48
Max_Mass_FrontAxle		7100
Max_Mass_RearAxle		11500
Distance_FrontAxle_CargoSpace	4

CUSTOMERS
i		x		y		Demand		ReadyTime	DueDate		ServiceTime	DemandedMass	DemandedVolume
0		35		35		0		0		1000		0		0		0
1		57		19		5		0		962		10		719.17		1650
2		38		1		5		155		447		10		655.69		1722
3		2		54		6		0		951		10		874.32		2070
4		19		21		3		0		968		10		488.91		1062
5		63		23		3		233		497		10		465.45		1260
6		46		52		2		192		482		10		373.78		768
7		26		78		4		0		165		10		684.08		1608
8		14		55		3		0		961		10		497.19		1224
9		18		30		3		0		972		10		425.43		1134
10		13		76		3		0		943		10		497.19		1224
11		25		50		5		366		664		10		655.69		1722
12		58		32		4		0		966		10		684.08		1608
13		13		65		5		190		362		10		655.69		1722
14		41		67		6		0		957		10		986.1		2286
15		19		25		4		0		971		10		572.3		1392
16		53		2		3		0		952		10		417.15		972
17		69		74		2		0		938		10		270.28		714
18		31		10		3		0		964		10		560.67		1152
19		62		75		2		0		941		10		270.28		714
20		53		28		3		0		970		10		465.45		1260
21		29		51		3		151		341		10		497.19		1224
22		37		11		6		0		965		10		1017.84		2250
23		8		45		4		0		961		10		572.3		1392
24		4		49		4		0		955		10		572.3		1392
25		9		50		6		75		323		10		914.34		2196
26		49		28		2		0		974		10		270.28		714
27		28		11		4		0		965		10		612.32		1518
28		9		34		3		380		656		10		497.19		1224
29		63		79		2		0		937		10		270.28		714
30		59		5		4		0		951		10		572.3		1392
31		8		65		4		0		949		10		540.56		1428
32		43		60		4		0		963		10		612.32		1518
33		8		40		6		526		806		10		842.58		2106
34		23		32		6		863		1000		10		914.34		2196
35		28		23		5		0		976		10		767.47		1938
36		54		47		2		260		482		10		270.28		714
37		5		10		3		0		950		10		417.15		972
38		46		2		5		0		955		10		799.21		1902
39		28		58		3		0		965		10		488.91		1062
40		41		48		5		0		975		10		799.21		1902
41		67		39		6		0		957		10		986.1		2286
42		40		64		4		0		960		10		572.3		1392
43		48		71		4		0		951		10		715.82		1572
44		65		54		4		0		954		10		644.06		1482
45		56		6		3		538		702		10		457.17		1098
46		60		45		2		0		963		10		270.28		714
47		40		78		4		0		946		10		532.28		1266
48		43		79		4		0		945		10		572.3		1392
49		5		1		6		0		944		10		1017.84		2250
50		70		48		2		0		952		10		302.02		678
51		42		43		3		0		979		10		425.43		1134
52		17		68		6		0		952		10		1057.86		2376
53		21		55		4		0		965		10		540.56		1428
54		50		80		5		0		942		10		799.21		1902
55		42		3		5		709		965		10		807.49		2064
56		46		27		2		0		976		10		310.3		840
57		56		52		2		0		962		10		373.78		768
58		32		42		5		752		956		10		759.19		1776
59		40		13		6		0		967		10		802.56		1980
60		57		70		4		0		948		10		644.06		1482
61		0		1		3		0		941		10		425.43		1134
62		59		2		4		261		469		10		652.34		1644
63		70		44		3		48		272		10		385.41		1008
64		43		9		6		0		962		10		977.82		2124
65		11		24		4		0		963		10		540.56		1428
66		57		29		5		0		967		10		790.93		1740
67		18		45		4		0		970		10		644.06		1482
68		12		62		6		0		954		10		922.62		2358
69		53		13		3		0		961		10		417.15		972
70		19		59		3		0		961		10		465.45		1260
71		2		79		6		0		935		10		810.84		2142
72		39		37		3		240		456		10		457.17		1098
73		67		23		6		0		955		10		802.56		1980
74		49		74		2		0		948		10		302.02		678
75		16		39		6		130		370		10		906.06		2034
76		47		18		2		0		969		10		230.26		588
77		12		0		5		362		624		10		759.19		1776
78		1		76		5		537		751		10		807.49		2064
79		51		55		4		0		964		10		572.3		1392
80		35		63		4		0		962		10		612.32		1518
81		29		29		4		0		981		10		644.06		1482
82		28		14		4		0		967		10		747.56		1536
83		49		2		3		0		954		10		457.17		1098
84		53		34		2		463		713		10		310.3		840
85		10		76		3		0		941		10		457.17		1098
86		62		1		4		0		946		10		684.08		1608
87		27		35		5		33		273		10		767.47		1938
88		21		67		2		684		854		10		342.04		804
89		52		63		5		0		957		10		799.21		1902
90		38		54		6		0		970		10		802.56		1980
91		4		4		3		779		1000		10		425.43		1134
92		31		70		5		0		954		10		615.67		1596
93		9		79		6		0		938		10		977.82		2124
94		4		33		4		0		958		10		652.34		1644
95		62		31		2		0		962		10		230.26		588
96		31		24		4		0		978		10		684.08		1608
97		49		65		4		0		956		10		540.56		1428
98		60		66		6		0		950		10		986.1		2286
99		6		79		2		0		937		10		230.26		588
100		35		77		6		0		948		10		1026.12		2412

ITEMS
Type		Length		Width		Height		Mass		Fragility	LoadBearingStrength
Bt1		12		4		8		186.89		1		10.0436576
Bt2		7		7		6		115.13		0		11.5903234
Bt3		14		6		5		155.15		0		60.4018589

DEMANDS PER CUSTOMER
i	Type Quantity
1	Bt1 2	Bt2 3	
2	Bt2 3	Bt3 2	
3	Bt1 2	Bt2 3	Bt3 1	
4	Bt1 2	Bt2 1	
5	Bt3 3	
6	Bt1 2	
7	Bt1 2	Bt3 2	
8	Bt1 1	Bt3 2	
9	Bt2 1	Bt3 2	
10	Bt1 1	Bt3 2	
11	Bt2 3	Bt3 2	
12	Bt1 2	Bt3 2	
13	Bt2 3	Bt3 2	
14	Bt1 3	Bt2 1	Bt3 2	
15	Bt1 1	Bt2 2	Bt3 1	
16	Bt1 1	Bt2 2	
17	Bt2 1	Bt3 1	
18	Bt1 3	
19	Bt2 1	Bt3 1	
20	Bt3 3	
21	Bt1 1	Bt3 2	
22	Bt1 4	Bt2 1	Bt3 1	
23	Bt1 1	Bt2 2	Bt3 1	
24	Bt1 1	Bt2 2	Bt3 1	
25	Bt1 2	Bt2 2	Bt3 2	
26	Bt2 1	Bt3 1	
27	Bt1 1	Bt2 1	Bt3 2	
28	Bt1 1	Bt3 2	
29	Bt2 1	Bt3 1	
30	Bt1 1	Bt2 2	Bt3 1	
31	Bt2 2	Bt3 2	
32	Bt1 1	Bt2 1	Bt3 2	
33	Bt1 1	Bt2 3	Bt3 2	
34	Bt1 2	Bt2 2	Bt3 2	
35	Bt1 1	Bt2 1	Bt3 3	
36	Bt2 1	Bt3 1	
37	Bt1 1	Bt2 2	
38	Bt1 2	Bt2 1	Bt3 2	
39	Bt1 2	Bt2 1	
40	Bt1 2	Bt2 1	Bt3 2	
41	Bt1 3	Bt2 1	Bt3 2	
42	Bt1 1	Bt2 2	Bt3 1	
43	Bt1 3	Bt3 1	
44	Bt1 2	Bt2 1	Bt3 1	
45	Bt1 1	Bt2 1	Bt3 1	
46	Bt2 1	Bt3 1	
47	Bt1 1	Bt2 3	
48	Bt1 1	Bt2 2	Bt3 1	
49	Bt1 4	Bt2 1	Bt3 1	
50	Bt1 1	Bt2 1	
51	Bt2 1	Bt3 2	
52	Bt1 4	Bt3 2	
53	Bt2 2	Bt3 2	
54	Bt1 2	Bt2 1	Bt3 2	
55	Bt1 1	Bt3 4	
56	Bt3 2	
57	Bt1 2	
58	Bt1 2	Bt2 2	Bt3 1	
59	Bt1 1	Bt2 4	Bt3 1	
60	Bt1 2	Bt2 1	Bt3 1	
61	Bt2 1	Bt3 2	
62	Bt1 1	Bt3 3	
63	Bt2 2	Bt3 1	
64	Bt1 4	Bt2 2	
65	Bt2 2	Bt3 2	
66	Bt1 3	Bt2 2	
67	Bt1 2	Bt2 1	Bt3 1	
68	Bt1 1	Bt2 1	Bt3 4	
69	Bt1 1	Bt2 2	
70	Bt3 3	
71	Bt2 3	Bt3 3	
72	Bt1 1	Bt2 1	Bt3 1	
73	Bt1 1	Bt2 4	Bt3 1	
74	Bt1 1	Bt2 1	
75	Bt1 3	Bt2 3	
76	Bt2 2	
77	Bt1 2	Bt2 2	Bt3 1	
78	Bt1 1	Bt3 4	
79	Bt1 1	Bt2 2	Bt3 1	
80	Bt1 1	Bt2 1	Bt3 2	
81	Bt1 2	Bt2 1	Bt3 1	
82	Bt1 4	
83	Bt1 1	Bt2 1	Bt3 1	
84	Bt3 2	
85	Bt1 1	Bt2 1	Bt3 1	
86	Bt1 2	Bt3 2	
87	Bt1 1	Bt2 1	Bt3 3	
88	Bt1 1	Bt3 1	
89	Bt1 2	Bt2 1	Bt3 2	
90	Bt1 1	Bt2 4	Bt3 1	
91	Bt2 1	Bt3 2	
92	Bt2 4	Bt3 1	
93	Bt1 4	Bt2 2	
94	Bt1 1	Bt3 3	
95	Bt2 2	
96	Bt1 2	Bt3 2	
97	Bt2 2	Bt3 2	
98	Bt1 3	Bt2 1	Bt3 2	
99	Bt2 2	
100	Bt1 3	Bt3 3	