Name				565_n100_m400_bt10
Number_of_Customers		100
Number_of_Items			400
Number_of_ItemTypes		10
Number_of_Vehicles		28
TimeWindows			1

VEHICLE
Mass_Capacity			12595
CargoSpace_Length		60
CargoSpace_Width		25
CargoSpace_Height		30
Wheelbase			48
Max_Mass_FrontAxle		7100
Max_Mass_RearAxle		11500
Distance_FrontAxle_CargoSpace	4

CUSTOMERS
i		x		y		Demand		ReadyTime	DueDate		ServiceTime	DemandedMass	DemandedVolume
0		35		35		0		0		1000		0		0		0
1		11		60		4		417		677		10		788.73		1305
2		45		23		4		692		940		10		920.06		1122
3		54		25		6		0		244		10		1211.57		1976
4		12		6		3		94		320		10		799.25		1200
5		33		42		4		42		276		10		723.91		1281
6		65		54		5		358		562		10		1656.19		1530
7		45		15		3		502		694		10		579.02		634
8		25		67		2		28		284		10		193.13		547
9		62		73		5		685		911		10		1195.11		1276
10		60		2		5		265		487		10		724.68		702
11		22		38		5		834		1000		10		1034.67		2020
12		1		79		6		676		930		10		762.63		914
13		52		80		5		56		284		10		1340.12		2069
14		32		2		3		371		619		10		399		614
15		54		60		3		268		578		10		716.43		904
16		7		30		2		344		590		10		691.5		720
17		56		74		3		230		438		10		983.86		1392
18		4		10		3		478		748		10		1224.71		1080
19		33		15		5		0		218		10		812.36		1727
20		57		29		6		289		471		10		1726.24		1909
21		67		60		4		371		627		10		933.29		1073
22		19		31		3		0		208		10		565.64		931
23		26		5		5		0		229		10		898.24		1251
24		50		24		3		297		549		10		844.04		1258
25		31		80		5		426		640		10		1249.71		1423
26		38		41		2		387		641		10		437.49		992
27		62		23		6		680		910		10		965.78		1185
28		36		29		2		77		331		10		453.37		480
29		38		37		5		315		507		10		1063.87		1670
30		57		3		3		721		977		10		413.15		542
31		19		2		4		584		802		10		1198.15		1575
32		13		40		2		598		814		10		624.82		632
33		6		64		2		643		867		10		464.12		656
34		54		77		5		305		513		10		1074.86		1772
35		6		23		6		342		586		10		1360.27		1562
36		41		23		3		163		353		10		953.72		971
37		19		8		6		0		170		10		1705.54		2496
38		14		56		3		799		1000		10		1012.97		831
39		29		68		6		0		183		10		1171.05		1556
40		10		33		3		705		967		10		571.87		1136
41		48		64		2		544		792		10		437.49		992
42		64		33		4		159		431		10		546.7		920
43		8		4		5		0		234		10		1263.37		1856
44		59		64		6		170		428		10		975.69		1188
45		8		70		3		46		292		10		544.98		752
46		38		62		6		126		382		10		1323.52		1935
47		50		68		6		815		1000		10		1367.37		1906
48		45		8		4		0		151		10		1000.47		1554
49		9		16		3		391		625		10		546.16		765
50		19		62		3		489		755		10		568.21		917
51		38		26		3		336		644		10		632.3		1009
52		30		32		5		537		733		10		1450.7		1496
53		28		38		3		414		634		10		568.21		917
54		25		25		4		531		751		10		1138.62		985
55		60		55		3		97		381		10		400.08		713
56		40		66		6		417		725		10		1588.99		1761
57		65		67		2		187		453		10		658.86		514
58		57		71		3		243		477		10		573.05		1149
59		61		39		5		154		352		10		1326.8		1907
60		67		50		5		350		584		10		834.41		1879
61		52		38		2		235		497		10		680.91		666
62		13		37		5		414		662		10		1220.6		1984
63		57		41		4		510		720		10		1275.96		1344
64		37		15		6		818		1000		10		1486.72		1696
65		25		44		4		778		1000		10		1192.14		1033
66		35		26		6		689		947		10		1857.01		2089
67		51		5		2		0		183		10		691.5		720
68		18		78		3		273		549		10		1214.12		1026
69		42		26		6		187		449		10		1602.34		2320
70		46		12		5		616		830		10		1090.65		1049
71		46		40		3		0		186		10		1004.74		1234
72		30		29		4		115		421		10		573.92		677
73		13		22		3		168		434		10		539.01		1267
74		5		45		3		430		702		10		383.6		725
75		12		12		5		57		287		10		831.4		1041
76		42		75		3		297		569		10		624.89		791
77		7		79		4		596		838		10		1725.28		1234
78		20		56		5		179		379		10		1528.39		2480
79		26		74		5		0		172		10		1249.12		1583
80		47		36		3		774		990		10		726.34		907
81		0		15		4		819		1000		10		951.29		1345
82		70		56		5		648		904		10		1451.88		1509
83		25		11		5		829		1000		10		1701.22		1514
84		22		9		2		566		806		10		453.37		480
85		68		12		5		637		853		10		1092.08		1826
86		64		41		6		220		464		10		1573.89		2922
87		23		52		3		3		225		10		396.67		554
88		41		45		2		0		136		10		217.26		426
89		0		1		3		14		192		10		1007.24		1019
90		5		27		2		180		388		10		262.29		410
91		69		74		4		395		615		10		755.87		1436
92		26		52		6		0		166		10		1592.15		1587
93		19		65		3		681		927		10		654.59		834
94		10		38		4		569		761		10		1412.61		1272
95		1		47		4		254		446		10		1114.99		1499
96		18		16		4		678		882		10		689.87		1399
97		41		51		3		469		695		10		852.77		1248
98		23		79		5		297		519		10		831.4		1041
99		60		48		4		282		558		10		627.86		1034
100		28		64		4		98		338		10		1189.92		1978

ITEMS
Type		Length		Width		Height		Mass		Fragility	LoadBearingStrength
Bt1		17		4		4		91.61		0		9.4963331
Bt2		12		7		4		318.99		0		216.5614114
Bt3		16		6		4		372.51		0		47.5553402
Bt4		11		2		7		125.65		0		53.2995054
Bt5		15		6		8		345.88		1		5.2100430
Bt6		11		5		5		101.52		0		5.5899609
Bt7		9		5		8		533.21		0		47.6990965
Bt8		9		5		3		160.77		1		10.4329874
Bt9		17		6		3		147.70		0		15.8055039
Bt10		8		3		6		134.38		0		35.1469095

DEMANDS PER CUSTOMER
i	Type Quantity
1	Bt5 1	Bt8 1	Bt9 1	Bt10 1	
2	Bt2 2	Bt9 1	Bt10 1	
3	Bt2 1	Bt4 2	Bt5 1	Bt9 2	
4	Bt2 1	Bt5 1	Bt10 1	
5	Bt1 1	Bt4 1	Bt5 1	Bt8 1	
6	Bt1 1	Bt3 1	Bt4 1	Bt7 2	
7	Bt2 1	Bt4 1	Bt10 1	
8	Bt1 1	Bt6 1	
9	Bt1 1	Bt2 1	Bt4 2	Bt7 1	
10	Bt8 2	Bt10 3	
11	Bt1 1	Bt4 2	Bt5 2	
12	Bt4 5	Bt10 1	
13	Bt3 2	Bt5 1	Bt6 1	Bt9 1	
14	Bt4 2	Bt9 1	
15	Bt1 2	Bt7 1	
16	Bt2 1	Bt3 1	
17	Bt2 2	Bt5 1	
18	Bt2 1	Bt3 1	Bt7 1	
19	Bt1 1	Bt4 1	Bt5 1	Bt6 1	Bt9 1	
20	Bt1 1	Bt2 1	Bt6 1	Bt7 2	Bt9 1	
21	Bt1 1	Bt7 1	Bt8 1	Bt9 1	
22	Bt1 1	Bt3 1	Bt6 1	
23	Bt1 1	Bt3 1	Bt4 1	Bt8 1	Bt9 1	
24	Bt3 1	Bt4 1	Bt5 1	
25	Bt1 2	Bt3 1	Bt7 1	Bt8 1	
26	Bt1 1	Bt5 1	
27	Bt1 1	Bt2 1	Bt4 1	Bt8 1	Bt10 2	
28	Bt2 1	Bt10 1	
29	Bt2 1	Bt4 2	Bt5 1	Bt9 1	
30	Bt1 1	Bt8 2	
31	Bt2 1	Bt3 1	Bt5 1	Bt8 1	
32	Bt1 1	Bt7 1	
33	Bt1 1	Bt3 1	
34	Bt2 1	Bt5 1	Bt6 1	Bt8 1	Bt9 1	
35	Bt1 1	Bt2 1	Bt7 1	Bt9 1	Bt10 2	
36	Bt2 1	Bt6 1	Bt7 1	
37	Bt3 2	Bt5 2	Bt10 2	
38	Bt2 1	Bt7 1	Bt8 1	
39	Bt1 1	Bt2 1	Bt3 1	Bt4 1	Bt6 1	Bt8 1	
40	Bt1 1	Bt5 1	Bt10 1	
41	Bt1 1	Bt5 1	
42	Bt4 2	Bt9 2	
43	Bt1 1	Bt2 1	Bt3 1	Bt5 1	Bt10 1	
44	Bt2 1	Bt4 1	Bt6 1	Bt8 1	Bt10 2	
45	Bt1 1	Bt2 1	Bt10 1	
46	Bt1 1	Bt4 2	Bt5 1	Bt6 1	Bt7 1	
47	Bt1 1	Bt5 1	Bt6 1	Bt7 1	Bt8 1	Bt10 1	
48	Bt3 1	Bt5 1	Bt9 1	Bt10 1	
49	Bt2 1	Bt4 1	Bt6 1	
50	Bt2 1	Bt6 1	Bt9 1	
51	Bt4 1	Bt5 1	Bt8 1	
52	Bt1 1	Bt2 1	Bt3 1	Bt7 1	Bt10 1	
53	Bt2 1	Bt6 1	Bt9 1	
54	Bt2 1	Bt4 1	Bt7 1	Bt8 1	
55	Bt1 1	Bt8 1	Bt9 1	
56	Bt4 1	Bt6 1	Bt7 2	Bt9 2	
57	Bt4 1	Bt7 1	
58	Bt4 1	Bt5 1	Bt6 1	
59	Bt3 2	Bt5 1	Bt6 1	Bt10 1	
60	Bt1 1	Bt5 1	Bt6 1	Bt9 2	
61	Bt7 1	Bt9 1	
62	Bt1 2	Bt2 1	Bt3 1	Bt5 1	
63	Bt2 4	
64	Bt1 1	Bt4 1	Bt6 2	Bt7 2	
65	Bt3 1	Bt4 1	Bt7 1	Bt8 1	
66	Bt2 1	Bt3 1	Bt4 1	Bt5 1	Bt7 1	Bt8 1	
67	Bt2 1	Bt3 1	
68	Bt7 2	Bt9 1	
69	Bt3 1	Bt5 1	Bt6 2	Bt7 1	Bt9 1	
70	Bt6 1	Bt7 1	Bt8 2	Bt10 1	
71	Bt4 1	Bt5 1	Bt7 1	
72	Bt1 1	Bt8 3	
73	Bt1 1	Bt5 1	Bt6 1	
74	Bt6 1	Bt9 1	Bt10 1	
75	Bt1 1	Bt2 1	Bt4 1	Bt8 1	Bt10 1	
76	Bt1 1	Bt3 1	Bt8 1	
77	Bt4 1	Bt7 3	
78	Bt1 1	Bt3 2	Bt5 2	
79	Bt2 1	Bt6 1	Bt7 1	Bt9 2	
80	Bt1 1	Bt6 1	Bt7 1	
81	Bt2 1	Bt4 1	Bt5 1	Bt8 1	
82	Bt2 1	Bt3 1	Bt4 1	Bt6 1	Bt7 1	
83	Bt3 1	Bt6 1	Bt7 2	Bt8 1	
84	Bt2 1	Bt10 1	
85	Bt1 1	Bt3 1	Bt5 1	Bt9 1	Bt10 1	
86	Bt1 1	Bt2 1	Bt4 1	Bt5 3	
87	Bt6 1	Bt8 1	Bt10 1	
88	Bt1 1	Bt4 1	
89	Bt3 1	Bt6 1	Bt7 1	
90	Bt6 1	Bt8 1	
91	Bt5 1	Bt6 1	Bt8 1	Bt9 1	
92	Bt1 1	Bt4 1	Bt7 2	Bt8 1	Bt9 1	
93	Bt3 1	Bt9 1	Bt10 1	
94	Bt3 2	Bt7 1	Bt10 1	
95	Bt5 1	Bt6 1	Bt7 1	Bt10 1	
96	Bt1 2	Bt5 1	Bt8 1	
97	Bt3 1	Bt5 1	Bt10 1	
98	Bt1 1	Bt2 1	Bt4 1	Bt8 1	Bt10 1	
99	Bt1 2	Bt2 1	Bt4 1	
100	Bt3 1	Bt4 1	Bt5 2	