Name				570_n100_m400_bt100
Number_of_Customers		100
Number_of_Items			400
Number_of_ItemTypes		100
Number_of_Vehicles		22
TimeWindows			1

VEHICLE
Mass_Capacity			12595
CargoSpace_Length		60
CargoSpace_Width		25
CargoSpace_Height		30
Wheelbase			48
Max_Mass_FrontAxle		7100
Max_Mass_RearAxle		11500
Distance_FrontAxle_CargoSpace	4

CUSTOMERS
i		x		y		Demand		ReadyTime	DueDate		ServiceTime	DemandedMass	DemandedVolume
0		35		35		0		0		1000		0		0		0
1		14		20		4		301		493		10		352.62		1011
2		62		17		5		0		957		10		749.55		1132
3		3		25		6		0		219		10		696.53		1127
4		47		71		2		0		952		10		145.63		176
5		21		52		6		152		376		10		598.15		1132
6		47		38		5		846		1000		10		578.53		1233
7		18		71		6		157		467		10		868.64		1710
8		60		58		4		378		606		10		591.68		1133
9		3		70		3		613		869		10		661.69		864
10		24		47		4		0		973		10		360.07		444
11		40		1		6		98		306		10		1059.17		2438
12		65		16		3		491		693		10		779.71		876
13		57		44		4		579		801		10		396.7		1292
14		9		62		2		242		456		10		205.82		758
15		42		37		4		0		982		10		379.4		780
16		36		72		5		0		952		10		986.29		1681
17		39		68		5		796		1000		10		1188.88		1860
18		45		30		2		0		978		10		216.26		664
19		0		46		4		0		953		10		785.23		1374
20		39		5		3		394		656		10		674.8		1136
21		2		34		4		69		245		10		617.26		1160
22		54		26		4		0		968		10		193.6		612
23		67		2		3		570		850		10		225.65		701
24		61		31		2		735		991		10		263.95		476
25		22		68		6		654		838		10		1153.4		2226
26		66		40		4		803		999		10		977.27		1483
27		41		57		5		0		967		10		1147.88		1881
28		9		69		4		0		947		10		531.76		1080
29		65		12		3		0		952		10		377.09		684
30		2		8		3		692		940		10		396.31		834
31		57		64		4		0		216		10		469.96		697
32		43		62		3		629		881		10		422.77		516
33		68		20		4		561		813		10		249.78		671
34		21		25		5		428		690		10		683.83		1370
35		6		51		5		54		304		10		522.01		1418
36		47		9		4		655		885		10		489.52		998
37		65		66		4		592		800		10		457.63		1354
38		51		80		4		0		942		10		624.39		1104
39		54		75		5		525		775		10		1651.23		1749
40		35		65		2		0		184		10		604.19		1020
41		54		61		3		552		786		10		192.62		582
42		3		0		4		135		387		10		844.84		1378
43		44		21		2		469		707		10		133.12		360
44		11		36		5		446		704		10		651.2		1163
45		31		16		4		0		970		10		221.27		840
46		32		68		3		0		956		10		528.9		736
47		42		66		4		396		642		10		910.96		1292
48		17		16		2		77		253		10		745.71		1002
49		47		57		4		0		964		10		424.11		1244
50		42		69		3		730		986		10		494.11		734
51		25		34		3		584		772		10		511.34		872
52		48		18		3		358		616		10		524.54		790
53		32		62		6		0		962		10		494.24		1638
54		0		43		4		0		954		10		1043.89		1418
55		15		69		5		0		203		10		959.07		1581
56		2		57		4		748		974		10		470.05		1185
57		25		15		3		189		399		10		423.92		953
58		44		55		3		541		749		10		468.92		681
59		42		51		3		0		972		10		350.97		800
60		11		43		2		271		533		10		750.18		872
61		30		65		6		439		705		10		472.55		1426
62		49		45		4		459		683		10		846.07		1265
63		69		49		4		374		570		10		1072.83		1530
64		0		60		6		157		431		10		678.62		1023
65		10		32		4		168		474		10		306.85		856
66		14		25		6		405		613		10		706.72		1933
67		38		64		5		187		437		10		1696.98		2656
68		70		36		5		104		364		10		338.07		816
69		0		31		4		607		795		10		201.21		530
70		9		48		3		314		552		10		498.28		724
71		29		12		3		0		966		10		293.84		813
72		70		62		5		667		931		10		803.19		1620
73		25		56		4		743		1000		10		375.76		870
74		37		26		3		869		1000		10		289.64		812
75		49		52		3		0		967		10		243.92		623
76		55		2		5		610		856		10		584.67		1108
77		2		12		5		0		949		10		908.07		1606
78		6		69		4		797		1000		10		796.23		1179
79		63		44		5		461		713		10		490.92		774
80		52		43		6		651		895		10		1249.5		1983
81		11		76		4		0		942		10		607.96		1206
82		5		76		6		0		939		10		853.77		1563
83		22		58		3		718		912		10		443.47		655
84		14		49		4		114		322		10		613.26		873
85		39		35		4		583		799		10		273.23		804
86		55		49		3		0		965		10		671.91		1155
87		51		76		2		90		344		10		427.68		594
88		41		48		5		454		704		10		1332.16		1710
89		57		53		3		248		488		10		784.38		1068
90		2		5		5		87		349		10		559.19		1211
91		61		53		3		195		483		10		599.28		1156
92		33		2		3		652		922		10		687.52		688
93		12		4		4		191		405		10		570.51		720
94		6		31		3		0		257		10		470.79		927
95		41		20		6		0		973		10		873.24		1740
96		58		48		4		486		726		10		777.28		1164
97		64		50		6		650		864		10		828.64		1250
98		56		20		4		0		189		10		641.36		956
99		66		60		2		70		312		10		319.28		710
100		51		71		5		435		643		10		699.68		1926

ITEMS
Type		Length		Width		Height		Mass		Fragility	LoadBearingStrength
Bt1		14		3		3		52.69		0		23.7162511
Bt2		9		3		4		78.21		0		75.1524487
Bt3		14		7		8		385.98		0		31.1087173
Bt4		17		5		4		274.86		0		32.0789915
Bt5		14		3		4		40.09		0		6.6387989
Bt6		10		6		5		196.26		0		13.9855122
Bt7		9		3		6		217.14		0		49.3543798
Bt8		16		2		6		259.80		0		59.6426662
Bt9		14		4		3		62.44		0		12.5251061
Bt10		16		6		6		396.66		1		14.6431135
Bt11		13		5		4		112.02		1		6.5702832
Bt12		10		5		7		102.19		0		12.2326139
Bt13		10		2		8		72.64		0		12.4069128
Bt14		15		6		7		287.52		0		17.5530470
Bt15		15		3		5		148.82		0		38.0984480
Bt16		10		5		6		72.27		0		7.4266343
Bt17		16		4		3		97.29		1		12.9125100
Bt18		17		4		5		227.33		0		44.8800772
Bt19		6		4		5		42.51		0		7.8472925
Bt20		8		4		7		174.09		0		44.7601078
Bt21		15		5		6		360.97		0		33.2423428
Bt22		6		4		6		66.71		0		69.9597439
Bt23		16		4		6		309.98		0		25.3554203
Bt24		7		4		7		48.97		0		8.8093977
Bt25		6		2		6		17.04		1		8.0580175
Bt26		16		6		3		210.56		0		92.7850190
Bt27		8		6		8		241.24		0		10.8817608
Bt28		10		5		6		202.54		0		35.1050504
Bt29		16		4		4		165.52		0		18.1034652
Bt30		16		6		5		97.79		0		4.3419515
Bt31		6		2		3		26.92		0		19.7679940
Bt32		10		6		4		315.09		0		39.9946730
Bt33		13		5		6		69.91		1		4.3711742
Bt34		16		3		7		163.39		0		24.8563860
Bt35		12		3		4		87.61		1		13.9221836
Bt36		8		2		8		69.82		0		69.2368731
Bt37		15		5		8		299.59		0		185.4613823
Bt38		12		4		7		100.15		0		6.1796231
Bt39		15		7		3		256.37		1		42.6093692
Bt40		10		4		5		70.78		0		28.6502582
Bt41		8		6		6		265.49		1		22.0623784
Bt42		17		3		5		82.55		0		12.0105979
Bt43		9		3		6		92.11		0		84.3853911
Bt44		8		2		5		31.76		0		8.1295767
Bt45		9		6		7		83.81		0		13.5839649
Bt46		12		2		4		36.55		0		14.2568822
Bt47		8		3		7		90.38		0		11.4349484
Bt48		17		6		4		103.63		1		2.7319962
Bt49		13		5		6		153.76		0		10.0299010
Bt50		17		3		6		212.47		0		88.0217080
Bt51		15		6		7		203.19		0		18.0276923
Bt52		10		4		6		127.97		1		10.4345025
Bt53		10		4		3		34.97		0		13.8057182
Bt54		16		4		7		333.96		0		32.7391742
Bt55		10		5		7		203.34		0		20.0307549
Bt56		7		6		3		130.69		1		82.5787804
Bt57		12		5		8		59.37		0		9.0185970
Bt58		16		5		6		258.99		0		162.9533669
Bt59		15		3		4		127.77		0		83.8751927
Bt60		10		6		8		174.23		0		64.1751376
Bt61		13		4		5		52.13		1		6.7068305
Bt62		9		3		5		135.57		0		48.6803826
Bt63		6		2		8		53.40		0		23.5958156
Bt64		13		2		3		57.61		0		98.4609029
Bt65		15		6		7		404.88		0		122.9300404
Bt66		11		4		6		102.77		0		9.1896822
Bt67		10		2		5		69.63		0		27.5896807
Bt68		17		4		7		286.85		0		32.2656758
Bt69		10		3		3		68.35		0		108.4692152
Bt70		7		5		4		100.56		0		34.6635186
Bt71		13		6		8		327.99		0		24.8213488
Bt72		8		4		8		112.63		1		6.3759591
Bt73		15		6		4		287.03		0		90.9275316
Bt74		14		4		4		28.21		0		7.7940386
Bt75		6		2		7		66.30		0		120.8705847
Bt76		16		3		4		130.36		0		38.3545530
Bt77		11		6		5		66.31		1		3.9488565
Bt78		8		7		4		140.84		0		29.7887319
Bt79		10		5		6		242.19		0		19.1438482
Bt80		8		6		3		176.85		1		39.3534857
Bt81		9		3		5		40.84		0		21.1771365
Bt82		6		2		6		23.13		1		14.5165400
Bt83		17		4		4		120.46		0		25.3067323
Bt84		13		5		6		145.40		0		16.3760772
Bt85		7		4		5		118.71		0		42.8673360
Bt86		15		6		5		151.78		0		89.1447869
Bt87		6		5		5		76.05		1		36.2479750
Bt88		12		5		7		304.60		0		35.5557297
Bt89		6		3		5		20.66		0		11.4576327
Bt90		15		5		3		92.28		1		13.7393497
Bt91		14		6		8		679.40		0		147.8011820
Bt92		7		5		5		128.61		0		34.2075839
Bt93		9		4		8		65.36		0		12.0967684
Bt94		14		4		8		333.60		1		10.1907335
Bt95		15		5		3		70.77		0		11.2052017
Bt96		10		4		6		413.78		1		20.1954850
Bt97		7		3		7		127.38		0		36.9446086
Bt98		11		3		4		21.25		0		13.6382554
Bt99		12		3		7		185.70		0		23.0366106
Bt100		17		4		7		385.67		0		128.1889712

DEMANDS PER CUSTOMER
i	Type Quantity
1	Bt22 1	Bt57 1	Bt81 1	Bt99 1	
2	Bt11 1	Bt35 1	Bt40 1	Bt93 1	Bt96 1	
3	Bt2 1	Bt17 1	Bt20 1	Bt49 1	Bt62 1	Bt64 1	
4	Bt31 1	Bt85 1	
5	Bt23 1	Bt24 2	Bt46 1	Bt53 1	Bt85 1	
6	Bt14 1	Bt25 1	Bt50 1	Bt81 1	Bt89 1	
7	Bt5 1	Bt14 1	Bt64 1	Bt66 1	Bt87 1	Bt88 1	
8	Bt1 1	Bt11 1	Bt37 1	Bt97 1	
9	Bt32 1	Bt35 1	Bt58 1	
10	Bt1 1	Bt8 1	Bt31 1	Bt89 1	
11	Bt23 1	Bt33 1	Bt49 1	Bt61 1	Bt71 1	Bt84 1	
12	Bt28 1	Bt34 1	Bt96 1	
13	Bt22 1	Bt48 1	Bt60 1	Bt61 1	
14	Bt12 1	Bt48 1	
15	Bt5 1	Bt31 1	Bt58 1	Bt63 1	
16	Bt10 1	Bt37 1	Bt70 1	Bt85 1	Bt95 1	
17	Bt14 1	Bt15 1	Bt51 1	Bt62 1	Bt96 1	
18	Bt48 1	Bt72 1	
19	Bt21 1	Bt47 1	Bt51 1	Bt56 1	
20	Bt50 1	Bt55 1	Bt58 1	
21	Bt49 1	Bt56 1	Bt74 1	Bt88 1	
22	Bt5 1	Bt17 1	Bt53 1	Bt98 1	
23	Bt1 1	Bt12 1	Bt95 1	
24	Bt34 1	Bt70 1	
25	Bt38 1	Bt60 1	Bt62 1	Bt68 1	Bt71 1	Bt92 1	
26	Bt50 1	Bt68 1	Bt90 1	Bt100 1	
27	Bt42 1	Bt60 1	Bt75 1	Bt84 1	Bt91 1	
28	Bt15 1	Bt19 1	Bt37 1	Bt81 1	
29	Bt16 1	Bt52 1	Bt80 1	
30	Bt55 1	Bt61 1	Bt78 1	
31	Bt13 1	Bt62 1	Bt87 1	Bt99 1	
32	Bt31 1	Bt41 1	Bt76 1	
33	Bt9 1	Bt36 1	Bt42 1	Bt53 1	
34	Bt12 1	Bt22 1	Bt28 1	Bt58 1	Bt63 1	
35	Bt20 1	Bt33 1	Bt75 1	Bt77 1	Bt84 1	
36	Bt16 1	Bt20 1	Bt77 1	Bt80 1	
37	Bt11 1	Bt57 1	Bt78 1	Bt84 1	
38	Bt3 1	Bt63 1	Bt75 1	Bt85 1	
39	Bt18 1	Bt55 1	Bt91 1	Bt96 1	Bt97 1	
40	Bt37 1	Bt88 1	
41	Bt19 1	Bt45 1	Bt75 1	
42	Bt31 1	Bt68 1	Bt84 1	Bt100 1	
43	Bt81 1	Bt90 1	
44	Bt10 1	Bt40 1	Bt69 1	Bt82 1	Bt90 1	
45	Bt69 1	Bt77 1	Bt93 1	Bt98 1	
46	Bt23 1	Bt29 1	Bt63 1	
47	Bt7 1	Bt12 1	Bt73 1	Bt88 1	
48	Bt77 1	Bt91 1	
49	Bt18 1	Bt30 1	Bt40 1	Bt74 1	
50	Bt5 1	Bt69 1	Bt100 1	
51	Bt16 1	Bt63 1	Bt100 1	
52	Bt18 1	Bt39 1	Bt81 1	
53	Bt22 1	Bt25 1	Bt49 1	Bt57 1	Bt60 1	Bt82 1	
54	Bt10 1	Bt21 1	Bt70 1	Bt99 1	
55	Bt50 1	Bt60 1	Bt77 1	Bt90 1	Bt96 1	
56	Bt16 1	Bt33 1	Bt73 1	Bt81 1	
57	Bt12 1	Bt39 1	Bt93 1	
58	Bt27 1	Bt43 1	Bt62 1	
59	Bt38 1	Bt76 1	Bt83 1	
60	Bt40 1	Bt91 1	
61	Bt24 1	Bt30 1	Bt53 1	Bt59 1	Bt90 1	Bt95 1	
62	Bt39 1	Bt47 1	Bt50 1	Bt68 1	
63	Bt5 1	Bt73 1	Bt77 1	Bt91 1	
64	Bt15 1	Bt36 1	Bt53 1	Bt67 1	Bt69 1	Bt73 1	
65	Bt24 1	Bt33 1	Bt64 1	Bt76 1	
66	Bt14 1	Bt16 1	Bt45 1	Bt61 1	Bt85 1	Bt90 1	
67	Bt3 1	Bt27 1	Bt71 2	Bt96 1	
68	Bt9 1	Bt36 1	Bt53 1	Bt61 1	Bt85 1	
69	Bt25 1	Bt35 1	Bt69 1	Bt74 1	
70	Bt46 1	Bt54 1	Bt59 1	
71	Bt38 1	Bt77 1	Bt97 1	
72	Bt5 1	Bt21 1	Bt24 1	Bt68 1	Bt77 1	
73	Bt15 1	Bt69 1	Bt77 1	Bt90 1	
74	Bt43 1	Bt61 1	Bt84 1	
75	Bt1 1	Bt83 1	Bt95 1	
76	Bt15 1	Bt22 1	Bt60 1	Bt75 1	Bt92 1	
77	Bt17 2	Bt23 1	Bt33 1	Bt94 1	
78	Bt22 1	Bt39 1	Bt57 1	Bt96 1	
79	Bt2 1	Bt9 1	Bt25 1	Bt28 1	Bt56 1	
80	Bt37 1	Bt41 1	Bt42 1	Bt56 1	Bt65 1	Bt75 1	
81	Bt21 1	Bt31 1	Bt49 1	Bt77 1	
82	Bt26 1	Bt27 1	Bt42 1	Bt49 1	Bt53 1	Bt56 1	
83	Bt4 1	Bt59 1	Bt81 1	
84	Bt15 1	Bt46 1	Bt79 1	Bt99 1	
85	Bt16 1	Bt69 1	Bt75 1	Bt77 1	
86	Bt6 1	Bt65 1	Bt95 1	
87	Bt21 1	Bt22 1	
88	Bt8 1	Bt32 1	Bt65 1	Bt73 1	Bt93 1	
89	Bt9 1	Bt21 2	
90	Bt38 1	Bt62 1	Bt64 1	Bt83 1	Bt84 1	
91	Bt3 1	Bt6 1	Bt25 1	
92	Bt8 1	Bt32 1	Bt72 1	
93	Bt53 1	Bt61 1	Bt67 1	Bt96 1	
94	Bt37 1	Bt76 1	Bt81 1	
95	Bt2 1	Bt12 1	Bt14 1	Bt18 1	Bt35 1	Bt47 1	
96	Bt4 1	Bt6 1	Bt83 1	Bt99 1	
97	Bt62 1	Bt63 1	Bt72 2	Bt73 1	Bt97 1	
98	Bt52 1	Bt76 1	Bt78 1	Bt79 1	
99	Bt14 1	Bt44 1	
100	Bt38 1	Bt49 1	Bt51 1	Bt60 1	Bt69 1	