Name				572_n100_m400_bt3
Number_of_Customers		100
Number_of_Items			400
Number_of_ItemTypes		3
Number_of_Vehicles		53
TimeWindows			1

VEHICLE
Mass_Capacity			12595
CargoSpace_Length		60
CargoSpace_Width		25
CargoSpace_Height		30
Wheelbase			48
Max_Mass_FrontAxle		7100
Max_Mass_RearAxle		11500
Distance_FrontAxle_CargoSpace	4

CUSTOMERS
i		x		y		Demand		ReadyTime	DueDate		ServiceTime	DemandedMass	DemandedVolume
0		35		35		0		0		1000		0		0		0
1		8		47		2		0		960		10		1885.63		5347
2		42		22		4		0		975		10		3102.1		9371
3		42		40		5		734		988		10		4152.99		10052
4		38		61		4		0		963		10		2519.4		6454
5		54		34		3		0		970		10		2180.9		6299
6		14		48		6		176		394		10		4405.03		11801
7		8		76		6		0		940		10		3066.71		9155
8		10		79		3		215		521		10		2850.06		7622
9		48		52		4		2		252		10		3771.26		10694
10		40		72		4		0		952		10		3102.1		9371
11		61		27		3		0		962		10		2806.83		8419
12		33		38		4		85		271		10		3145.33		8574
13		63		45		3		0		960		10		2850.06		7622
14		66		32		2		0		958		10		1216.47		4024
15		30		29		4		0		982		10		3145.33		8574
16		15		29		2		0		969		10		1216.47		4024
17		5		48		4		0		957		10		2476.17		7251
18		19		12		4		0		961		10		3145.33		8574
19		25		18		3		157		379		10		2180.9		6299
20		67		25		4		0		956		10		3188.56		7777
21		33		47		3		0		977		10		2763.6		9216
22		65		8		5		0		949		10		2814.67		7406
23		16		8		5		0		956		10		3980.07		13240
24		4		60		2		711		941		10		1885.63		5347
25		51		51		5		0		967		10		4066.53		11646
26		18		80		4		0		190		10		2476.17		7251
27		36		54		3		0		970		10		2850.06		7622
28		41		2		5		0		956		10		4023.3		12443
29		36		48		3		0		976		10		2763.6		9216
30		18		47		4		799		1000		10		3728.03		11491
31		50		73		2		0		949		10		1259.7		3227
32		52		29		6		0		971		10		4987.73		14718
33		17		17		2		0		964		10		590.54		1904
34		57		26		2		0		966		10		590.54		1904
35		37		12		6		0		209		10		4405.03		11801
36		14		74		2		0		945		10		1885.63		5347
37		58		45		5		0		964		10		3483.83		8729
38		32		5		6		0		959		10		4405.03		11801
39		7		2		4		0		946		10		3188.56		7777
40		32		54		5		0		970		10		4109.76		10849
41		2		63		6		0		946		10		4318.57		13395
42		6		10		3		0		951		10		2180.9		6299
43		13		58		3		0		958		10		2806.83		8419
44		34		13		2		0		967		10		590.54		1904
45		19		6		4		549		785		10		2432.94		8048
46		25		47		4		108		374		10		3145.33		8574
47		25		77		3		387		655		10		2180.9		6299
48		41		59		3		0		965		10		2806.83		8419
49		45		63		4		0		960		10		3684.8		12288
50		1		34		3		0		955		10		2806.83		8419
51		46		24		5		0		974		10		2102.28		6880
52		23		57		3		0		964		10		2180.9		6299
53		15		37		5		0		969		10		2145.51		6083
54		35		30		3		759		983		10		2850.06		7622
55		68		18		5		0		952		10		3397.37		10323
56		29		42		4		646		852		10		3771.26		10694
57		4		5		3		230		426		10		2806.83		8419
58		50		11		5		0		961		10		4023.3		12443
59		41		14		6		0		968		10		4944.5		15515
60		46		58		5		746		970		10		3440.6		9526
61		42		66		3		0		958		10		1554.97		4179
62		39		67		3		0		957		10		2137.67		7096
63		55		75		3		696		926		10		1511.74		4976
64		61		62		2		0		952		10		1885.63		5347
65		38		34		3		0		986		10		2180.9		6299
66		42		43		6		0		979		10		3735.87		10478
67		45		68		5		0		955		10		3397.37		10323
68		53		45		3		0		969		10		2180.9		6299
69		16		54		6		0		963		10		4318.57		13395
70		5		55		6		0		953		10		4405.03		11801
71		45		42		5		0		977		10		3440.6		9526
72		39		27		6		0		981		10		5030.96		13921
73		42		5		6		0		959		10		5656.89		16041
74		48		6		5		0		958		10		4735.69		12969
75		35		43		2		41		215		10		1842.4		6144
76		13		78		4		0		941		10		2519.4		6454
77		16		40		5		0		970		10		3440.6		9526
78		30		9		3		0		963		10		2806.83		8419
79		37		24		5		0		978		10		2771.44		8203
80		1		13		4		520		700		10		3145.33		8574
81		13		51		2		0		962		10		1216.47		4024
82		54		18		3		0		964		10		2137.67		7096
83		2		20		3		461		711		10		885.81		2856
84		25		14		3		0		966		10		1554.97		4179
85		28		60		6		118		358		10		3649.41		12072
86		10		9		2		0		953		10		1216.47		4024
87		36		39		6		0		985		10		2440.78		7035
88		13		1		5		0		949		10		3440.6		9526
89		65		42		3		0		959		10		1554.97		4179
90		23		22		3		0		972		10		1511.74		4976
91		40		54		2		0		970		10		1259.7		3227
92		37		20		6		0		974		10		5030.96		13921
93		60		8		5		0		953		10		3440.6		9526
94		62		2		6		480		700		10		5074.19		13124
95		5		38		4		0		959		10		2432.94		8048
96		51		24		5		0		970		10		3440.6		9526
97		46		76		4		567		781		10		3102.1		9371
98		19		20		6		0		968		10		4405.03		11801
99		37		3		6		322		620		10		3779.1		9681
100		39		44		3		0		980		10		2224.13		5502

ITEMS
Type		Length		Width		Height		Mass		Fragility	LoadBearingStrength
Bt1		17		7		8		295.27		0		15.1393952
Bt2		32		12		8		921.20		0		25.8392300
Bt3		35		5		13		964.43		1		6.9770823

DEMANDS PER CUSTOMER
i	Type Quantity
1	Bt2 1	Bt3 1	
2	Bt1 1	Bt2 2	Bt3 1	
3	Bt1 1	Bt3 4	
4	Bt1 2	Bt3 2	
5	Bt1 1	Bt2 1	Bt3 1	
6	Bt1 2	Bt2 1	Bt3 3	
7	Bt1 4	Bt2 1	Bt3 1	
8	Bt2 1	Bt3 2	
9	Bt2 2	Bt3 2	
10	Bt1 1	Bt2 2	Bt3 1	
11	Bt2 2	Bt3 1	
12	Bt1 1	Bt2 1	Bt3 2	
13	Bt2 1	Bt3 2	
14	Bt1 1	Bt2 1	
15	Bt1 1	Bt2 1	Bt3 2	
16	Bt1 1	Bt2 1	
17	Bt1 2	Bt2 1	Bt3 1	
18	Bt1 1	Bt2 1	Bt3 2	
19	Bt1 1	Bt2 1	Bt3 1	
20	Bt1 1	Bt3 3	
21	Bt2 3	
22	Bt1 3	Bt3 2	
23	Bt1 1	Bt2 4	
24	Bt2 1	Bt3 1	
25	Bt1 1	Bt2 2	Bt3 2	
26	Bt1 2	Bt2 1	Bt3 1	
27	Bt2 1	Bt3 2	
28	Bt1 1	Bt2 3	Bt3 1	
29	Bt2 3	
30	Bt2 3	Bt3 1	
31	Bt1 1	Bt3 1	
32	Bt1 1	Bt2 3	Bt3 2	
33	Bt1 2	
34	Bt1 2	
35	Bt1 2	Bt2 1	Bt3 3	
36	Bt2 1	Bt3 1	
37	Bt1 2	Bt3 3	
38	Bt1 2	Bt2 1	Bt3 3	
39	Bt1 1	Bt3 3	
40	Bt1 1	Bt2 1	Bt3 3	
41	Bt1 2	Bt2 3	Bt3 1	
42	Bt1 1	Bt2 1	Bt3 1	
43	Bt2 2	Bt3 1	
44	Bt1 2	
45	Bt1 2	Bt2 2	
46	Bt1 1	Bt2 1	Bt3 2	
47	Bt1 1	Bt2 1	Bt3 1	
48	Bt2 2	Bt3 1	
49	Bt2 4	
50	Bt2 2	Bt3 1	
51	Bt1 4	Bt2 1	
52	Bt1 1	Bt2 1	Bt3 1	
53	Bt1 4	Bt3 1	
54	Bt2 1	Bt3 2	
55	Bt1 2	Bt2 2	Bt3 1	
56	Bt2 2	Bt3 2	
57	Bt2 2	Bt3 1	
58	Bt1 1	Bt2 3	Bt3 1	
59	Bt1 1	Bt2 4	Bt3 1	
60	Bt1 2	Bt2 1	Bt3 2	
61	Bt1 2	Bt3 1	
62	Bt1 1	Bt2 2	
63	Bt1 2	Bt2 1	
64	Bt2 1	Bt3 1	
65	Bt1 1	Bt2 1	Bt3 1	
66	Bt1 3	Bt2 1	Bt3 2	
67	Bt1 2	Bt2 2	Bt3 1	
68	Bt1 1	Bt2 1	Bt3 1	
69	Bt1 2	Bt2 3	Bt3 1	
70	Bt1 2	Bt2 1	Bt3 3	
71	Bt1 2	Bt2 1	Bt3 2	
72	Bt1 1	Bt2 2	Bt3 3	
73	Bt2 3	Bt3 3	
74	Bt2 2	Bt3 3	
75	Bt2 2	
76	Bt1 2	Bt3 2	
77	Bt1 2	Bt2 1	Bt3 2	
78	Bt2 2	Bt3 1	
79	Bt1 3	Bt2 1	Bt3 1	
80	Bt1 1	Bt2 1	Bt3 2	
81	Bt1 1	Bt2 1	
82	Bt1 1	Bt2 2	
83	Bt1 3	
84	Bt1 2	Bt3 1	
85	Bt1 3	Bt2 3	
86	Bt1 1	Bt2 1	
87	Bt1 5	Bt3 1	
88	Bt1 2	Bt2 1	Bt3 2	
89	Bt1 2	Bt3 1	
90	Bt1 2	Bt2 1	
91	Bt1 1	Bt3 1	
92	Bt1 1	Bt2 2	Bt3 3	
93	Bt1 2	Bt2 1	Bt3 2	
94	Bt1 1	Bt2 1	Bt3 4	
95	Bt1 2	Bt2 2	
96	Bt1 2	Bt2 1	Bt3 2	
97	Bt1 1	Bt2 2	Bt3 1	
98	Bt1 2	Bt2 1	Bt3 3	
99	Bt1 3	Bt3 3	
100	Bt1 1	Bt3 2	