Name				573_n100_m400_bt3
Number_of_Customers		100
Number_of_Items			400
Number_of_ItemTypes		3
Number_of_Vehicles		43
TimeWindows			1

VEHICLE
Mass_Capacity			12595
CargoSpace_Length		60
CargoSpace_Width		25
CargoSpace_Height		30
Wheelbase			48
Max_Mass_FrontAxle		7100
Max_Mass_RearAxle		11500
Distance_FrontAxle_CargoSpace	4

CUSTOMERS
i		x		y		Demand		ReadyTime	DueDate		ServiceTime	DemandedMass	DemandedVolume
0		35		35		0		0		1000		0		0		0
1		16		38		5		714		952		10		2390.65		11712
2		19		66		3		0		170		10		1503.71		6531
3		10		67		3		168		432		10		1850.31		4050
4		10		72		6		0		945		10		3354.02		10581
5		45		34		3		393		625		10		1115.72		6897
6		12		8		4		282		540		10		1344.5		8613
7		5		10		3		0		187		10		1503.71		6531
8		34		10		5		324		522		10		1919.88		7848
9		29		14		5		393		663		10		2390.65		11712
10		28		7		3		50		262		10		1115.72		6897
11		63		7		4		19		299		10		1732.49		8247
12		14		22		5		449		709		10		2390.65		11712
13		28		78		5		0		264		10		2820.03		13461
14		48		48		4		815		1000		10		2591.25		11745
15		39		48		5		31		311		10		3208.02		13095
16		55		7		5		501		755		10		1961.27		9963
17		42		47		2		557		773		10		457.56		3432
18		8		47		2		0		960		10		1233.54		2700
19		46		79		3		592		856		10		1074.33		4782
20		16		41		5		92		298		10		2390.65		11712
21		62		25		5		0		230		10		3125.24		8865
22		7		27		3		93		293		10		1545.1		8646
23		42		5		2		763		1000		10		1233.54		2700
24		38		33		3		0		986		10		1074.33		4782
25		32		30		3		0		209		10		1850.31		4050
26		7		50		3		779		1000		10		1891.7		6165
27		13		53		6		3		259		10		2966.03		10947
28		55		19		3		821		1000		10		1503.71		6531
29		7		65		3		120		382		10		1074.33		4782
30		60		21		3		808		1000		10		1462.32		4416
31		63		76		6		0		940		10		3048.81		15177
32		0		78		5		0		217		10		1919.88		7848
33		5		33		3		0		159		10		1115.72		6897
34		50		43		6		380		580		10		3478.19		16926
35		58		10		4		743		993		10		2161.87		9996
36		61		15		5		42		350		10		2307.87		7482
37		1		75		3		0		937		10		1850.31		4050
38		4		26		4		0		957		10		2120.48		7881
39		25		61		4		0		962		10		1773.88		10362
40		31		79		4		334		590		10		2161.87		9996
41		46		65		4		0		958		10		2120.48		7881
42		25		41		5		385		609		10		2737.25		9231
43		57		38		4		149		405		10		1691.1		6132
44		11		43		5		856		1000		10		3166.63		10980
45		22		52		6		528		780		10		2619.43		13428
46		7		19		2		0		957		10		457.56		3432
47		47		41		5		249		449		10		3208.02		13095
48		27		74		2		109		353		10		886.94		5181
49		33		43		6		0		981		10		2966.03		10947
50		44		70		5		150		446		10		2778.64		11346
51		36		28		4		0		982		10		2120.48		7881
52		3		5		6		0		174		10		3478.19		16926
53		58		5		5		0		186		10		3166.63		10980
54		29		35		3		863		1000		10		1115.72		6897
55		65		79		2		546		794		10		457.56		3432
56		45		60		4		136		340		10		1773.88		10362
57		18		47		6		0		969		10		2619.43		13428
58		44		51		4		241		467		10		2079.09		5766
59		16		2		4		0		157		10		1303.11		6498
60		62		36		5		635		877		10		2390.65		11712
61		42		36		6		579		769		10		3048.81		15177
62		68		33		5		0		184		10		1919.88		7848
63		51		30		2		520		780		10		845.55		3066
64		62		30		3		826		1000		10		1503.71		6531
65		69		74		5		216		450		10		2390.65		11712
66		21		27		6		126		354		10		2619.43		13428
67		10		58		2		0		956		10		1274.93		4815
68		41		24		5		338		610		10		2737.25		9231
69		64		20		3		719		983		10		1462.32		4416
70		8		75		6		496		702		10		3007.42		13062
71		70		29		2		0		954		10		1316.32		6930
72		29		4		2		0		958		10		1316.32		6930
73		8		15		2		453		669		10		886.94		5181
74		41		73		6		0		951		10		3783.4		12330
75		2		9		3		0		947		10		1462.32		4416
76		6		69		4		0		945		10		2120.48		7881
77		46		56		4		0		199		10		2161.87		9996
78		7		1		4		159		415		10		1732.49		8247
79		69		5		3		314		592		10		1933.09		8280
80		16		57		4		531		737		10		1732.49		8247
81		32		26		5		176		400		10		2778.64		11346
82		59		41		4		394		644		10		2549.86		9630
83		43		39		5		0		157		10		2737.25		9231
84		56		14		3		0		960		10		1074.33		4782
85		25		56		6		370		590		10		2619.43		13428
86		53		44		3		99		361		10		1545.1		8646
87		65		66		3		149		391		10		1503.71		6531
88		52		19		2		0		966		10		457.56		3432
89		10		22		4		255		501		10		2120.48		7881
90		34		54		3		0		970		10		1503.71		6531
91		64		4		4		0		947		10		1773.88		10362
92		51		51		5		88		288		10		2390.65		11712
93		68		0		5		565		809		10		1531.89		8214
94		24		74		2		0		949		10		457.56		3432
95		39		55		6		799		1000		10		3519.58		19041
96		17		62		3		425		647		10		686.34		5148
97		36		64		2		0		960		10		457.56		3432
98		49		69		6		620		848		10		3824.79		14445
99		8		62		4		0		951		10		1691.1		6132
100		18		20		3		592		794		10		1503.71		6531

ITEMS
Type		Length		Width		Height		Mass		Fragility	LoadBearingStrength
Bt1		35		11		9		658.16		0		15.0569395
Bt2		15		9		10		616.77		0		22.5373170
Bt3		22		13		6		228.78		1		4.9899584

DEMANDS PER CUSTOMER
i	Type Quantity
1	Bt1 2	Bt2 1	Bt3 2	
2	Bt1 1	Bt2 1	Bt3 1	
3	Bt2 3	
4	Bt1 1	Bt2 4	Bt3 1	
5	Bt1 1	Bt3 2	
6	Bt1 1	Bt3 3	
7	Bt1 1	Bt2 1	Bt3 1	
8	Bt2 2	Bt3 3	
9	Bt1 2	Bt2 1	Bt3 2	
10	Bt1 1	Bt3 2	
11	Bt1 1	Bt2 1	Bt3 2	
12	Bt1 2	Bt2 1	Bt3 2	
13	Bt1 3	Bt2 1	Bt3 1	
14	Bt1 3	Bt2 1	
15	Bt1 3	Bt2 2	
16	Bt1 1	Bt2 1	Bt3 3	
17	Bt3 2	
18	Bt2 2	
19	Bt2 1	Bt3 2	
20	Bt1 2	Bt2 1	Bt3 2	
21	Bt1 1	Bt2 4	
22	Bt1 2	Bt3 1	
23	Bt2 2	
24	Bt2 1	Bt3 2	
25	Bt2 3	
26	Bt1 1	Bt2 2	
27	Bt1 1	Bt2 3	Bt3 2	
28	Bt1 1	Bt2 1	Bt3 1	
29	Bt2 1	Bt3 2	
30	Bt2 2	Bt3 1	
31	Bt1 3	Bt2 1	Bt3 2	
32	Bt2 2	Bt3 3	
33	Bt1 1	Bt3 2	
34	Bt1 4	Bt2 1	Bt3 1	
35	Bt1 2	Bt2 1	Bt3 1	
36	Bt2 3	Bt3 2	
37	Bt2 3	
38	Bt1 1	Bt2 2	Bt3 1	
39	Bt1 2	Bt3 2	
40	Bt1 2	Bt2 1	Bt3 1	
41	Bt1 1	Bt2 2	Bt3 1	
42	Bt1 1	Bt2 3	Bt3 1	
43	Bt2 2	Bt3 2	
44	Bt1 2	Bt2 3	
45	Bt1 2	Bt2 1	Bt3 3	
46	Bt3 2	
47	Bt1 3	Bt2 2	
48	Bt1 1	Bt3 1	
49	Bt1 1	Bt2 3	Bt3 2	
50	Bt1 2	Bt2 2	Bt3 1	
51	Bt1 1	Bt2 2	Bt3 1	
52	Bt1 4	Bt2 1	Bt3 1	
53	Bt1 2	Bt2 3	
54	Bt1 1	Bt3 2	
55	Bt3 2	
56	Bt1 2	Bt3 2	
57	Bt1 2	Bt2 1	Bt3 3	
58	Bt2 3	Bt3 1	
59	Bt2 1	Bt3 3	
60	Bt1 2	Bt2 1	Bt3 2	
61	Bt1 3	Bt2 1	Bt3 2	
62	Bt2 2	Bt3 3	
63	Bt2 1	Bt3 1	
64	Bt1 1	Bt2 1	Bt3 1	
65	Bt1 2	Bt2 1	Bt3 2	
66	Bt1 2	Bt2 1	Bt3 3	
67	Bt1 1	Bt2 1	
68	Bt1 1	Bt2 3	Bt3 1	
69	Bt2 2	Bt3 1	
70	Bt1 2	Bt2 2	Bt3 2	
71	Bt1 2	
72	Bt1 2	
73	Bt1 1	Bt3 1	
74	Bt1 2	Bt2 4	
75	Bt2 2	Bt3 1	
76	Bt1 1	Bt2 2	Bt3 1	
77	Bt1 2	Bt2 1	Bt3 1	
78	Bt1 1	Bt2 1	Bt3 2	
79	Bt1 2	Bt2 1	
80	Bt1 1	Bt2 1	Bt3 2	
81	Bt1 2	Bt2 2	Bt3 1	
82	Bt1 2	Bt2 2	
83	Bt1 1	Bt2 3	Bt3 1	
84	Bt2 1	Bt3 2	
85	Bt1 2	Bt2 1	Bt3 3	
86	Bt1 2	Bt3 1	
87	Bt1 1	Bt2 1	Bt3 1	
88	Bt3 2	
89	Bt1 1	Bt2 2	Bt3 1	
90	Bt1 1	Bt2 1	Bt3 1	
91	Bt1 2	Bt3 2	
92	Bt1 2	Bt2 1	Bt3 2	
93	Bt2 1	Bt3 4	
94	Bt3 2	
95	Bt1 5	Bt3 1	
96	Bt3 3	
97	Bt3 2	
98	Bt1 3	Bt2 3	
99	Bt2 2	Bt3 2	
100	Bt1 1	Bt2 1	Bt3 1	