Name				575_n100_m400_bt3
Number_of_Customers		100
Number_of_Items			400
Number_of_ItemTypes		3
Number_of_Vehicles		35
TimeWindows			1

VEHICLE
Mass_Capacity			12595
CargoSpace_Length		60
CargoSpace_Width		25
CargoSpace_Height		30
Wheelbase			48
Max_Mass_FrontAxle		7100
Max_Mass_RearAxle		11500
Distance_FrontAxle_CargoSpace	4

CUSTOMERS
i		x		y		Demand		ReadyTime	DueDate		ServiceTime	DemandedMass	DemandedVolume
0		35		35		0		0		1000		0		0		0
1		66		32		4		588		830		10		1425.77		7235
2		10		52		6		0		959		10		1728.55		9755
3		26		17		3		700		872		10		480.14		4270
4		29		2		6		527		737		10		3213.15		11205
5		68		37		3		201		413		10		2758.98		7425
6		22		49		6		291		585		10		2470.85		10480
7		64		7		2		0		163		10		1839.32		4950
8		23		73		3		194		450		10		506.11		4760
9		15		58		3		245		495		10		2016.68		6700
10		6		33		5		126		340		10		2345.43		9710
11		31		64		4		0		960		10		2936.34		9175
12		58		16		3		629		871		10		1274.38		5975
13		59		5		3		645		831		10		2016.68		6700
14		21		68		4		40		264		10		2142.1		7470
15		23		21		4		0		971		10		2194.04		8450
16		19		36		3		616		850		10		1248.41		5485
17		17		18		3		0		965		10		1990.71		6210
18		22		60		5		0		961		10		2345.43		9710
19		40		65		3		0		959		10		2016.68		6700
20		8		25		5		125		365		10		1577.16		8495
21		58		13		4		0		958		10		1425.77		7235
22		25		78		5		605		867		10		2319.46		9220
23		15		75		5		94		364		10		1577.16		8495
24		12		34		6		0		966		10		2522.79		11460
25		3		39		5		0		957		10		1629.1		9475
26		64		45		4		250		504		10		2194.04		8450
27		28		32		5		697		917		10		1603.13		8985
28		35		27		3		264		478		10		1248.41		5485
29		30		60		5		0		964		10		2293.49		8730
30		15		79		3		0		941		10		506.11		4760
31		32		4		3		312		592		10		454.17		3780
32		14		31		3		0		968		10		506.11		4760
33		63		62		6		0		951		10		4033.36		13400
34		43		43		2		848		1000		10		302.78		2520
35		53		57		3		520		810		10		1990.71		6210
36		62		13		5		367		653		10		2293.49		8730
37		20		74		4		355		599		10		657.5		6020
38		19		43		5		0		178		10		2345.43		9710
39		38		5		2		0		959		10		1097.02		4225
40		31		54		4		741		1000		10		1425.77		7235
41		26		22		4		237		471		10		709.44		7000
42		68		43		2		369		661		10		328.75		3010
43		34		50		4		530		736		10		1425.77		7235
44		27		48		4		636		854		10		2142.1		7470
45		20		9		3		0		959		10		1248.41		5485
46		54		78		4		460		686		10		2142.1		7470
47		15		54		5		531		787		10		1577.16		8495
48		15		14		6		620		854		10		1012.22		9520
49		39		71		3		112		338		10		2758.98		7425
50		28		64		6		41		287		10		2470.85		10480
51		17		63		4		797		985		10		1399.8		6745
52		68		26		5		686		966		10		2319.46		9220
53		13		22		6		597		865		10		2470.85		10480
54		46		39		6		0		978		10		2470.85		10480
55		64		76		4		529		769		10		1399.8		6745
56		52		26		2		0		154		10		1071.05		3735
57		65		23		4		638		910		10		1451.74		7725
58		11		37		3		813		1000		10		454.17		3780
59		62		59		3		465		745		10		1248.41		5485
60		51		38		4		312		544		10		683.47		6510
61		11		15		6		810		1000		10		4007.39		12910
62		23		41		6		356		566		10		4033.36		13400
63		19		52		4		0		154		10		1425.77		7235
64		4		67		2		0		945		10		328.75		3010
65		55		65		4		182		416		10		2168.07		7960
66		33		61		3		79		317		10		1274.38		5975
67		14		2		4		795		1000		10		2936.34		9175
68		65		3		4		652		900		10		1399.8		6745
69		12		43		3		708		992		10		2016.68		6700
70		46		27		3		191		415		10		1990.71		6210
71		41		74		4		0		195		10		1451.74		7725
72		61		74		5		0		281		10		756.95		6300
73		2		36		4		562		842		10		1399.8		6745
74		67		53		3		714		962		10		2016.68		6700
75		12		48		2		510		696		10		354.72		3500
76		48		5		5		0		957		10		2371.4		10200
77		22		16		4		6		210		10		1399.8		6745
78		8		43		4		128		314		10		2936.34		9175
79		66		11		6		0		950		10		2496.82		10970
80		2		45		3		514		724		10		506.11		4760
81		35		1		4		523		743		10		2194.04		8450
82		25		1		4		722		944		10		657.5		6020
83		32		0		2		0		954		10		1097.02		4225
84		41		24		3		0		977		10		480.14		4270
85		23		10		5		352		576		10		2319.46		9220
86		9		46		3		504		734		10		1248.41		5485
87		22		38		6		340		584		10		1702.58		9265
88		6		12		4		279		527		10		2168.07		7960
89		5		6		2		0		233		10		1097.02		4225
90		55		22		4		740		982		10		1425.77		7235
91		24		29		6		0		245		10		2496.82		10970
92		3		73		4		751		957		10		1451.74		7725
93		51		53		6		197		421		10		1754.52		10245
94		2		33		4		0		956		10		631.53		5530
95		41		15		5		824		1000		10		3087.73		10435
96		54		41		5		0		970		10		2319.46		9220
97		46		24		4		0		974		10		657.5		6020
98		49		43		3		0		973		10		1274.38		5975
99		34		70		2		683		889		10		328.75		3010
100		28		57		3		72		328		10		1248.41		5485

ITEMS
Type		Length		Width		Height		Mass		Fragility	LoadBearingStrength
Bt1		28		5		9		151.39		0		6.6012223
Bt2		25		11		9		919.66		1		6.5222610
Bt3		25		5		14		177.36		0		7.0887920

DEMANDS PER CUSTOMER
i	Type Quantity
1	Bt1 1	Bt2 1	Bt3 2	
2	Bt1 3	Bt2 1	Bt3 2	
3	Bt1 2	Bt3 1	
4	Bt1 3	Bt2 3	
5	Bt2 3	
6	Bt1 3	Bt2 2	Bt3 1	
7	Bt2 2	
8	Bt1 1	Bt3 2	
9	Bt2 2	Bt3 1	
10	Bt1 1	Bt2 2	Bt3 2	
11	Bt2 3	Bt3 1	
12	Bt2 1	Bt3 2	
13	Bt2 2	Bt3 1	
14	Bt1 2	Bt2 2	
15	Bt2 2	Bt3 2	
16	Bt1 1	Bt2 1	Bt3 1	
17	Bt1 1	Bt2 2	
18	Bt1 1	Bt2 2	Bt3 2	
19	Bt2 2	Bt3 1	
20	Bt1 2	Bt2 1	Bt3 2	
21	Bt1 1	Bt2 1	Bt3 2	
22	Bt1 2	Bt2 2	Bt3 1	
23	Bt1 2	Bt2 1	Bt3 2	
24	Bt1 1	Bt2 2	Bt3 3	
25	Bt2 1	Bt3 4	
26	Bt2 2	Bt3 2	
27	Bt1 1	Bt2 1	Bt3 3	
28	Bt1 1	Bt2 1	Bt3 1	
29	Bt1 3	Bt2 2	
30	Bt1 1	Bt3 2	
31	Bt1 3	
32	Bt1 1	Bt3 2	
33	Bt2 4	Bt3 2	
34	Bt1 2	
35	Bt1 1	Bt2 2	
36	Bt1 3	Bt2 2	
37	Bt1 2	Bt3 2	
38	Bt1 1	Bt2 2	Bt3 2	
39	Bt2 1	Bt3 1	
40	Bt1 1	Bt2 1	Bt3 2	
41	Bt3 4	
42	Bt1 1	Bt3 1	
43	Bt1 1	Bt2 1	Bt3 2	
44	Bt1 2	Bt2 2	
45	Bt1 1	Bt2 1	Bt3 1	
46	Bt1 2	Bt2 2	
47	Bt1 2	Bt2 1	Bt3 2	
48	Bt1 2	Bt3 4	
49	Bt2 3	
50	Bt1 3	Bt2 2	Bt3 1	
51	Bt1 2	Bt2 1	Bt3 1	
52	Bt1 2	Bt2 2	Bt3 1	
53	Bt1 3	Bt2 2	Bt3 1	
54	Bt1 3	Bt2 2	Bt3 1	
55	Bt1 2	Bt2 1	Bt3 1	
56	Bt1 1	Bt2 1	
57	Bt2 1	Bt3 3	
58	Bt1 3	
59	Bt1 1	Bt2 1	Bt3 1	
60	Bt1 1	Bt3 3	
61	Bt1 1	Bt2 4	Bt3 1	
62	Bt2 4	Bt3 2	
63	Bt1 1	Bt2 1	Bt3 2	
64	Bt1 1	Bt3 1	
65	Bt1 1	Bt2 2	Bt3 1	
66	Bt2 1	Bt3 2	
67	Bt2 3	Bt3 1	
68	Bt1 2	Bt2 1	Bt3 1	
69	Bt2 2	Bt3 1	
70	Bt1 1	Bt2 2	
71	Bt2 1	Bt3 3	
72	Bt1 5	
73	Bt1 2	Bt2 1	Bt3 1	
74	Bt2 2	Bt3 1	
75	Bt3 2	
76	Bt2 2	Bt3 3	
77	Bt1 2	Bt2 1	Bt3 1	
78	Bt2 3	Bt3 1	
79	Bt1 2	Bt2 2	Bt3 2	
80	Bt1 1	Bt3 2	
81	Bt2 2	Bt3 2	
82	Bt1 2	Bt3 2	
83	Bt2 1	Bt3 1	
84	Bt1 2	Bt3 1	
85	Bt1 2	Bt2 2	Bt3 1	
86	Bt1 1	Bt2 1	Bt3 1	
87	Bt1 4	Bt2 1	Bt3 1	
88	Bt1 1	Bt2 2	Bt3 1	
89	Bt2 1	Bt3 1	
90	Bt1 1	Bt2 1	Bt3 2	
91	Bt1 2	Bt2 2	Bt3 2	
92	Bt2 1	Bt3 3	
93	Bt1 2	Bt2 1	Bt3 3	
94	Bt1 3	Bt3 1	
95	Bt1 1	Bt2 3	Bt3 1	
96	Bt1 2	Bt2 2	Bt3 1	
97	Bt1 2	Bt3 2	
98	Bt2 1	Bt3 2	
99	Bt1 1	Bt3 1	
100	Bt1 1	Bt2 1	Bt3 1	