Name				576_n100_m400_bt10
Number_of_Customers		100
Number_of_Items			400
Number_of_ItemTypes		10
Number_of_Vehicles		42
TimeWindows			1

VEHICLE
Mass_Capacity			12595
CargoSpace_Length		60
CargoSpace_Width		25
CargoSpace_Height		30
Wheelbase			48
Max_Mass_FrontAxle		7100
Max_Mass_RearAxle		11500
Distance_FrontAxle_CargoSpace	4

CUSTOMERS
i		x		y		Demand		ReadyTime	DueDate		ServiceTime	DemandedMass	DemandedVolume
0		35		35		0		0		1000		0		0		0
1		39		2		2		0		956		10		454		3153
2		66		56		3		0		952		10		712.86		4097
3		47		70		6		0		953		10		1728.94		12099
4		63		38		5		0		961		10		3789.06		11954
5		51		16		4		0		965		10		1950.01		7317
6		40		58		6		0		966		10		1539.32		11143
7		58		27		3		0		965		10		2438.3		5182
8		69		4		6		0		943		10		1689.7		11289
9		55		24		2		0		967		10		485.48		2261
10		48		57		5		0		964		10		1843.34		7666
11		9		52		4		107		341		10		1420.46		6885
12		36		2		3		0		956		10		1169.05		5049
13		51		73		4		0		948		10		738.74		4111
14		8		18		5		846		1000		10		3141.78		9380
15		23		24		6		0		973		10		2015.92		10739
16		57		33		3		0		967		10		2649.3		6547
17		57		11		3		0		957		10		935.66		6644
18		32		3		3		0		957		10		2779.88		6554
19		51		59		3		0		961		10		1021.25		4942
20		28		24		2		795		1000		10		903.23		4067
21		16		50		4		0		965		10		1313.47		8509
22		3		65		6		0		946		10		1583.77		9427
23		32		80		6		0		944		10		2078.5		11365
24		4		55		4		0		953		10		1092.28		8028
25		7		64		3		0		949		10		1134.79		5881
26		1		78		3		288		516		10		1110.04		5896
27		41		17		6		0		971		10		1566.73		10359
28		14		17		3		0		962		10		1063.94		5012
29		60		55		5		504		710		10		2027.76		9886
30		59		1		6		120		362		10		1620.27		10711
31		51		78		4		366		648		10		1704.82		7730
32		51		23		5		0		970		10		3086.08		9600
33		14		54		3		0		961		10		480.64		3686
34		15		75		4		0		945		10		1053.68		7519
35		8		34		3		563		791		10		1456.87		5887
36		32		45		4		114		374		10		771.87		5819
37		9		71		4		0		945		10		1101.78		7571
38		0		42		6		0		954		10		1869.83		12051
39		36		23		6		0		977		10		1317.25		9314
40		27		10		3		0		235		10		1130.61		5903
41		23		31		3		729		1000		10		1075.78		6728
42		65		23		3		0		957		10		1076.91		4188
43		64		67		6		0		946		10		1880.47		9176
44		2		22		5		0		954		10		1513.69		7241
45		67		70		4		0		942		10		3060.2		9586
46		6		0		6		278		520		10		1832.49		9953
47		31		27		3		0		981		10		480.64		3686
48		39		75		4		0		949		10		880.47		6261
49		58		4		6		0		951		10		1583.77		9427
50		60		36		5		0		964		10		814.97		5933
51		55		8		4		340		598		10		2919.96		8673
52		59		67		5		148		366		10		1551.07		9873
53		61		31		3		0		963		10		804.24		4439
54		23		36		3		0		977		10		1400.55		5475
55		49		37		3		0		975		10		763.21		5905
56		24		14		2		0		966		10		2320.28		4307
57		17		19		3		766		986		10		831.72		4601
58		14		28		4		0		967		10		2838.89		8276
59		44		1		6		0		954		10		1770.7		10740
60		64		12		4		0		952		10		3378.84		8366
61		65		7		4		0		948		10		1382.7		7190
62		37		11		2		0		965		10		2412.42		5168
63		64		0		4		327		519		10		1579.23		8103
64		14		31		3		0		968		10		371.28		2725
65		18		41		5		0		971		10		1265.91		8266
66		12		62		4		0		954		10		1435.68		8920
67		4		44		3		437		655		10		1362.11		6329
68		6		25		4		0		959		10		1344.3		8578
69		38		64		3		538		832		10		565.06		3990
70		15		43		5		0		968		10		1897.99		10281
71		49		11		3		0		962		10		804.24		4439
72		53		28		3		0		970		10		912.88		5415
73		9		41		4		0		963		10		2968.06		8725
74		34		12		4		0		966		10		1395.71		6900
75		24		18		5		0		969		10		1550.35		9888
76		23		47		2		0		973		10		236.04		1750
77		21		57		4		0		963		10		1719.35		8187
78		32		65		6		734		942		10		1620.75		9132
79		68		36		2		0		956		10		627.21		4411
80		45		38		4		0		979		10		1595.46		6769
81		48		52		2		0		968		10		696.48		3626
82		30		57		5		557		779		10		1969.88		8193
83		20		80		4		0		942		10		1037.63		5413
84		3		47		2		0		955		10		647.78		4418
85		35		61		6		0		964		10		1344.73		9476
86		56		38		4		259		513		10		1484.38		8128
87		28		38		2		0		982		10		686.22		3564
88		28		48		5		0		975		10		1392.96		9821
89		30		41		5		112		326		10		1798.89		9382
90		34		76		5		585		837		10		5034.24		11553
91		13		49		4		0		963		10		1915.75		8149
92		44		21		6		779		997		10		1535.16		10834
93		29		70		5		0		954		10		5423.76		11614
94		60		76		3		0		941		10		2832.82		7750
95		22		65		4		0		957		10		1428.8		8074
96		21		50		5		0		969		10		1629.06		7340
97		70		13		2		803		1000		10		454		3153
98		22		42		3		0		975		10		864.9		6192
99		62		4		4		0		948		10		2838.89		8276
100		3		50		2		0		954		10		616.9		4466

ITEMS
Type		Length		Width		Height		Mass		Fragility	LoadBearingStrength
Bt1		32		7		10		329.02		0		4.2672791
Bt2		29		7		11		308.45		0		10.3206344
Bt3		17		12		9		227.38		1		2.1458756
Bt4		15		5		13		135.24		0		7.6520705
Bt5		34		14		7		2185.04		1		10.8590565
Bt6		29		6		13		458.88		0		6.6419611
Bt7		29		7		9		574.21		0		32.2118588
Bt8		18		11		11		318.76		0		2.8460164
Bt9		33		6		7		367.46		0		19.6301365
Bt10		25		5		7		118.02		0		8.1621123

DEMANDS PER CUSTOMER
i	Type Quantity
1	Bt4 1	Bt8 1	
2	Bt3 1	Bt9 1	Bt10 1	
3	Bt1 2	Bt2 2	Bt4 1	Bt8 1	
4	Bt3 1	Bt5 1	Bt6 3	
5	Bt3 1	Bt7 3	
6	Bt1 1	Bt3 2	Bt8 2	Bt10 1	
7	Bt4 1	Bt5 1	Bt10 1	
8	Bt1 2	Bt3 2	Bt6 1	Bt10 1	
9	Bt9 1	Bt10 1	
10	Bt6 1	Bt7 2	Bt10 2	
11	Bt4 1	Bt6 2	Bt9 1	
12	Bt3 1	Bt7 1	Bt9 1	
13	Bt4 1	Bt9 1	Bt10 2	
14	Bt3 1	Bt4 2	Bt5 1	Bt6 1	
15	Bt1 1	Bt2 1	Bt7 1	Bt8 1	Bt9 1	Bt10 1	
16	Bt1 1	Bt4 1	Bt5 1	
17	Bt2 2	Bt8 1	
18	Bt3 1	Bt5 1	Bt9 1	
19	Bt1 1	Bt7 1	Bt10 1	
20	Bt1 1	Bt7 1	
21	Bt2 1	Bt3 1	Bt6 1	Bt8 1	
22	Bt3 2	Bt7 1	Bt8 1	Bt10 2	
23	Bt1 2	Bt4 1	Bt6 2	Bt9 1	
24	Bt3 2	Bt8 2	
25	Bt2 1	Bt6 1	Bt9 1	
26	Bt2 1	Bt3 1	Bt7 1	
27	Bt2 1	Bt3 1	Bt4 1	Bt6 1	Bt8 1	Bt10 1	
28	Bt1 1	Bt9 2	
29	Bt2 1	Bt6 1	Bt7 1	Bt8 1	Bt9 1	
30	Bt2 3	Bt6 1	Bt10 2	
31	Bt1 1	Bt3 1	Bt7 2	
32	Bt1 1	Bt4 1	Bt5 1	Bt8 1	Bt10 1	
33	Bt3 1	Bt4 1	Bt10 1	
34	Bt2 2	Bt8 1	Bt10 1	
35	Bt2 1	Bt7 2	
36	Bt2 1	Bt3 1	Bt10 2	
37	Bt1 1	Bt4 1	Bt8 2	
38	Bt1 1	Bt2 1	Bt3 1	Bt8 2	Bt9 1	
39	Bt2 1	Bt4 1	Bt8 2	Bt10 2	
40	Bt1 1	Bt3 1	Bt7 1	
41	Bt2 2	Bt6 1	
42	Bt4 1	Bt7 1	Bt9 1	
43	Bt4 2	Bt6 2	Bt7 1	Bt10 1	
44	Bt4 1	Bt7 1	Bt8 1	Bt9 1	Bt10 1	
45	Bt1 1	Bt3 1	Bt5 1	Bt8 1	
46	Bt3 1	Bt4 1	Bt6 1	Bt7 1	Bt8 1	Bt10 1	
47	Bt3 1	Bt4 1	Bt10 1	
48	Bt2 1	Bt4 1	Bt8 1	Bt10 1	
49	Bt3 2	Bt7 1	Bt8 1	Bt10 2	
50	Bt2 1	Bt4 2	Bt10 2	
51	Bt2 2	Bt5 1	Bt10 1	
52	Bt1 1	Bt2 1	Bt3 1	Bt8 1	Bt9 1	
53	Bt8 1	Bt9 1	Bt10 1	
54	Bt6 1	Bt7 1	Bt9 1	
55	Bt2 1	Bt3 2	
56	Bt4 1	Bt5 1	
57	Bt1 1	Bt4 1	Bt9 1	
58	Bt2 1	Bt3 1	Bt5 1	Bt10 1	
59	Bt2 2	Bt6 2	Bt10 2	
60	Bt5 1	Bt6 1	Bt9 2	
61	Bt1 1	Bt8 1	Bt9 2	
62	Bt3 1	Bt5 1	
63	Bt3 1	Bt6 1	Bt7 1	Bt8 1	
64	Bt4 1	Bt10 2	
65	Bt2 1	Bt3 2	Bt4 1	Bt9 1	
66	Bt1 2	Bt6 1	Bt8 1	
67	Bt1 1	Bt6 1	Bt7 1	
68	Bt1 2	Bt3 1	Bt6 1	
69	Bt1 1	Bt10 2	
70	Bt3 1	Bt6 1	Bt7 1	Bt8 2	
71	Bt8 1	Bt9 1	Bt10 1	
72	Bt4 1	Bt6 1	Bt8 1	
73	Bt1 1	Bt4 1	Bt5 1	Bt8 1	
74	Bt3 1	Bt4 1	Bt6 1	Bt7 1	
75	Bt1 1	Bt2 1	Bt4 1	Bt6 1	Bt8 1	
76	Bt10 2	
77	Bt3 1	Bt6 2	Bt7 1	
78	Bt1 2	Bt4 2	Bt7 1	Bt10 1	
79	Bt2 1	Bt8 1	
80	Bt1 1	Bt7 2	Bt10 1	
81	Bt1 1	Bt9 1	
82	Bt4 1	Bt7 2	Bt8 1	Bt9 1	
83	Bt3 1	Bt7 1	Bt10 2	
84	Bt1 1	Bt8 1	
85	Bt1 1	Bt2 1	Bt4 2	Bt8 1	Bt10 1	
86	Bt1 2	Bt6 1	Bt9 1	
87	Bt8 1	Bt9 1	
88	Bt1 2	Bt2 2	Bt10 1	
89	Bt1 1	Bt6 1	Bt7 1	Bt8 1	Bt10 1	
90	Bt3 1	Bt5 2	Bt8 1	Bt10 1	
91	Bt2 1	Bt6 1	Bt7 2	
92	Bt1 1	Bt2 2	Bt4 2	Bt8 1	
93	Bt5 2	Bt8 1	Bt9 2	
94	Bt1 1	Bt5 1	Bt8 1	
95	Bt2 1	Bt3 1	Bt7 1	Bt8 1	
96	Bt3 1	Bt4 1	Bt7 2	Bt10 1	
97	Bt4 1	Bt8 1	
98	Bt3 1	Bt8 2	
99	Bt2 1	Bt3 1	Bt5 1	Bt10 1	
100	Bt2 2	