Name				580_n100_m400_bt10
Number_of_Customers		100
Number_of_Items			400
Number_of_ItemTypes		10
Number_of_Vehicles		58
TimeWindows			1

VEHICLE
Mass_Capacity			12595
CargoSpace_Length		60
CargoSpace_Width		25
CargoSpace_Height		30
Wheelbase			48
Max_Mass_FrontAxle		7100
Max_Mass_RearAxle		11500
Distance_FrontAxle_CargoSpace	4

CUSTOMERS
i		x		y		Demand		ReadyTime	DueDate		ServiceTime	DemandedMass	DemandedVolume
0		35		35		0		0		1000		0		0		0
1		36		71		4		0		953		10		2306.17		10596
2		63		36		3		0		961		10		1471.97		7682
3		35		65		6		0		960		10		2818.37		14672
4		45		42		3		814		1000		10		1112.78		6678
5		61		62		4		352		610		10		1226.57		7560
6		30		56		6		268		520		10		3378.27		18070
7		62		45		3		557		755		10		1031.26		5682
8		9		19		6		113		375		10		4072		16782
9		26		51		3		162		386		10		1591.67		7994
10		9		51		4		0		959		10		1481.96		7758
11		64		73		2		0		942		10		704.04		4140
12		33		60		6		0		964		10		3404.3		15764
13		11		38		6		0		965		10		4706.19		20972
14		55		23		2		0		966		10		1260.67		6230
15		4		37		4		829		1000		10		1764.5		8862
16		45		19		3		0		971		10		2259.12		10082
17		40		0		3		821		1000		10		2485.25		10206
18		42		46		6		402		580		10		2835.04		14466
19		0		22		5		495		723		10		2188.3		9972
20		44		28		4		0		978		10		1306.79		7488
21		8		13		3		661		911		10		2208.79		9144
22		21		19		5		0		968		10		1930.74		10818
23		27		0		3		0		954		10		1780.23		8766
24		66		48		3		0		956		10		2268.04		9324
25		22		22		4		0		971		10		3919.78		15908
26		22		54		3		0		966		10		1688.04		7368
27		22		39		6		712		1000		10		2005.85		11454
28		54		16		4		81		329		10		1069.89		7884
29		54		35		3		22		264		10		878.36		6228
30		35		16		6		463		751		10		3340.06		17894
31		19		48		4		0		969		10		1650.58		8862
32		14		52		3		0		962		10		1818.41		8082
33		41		13		3		0		967		10		1972.5		7488
34		0		80		3		0		932		10		1578.75		7518
35		22		79		6		572		816		10		3073.76		14870
36		69		15		2		495		707		10		1210.34		5292
37		38		4		4		735		951		10		1808.46		8490
38		16		13		4		693		921		10		1366.04		7668
39		65		11		4		236		442		10		1964.42		9102
40		3		11		3		303		495		10		1357.25		7544
41		51		64		5		0		956		10		2487.37		12908
42		34		38		4		0		986		10		1362.26		7446
43		12		34		2		831		1000		10		984.21		5168
44		52		68		6		0		952		10		3504.06		16408
45		60		39		4		0		964		10		1568.55		8996
46		70		12		3		710		920		10		1757.96		7950
47		48		14		4		0		965		10		2253.8		10640
48		30		23		3		95		305		10		2154.12		9324
49		33		8		4		0		962		10		2632.16		12458
50		49		47		3		0		971		10		1541.34		7056
51		64		23		4		0		958		10		1837.1		10616
52		43		75		4		0		949		10		1310.65		8784
53		27		70		5		780		1000		10		3478.38		14616
54		7		77		3		592		816		10		1918.17		8726
55		30		42		3		9		269		10		1226.7		6678
56		7		10		2		774		1000		10		1605.91		6678
57		55		46		2		0		967		10		1369.96		6080
58		40		55		2		0		969		10		1546.66		6498
59		69		19		4		0		952		10		1150.11		7812
60		64		42		5		0		960		10		1974.78		11520
61		65		27		3		106		300		10		1035.04		5904
62		64		58		3		802		1000		10		1252.25		6786
63		13		75		3		0		944		10		1650.63		6906
64		51		16		5		338		574		10		2349.61		13100
65		70		32		2		0		954		10		542.3		3216
66		58		1		4		0		191		10		1770.28		9174
67		31		29		3		0		982		10		1264.11		7140
68		14		4		4		0		952		10		1455.64		8796
69		9		58		6		267		493		10		2478.95		13464
70		0		72		5		0		939		10		2811.54		12492
71		56		62		2		39		297		10		1508.48		7182
72		64		20		5		0		175		10		2206.28		11696
73		6		41		5		0		960		10		3401.87		15078
74		1		0		4		86		322		10		2194.21		9402
75		20		69		4		0		952		10		3197.71		13790
76		9		64		5		0		951		10		2402.75		11910
77		17		2		3		299		507		10		1035.04		5904
78		66		63		5		0		948		10		1736.5		9774
79		8		28		4		790		974		10		2967.58		12432
80		36		45		6		0		979		10		3172.93		15526
81		62		1		5		0		946		10		1998.07		11130
82		41		58		6		0		966		10		2035.69		13532
83		67		79		6		628		820		10		2635.12		14226
84		1		60		5		630		874		10		2906.67		12986
85		26		18		3		0		970		10		798.14		6300
86		4		31		3		526		798		10		1877.66		8262
87		57		68		6		53		283		10		2692.3		13050
88		17		10		4		698		866		10		2975.87		12758
89		24		7		3		576		790		10		836.32		5616
90		62		10		6		37		317		10		3394.77		16558
91		21		51		3		0		180		10		1658.49		9436
92		19		58		6		106		386		10		3706.17		16572
93		52		46		2		0		969		10		584.34		3828
94		17		75		5		0		946		10		2546.33		11820
95		10		70		3		280		492		10		656.17		5172
96		41		20		5		0		973		10		2122.25		10686
97		10		5		6		582		806		10		2916.74		14136
98		44		68		6		37		305		10		3028.62		14256
99		20		30		2		0		974		10		704.04		4140
100		30		61		3		0		963		10		1264.11		7140

ITEMS
Type		Length		Width		Height		Mass		Fragility	LoadBearingStrength
Bt1		27		14		13		1274.91		1		2.7389464
Bt2		26		12		8		657.50		0		37.0681999
Bt3		21		14		9		662.13		0		16.1781832
Bt4		33		12		6		373.04		0		8.4173042
Bt5		32		14		8		712.46		0		12.2685426
Bt6		18		7		14		331		0		4.9971906
Bt7		27		12		7		233.57		0		22.6806877
Bt8		22		11		6		211.30		0		3.8918816
Bt9		21		9		14		548.21		0		20.6421749
Bt10		22		6		12		271.75		1		3.8746043

DEMANDS PER CUSTOMER
i	Type Quantity
1	Bt1 1	Bt8 1	Bt9 1	Bt10 1	
2	Bt5 1	Bt8 1	Bt9 1	
3	Bt3 1	Bt5 1	Bt6 2	Bt7 1	Bt9 1	
4	Bt6 1	Bt7 1	Bt9 1	
5	Bt6 3	Bt7 1	
6	Bt1 1	Bt5 2	Bt7 2	Bt8 1	
7	Bt8 1	Bt9 1	Bt10 1	
8	Bt1 1	Bt2 2	Bt3 1	Bt9 1	Bt10 1	
9	Bt5 1	Bt6 1	Bt9 1	
10	Bt6 2	Bt9 1	Bt10 1	
11	Bt4 1	Bt6 1	
12	Bt1 1	Bt3 1	Bt5 1	Bt8 1	Bt10 2	
13	Bt1 2	Bt3 1	Bt5 1	Bt7 1	Bt9 1	
14	Bt5 1	Bt9 1	
15	Bt2 1	Bt3 1	Bt7 1	Bt8 1	
16	Bt1 1	Bt5 1	Bt10 1	
17	Bt1 1	Bt3 1	Bt9 1	
18	Bt1 1	Bt4 2	Bt6 1	Bt8 1	Bt10 1	
19	Bt2 2	Bt6 2	Bt8 1	
20	Bt4 1	Bt6 2	Bt10 1	
21	Bt1 1	Bt3 1	Bt10 1	
22	Bt3 1	Bt4 1	Bt6 2	Bt7 1	
23	Bt1 1	Bt7 1	Bt10 1	
24	Bt1 1	Bt3 1	Bt6 1	
25	Bt1 2	Bt2 1	Bt5 1	
26	Bt2 2	Bt4 1	
27	Bt4 1	Bt6 2	Bt8 2	Bt9 1	
28	Bt6 1	Bt7 2	Bt10 1	
29	Bt4 1	Bt7 1	Bt10 1	
30	Bt1 1	Bt4 3	Bt5 1	Bt7 1	
31	Bt2 1	Bt7 1	Bt8 1	Bt9 1	
32	Bt1 1	Bt10 2	
33	Bt2 3	
34	Bt2 1	Bt4 1	Bt9 1	
35	Bt3 1	Bt5 1	Bt6 1	Bt9 2	Bt10 1	
36	Bt3 1	Bt9 1	
37	Bt2 1	Bt6 1	Bt9 1	Bt10 1	
38	Bt4 1	Bt6 3	
39	Bt2 1	Bt3 1	Bt4 1	Bt10 1	
40	Bt4 1	Bt5 1	Bt10 1	
41	Bt3 1	Bt5 1	Bt6 1	Bt7 1	Bt9 1	
42	Bt6 1	Bt8 1	Bt9 1	Bt10 1	
43	Bt5 1	Bt10 1	
44	Bt2 1	Bt3 1	Bt5 2	Bt8 1	Bt9 1	
45	Bt4 1	Bt5 1	Bt8 1	Bt10 1	
46	Bt1 1	Bt8 1	Bt10 1	
47	Bt3 1	Bt5 1	Bt6 1	Bt9 1	
48	Bt1 1	Bt6 1	Bt9 1	
49	Bt1 1	Bt4 1	Bt5 1	Bt10 1	
50	Bt3 1	Bt6 1	Bt9 1	
51	Bt2 1	Bt5 1	Bt7 2	
52	Bt4 2	Bt6 1	Bt7 1	
53	Bt1 1	Bt3 2	Bt6 1	Bt9 1	
54	Bt2 1	Bt5 1	Bt9 1	
55	Bt3 1	Bt6 1	Bt7 1	
56	Bt1 1	Bt6 1	
57	Bt2 1	Bt5 1	
58	Bt1 1	Bt10 1	
59	Bt4 1	Bt7 1	Bt10 2	
60	Bt4 1	Bt7 1	Bt9 2	Bt10 1	
61	Bt4 1	Bt6 2	
62	Bt4 1	Bt6 1	Bt9 1	
63	Bt2 1	Bt3 1	Bt6 1	
64	Bt2 1	Bt4 2	Bt5 1	Bt7 1	
65	Bt6 1	Bt8 1	
66	Bt2 1	Bt6 1	Bt7 1	Bt9 1	
67	Bt2 1	Bt4 1	Bt7 1	
68	Bt2 1	Bt6 1	Bt7 2	
69	Bt3 1	Bt4 1	Bt6 2	Bt7 1	Bt9 1	
70	Bt1 1	Bt3 1	Bt6 1	Bt10 2	
71	Bt1 1	Bt7 1	
72	Bt2 1	Bt5 1	Bt6 1	Bt7 1	Bt10 1	
73	Bt1 1	Bt2 1	Bt4 1	Bt9 2	
74	Bt2 2	Bt6 1	Bt9 1	
75	Bt1 1	Bt3 1	Bt5 1	Bt9 1	
76	Bt1 1	Bt4 1	Bt8 1	Bt10 2	
77	Bt4 1	Bt6 2	
78	Bt4 1	Bt9 1	Bt10 3	
79	Bt1 1	Bt2 1	Bt3 1	Bt4 1	
80	Bt2 1	Bt5 2	Bt6 1	Bt8 1	Bt9 1	
81	Bt2 1	Bt3 1	Bt7 2	Bt8 1	
82	Bt4 1	Bt5 1	Bt7 2	Bt8 1	Bt10 1	
83	Bt1 1	Bt4 1	Bt6 1	Bt7 1	Bt8 2	
84	Bt2 2	Bt5 1	Bt6 1	Bt9 1	
85	Bt6 1	Bt7 2	
86	Bt1 1	Bt6 1	Bt10 1	
87	Bt3 1	Bt6 2	Bt9 2	Bt10 1	
88	Bt1 1	Bt2 1	Bt5 1	Bt6 1	
89	Bt6 1	Bt7 1	Bt10 1	
90	Bt3 1	Bt5 2	Bt8 1	Bt9 2	
91	Bt5 2	Bt7 1	
92	Bt1 1	Bt3 3	Bt7 1	Bt8 1	
93	Bt4 1	Bt8 1	
94	Bt2 1	Bt3 2	Bt6 1	Bt7 1	
95	Bt7 1	Bt8 2	
96	Bt2 1	Bt4 1	Bt9 1	Bt10 2	
97	Bt2 2	Bt7 1	Bt9 2	Bt10 1	
98	Bt1 1	Bt6 2	Bt9 1	Bt10 2	
99	Bt4 1	Bt6 1	
100	Bt2 1	Bt4 1	Bt7 1	