Name				581_n100_m400_bt100
Number_of_Customers		100
Number_of_Items			400
Number_of_ItemTypes		100
Number_of_Vehicles		49
TimeWindows			1

VEHICLE
Mass_Capacity			12595
CargoSpace_Length		60
CargoSpace_Width		25
CargoSpace_Height		30
Wheelbase			48
Max_Mass_FrontAxle		7100
Max_Mass_RearAxle		11500
Distance_FrontAxle_CargoSpace	4

CUSTOMERS
i		x		y		Demand		ReadyTime	DueDate		ServiceTime	DemandedMass	DemandedVolume
0		35		35		0		0		1000		0		0		0
1		10		78		4		0		940		10		1462.39		10670
2		33		39		2		0		985		10		753.04		6294
3		37		74		4		0		950		10		1596.96		9405
4		32		67		5		0		957		10		1814.76		12108
5		55		73		5		0		947		10		1953.87		13088
6		47		26		4		0		975		10		1570.31		9889
7		59		4		5		211		429		10		1598.31		10002
8		2		6		6		0		946		10		3593.78		15230
9		39		67		2		0		957		10		1953.05		9048
10		17		3		6		0		953		10		4453.52		18856
11		51		8		3		0		958		10		684.96		4677
12		9		25		4		0		962		10		2006.74		6594
13		49		74		5		0		948		10		874.79		6712
14		1		54		5		0		951		10		1241.71		7807
15		44		0		3		0		953		10		999.31		7856
16		63		7		3		0		950		10		979.44		5906
17		52		48		3		0		968		10		1486.83		9759
18		4		71		4		0		942		10		1660.48		8328
19		38		55		6		0		969		10		2091.49		13479
20		68		51		3		464		700		10		3012.98		8632
21		20		53		3		0		966		10		1449.25		7977
22		15		22		5		0		966		10		3336.83		17042
23		25		11		4		0		964		10		1419.83		9594
24		41		17		4		0		971		10		1637.06		6594
25		66		3		6		0		945		10		3880.51		13758
26		70		32		4		0		954		10		1259.55		8590
27		36		27		3		0		981		10		1131.19		5754
28		48		17		3		0		967		10		787.66		4892
29		7		57		6		163		435		10		2081.48		11580
30		56		4		3		0		952		10		1064.34		6465
31		15		17		4		410		540		10		692.07		5352
32		4		28		5		0		958		10		1614.73		9604
33		64		38		5		237		453		10		2234.76		12535
34		36		24		4		0		978		10		1516.71		8876
35		66		14		3		0		248		10		540.38		2955
36		68		0		3		0		941		10		790.71		5680
37		17		46		3		0		968		10		1560.03		4092
38		59		79		6		0		939		10		2485.29		15067
39		45		3		6		118		300		10		2017.33		13892
40		34		43		4		0		981		10		1658.42		8051
41		67		41		3		0		229		10		863.54		6924
42		28		53		4		0		970		10		2140.32		12566
43		7		79		5		0		937		10		2629.88		14189
44		51		55		4		168		392		10		1701.44		10972
45		64		25		6		556		838		10		1518.31		7740
46		18		58		4		0		961		10		2138.7		7170
47		8		21		4		0		959		10		2339.27		7956
48		48		6		3		0		958		10		1738.79		12698
49		41		20		6		738		984		10		1247.09		9170
50		59		42		4		0		965		10		1879.15		12286
51		64		21		5		0		957		10		1853.81		10300
52		4		19		4		302		544		10		1356.09		8011
53		7		13		4		0		954		10		1175.07		8718
54		12		35		6		0		967		10		2549.45		14939
55		22		34		4		138		392		10		1122.84		6889
56		20		24		2		0		971		10		1045.03		7728
57		43		35		6		0		982		10		2870.26		17594
58		64		35		4		0		961		10		1087.62		6188
59		24		72		5		0		951		10		2865.26		9052
60		65		57		6		0		952		10		2193.13		15438
61		28		16		4		0		969		10		1179.16		6600
62		20		46		4		0		971		10		1686.17		9739
63		50		30		4		0		974		10		1147.1		7068
64		66		18		4		115		397		10		1898.67		10068
65		11		52		2		0		960		10		1009.82		4212
66		58		1		2		526		744		10		714.78		4036
67		40		61		3		0		963		10		1431.63		8522
68		28		24		4		527		759		10		1329.96		8832
69		27		43		6		0		978		10		1946.19		11876
70		61		14		2		0		956		10		649.16		2988
71		42		4		3		0		958		10		860.77		6578
72		43		53		4		0		177		10		1331.52		7140
73		29		59		6		632		826		10		2667.98		16865
74		65		75		4		0		940		10		1571.05		8627
75		21		5		4		0		956		10		1902.3		9744
76		19		0		2		0		951		10		644.35		3524
77		42		47		6		0		976		10		1730.79		9799
78		7		17		6		0		956		10		2057.03		14471
79		14		0		6		0		949		10		1449.9		12177
80		4		57		4		0		951		10		2213.28		14339
81		26		63		3		0		960		10		1245.49		8364
82		55		16		3		0		962		10		486.57		3368
83		14		52		5		317		603		10		1935.58		10263
84		25		19		2		74		240		10		427.81		3130
85		27		37		3		0		981		10		635.44		5200
86		63		43		3		0		960		10		1109.06		4732
87		36		48		5		439		659		10		2139.9		12882
88		19		11		6		0		961		10		3185.85		17169
89		25		53		2		0		186		10		824.27		4588
90		62		68		5		0		947		10		1420.53		10152
91		60		46		2		0		962		10		638.24		4465
92		25		58		4		476		764		10		1581.59		9174
93		56		30		2		0		968		10		943.98		6058
94		27		3		2		0		957		10		476.67		3472
95		20		50		3		0		968		10		1046.89		6288
96		41		71		2		0		953		10		1620.47		3822
97		64		71		4		285		529		10		1593.07		10728
98		15		65		3		0		953		10		1676.15		8543
99		11		21		4		713		925		10		1346.42		9876
100		37		43		2		0		981		10		375.86		2460

ITEMS
Type		Length		Width		Height		Mass		Fragility	LoadBearingStrength
Bt1		27		10		11		2020.67		0		125.1620513
Bt2		35		14		6		452.65		0		36.3927899
Bt3		33		14		13		1004.65		0		26.5366512
Bt4		30		10		11		585.97		0		12.2836669
Bt5		29		8		7		246.21		0		5.4517720
Bt6		18		12		12		439.83		0		4.5607172
Bt7		21		14		6		318.11		0		20.5615166
Bt8		13		10		13		248.47		0		5.4133391
Bt9		23		8		9		315.54		1		2.5511717
Bt10		16		9		7		148.42		0		9.6983155
Bt11		16		11		9		171.95		0		6.7276678
Bt12		14		12		14		296.77		0		8.7315443
Bt13		34		12		8		632.28		1		12.7798033
Bt14		14		11		13		330.13		1		2.9447272
Bt15		35		5		9		161.50		0		24.0669284
Bt16		27		13		13		828.96		0		9.9655813
Bt17		24		10		10		437.67		0		9.3756662
Bt18		25		14		10		1004.57		0		15.4793798
Bt19		24		5		12		179.34		0		3.8317554
Bt20		14		12		9		172.14		0		16.6116811
Bt21		34		5		7		333.11		0		16.7519191
Bt22		34		10		9		831.24		0		11.6057027
Bt23		29		8		8		316.62		0		7.1319244
Bt24		20		8		12		310.08		0		4.2272539
Bt25		24		6		13		266.84		0		21.3101928
Bt26		30		10		13		419.52		0		6.4796363
Bt27		18		12		6		144.35		0		3.3387596
Bt28		13		11		14		244.10		0		31.1504228
Bt29		26		12		14		695.51		0		65.3487714
Bt30		12		11		9		377.22		0		36.2766495
Bt31		15		5		11		113.09		0		6.4550778
Bt32		15		13		13		304.49		0		4.8840174
Bt33		19		6		13		1235.35		0		143.0708252
Bt34		35		12		8		461.75		0		49.5296074
Bt35		34		5		9		248.09		0		10.9370074
Bt36		26		11		8		307.47		1		3.0588056
Bt37		20		5		14		155.83		1		3.1484077
Bt38		33		8		7		230.46		1		1.7098566
Bt39		18		10		12		284.53		0		13.1557895
Bt40		18		7		7		95.26		0		38.4001792
Bt41		33		13		12		1533.53		0		28.4697327
Bt42		16		6		13		142.78		1		2.1053855
Bt43		14		6		9		84.74		0		14.2019274
Bt44		32		12		12		718.40		0		7.6297272
Bt45		22		9		14		511.52		0		11.2071165
Bt46		29		12		7		919		0		22.4152387
Bt47		21		12		7		324.32		0		13.0642953
Bt48		26		11		10		497.15		0		23.7948627
Bt49		25		13		14		760.15		0		39.6520523
Bt50		12		12		8		126.91		0		15.7802910
Bt51		16		7		8		101.15		0		10.3341021
Bt52		21		14		11		616.43		0		94.1573389
Bt53		20		11		13		539.29		0		15.6843825
Bt54		27		13		13		794.80		0		9.2785065
Bt55		34		11		7		319.72		0		14.2065533
Bt56		28		5		8		175.73		0		21.5571687
Bt57		18		8		6		421.35		0		111.0651643
Bt58		28		5		12		190.32		0		11.1965425
Bt59		32		12		6		357.20		0		59.1369641
Bt60		15		12		10		256.52		0		18.0539090
Bt61		32		10		12		723.96		0		41.2303179
Bt62		32		9		6		229.42		0		30.5203293
Bt63		35		5		14		443.66		0		10.3408307
Bt64		21		13		12		381.95		1		4.2118162
Bt65		33		10		12		656.84		1		2.0388115
Bt66		24		12		6		823.47		0		54.6406365
Bt67		12		5		11		103.92		1		4.3794973
Bt68		18		10		13		385.12		1		4.6140300
Bt69		31		11		7		380.39		1		5.4147291
Bt70		28		7		6		217.63		0		14.3642532
Bt71		19		6		6		131.98		0		41.7566009
Bt72		17		5		8		96.80		0		11.4767205
Bt73		20		8		7		131.48		0		17.8202860
Bt74		24		8		6		178.58		0		8.2555065
Bt75		30		13		8		435.64		0		49.4747481
Bt76		35		11		11		490.31		1		3.0341051
Bt77		33		9		12		798.33		0		24.6238135
Bt78		13		10		9		228.88		1		11.0086093
Bt79		33		11		13		916.18		0		12.9227096
Bt80		33		10		12		520.78		0		18.1100308
Bt81		25		9		8		271.94		0		11.8972042
Bt82		18		10		13		411.71		1		2.0932863
Bt83		14		10		10		167.06		0		10.6787217
Bt84		35		12		8		349.52		0		8.4453435
Bt85		29		9		14		419.87		0		11.3572312
Bt86		17		13		11		468.20		0		17.4536912
Bt87		32		11		10		455.93		1		1.7440983
Bt88		26		10		14		525.15		0		13.2085607
Bt89		30		13		12		679.31		0		12.1155702
Bt90		24		10		7		356.46		1		2.9788917
Bt91		29		8		11		474.64		1		5.4882386
Bt92		14		7		8		111.86		1		2.0576414
Bt93		26		12		13		654.40		0		38.5282082
Bt94		13		7		11		165.87		0		15.2598076
Bt95		15		7		13		221.85		0		9.0606013
Bt96		20		8		11		326.24		0		67.7033796
Bt97		13		12		8		189.95		0		35.4942518
Bt98		18		12		8		284.98		0		17.2306577
Bt99		30		8		11		333.17		1		3.9870810
Bt100		31		5		7		110.47		0		7.8835666

DEMANDS PER CUSTOMER
i	Type Quantity
1	Bt39 1	Bt51 1	Bt65 1	Bt85 1	
2	Bt85 1	Bt99 1	
3	Bt9 1	Bt16 1	Bt40 1	Bt59 1	
4	Bt7 1	Bt24 1	Bt36 1	Bt48 1	Bt64 1	
5	Bt37 1	Bt65 1	Bt81 1	Bt89 1	Bt97 1	
6	Bt37 1	Bt55 1	Bt74 1	Bt79 1	
7	Bt11 1	Bt29 1	Bt56 1	Bt78 1	Bt96 1	
8	Bt9 1	Bt18 1	Bt49 1	Bt66 1	Bt86 1	Bt95 1	
9	Bt26 1	Bt41 1	
10	Bt5 1	Bt27 1	Bt41 2	Bt61 1	Bt81 1	
11	Bt39 1	Bt74 1	Bt95 1	
12	Bt6 1	Bt33 1	Bt37 1	Bt56 1	
13	Bt20 1	Bt74 1	Bt83 2	Bt97 1	
14	Bt7 1	Bt19 1	Bt20 1	Bt67 1	Bt86 1	
15	Bt23 1	Bt84 1	Bt99 1	
16	Bt59 1	Bt63 1	Bt74 1	
17	Bt24 1	Bt54 1	Bt64 1	
18	Bt9 1	Bt11 1	Bt66 1	Bt84 1	
19	Bt2 2	Bt11 1	Bt23 1	Bt62 1	Bt86 1	
20	Bt28 1	Bt33 1	Bt41 1	
21	Bt35 1	Bt79 1	Bt98 1	
22	Bt6 1	Bt26 1	Bt46 1	Bt49 1	Bt77 1	
23	Bt6 1	Bt10 1	Bt82 1	Bt85 1	
24	Bt46 1	Bt59 1	Bt71 1	Bt78 1	
25	Bt9 1	Bt18 1	Bt22 1	Bt33 1	Bt64 1	Bt92 1	
26	Bt20 1	Bt38 1	Bt49 1	Bt72 1	
27	Bt34 1	Bt35 1	Bt57 1	
28	Bt19 1	Bt45 1	Bt72 1	
29	Bt7 1	Bt19 1	Bt50 1	Bt57 1	Bt89 1	Bt90 1	
30	Bt4 1	Bt60 1	Bt95 1	
31	Bt10 1	Bt27 1	Bt42 1	Bt60 1	
32	Bt13 1	Bt23 1	Bt40 1	Bt50 1	Bt63 1	
33	Bt24 1	Bt45 1	Bt68 1	Bt79 1	Bt92 1	
34	Bt17 1	Bt43 1	Bt48 2	
35	Bt21 1	Bt72 1	Bt100 1	
36	Bt19 1	Bt56 1	Bt75 1	
37	Bt33 1	Bt40 1	Bt62 1	
38	Bt3 1	Bt14 1	Bt50 1	Bt53 1	Bt67 1	Bt69 1	
39	Bt7 1	Bt23 1	Bt25 1	Bt26 1	Bt39 1	Bt82 1	
40	Bt15 1	Bt18 1	Bt23 1	Bt56 1	
41	Bt10 1	Bt64 1	Bt99 1	
42	Bt16 1	Bt54 1	Bt58 1	Bt96 1	
43	Bt13 1	Bt40 1	Bt45 1	Bt79 1	Bt91 1	
44	Bt20 1	Bt53 1	Bt65 1	Bt99 1	
45	Bt45 1	Bt57 1	Bt72 1	Bt73 1	Bt74 2	
46	Bt29 1	Bt33 1	Bt67 2	
47	Bt9 1	Bt11 1	Bt33 1	Bt52 1	
48	Bt16 1	Bt26 1	Bt76 1	
49	Bt11 1	Bt27 1	Bt72 1	Bt78 1	Bt81 1	Bt99 1	
50	Bt35 1	Bt61 1	Bt64 1	Bt88 1	
51	Bt45 1	Bt52 1	Bt68 1	Bt78 1	Bt92 1	
52	Bt15 1	Bt17 1	Bt53 1	Bt70 1	
53	Bt7 1	Bt67 1	Bt85 1	Bt99 1	
54	Bt2 1	Bt27 1	Bt53 1	Bt68 1	Bt79 1	Bt92 1	
55	Bt52 1	Bt78 1	Bt83 1	Bt100 1	
56	Bt29 1	Bt84 1	
57	Bt6 1	Bt35 1	Bt49 1	Bt52 1	Bt80 1	Bt98 1	
58	Bt6 1	Bt67 1	Bt70 1	Bt96 1	
59	Bt1 1	Bt17 1	Bt37 2	Bt40 1	
60	Bt24 2	Bt36 1	Bt37 1	Bt49 1	Bt84 1	
61	Bt57 1	Bt64 1	Bt67 1	Bt81 1	
62	Bt24 1	Bt31 1	Bt54 1	Bt86 1	
63	Bt9 1	Bt37 1	Bt48 1	Bt74 1	
64	Bt6 1	Bt46 1	Bt58 1	Bt84 1	
65	Bt22 1	Bt74 1	
66	Bt48 1	Bt70 1	
67	Bt44 1	Bt52 1	Bt72 1	
68	Bt34 1	Bt74 1	Bt90 1	Bt99 1	
69	Bt37 1	Bt39 1	Bt57 1	Bt68 1	Bt74 1	Bt80 1	
70	Bt30 1	Bt81 1	
71	Bt39 1	Bt55 1	Bt60 1	
72	Bt30 1	Bt44 1	Bt67 1	Bt71 1	
73	Bt3 1	Bt43 1	Bt57 1	Bt64 1	Bt76 1	Bt98 1	
74	Bt15 1	Bt77 1	Bt96 1	Bt98 1	
75	Bt2 1	Bt6 1	Bt22 1	Bt74 1	
76	Bt7 1	Bt96 1	
77	Bt24 1	Bt28 1	Bt31 1	Bt38 1	Bt57 1	Bt82 1	
78	Bt12 1	Bt34 1	Bt82 1	Bt85 1	Bt90 1	Bt100 1	
79	Bt26 1	Bt32 1	Bt43 1	Bt55 1	Bt73 1	Bt97 1	
80	Bt3 1	Bt36 1	Bt89 1	Bt95 1	
81	Bt2 1	Bt59 1	Bt75 1	
82	Bt20 1	Bt70 1	Bt72 1	
83	Bt12 1	Bt16 1	Bt57 1	Bt60 1	Bt71 1	
84	Bt8 1	Bt19 1	
85	Bt20 1	Bt36 1	Bt37 1	
86	Bt10 1	Bt53 1	Bt57 1	
87	Bt3 1	Bt9 1	Bt62 1	Bt74 1	Bt82 1	
88	Bt28 1	Bt29 1	Bt46 1	Bt54 1	Bt72 1	Bt75 1	
89	Bt53 1	Bt98 1	
90	Bt12 1	Bt17 1	Bt20 1	Bt39 1	Bt62 1	
91	Bt31 1	Bt88 1	
92	Bt11 1	Bt22 1	Bt78 1	Bt84 1	
93	Bt8 1	Bt29 1	
94	Bt5 1	Bt38 1	
95	Bt27 1	Bt61 1	Bt74 1	
96	Bt33 1	Bt68 1	
97	Bt34 1	Bt39 1	Bt65 1	Bt97 1	
98	Bt25 1	Bt46 1	Bt76 1	
99	Bt6 1	Bt11 1	Bt68 1	Bt84 1	
100	Bt67 1	Bt81 1	