Name				584_n100_m400_bt100
Number_of_Customers		100
Number_of_Items			400
Number_of_ItemTypes		100
Number_of_Vehicles		57
TimeWindows			1

VEHICLE
Mass_Capacity			12595
CargoSpace_Length		60
CargoSpace_Width		25
CargoSpace_Height		30
Wheelbase			48
Max_Mass_FrontAxle		7100
Max_Mass_RearAxle		11500
Distance_FrontAxle_CargoSpace	4

CUSTOMERS
i		x		y		Demand		ReadyTime	DueDate		ServiceTime	DemandedMass	DemandedVolume
0		35		35		0		0		1000		0		0		0
1		17		55		3		794		1000		10		2119.86		7514
2		28		32		3		272		502		10		1386.08		3411
3		50		71		3		162		414		10		1094.14		7919
4		17		37		6		374		668		10		2952.59		18364
5		45		45		6		0		975		10		2793.98		16203
6		48		62		2		325		535		10		361.81		2742
7		39		65		3		0		236		10		673.84		4614
8		53		7		4		0		223		10		1180.63		6153
9		60		69		6		781		1000		10		1939.77		11094
10		39		19		3		96		320		10		1466.14		6520
11		53		55		4		815		1000		10		2501.66		15974
12		48		78		3		0		945		10		1036.46		5904
13		67		63		5		592		870		10		3879.65		11772
14		41		44		4		807		1000		10		2710.67		10373
15		9		36		5		0		963		10		1429.47		10051
16		59		39		4		0		965		10		1656.78		10232
17		45		23		4		33		281		10		2222.38		12887
18		39		47		6		92		360		10		2040.38		13809
19		7		16		5		551		783		10		2900.49		12026
20		18		11		4		128		372		10		2312.07		13452
21		59		12		2		0		956		10		682.52		4508
22		2		57		4		826		1000		10		3301.52		14156
23		65		75		4		0		940		10		1708.77		7851
24		33		8		6		127		395		10		4487.2		15851
25		11		72		6		668		926		10		2418.61		16474
26		64		23		3		0		958		10		1651.65		11137
27		22		46		4		490		704		10		1414.28		9500
28		34		11		4		633		847		10		1674.83		11489
29		31		30		4		0		983		10		997.29		7485
30		65		27		3		0		958		10		777.5		5894
31		3		34		4		721		915		10		1661.1		9408
32		56		24		5		70		314		10		1471.05		11384
33		34		71		6		0		953		10		2148.72		9894
34		32		17		3		0		165		10		1206.01		7892
35		35		53		5		0		972		10		2792.46		9724
36		0		4		3		0		943		10		1117.5		4502
37		30		67		4		593		847		10		5581.47		9944
38		59		31		3		225		469		10		1086.82		4410
39		7		33		4		322		596		10		2230.92		16238
40		68		9		3		0		947		10		2943.69		6294
41		34		28		4		385		599		10		1162.09		8032
42		48		35		6		474		686		10		2258.25		13028
43		7		57		2		0		954		10		1870.81		7404
44		9		9		3		271		525		10		593.77		3501
45		0		7		5		674		916		10		2248.69		15628
46		13		6		4		667		873		10		2726.39		9253
47		17		23		3		0		968		10		949.56		5607
48		1		30		2		139		343		10		682.9		3966
49		23		79		6		215		469		10		2352.35		9381
50		42		37		4		203		439		10		3307.74		6192
51		44		69		3		9		331		10		1155.41		7798
52		31		73		3		0		141		10		1230.35		5243
53		52		40		6		0		972		10		2654.27		18168
54		69		57		5		0		949		10		2632.32		10288
55		27		59		2		0		168		10		719.48		6013
56		8		51		2		48		308		10		330.07		2721
57		4		47		4		48		332		10		4014.65		8751
58		59		78		3		32		310		10		1383.16		9418
59		34		76		2		105		353		10		568.51		3360
60		65		39		6		506		736		10		1832.67		12544
61		34		0		4		0		954		10		2021.16		8433
62		32		41		2		187		497		10		1967.17		7388
63		10		1		3		232		506		10		934.05		6150
64		0		79		4		779		1000		10		1913.11		6485
65		26		80		4		0		944		10		1441.57		9037
66		2		12		2		253		493		10		291.23		2094
67		39		7		5		0		961		10		2220.98		10368
68		65		68		4		454		754		10		1803.95		11298
69		32		47		6		675		935		10		2233.79		13116
70		13		40		6		0		175		10		2919		17857
71		51		3		3		42		274		10		811.82		5968
72		66		1		3		93		321		10		1522.1		3773
73		64		34		2		520		724		10		1323.43		7370
74		8		28		5		148		372		10		2493.49		14175
75		45		5		4		1		235		10		1319.53		8667
76		4		72		3		518		764		10		1242.49		7247
77		3		44		5		192		488		10		4143.25		12738
78		61		22		5		121		367		10		1799.19		10610
79		12		32		4		476		724		10		1730.65		10741
80		44		52		6		0		970		10		2153.49		13866
81		60		62		5		644		884		10		2543.52		10122
82		44		80		4		767		991		10		4183.55		13652
83		14		57		2		640		846		10		1292.21		6902
84		31		4		4		449		699		10		2628.58		10818
85		38		16		5		688		988		10		2877.94		10390
86		41		14		6		0		968		10		3329.67		13624
87		6		19		2		723		905		10		671.25		3878
88		19		29		5		0		204		10		1782.86		10516
89		36		20		2		157		423		10		1093.26		3700
90		37		26		5		114		340		10		4378.59		15512
91		18		77		3		800		1000		10		1672.66		6454
92		49		42		2		399		621		10		2195.43		4129
93		53		23		6		0		968		10		2604.21		14706
94		5		50		6		397		605		10		2856.05		15336
95		37		2		4		0		956		10		1412.78		7644
96		50		21		2		475		769		10		839.46		6228
97		19		43		6		0		972		10		2096.94		12976
98		15		14		3		697		891		10		1041.52		6653
99		6		2		4		732		946		10		3495.51		10424
100		19		40		6		106		368		10		4191.92		13816

ITEMS
Type		Length		Width		Height		Mass		Fragility	LoadBearingStrength
Bt1		16		6		12		869.77		1		13.2150658
Bt2		12		6		11		83.26		0		9.6355676
Bt3		21		11		10		333.64		0		15.0824538
Bt4		13		11		7		675.43		0		44.1215282
Bt5		28		13		7		481.29		0		19.6167531
Bt6		24		13		8		478.41		1		2.1368391
Bt7		17		6		6		111.29		0		11.9089446
Bt8		32		14		8		609.21		0		3.8926972
Bt9		23		11		8		214.57		0		4.5371986
Bt10		18		13		7		286.76		0		10.2787982
Bt11		30		14		8		640.61		1		23.3289479
Bt12		15		5		7		101.33		0		15.9979516
Bt13		32		11		10		557.78		0		8.2594746
Bt14		15		8		10		169.60		0		7.5013390
Bt15		14		12		13		303.82		0		7.4274113
Bt16		23		14		14		705.93		0		6.9692666
Bt17		27		9		12		487.14		0		16.5453916
Bt18		34		14		14		1172.49		0		18.0979741
Bt19		14		12		7		187.01		0		21.0516321
Bt20		24		10		8		228.14		1		4.1680936
Bt21		32		12		9		465.61		0		6.9948936
Bt22		23		14		6		284.56		0		9.7705687
Bt23		29		11		12		671.83		0		21.0222656
Bt24		27		14		6		254.45		0		3.7440178
Bt25		19		13		6		179.94		0		12.7333073
Bt26		34		7		11		454.78		0		21.4708258
Bt27		31		5		12		196.53		0		15.1031080
Bt28		13		9		13		227.98		0		9.3116873
Bt29		27		11		12		688.56		0		60.2211166
Bt30		20		14		8		372.06		0		6.5084224
Bt31		21		11		6		202.44		0		6.9439171
Bt32		21		7		9		214.23		0		20.8545374
Bt33		27		7		11		351.13		0		11.1238039
Bt34		25		7		6		595.99		0		53.8731731
Bt35		27		11		7		374.35		0		9.4739510
Bt36		13		5		10		120.62		0		31.3315130
Bt37		23		13		11		1633.32		1		10.6817776
Bt38		24		11		11		383.61		0		7.9314217
Bt39		19		5		9		119.06		0		19.2477594
Bt40		27		14		8		1636.29		1		22.0841111
Bt41		30		12		11		601.35		0		6.3681378
Bt42		17		14		8		531.32		0		7.9262987
Bt43		12		10		8		180.68		0		35.4102916
Bt44		18		11		9		319.99		0		7.3029036
Bt45		14		8		6		132.96		0		10.1140159
Bt46		21		7		14		367.65		0		11.8597157
Bt47		13		9		13		160.47		0		5.7826921
Bt48		22		9		9		181.13		0		4.2435492
Bt49		31		14		12		582.62		0		13.9467197
Bt50		25		8		6		207.23		1		4.9755867
Bt51		19		11		9		313.02		0		26.3701234
Bt52		18		8		14		250.67		1		2.8063463
Bt53		34		6		10		386.40		0		14.8334119
Bt54		33		7		12		400.04		0		17.4622972
Bt55		27		5		8		162.02		0		5.3365635
Bt56		18		10		9		247.96		0		13.9855067
Bt57		24		10		7		319.20		0		7.4600417
Bt58		26		7		10		303.60		1		5.1173028
Bt59		23		10		8		896.73		0		31.2113535
Bt60		31		11		8		497.09		0		12.7516469
Bt61		28		5		11		264.91		0		11.0602563
Bt62		23		5		7		136.86		0		9.9067053
Bt63		35		13		10		571.37		0		7.0976187
Bt64		28		11		9		373.85		0		25.9883115
Bt65		26		11		12		828.26		1		3.3603204
Bt66		23		13		12		555.02		0		6.6419343
Bt67		34		6		12		2232.58		0		49.7380819
Bt68		27		7		10		227.74		0		55.9349929
Bt69		19		11		7		228.56		0		9.3692411
Bt70		23		9		9		226.75		0		20.4818089
Bt71		35		12		8		2450.28		1		22.5182575
Bt72		27		6		12		1076.91		0		186.0638840
Bt73		23		14		11		651.60		1		11.9477345
Bt74		26		12		7		304.55		0		12.4854188
Bt75		30		12		8		1476.26		1		18.7851125
Bt76		33		5		14		270.36		0		2.8703362
Bt77		16		14		11		379.81		0		8.3724465
Bt78		35		10		13		762.62		1		2.6120556
Bt79		16		12		13		262.35		1		2.4802765
Bt80		27		11		10		310.12		0		7.5985707
Bt81		18		6		11		119.29		0		57.2337876
Bt82		35		13		12		1089.17		0		16.7531595
Bt83		12		11		8		497.71		0		24.7093986
Bt84		17		13		7		404.31		0		18.0076567
Bt85		22		6		12		284.85		0		39.4735460
Bt86		23		8		14		451.08		1		4.2357189
Bt87		21		13		8		362.91		1		10.6316372
Bt88		16		14		13		426.77		0		48.2482750
Bt89		21		5		8		562.11		0		38.5214398
Bt90		15		14		13		327.30		0		26.9821053
Bt91		24		10		12		1261.24		0		57.6710896
Bt92		20		10		9		305.43		1		4.7705862
Bt93		34		13		10		656.54		0		23.8649589
Bt94		18		12		11		1500.57		1		28.4080905
Bt95		14		10		11		285.63		0		13.4338469
Bt96		30		13		14		793.90		0		16.3630925
Bt97		15		13		6		810.77		0		56.4836940
Bt98		28		14		13		1963.87		0		32.6398746
Bt99		28		10		13		695.05		0		21.1041529
Bt100		22		10		9		214.09		1		2.2603340

DEMANDS PER CUSTOMER
i	Type Quantity
1	Bt42 1	Bt90 1	Bt91 1	
2	Bt28 1	Bt34 1	Bt89 1	
3	Bt16 1	Bt47 1	Bt68 1	
4	Bt5 1	Bt21 1	Bt60 1	Bt63 1	Bt73 1	Bt95 1	
5	Bt30 1	Bt55 1	Bt69 1	Bt82 1	Bt93 1	Bt95 1	
6	Bt43 1	Bt48 1	
7	Bt2 1	Bt10 1	Bt15 1	
8	Bt57 1	Bt69 2	Bt84 1	
9	Bt5 1	Bt11 1	Bt36 1	Bt38 1	Bt43 1	Bt45 1	
10	Bt5 1	Bt17 1	Bt83 1	
11	Bt18 1	Bt61 1	Bt76 1	Bt96 1	
12	Bt7 1	Bt11 1	Bt22 1	
13	Bt46 1	Bt61 1	Bt67 1	Bt73 1	Bt87 1	
14	Bt17 1	Bt40 1	Bt47 1	Bt88 1	
15	Bt13 1	Bt27 1	Bt39 1	Bt52 1	Bt92 1	
16	Bt5 1	Bt60 1	Bt64 1	Bt74 1	
17	Bt26 1	Bt33 1	Bt82 1	Bt90 1	
18	Bt3 1	Bt19 1	Bt27 1	Bt79 1	Bt84 1	Bt93 1	
19	Bt10 1	Bt37 1	Bt64 1	Bt70 1	Bt77 1	
20	Bt8 1	Bt16 1	Bt21 1	Bt42 1	
21	Bt26 1	Bt68 1	
22	Bt61 1	Bt78 1	Bt80 1	Bt98 1	
23	Bt26 1	Bt62 1	Bt66 1	Bt89 1	
24	Bt47 1	Bt48 1	Bt54 1	Bt75 1	Bt92 1	Bt98 1	
25	Bt8 1	Bt26 1	Bt49 1	Bt55 1	Bt74 1	Bt92 1	
26	Bt16 1	Bt35 1	Bt63 1	
27	Bt48 1	Bt57 1	Bt73 1	Bt79 1	
28	Bt35 1	Bt68 1	Bt78 1	Bt80 1	
29	Bt20 1	Bt22 1	Bt32 1	Bt76 1	
30	Bt14 1	Bt48 1	Bt88 1	
31	Bt3 1	Bt11 1	Bt46 1	Bt57 1	
32	Bt26 1	Bt52 1	Bt68 2	Bt80 1	
33	Bt1 1	Bt2 1	Bt10 1	Bt27 1	Bt88 1	Bt95 1	
34	Bt22 1	Bt61 1	Bt93 1	
35	Bt34 2	Bt36 1	Bt65 1	Bt73 1	
36	Bt4 1	Bt28 1	Bt100 1	
37	Bt30 1	Bt67 1	Bt75 1	Bt94 1	
38	Bt15 1	Bt19 1	Bt34 1	
39	Bt21 1	Bt54 1	Bt63 1	Bt96 1	
40	Bt35 1	Bt39 1	Bt71 1	
41	Bt25 1	Bt53 1	Bt80 1	Bt95 1	
42	Bt6 1	Bt32 1	Bt35 1	Bt43 1	Bt56 1	Bt78 1	
43	Bt72 1	Bt96 1	
44	Bt12 1	Bt19 1	Bt92 1	
45	Bt41 1	Bt55 1	Bt63 1	Bt73 1	Bt79 1	
46	Bt11 1	Bt12 1	Bt33 1	Bt37 1	
47	Bt7 1	Bt17 1	Bt33 1	
48	Bt44 1	Bt87 1	
49	Bt2 1	Bt3 1	Bt27 1	Bt39 1	Bt81 1	Bt94 1	
50	Bt2 1	Bt48 1	Bt67 1	Bt97 1	
51	Bt45 1	Bt63 1	Bt86 1	
52	Bt4 1	Bt22 1	Bt76 1	
53	Bt16 1	Bt23 1	Bt32 1	Bt63 1	Bt69 1	Bt79 1	
54	Bt27 1	Bt37 1	Bt39 1	Bt58 1	Bt77 1	
55	Bt49 1	Bt62 1	
56	Bt14 1	Bt47 1	
57	Bt6 1	Bt67 1	Bt70 1	Bt72 1	
58	Bt13 1	Bt66 1	Bt76 1	
59	Bt58 1	Bt61 1	
60	Bt14 1	Bt21 1	Bt50 1	Bt60 1	Bt64 1	Bt81 1	
61	Bt68 1	Bt70 1	Bt91 1	Bt92 1	
62	Bt16 1	Bt91 1	
63	Bt10 1	Bt44 1	Bt90 1	
64	Bt12 1	Bt61 1	Bt91 1	Bt95 1	
65	Bt32 1	Bt68 1	Bt74 1	Bt99 1	
66	Bt7 1	Bt25 1	
67	Bt4 1	Bt57 1	Bt70 1	Bt74 1	Bt99 1	
68	Bt16 1	Bt46 1	Bt58 1	Bt88 1	
69	Bt17 1	Bt31 1	Bt35 1	Bt47 1	Bt48 1	Bt65 1	
70	Bt10 1	Bt22 1	Bt42 1	Bt69 1	Bt96 2	
71	Bt22 1	Bt61 1	Bt79 1	
72	Bt4 1	Bt22 1	Bt89 1	
73	Bt23 1	Bt73 1	
74	Bt42 1	Bt62 1	Bt73 1	Bt77 1	Bt96 1	
75	Bt20 1	Bt35 1	Bt55 1	Bt66 1	
76	Bt28 1	Bt73 1	Bt87 1	
77	Bt4 2	Bt21 1	Bt87 1	Bt98 1	
78	Bt6 1	Bt32 1	Bt35 1	Bt88 1	Bt92 1	
79	Bt11 1	Bt13 1	Bt33 1	Bt48 1	
80	Bt21 1	Bt28 1	Bt29 1	Bt47 1	Bt56 1	Bt87 1	
81	Bt35 1	Bt44 1	Bt62 1	Bt86 1	Bt91 1	
82	Bt3 1	Bt63 1	Bt65 1	Bt71 1	
83	Bt11 1	Bt73 1	
84	Bt31 1	Bt40 1	Bt49 1	Bt50 1	
85	Bt7 1	Bt10 1	Bt89 1	Bt91 1	Bt93 1	
86	Bt11 1	Bt24 1	Bt30 1	Bt58 1	Bt83 1	Bt91 1	
87	Bt46 1	Bt58 1	
88	Bt9 1	Bt70 1	Bt73 1	Bt84 1	Bt95 1	
89	Bt27 1	Bt59 1	
90	Bt16 1	Bt29 1	Bt40 1	Bt59 1	Bt86 1	
91	Bt72 1	Bt80 1	Bt95 1	
92	Bt37 1	Bt89 1	
93	Bt29 1	Bt33 1	Bt47 1	Bt65 1	Bt76 1	Bt92 1	
94	Bt13 1	Bt17 1	Bt42 1	Bt60 2	Bt95 1	
95	Bt44 2	Bt53 2	
96	Bt21 1	Bt64 1	
97	Bt3 2	Bt6 1	Bt14 1	Bt22 1	Bt60 1	
98	Bt8 1	Bt51 1	Bt81 1	
99	Bt28 1	Bt70 1	Bt72 1	Bt98 1	
100	Bt25 1	Bt29 1	Bt36 1	Bt55 1	Bt72 1	Bt98 1	