Name				589_n100_m400_bt3
Number_of_Customers		100
Number_of_Items			400
Number_of_ItemTypes		3
Number_of_Vehicles		21
TimeWindows			1

VEHICLE
Mass_Capacity			12595
CargoSpace_Length		60
CargoSpace_Width		25
CargoSpace_Height		30
Wheelbase			48
Max_Mass_FrontAxle		7100
Max_Mass_RearAxle		11500
Distance_FrontAxle_CargoSpace	4

CUSTOMERS
i		x		y		Demand		ReadyTime	DueDate		ServiceTime	DemandedMass	DemandedVolume
0		35		35		0		0		1000		0		0		0
1		59		38		2		355		589		10		337.01		565
2		17		1		3		470		702		10		710.15		920
3		61		42		3		0		963		10		801.49		820
4		20		36		4		839		1000		10		916.42		1260
5		70		14		6		804		1000		10		1026.84		1480
6		42		11		6		0		965		10		1269.24		1610
7		39		72		5		0		952		10		1214.03		1500
8		67		59		5		0		950		10		1321.18		1185
9		56		33		4		481		705		10		932.23		1045
10		10		62		3		481		699		10		634.62		805
11		63		80		4		53		287		10		856.7		930
12		29		44		2		0		979		10		595.22		480
13		45		13		4		348		594		10		932.23		1045
14		62		5		5		0		949		10		1047.16		1485
15		37		78		6		171		435		10		1118.18		1380
16		57		10		3		418		660		10		543.28		905
17		25		14		2		0		966		10		261.48		450
18		70		44		4		0		953		10		840.89		1145
19		44		35		2		0		981		10		412.54		680
20		38		42		2		779		1000		10		412.54		680
21		33		5		6		0		959		10		1344.77		1725
22		25		38		4		0		979		10		765.36		1030
23		14		58		4		398		658		10		840.89		1145
24		27		60		4		0		963		10		1099.1		1060
25		25		49		5		0		972		10		1062.97		1270
26		25		71		2		0		952		10		337.01		565
27		52		4		4		0		954		10		522.96		900
28		38		27		2		0		981		10		428.35		465
29		29		75		3		0		949		10		634.62		805
30		19		5		3		0		956		10		634.62		805
31		29		70		2		81		307		10		261.48		450
32		22		62		3		0		163		10		801.49		820
33		58		61		6		444		696		10		1527.45		1525
34		70		41		5		0		954		10		1138.5		1385
35		44		58		5		227		481		10		1229.84		1285
36		33		78		3		38		266		10		725.96		705
37		17		25		5		557		781		10		1305.37		1400
38		54		25		2		811		1000		10		503.88		580
39		3		80		4		0		934		10		765.36		1030
40		66		10		4		0		950		10		765.36		1030
41		68		55		5		544		800		10		1047.16		1485
42		57		55		4		0		960		10		840.89		1145
43		3		60		5		174		430		10		820.57		1140
44		66		69		3		572		762		10		467.75		790
45		4		47		6		0		956		10		1102.37		1595
46		41		78		4		0		946		10		1023.57		945
47		39		39		5		343		595		10		1305.37		1400
48		11		17		3		0		960		10		634.62		805
49		64		33		4		637		861		10		932.23		1045
50		35		2		4		0		957		10		765.36		1030
51		24		24		4		0		974		10		932.23		1045
52		22		67		2		0		955		10		428.35		465
53		60		80		4		0		938		10		1007.76		1160
54		44		29		3		29		225		10		634.62		805
55		63		45		4		0		960		10		1007.76		1160
56		28		20		4		0		973		10		765.36		1030
57		7		21		3		0		958		10		710.15		920
58		44		32		3		0		183		10		801.49		820
59		53		37		2		0		971		10		503.88		580
60		52		34		4		0		972		10		840.89		1145
61		13		41		5		0		967		10		1047.16		1485
62		49		1		4		0		237		10		674.02		1130
63		41		64		4		114		340		10		840.89		1145
64		4		19		3		0		955		10		559.09		690
65		37		51		5		0		973		10		880.29		1470
66		42		1		6		750		1000		10		1269.24		1610
67		43		16		4		188		432		10		674.02		1130
68		2		68		6		570		772		10		1360.58		1510
69		29		31		5		0		982		10		1229.84		1285
70		67		48		4		72		278		10		840.89		1145
71		0		79		4		296		518		10		765.36		1030
72		54		68		4		0		951		10		840.89		1145
73		53		61		5		0		958		10		1321.18		1185
74		25		29		6		370		624		10		1102.37		1595
75		55		50		6		0		965		10		1193.71		1495
76		13		5		4		0		217		10		765.36		1030
77		24		76		3		689		897		10		634.62		805
78		8		71		3		58		254		10		710.15		920
79		12		50		3		0		962		10		543.28		905
80		5		43		3		724		912		10		710.15		920
81		13		69		4		258		522		10		932.23		1045
82		42		40		6		539		767		10		1026.84		1480
83		17		78		6		62		300		10		1193.71		1495
84		35		57		4		604		896		10		765.36		1030
85		37		14		6		107		365		10		1344.77		1725
86		60		48		4		30		290		10		1099.1		1060
87		5		76		2		0		939		10		503.88		580
88		24		59		5		0		963		10		1047.16		1485
89		61		13		4		806		1000		10		840.89		1145
90		8		58		3		62		312		10		710.15		920
91		44		63		6		724		1000		10		1618.79		1425
92		0		76		5		0		936		10		987.44		1155
93		17		63		5		0		956		10		971.63		1370
94		30		53		5		0		971		10		971.63		1370
95		35		11		3		435		673		10		559.09		690
96		48		14		3		0		965		10		634.62		805
97		31		40		4		0		983		10		598.49		1015
98		8		34		3		0		962		10		710.15		920
99		59		0		5		21		221		10		896.1		1255
100		2		9		3		768		914		10		392.22		675

ITEMS
Type		Length		Width		Height		Mass		Fragility	LoadBearingStrength
Bt1		9		5		5		130.74		1		3.7868662
Bt2		15		4		4		297.61		0		24.4686219
Bt3		17		5		4		206.27		0		18.4740880

DEMANDS PER CUSTOMER
i	Type Quantity
1	Bt1 1	Bt3 1	
2	Bt2 1	Bt3 2	
3	Bt2 2	Bt3 1	
4	Bt2 1	Bt3 3	
5	Bt1 4	Bt2 1	Bt3 1	
6	Bt1 2	Bt2 2	Bt3 2	
7	Bt2 2	Bt3 3	
8	Bt1 1	Bt2 4	
9	Bt1 1	Bt2 2	Bt3 1	
10	Bt1 1	Bt2 1	Bt3 1	
11	Bt1 2	Bt2 2	
12	Bt2 2	
13	Bt1 1	Bt2 2	Bt3 1	
14	Bt1 1	Bt2 1	Bt3 3	
15	Bt1 4	Bt2 2	
16	Bt1 1	Bt3 2	
17	Bt1 2	
18	Bt1 1	Bt2 1	Bt3 2	
19	Bt3 2	
20	Bt3 2	
21	Bt1 1	Bt2 2	Bt3 3	
22	Bt1 2	Bt2 1	Bt3 1	
23	Bt1 1	Bt2 1	Bt3 2	
24	Bt2 3	Bt3 1	
25	Bt1 2	Bt2 2	Bt3 1	
26	Bt1 1	Bt3 1	
27	Bt1 4	
28	Bt1 1	Bt2 1	
29	Bt1 1	Bt2 1	Bt3 1	
30	Bt1 1	Bt2 1	Bt3 1	
31	Bt1 2	
32	Bt2 2	Bt3 1	
33	Bt1 1	Bt2 4	Bt3 1	
34	Bt1 1	Bt2 2	Bt3 2	
35	Bt1 1	Bt2 3	Bt3 1	
36	Bt1 1	Bt2 2	
37	Bt2 3	Bt3 2	
38	Bt2 1	Bt3 1	
39	Bt1 2	Bt2 1	Bt3 1	
40	Bt1 2	Bt2 1	Bt3 1	
41	Bt1 1	Bt2 1	Bt3 3	
42	Bt1 1	Bt2 1	Bt3 2	
43	Bt1 4	Bt2 1	
44	Bt1 2	Bt3 1	
45	Bt1 3	Bt2 1	Bt3 2	
46	Bt1 1	Bt2 3	
47	Bt2 3	Bt3 2	
48	Bt1 1	Bt2 1	Bt3 1	
49	Bt1 1	Bt2 2	Bt3 1	
50	Bt1 2	Bt2 1	Bt3 1	
51	Bt1 1	Bt2 2	Bt3 1	
52	Bt1 1	Bt2 1	
53	Bt2 2	Bt3 2	
54	Bt1 1	Bt2 1	Bt3 1	
55	Bt2 2	Bt3 2	
56	Bt1 2	Bt2 1	Bt3 1	
57	Bt2 1	Bt3 2	
58	Bt2 2	Bt3 1	
59	Bt2 1	Bt3 1	
60	Bt1 1	Bt2 1	Bt3 2	
61	Bt1 1	Bt2 1	Bt3 3	
62	Bt1 2	Bt3 2	
63	Bt1 1	Bt2 1	Bt3 2	
64	Bt1 2	Bt2 1	
65	Bt1 2	Bt3 3	
66	Bt1 2	Bt2 2	Bt3 2	
67	Bt1 2	Bt3 2	
68	Bt1 2	Bt2 3	Bt3 1	
69	Bt1 1	Bt2 3	Bt3 1	
70	Bt1 1	Bt2 1	Bt3 2	
71	Bt1 2	Bt2 1	Bt3 1	
72	Bt1 1	Bt2 1	Bt3 2	
73	Bt1 1	Bt2 4	
74	Bt1 3	Bt2 1	Bt3 2	
75	Bt1 3	Bt2 2	Bt3 1	
76	Bt1 2	Bt2 1	Bt3 1	
77	Bt1 1	Bt2 1	Bt3 1	
78	Bt2 1	Bt3 2	
79	Bt1 1	Bt3 2	
80	Bt2 1	Bt3 2	
81	Bt1 1	Bt2 2	Bt3 1	
82	Bt1 4	Bt2 1	Bt3 1	
83	Bt1 3	Bt2 2	Bt3 1	
84	Bt1 2	Bt2 1	Bt3 1	
85	Bt1 1	Bt2 2	Bt3 3	
86	Bt2 3	Bt3 1	
87	Bt2 1	Bt3 1	
88	Bt1 1	Bt2 1	Bt3 3	
89	Bt1 1	Bt2 1	Bt3 2	
90	Bt2 1	Bt3 2	
91	Bt1 1	Bt2 5	
92	Bt1 3	Bt2 2	
93	Bt1 2	Bt2 1	Bt3 2	
94	Bt1 2	Bt2 1	Bt3 2	
95	Bt1 2	Bt2 1	
96	Bt1 1	Bt2 1	Bt3 1	
97	Bt1 3	Bt3 1	
98	Bt2 1	Bt3 2	
99	Bt1 3	Bt2 1	Bt3 1	
100	Bt1 3	