Name				597_n100_m400_bt100
Number_of_Customers		100
Number_of_Items			400
Number_of_ItemTypes		100
Number_of_Vehicles		22
TimeWindows			1

VEHICLE
Mass_Capacity			12595
CargoSpace_Length		60
CargoSpace_Width		25
CargoSpace_Height		30
Wheelbase			48
Max_Mass_FrontAxle		7100
Max_Mass_RearAxle		11500
Distance_FrontAxle_CargoSpace	4

CUSTOMERS
i		x		y		Demand		ReadyTime	DueDate		ServiceTime	DemandedMass	DemandedVolume
0		35		35		0		0		1000		0		0		0
1		43		33		6		0		143		10		486.71		1111
2		28		34		5		41		253		10		778.35		1428
3		66		67		6		0		204		10		1099.09		2028
4		55		71		3		478		744		10		465.87		1256
5		46		35		2		329		575		10		460.7		960
6		22		69		6		154		364		10		822.02		1355
7		3		68		3		213		483		10		453.57		684
8		44		28		3		21		289		10		689.04		1236
9		57		53		5		45		281		10		839.2		1563
10		68		1		3		154		366		10		1103.61		1039
11		13		6		3		309		525		10		313.22		548
12		41		5		4		722		914		10		609.99		1292
13		66		48		4		539		777		10		450.34		1096
14		32		43		5		0		981		10		411.93		1040
15		28		76		3		188		458		10		323.3		836
16		65		10		6		34		234		10		1268.09		2109
17		6		21		4		569		813		10		659.26		1300
18		1		19		5		237		453		10		732.51		1564
19		11		30		6		280		496		10		1414.07		1928
20		51		52		3		0		966		10		229.03		684
21		51		19		3		826		1000		10		387.67		778
22		60		53		3		0		959		10		732.32		975
23		55		24		3		233		447		10		179.2		636
24		60		11		2		0		955		10		357.61		872
25		40		60		5		175		457		10		948.25		2068
26		36		65		5		319		541		10		601.18		1541
27		22		61		3		283		525		10		882.69		1200
28		31		27		3		270		524		10		327.35		834
29		14		77		5		196		430		10		862.38		1609
30		69		35		4		64		282		10		437.44		1002
31		17		54		3		661		903		10		299.9		648
32		26		30		4		481		709		10		234.19		523
33		54		39		6		0		970		10		1231.68		1976
34		46		22		5		0		972		10		1027.29		2219
35		61		20		5		549		751		10		539.13		1353
36		46		78		4		326		576		10		392.54		750
37		55		46		6		175		457		10		1144.73		2346
38		4		2		4		0		944		10		1006.2		1805
39		7		68		6		531		771		10		1093.91		2516
40		16		58		2		0		960		10		410.93		618
41		50		16		5		378		614		10		948.87		1660
42		69		58		3		0		948		10		657.02		1089
43		27		80		2		793		997		10		316.31		504
44		10		33		3		334		602		10		1185.69		1568
45		67		76		4		459		725		10		374.6		1207
46		39		47		2		597		853		10		935.42		938
47		10		79		3		263		447		10		1208.85		1373
48		7		48		3		305		575		10		204.23		540
49		6		32		6		0		201		10		1066.74		1933
50		38		2		3		0		956		10		500.45		982
51		18		2		3		159		371		10		240.48		561
52		64		70		3		476		748		10		252.06		556
53		16		46		3		33		293		10		211.46		672
54		40		53		4		73		319		10		957.7		1638
55		33		46		3		160		408		10		215.99		596
56		48		46		4		0		972		10		339.41		727
57		7		77		5		295		577		10		792.93		1393
58		63		29		2		177		435		10		178.61		588
59		39		56		5		0		968		10		444.4		1115
60		65		6		2		0		948		10		247		807
61		29		17		5		329		571		10		995.82		1628
62		13		62		3		430		608		10		134.34		315
63		5		29		3		573		823		10		1190.86		1793
64		60		28		5		522		802		10		703.38		1438
65		65		60		6		541		801		10		651.99		1852
66		5		11		3		331		579		10		613.78		906
67		41		0		2		0		221		10		98.43		320
68		23		15		4		776		1000		10		435.09		1252
69		31		59		3		0		965		10		831.55		959
70		32		20		4		215		487		10		347.24		942
71		12		9		2		0		955		10		144.97		382
72		51		0		4		294		476		10		959.04		1255
73		27		54		2		282		502		10		163.34		416
74		35		80		4		344		576		10		291.49		661
75		55		4		2		356		652		10		194.05		368
76		52		44		5		245		451		10		711.11		1822
77		50		73		4		794		1000		10		302.03		1184
78		46		61		5		0		961		10		366.42		1032
79		38		28		4		95		369		10		1468.6		1824
80		59		80		4		0		939		10		576.71		1615
81		41		28		5		461		707		10		763.55		1628
82		63		42		5		0		961		10		805.07		1406
83		29		43		3		481		663		10		467.14		1128
84		58		35		4		0		967		10		539.45		964
85		35		73		6		0		952		10		1131.98		1924
86		43		64		4		707		943		10		1526.91		1545
87		24		7		6		12		232		10		449.14		1060
88		27		26		6		508		750		10		1153.21		2155
89		7		7		3		0		950		10		554.22		1124
90		4		78		3		584		792		10		317.47		668
91		59		31		5		0		965		10		822.09		1725
92		29		67		3		334		578		10		223.33		906
93		49		11		5		0		962		10		472.47		1135
94		4		51		6		355		573		10		1099.62		2262
95		21		24		5		509		767		10		864.26		2200
96		24		39		5		0		978		10		358.8		1331
97		6		43		4		735		993		10		284.22		1165
98		33		0		4		757		929		10		674.03		1717
99		31		24		6		0		978		10		929.4		1412
100		67		17		4		66		282		10		575.04		1403

ITEMS
Type		Length		Width		Height		Mass		Fragility	LoadBearingStrength
Bt1		14		4		8		75.49		0		4.5791750
Bt2		6		3		3		43.73		0		81.9816119
Bt3		16		4		8		385.21		0		34.9862413
Bt4		7		3		3		29.85		1		14.3709436
Bt5		12		5		3		35.60		0		10.3490460
Bt6		12		5		3		114.65		0		31.0796165
Bt7		6		5		8		192.78		0		32.4245151
Bt8		6		3		5		18.78		1		9.9160531
Bt9		12		4		4		121.99		1		17.7327275
Bt10		14		6		5		206.91		0		34.3713572
Bt11		14		4		8		268.86		0		62.5719206
Bt12		7		3		4		59.38		0		34.7862141
Bt13		16		7		3		95.78		0		8.4928536
Bt14		14		6		3		113.50		0		25.5936051
Bt15		13		5		4		161.50		0		49.0130720
Bt16		6		6		8		212.05		0		13.8017952
Bt17		10		7		8		276.76		0		17.5370602
Bt18		8		4		6		72.51		0		12.1113706
Bt19		9		6		4		154.46		0		38.9402229
Bt20		12		4		6		129.07		1		5.5642114
Bt21		8		7		3		77.56		0		38.0391376
Bt22		11		7		4		165.31		0		14.5943563
Bt23		15		3		7		99.66		0		7.6615193
Bt24		11		7		8		635.96		0		95.2777665
Bt25		11		4		8		130.66		0		19.6824104
Bt26		16		4		8		225.32		0		13.1634025
Bt27		16		3		6		48.49		0		11.6365593
Bt28		7		5		5		64.52		0		13.3973813
Bt29		14		5		7		662.55		0		85.7456356
Bt30		12		3		7		118.20		1		11.5489323
Bt31		16		3		5		66.02		0		22.1529494
Bt32		6		6		5		31.94		0		6.3271332
Bt33		11		4		5		47.32		0		8.2173290
Bt34		16		4		7		272.87		0		109.9593583
Bt35		8		5		4		46.84		0		9.6828252
Bt36		11		6		5		182.19		0		69.6897280
Bt37		15		7		7		590.54		0		47.8158468
Bt38		15		3		8		86.82		0		3.5987559
Bt39		13		5		3		28.49		0		7.7698641
Bt40		11		4		4		25.10		0		40.2679024
Bt41		13		6		4		194.32		1		9.2219151
Bt42		7		6		7		41.54		1		1.6290360
Bt43		13		3		4		36.57		0		16.9633506
Bt44		16		5		5		90.72		0		5.5835417
Bt45		6		2		7		27.51		0		31.6815640
Bt46		9		6		3		123.92		0		48.9605203
Bt47		12		5		7		132.58		0		16.0158329
Bt48		13		3		3		94.28		0		21.3725337
Bt49		6		4		3		64.22		0		24.7791181
Bt50		11		5		4		36.28		0		9.0624569
Bt51		17		3		7		135.87		0		14.5721698
Bt52		15		2		5		57.47		0		20.4653522
Bt53		17		7		5		75.21		1		3.9508990
Bt54		7		4		3		27.93		1		12.9131419
Bt55		8		4		8		98.91		0		7.5843606
Bt56		12		7		7		92		0		5.9015530
Bt57		14		6		3		68.56		1		5.6565789
Bt58		16		6		7		357.81		0		22.6364485
Bt59		14		6		4		189.13		1		12.2868602
Bt60		16		6		8		542.04		0		123.7663490
Bt61		13		4		7		254.33		1		8.9461479
Bt62		12		3		4		73.33		1		6.9798419
Bt63		6		4		8		130.98		0		23.0530985
Bt64		7		6		4		108.98		1		12.0451353
Bt65		13		5		4		222.37		0		26.1465467
Bt66		13		6		5		311.06		1		34.4282063
Bt67		13		3		6		121.09		0		22.9317418
Bt68		14		3		8		65.11		0		8.8771588
Bt69		14		5		8		450.87		0		58.3980267
Bt70		6		3		8		33.09		0		15.6451295
Bt71		13		5		5		176.75		0		24.0980260
Bt72		16		2		7		53.07		0		7.5131640
Bt73		17		3		8		294.66		0		20.4369977
Bt74		10		4		8		71.34		0		8.7764134
Bt75		16		4		7		107.53		0		10.0392197
Bt76		9		7		7		308.42		0		13.3863927
Bt77		8		5		4		64.43		0		21.9515472
Bt78		6		3		6		32.55		0		6.7124750
Bt79		9		4		8		228.74		1		9.4683206
Bt80		8		5		8		528.16		0		44.6500917
Bt81		16		6		7		146.11		0		10.7611571
Bt82		9		6		8		225.49		0		111.1180471
Bt83		9		6		8		346.78		0		95.0411055
Bt84		9		3		5		100.89		0		33.2379354
Bt85		13		6		7		375		0		31.4546980
Bt86		9		5		7		167.65		0		24.3998906
Bt87		17		4		8		67.88		1		2.5621421
Bt88		7		6		3		46.06		1		3.1422514
Bt89		13		4		6		80.85		0		19.0904769
Bt90		11		2		7		101.60		0		23.5531217
Bt91		7		5		7		347.57		1		38.0449470
Bt92		15		3		5		47.92		0		10.0137906
Bt93		6		6		3		31.16		0		18.1487274
Bt94		16		2		4		94.43		0		27.3839925
Bt95		8		6		3		104.80		0		21.8500532
Bt96		12		4		3		62.34		0		41.2722665
Bt97		14		3		5		33.39		0		6.4577960
Bt98		16		3		8		79.31		0		13.7485991
Bt99		9		6		5		77.75		0		9.3077057
Bt100		12		4		5		126.97		1		33.2404856

DEMANDS PER CUSTOMER
i	Type Quantity
1	Bt52 1	Bt62 1	Bt65 1	Bt72 1	Bt78 1	Bt92 1	
2	Bt36 1	Bt43 1	Bt58 1	Bt84 2	
3	Bt26 1	Bt32 1	Bt74 1	Bt85 1	Bt91 1	Bt92 1	
4	Bt40 1	Bt73 1	Bt81 1	
5	Bt1 1	Bt3 1	
6	Bt35 1	Bt39 1	Bt42 1	Bt46 1	Bt72 1	Bt80 1	
7	Bt54 1	Bt63 1	Bt73 1	
8	Bt43 1	Bt58 1	Bt73 1	
9	Bt23 1	Bt43 1	Bt66 2	Bt89 1	
10	Bt29 1	Bt48 1	Bt83 1	
11	Bt12 1	Bt40 1	Bt79 1	
12	Bt72 1	Bt76 1	Bt86 1	Bt89 1	
13	Bt57 1	Bt61 1	Bt68 1	Bt96 1	
14	Bt12 1	Bt26 1	Bt45 1	Bt57 1	Bt93 1	
15	Bt13 1	Bt15 1	Bt31 1	
16	Bt10 1	Bt31 1	Bt65 1	Bt71 1	Bt80 1	Bt87 1	
17	Bt34 1	Bt55 1	Bt65 1	Bt68 1	
18	Bt3 1	Bt18 1	Bt50 1	Bt63 1	Bt75 1	
19	Bt32 1	Bt37 1	Bt43 1	Bt47 1	Bt48 1	Bt80 1	
20	Bt27 1	Bt30 1	Bt96 1	
21	Bt28 1	Bt39 1	Bt73 1	
22	Bt21 1	Bt37 1	Bt49 1	
23	Bt27 1	Bt50 1	Bt94 1	
24	Bt17 1	Bt89 1	
25	Bt6 1	Bt34 1	Bt59 1	Bt81 1	Bt82 1	
26	Bt4 1	Bt11 1	Bt14 1	Bt67 1	Bt87 1	
27	Bt59 1	Bt83 2	
28	Bt11 1	Bt40 1	Bt97 1	
29	Bt4 1	Bt11 1	Bt36 1	Bt38 1	Bt73 1	
30	Bt32 1	Bt70 1	Bt73 1	Bt99 1	
31	Bt14 1	Bt19 1	Bt32 1	
32	Bt6 1	Bt28 1	Bt45 2	
33	Bt11 1	Bt16 2	Bt41 1	Bt71 1	Bt86 1	
34	Bt7 1	Bt37 1	Bt57 1	Bt75 1	Bt87 1	
35	Bt5 1	Bt13 1	Bt21 1	Bt41 1	Bt51 1	
36	Bt14 1	Bt21 2	Bt46 1	
37	Bt16 1	Bt27 1	Bt37 1	Bt39 1	Bt47 2	
38	Bt6 1	Bt26 1	Bt58 1	Bt76 1	
39	Bt5 1	Bt60 1	Bt62 1	Bt74 1	Bt81 1	Bt82 1	
40	Bt36 1	Bt79 1	
41	Bt19 1	Bt40 1	Bt58 1	Bt59 1	Bt65 1	
42	Bt37 1	Bt70 1	Bt97 1	
43	Bt9 1	Bt41 1	
44	Bt7 1	Bt60 1	Bt69 1	
45	Bt23 1	Bt30 1	Bt31 1	Bt44 1	
46	Bt29 1	Bt34 1	
47	Bt24 1	Bt26 1	Bt91 1	
48	Bt57 1	Bt62 1	Bt96 1	
49	Bt19 1	Bt23 1	Bt44 1	Bt48 1	Bt69 1	Bt71 1	
50	Bt2 1	Bt55 1	Bt58 1	
51	Bt12 1	Bt38 1	Bt48 1	
52	Bt9 1	Bt55 1	Bt93 1	
53	Bt14 1	Bt31 1	Bt32 1	
54	Bt25 1	Bt66 1	Bt68 1	Bt69 1	
55	Bt32 1	Bt63 1	Bt72 1	
56	Bt48 1	Bt49 1	Bt90 1	Bt98 1	
57	Bt39 1	Bt64 1	Bt66 1	Bt71 1	Bt86 1	
58	Bt14 1	Bt68 1	
59	Bt4 1	Bt22 1	Bt23 1	Bt39 1	Bt67 1	
60	Bt81 1	Bt84 1	
61	Bt16 1	Bt21 1	Bt32 1	Bt80 1	Bt81 1	
62	Bt4 1	Bt62 1	Bt93 1	
63	Bt26 1	Bt37 1	Bt85 1	
64	Bt19 1	Bt46 1	Bt66 1	Bt87 1	Bt88 1	
65	Bt1 1	Bt5 1	Bt12 1	Bt22 1	Bt44 1	Bt82 1	
66	Bt3 1	Bt90 1	Bt100 1	
67	Bt40 1	Bt62 1	
68	Bt12 1	Bt13 1	Bt16 1	Bt87 1	
69	Bt64 1	Bt85 1	Bt91 1	
70	Bt47 1	Bt54 1	Bt64 1	Bt99 1	
71	Bt55 1	Bt88 1	
72	Bt10 1	Bt36 1	Bt65 1	Bt91 1	
73	Bt55 1	Bt77 1	
74	Bt28 1	Bt62 1	Bt67 1	Bt78 1	
75	Bt15 1	Bt78 1	
76	Bt7 1	Bt10 1	Bt53 1	Bt57 1	Bt86 1	
77	Bt44 1	Bt55 1	Bt70 1	Bt98 1	
78	Bt5 1	Bt8 1	Bt9 1	Bt47 1	Bt52 1	
79	Bt24 2	Bt25 1	Bt31 1	
80	Bt23 1	Bt50 1	Bt73 1	Bt81 1	
81	Bt6 1	Bt19 1	Bt47 1	Bt61 1	Bt75 1	
82	Bt3 1	Bt5 1	Bt31 1	Bt41 1	Bt46 1	
83	Bt16 1	Bt64 1	Bt81 1	
84	Bt9 1	Bt25 1	Bt65 1	Bt77 1	
85	Bt3 1	Bt9 1	Bt34 1	Bt45 1	Bt55 1	Bt82 1	
86	Bt29 2	Bt48 1	Bt75 1	
87	Bt4 1	Bt30 1	Bt43 1	Bt49 1	Bt51 1	Bt77 1	
88	Bt25 1	Bt35 1	Bt37 1	Bt71 1	Bt75 1	Bt84 1	
89	Bt9 1	Bt10 1	Bt26 1	
90	Bt26 1	Bt49 1	Bt54 1	
91	Bt18 1	Bt42 1	Bt60 1	Bt68 1	Bt84 1	
92	Bt81 1	Bt88 1	Bt93 1	
93	Bt1 1	Bt4 1	Bt9 1	Bt16 1	Bt70 1	
94	Bt11 1	Bt22 1	Bt26 1	Bt44 1	Bt46 1	Bt82 1	
95	Bt51 1	Bt53 1	Bt60 1	Bt97 1	Bt99 1	
96	Bt48 1	Bt50 1	Bt87 1	Bt97 1	Bt100 1	
97	Bt19 1	Bt39 1	Bt87 1	Bt97 1	
98	Bt10 1	Bt53 1	Bt66 1	Bt89 1	
99	Bt2 1	Bt9 1	Bt10 1	Bt51 1	Bt62 1	Bt91 1	
100	Bt9 1	Bt11 1	Bt53 1	Bt64 1	