Name				Inst_50_3_8
Number_of_Customers		50
Number_of_Items			280
Number_of_ItemTypes		50
Number_of_Vehicles		50
TimeWindows			0

VEHICLE
Mass_Capacity			32200
CargoSpace_Length		912
CargoSpace_Width		244
CargoSpace_Height		244
Wheelbase			550
Max_Mass_FrontAxle		11600
Max_Mass_RearAxle		21000
Distance_FrontAxle_CargoSpace	-100

CUSTOMERS
i		x	y	Demand		ReadyTime	DueDate		ServiceTime	DemandedMass	DemandedVolume
0		5.0	5.0	0		0		0		0		0		0
1		5.0	5.0	5		0		0		0		6325		48000
2		6.0	6.0	7		0		0		0		10346		67200
3		1.0	0.0	5		0		0		0		7375		48000
4		5.0	6.0	7		0		0		0		7301		67200
5		5.0	6.0	7		0		0		0		9324		67200
6		9.0	4.0	6		0		0		0		7086		57600
7		9.0	1.0	4		0		0		0		5492		38400
8		7.0	7.0	7		0		0		0		10213		67200
9		6.0	10.0	5		0		0		0		6705		48000
10		7.0	7.0	4		0		0		0		4736		38400
11		2.0	2.0	7		0		0		0		9961		67200
12		5.0	4.0	6		0		0		0		8046		57600
13		7.0	0.0	7		0		0		0		8771		67200
14		1.0	2.0	4		0		0		0		4424		38400
15		0.0	8.0	6		0		0		0		6696		57600
16		4.0	10.0	6		0		0		0		7446		57600
17		1.0	7.0	7		0		0		0		10472		67200
18		6.0	10.0	6		0		0		0		8568		57600
19		2.0	2.0	7		0		0		0		7693		67200
20		6.0	3.0	5		0		0		0		5095		48000
21		7.0	8.0	7		0		0		0		7210		67200
22		3.0	2.0	4		0		0		0		5104		38400
23		5.0	8.0	6		0		0		0		6252		57600
24		3.0	1.0	5		0		0		0		5800		48000
25		4.0	7.0	5		0		0		0		2380		48000
26		1.0	8.0	4		0		0		0		764		38400
27		6.0	5.0	7		0		0		0		1183		67200
28		2.0	9.0	6		0		0		0		654		57600
29		7.0	3.0	6		0		0		0		1428		57600
30		4.0	10.0	5		0		0		0		745		48000
31		6.0	9.0	5		0		0		0		1730		48000
32		8.0	8.0	5		0		0		0		2435		48000
33		0.0	8.0	4		0		0		0		1552		38400
34		2.0	0.0	7		0		0		0		1498		67200
35		1.0	0.0	5		0		0		0		2495		48000
36		2.0	5.0	4		0		0		0		1848		38400
37		4.0	4.0	5		0		0		0		1045		48000
38		5.0	5.0	7		0		0		0		2632		67200
39		5.0	1.0	7		0		0		0		1225		67200
40		4.0	5.0	5		0		0		0		1640		48000
41		8.0	8.0	4		0		0		0		1336		38400
42		5.0	4.0	5		0		0		0		2095		48000
43		0.0	2.0	7		0		0		0		2226		67200
44		2.0	10.0	5		0		0		0		1635		48000
45		1.0	8.0	6		0		0		0		2256		57600
46		3.0	9.0	4		0		0		0		1468		38400
47		4.0	3.0	7		0		0		0		1547		67200
48		9.0	1.0	5		0		0		0		1460		48000
49		10.0	3.0	4		0		0		0		1508		38400
50		7.0	6.0	6		0		0		0		2502		57600

ITEMS
Type	Length	Width	Height	Mass	Fragility	LoadBearingStrength
Bt1	80	120	244	1265	0		0
Bt2	80	120	244	1478	0		0
Bt3	80	120	244	1475	0		0
Bt4	80	120	244	1043	0		0
Bt5	80	120	244	1332	0		0
Bt6	80	120	244	1181	0		0
Bt7	80	120	244	1373	0		0
Bt8	80	120	244	1459	0		0
Bt9	80	120	244	1341	0		0
Bt10	80	120	244	1184	0		0
Bt11	80	120	244	1423	0		0
Bt12	80	120	244	1341	0		0
Bt13	80	120	244	1253	0		0
Bt14	80	120	244	1106	0		0
Bt15	80	120	244	1116	0		0
Bt16	80	120	244	1241	0		0
Bt17	80	120	244	1496	0		0
Bt18	80	120	244	1428	0		0
Bt19	80	120	244	1099	0		0
Bt20	80	120	244	1019	0		0
Bt21	80	120	244	1030	0		0
Bt22	80	120	244	1276	0		0
Bt23	80	120	244	1042	0		0
Bt24	80	120	244	1160	0		0
Bt25	80	120	244	476	0		0
Bt26	80	120	244	191	0		0
Bt27	80	120	244	169	0		0
Bt28	80	120	244	109	0		0
Bt29	80	120	244	238	0		0
Bt30	80	120	244	149	0		0
Bt31	80	120	244	346	0		0
Bt32	80	120	244	487	0		0
Bt33	80	120	244	388	0		0
Bt34	80	120	244	214	0		0
Bt35	80	120	244	499	0		0
Bt36	80	120	244	462	0		0
Bt37	80	120	244	209	0		0
Bt38	80	120	244	376	0		0
Bt39	80	120	244	175	0		0
Bt40	80	120	244	328	0		0
Bt41	80	120	244	334	0		0
Bt42	80	120	244	419	0		0
Bt43	80	120	244	318	0		0
Bt44	80	120	244	327	0		0
Bt45	80	120	244	376	0		0
Bt46	80	120	244	367	0		0
Bt47	80	120	244	221	0		0
Bt48	80	120	244	292	0		0
Bt49	80	120	244	377	0		0
Bt50	80	120	244	417	0		0

DEMANDS PER CUSTOMER
i	Type Quantity
1	Bt1 5
2	Bt2 7
3	Bt3 5
4	Bt4 7
5	Bt5 7
6	Bt6 6
7	Bt7 4
8	Bt8 7
9	Bt9 5
10	Bt10 4
11	Bt11 7
12	Bt12 6
13	Bt13 7
14	Bt14 4
15	Bt15 6
16	Bt16 6
17	Bt17 7
18	Bt18 6
19	Bt19 7
20	Bt20 5
21	Bt21 7
22	Bt22 4
23	Bt23 6
24	Bt24 5
25	Bt25 5
26	Bt26 4
27	Bt27 7
28	Bt28 6
29	Bt29 6
30	Bt30 5
31	Bt31 5
32	Bt32 5
33	Bt33 4
34	Bt34 7
35	Bt35 5
36	Bt36 4
37	Bt37 5
38	Bt38 7
39	Bt39 7
40	Bt40 5
41	Bt41 4
42	Bt42 5
43	Bt43 7
44	Bt44 5
45	Bt45 6
46	Bt46 4
47	Bt47 7
48	Bt48 5
49	Bt49 4
50	Bt50 6
