Name				Inst_50_3_1
Number_of_Customers		50
Number_of_Items			284
Number_of_ItemTypes		50
Number_of_Vehicles		50
TimeWindows			0

VEHICLE
Mass_Capacity			32200
CargoSpace_Length		912
CargoSpace_Width		244
CargoSpace_Height		244
Wheelbase			550
Max_Mass_FrontAxle		11600
Max_Mass_RearAxle		21000
Distance_FrontAxle_CargoSpace	-100

CUSTOMERS
i		x	y	Demand		ReadyTime	DueDate		ServiceTime	DemandedMass	DemandedVolume
0		5.0	5.0	0		0		0		0		0		0
1		9.0	10.0	5		0		0		0		6110		48000
2		6.0	4.0	6		0		0		0		6618		57600
3		1.0	6.0	7		0		0		0		8631		67200
4		10.0	10.0	6		0		0		0		6972		57600
5		3.0	10.0	6		0		0		0		7806		57600
6		6.0	3.0	4		0		0		0		4652		38400
7		7.0	10.0	7		0		0		0		7980		67200
8		5.0	6.0	4		0		0		0		4728		38400
9		4.0	7.0	6		0		0		0		7314		57600
10		6.0	9.0	4		0		0		0		4000		38400
11		7.0	1.0	6		0		0		0		7428		57600
12		7.0	9.0	5		0		0		0		5735		48000
13		3.0	6.0	6		0		0		0		7920		57600
14		10.0	2.0	4		0		0		0		5956		38400
15		9.0	10.0	6		0		0		0		7014		57600
16		4.0	2.0	6		0		0		0		7944		57600
17		6.0	7.0	6		0		0		0		6366		57600
18		4.0	5.0	5		0		0		0		5165		48000
19		7.0	8.0	7		0		0		0		9583		67200
20		1.0	3.0	5		0		0		0		5005		48000
21		6.0	0.0	7		0		0		0		8792		67200
22		4.0	10.0	7		0		0		0		10094		67200
23		4.0	4.0	7		0		0		0		9268		67200
24		6.0	6.0	5		0		0		0		7420		48000
25		5.0	8.0	7		0		0		0		3129		67200
26		8.0	9.0	6		0		0		0		948		57600
27		1.0	2.0	5		0		0		0		1275		48000
28		3.0	2.0	5		0		0		0		1945		48000
29		1.0	5.0	7		0		0		0		1575		67200
30		9.0	9.0	7		0		0		0		2275		67200
31		9.0	0.0	5		0		0		0		2050		48000
32		3.0	9.0	4		0		0		0		1108		38400
33		7.0	3.0	5		0		0		0		1840		48000
34		2.0	8.0	4		0		0		0		1692		38400
35		6.0	8.0	6		0		0		0		1236		57600
36		4.0	0.0	7		0		0		0		1141		67200
37		5.0	8.0	4		0		0		0		1020		38400
38		7.0	8.0	6		0		0		0		1992		57600
39		10.0	9.0	7		0		0		0		1813		67200
40		3.0	10.0	7		0		0		0		1953		67200
41		2.0	0.0	6		0		0		0		1332		57600
42		5.0	2.0	7		0		0		0		2989		67200
43		6.0	3.0	5		0		0		0		1210		48000
44		5.0	3.0	4		0		0		0		480		38400
45		10.0	0.0	6		0		0		0		1362		57600
46		1.0	2.0	7		0		0		0		1841		67200
47		4.0	4.0	5		0		0		0		650		48000
48		2.0	9.0	4		0		0		0		444		38400
49		5.0	4.0	5		0		0		0		920		48000
50		10.0	0.0	6		0		0		0		1794		57600

ITEMS
Type	Length	Width	Height	Mass	Fragility	LoadBearingStrength
Bt1	80	120	244	1222	0		0
Bt2	80	120	244	1103	0		0
Bt3	80	120	244	1233	0		0
Bt4	80	120	244	1162	0		0
Bt5	80	120	244	1301	0		0
Bt6	80	120	244	1163	0		0
Bt7	80	120	244	1140	0		0
Bt8	80	120	244	1182	0		0
Bt9	80	120	244	1219	0		0
Bt10	80	120	244	1000	0		0
Bt11	80	120	244	1238	0		0
Bt12	80	120	244	1147	0		0
Bt13	80	120	244	1320	0		0
Bt14	80	120	244	1489	0		0
Bt15	80	120	244	1169	0		0
Bt16	80	120	244	1324	0		0
Bt17	80	120	244	1061	0		0
Bt18	80	120	244	1033	0		0
Bt19	80	120	244	1369	0		0
Bt20	80	120	244	1001	0		0
Bt21	80	120	244	1256	0		0
Bt22	80	120	244	1442	0		0
Bt23	80	120	244	1324	0		0
Bt24	80	120	244	1484	0		0
Bt25	80	120	244	447	0		0
Bt26	80	120	244	158	0		0
Bt27	80	120	244	255	0		0
Bt28	80	120	244	389	0		0
Bt29	80	120	244	225	0		0
Bt30	80	120	244	325	0		0
Bt31	80	120	244	410	0		0
Bt32	80	120	244	277	0		0
Bt33	80	120	244	368	0		0
Bt34	80	120	244	423	0		0
Bt35	80	120	244	206	0		0
Bt36	80	120	244	163	0		0
Bt37	80	120	244	255	0		0
Bt38	80	120	244	332	0		0
Bt39	80	120	244	259	0		0
Bt40	80	120	244	279	0		0
Bt41	80	120	244	222	0		0
Bt42	80	120	244	427	0		0
Bt43	80	120	244	242	0		0
Bt44	80	120	244	120	0		0
Bt45	80	120	244	227	0		0
Bt46	80	120	244	263	0		0
Bt47	80	120	244	130	0		0
Bt48	80	120	244	111	0		0
Bt49	80	120	244	184	0		0
Bt50	80	120	244	299	0		0

DEMANDS PER CUSTOMER
i	Type Quantity
1	Bt1 5
2	Bt2 6
3	Bt3 7
4	Bt4 6
5	Bt5 6
6	Bt6 4
7	Bt7 7
8	Bt8 4
9	Bt9 6
10	Bt10 4
11	Bt11 6
12	Bt12 5
13	Bt13 6
14	Bt14 4
15	Bt15 6
16	Bt16 6
17	Bt17 6
18	Bt18 5
19	Bt19 7
20	Bt20 5
21	Bt21 7
22	Bt22 7
23	Bt23 7
24	Bt24 5
25	Bt25 7
26	Bt26 6
27	Bt27 5
28	Bt28 5
29	Bt29 7
30	Bt30 7
31	Bt31 5
32	Bt32 4
33	Bt33 5
34	Bt34 4
35	Bt35 6
36	Bt36 7
37	Bt37 4
38	Bt38 6
39	Bt39 7
40	Bt40 7
41	Bt41 6
42	Bt42 7
43	Bt43 5
44	Bt44 4
45	Bt45 6
46	Bt46 7
47	Bt47 5
48	Bt48 4
49	Bt49 5
50	Bt50 6
