Name				Inst_50_2_1
Number_of_Customers		50
Number_of_Items			353
Number_of_ItemTypes		50
Number_of_Vehicles		50
TimeWindows			0

VEHICLE
Mass_Capacity			32200
CargoSpace_Length		912
CargoSpace_Width		244
CargoSpace_Height		244
Wheelbase			550
Max_Mass_FrontAxle		11600
Max_Mass_RearAxle		21000
Distance_FrontAxle_CargoSpace	-100

CUSTOMERS
i		x	y	Demand		ReadyTime	DueDate		ServiceTime	DemandedMass	DemandedVolume
0		5.0	5.0	0		0		0		0		0		0
1		3.0	0.0	2		0		0		0		2212		19200
2		1.0	8.0	1		0		0		0		1471		9600
3		8.0	9.0	6		0		0		0		7638		57600
4		6.0	7.0	5		0		0		0		7290		48000
5		10.0	1.0	10		0		0		0		12140		96000
6		10.0	8.0	10		0		0		0		11630		96000
7		6.0	6.0	7		0		0		0		7231		67200
8		9.0	1.0	2		0		0		0		2668		19200
9		3.0	1.0	1		0		0		0		1249		9600
10		10.0	6.0	2		0		0		0		2876		19200
11		5.0	1.0	15		0		0		0		19575		144000
12		2.0	6.0	10		0		0		0		10790		96000
13		1.0	0.0	1		0		0		0		1407		9600
14		4.0	4.0	9		0		0		0		9441		86400
15		5.0	4.0	13		0		0		0		16029		124800
16		10.0	10.0	15		0		0		0		21465		144000
17		3.0	9.0	7		0		0		0		8407		67200
18		9.0	3.0	8		0		0		0		8112		76800
19		8.0	2.0	12		0		0		0		15936		115200
20		8.0	3.0	5		0		0		0		7155		48000
21		6.0	9.0	12		0		0		0		14964		115200
22		1.0	4.0	9		0		0		0		9234		86400
23		2.0	9.0	11		0		0		0		15554		105600
24		0.0	10.0	5		0		0		0		6845		48000
25		7.0	10.0	10		0		0		0		10980		96000
26		4.0	1.0	1		0		0		0		1486		9600
27		3.0	9.0	1		0		0		0		1453		9600
28		0.0	8.0	5		0		0		0		6650		48000
29		2.0	10.0	15		0		0		0		20460		144000
30		7.0	8.0	4		0		0		0		5488		38400
31		7.0	7.0	1		0		0		0		1263		9600
32		9.0	1.0	2		0		0		0		2716		19200
33		2.0	3.0	3		0		0		0		3156		28800
34		7.0	4.0	15		0		0		0		20610		144000
35		2.0	0.0	4		0		0		0		4744		38400
36		3.0	9.0	4		0		0		0		4532		38400
37		7.0	5.0	9		0		0		0		10269		86400
38		4.0	4.0	10		0		0		0		14270		96000
39		0.0	0.0	10		0		0		0		11120		96000
40		2.0	6.0	2		0		0		0		2368		19200
41		9.0	2.0	3		0		0		0		4302		28800
42		2.0	5.0	2		0		0		0		2722		19200
43		9.0	6.0	11		0		0		0		13904		105600
44		4.0	4.0	10		0		0		0		12580		96000
45		4.0	9.0	11		0		0		0		13915		105600
46		9.0	1.0	10		0		0		0		13650		96000
47		2.0	9.0	3		0		0		0		4404		28800
48		6.0	3.0	15		0		0		0		18510		144000
49		9.0	5.0	10		0		0		0		14700		96000
50		5.0	1.0	4		0		0		0		4428		38400

ITEMS
Type	Length	Width	Height	Mass	Fragility	LoadBearingStrength
Bt1	80	120	244	1106	0		0
Bt2	80	120	244	1471	0		0
Bt3	80	120	244	1273	0		0
Bt4	80	120	244	1458	0		0
Bt5	80	120	244	1214	0		0
Bt6	80	120	244	1163	0		0
Bt7	80	120	244	1033	0		0
Bt8	80	120	244	1334	0		0
Bt9	80	120	244	1249	0		0
Bt10	80	120	244	1438	0		0
Bt11	80	120	244	1305	0		0
Bt12	80	120	244	1079	0		0
Bt13	80	120	244	1407	0		0
Bt14	80	120	244	1049	0		0
Bt15	80	120	244	1233	0		0
Bt16	80	120	244	1431	0		0
Bt17	80	120	244	1201	0		0
Bt18	80	120	244	1014	0		0
Bt19	80	120	244	1328	0		0
Bt20	80	120	244	1431	0		0
Bt21	80	120	244	1247	0		0
Bt22	80	120	244	1026	0		0
Bt23	80	120	244	1414	0		0
Bt24	80	120	244	1369	0		0
Bt25	80	120	244	1098	0		0
Bt26	80	120	244	1486	0		0
Bt27	80	120	244	1453	0		0
Bt28	80	120	244	1330	0		0
Bt29	80	120	244	1364	0		0
Bt30	80	120	244	1372	0		0
Bt31	80	120	244	1263	0		0
Bt32	80	120	244	1358	0		0
Bt33	80	120	244	1052	0		0
Bt34	80	120	244	1374	0		0
Bt35	80	120	244	1186	0		0
Bt36	80	120	244	1133	0		0
Bt37	80	120	244	1141	0		0
Bt38	80	120	244	1427	0		0
Bt39	80	120	244	1112	0		0
Bt40	80	120	244	1184	0		0
Bt41	80	120	244	1434	0		0
Bt42	80	120	244	1361	0		0
Bt43	80	120	244	1264	0		0
Bt44	80	120	244	1258	0		0
Bt45	80	120	244	1265	0		0
Bt46	80	120	244	1365	0		0
Bt47	80	120	244	1468	0		0
Bt48	80	120	244	1234	0		0
Bt49	80	120	244	1470	0		0
Bt50	80	120	244	1107	0		0

DEMANDS PER CUSTOMER
i	Type Quantity
1	Bt1 2
2	Bt2 1
3	Bt3 6
4	Bt4 5
5	Bt5 10
6	Bt6 10
7	Bt7 7
8	Bt8 2
9	Bt9 1
10	Bt10 2
11	Bt11 15
12	Bt12 10
13	Bt13 1
14	Bt14 9
15	Bt15 13
16	Bt16 15
17	Bt17 7
18	Bt18 8
19	Bt19 12
20	Bt20 5
21	Bt21 12
22	Bt22 9
23	Bt23 11
24	Bt24 5
25	Bt25 10
26	Bt26 1
27	Bt27 1
28	Bt28 5
29	Bt29 15
30	Bt30 4
31	Bt31 1
32	Bt32 2
33	Bt33 3
34	Bt34 15
35	Bt35 4
36	Bt36 4
37	Bt37 9
38	Bt38 10
39	Bt39 10
40	Bt40 2
41	Bt41 3
42	Bt42 2
43	Bt43 11
44	Bt44 10
45	Bt45 11
46	Bt46 10
47	Bt47 3
48	Bt48 15
49	Bt49 10
50	Bt50 4
