Name				Inst_100_2_2
Number_of_Customers		100
Number_of_Items			783
Number_of_ItemTypes		100
Number_of_Vehicles		100
TimeWindows			0

VEHICLE
Mass_Capacity			32200
CargoSpace_Length		912
CargoSpace_Width		244
CargoSpace_Height		244
Wheelbase			550
Max_Mass_FrontAxle		11600
Max_Mass_RearAxle		21000
Distance_FrontAxle_CargoSpace	-100

CUSTOMERS
i		x	y	Demand		ReadyTime	DueDate		ServiceTime	DemandedMass	DemandedVolume
0		5.0	5.0	0		0		0		0		0		0
1		0.0	9.0	14		0		0		0		16198		134400
2		1.0	2.0	4		0		0		0		4472		38400
3		9.0	7.0	2		0		0		0		2890		19200
4		8.0	3.0	12		0		0		0		17520		115200
5		4.0	8.0	4		0		0		0		4188		38400
6		7.0	9.0	7		0		0		0		7833		67200
7		3.0	3.0	7		0		0		0		7791		67200
8		6.0	3.0	10		0		0		0		13920		96000
9		4.0	4.0	8		0		0		0		9720		76800
10		7.0	3.0	13		0		0		0		13013		124800
11		6.0	1.0	2		0		0		0		2704		19200
12		5.0	0.0	8		0		0		0		8408		76800
13		4.0	1.0	6		0		0		0		6324		57600
14		0.0	6.0	11		0		0		0		12397		105600
15		9.0	1.0	5		0		0		0		5785		48000
16		4.0	3.0	15		0		0		0		18765		144000
17		5.0	1.0	2		0		0		0		2292		19200
18		5.0	3.0	11		0		0		0		11726		105600
19		9.0	0.0	10		0		0		0		10070		96000
20		6.0	1.0	9		0		0		0		9711		86400
21		6.0	6.0	6		0		0		0		7518		57600
22		9.0	3.0	2		0		0		0		2966		19200
23		0.0	10.0	5		0		0		0		6410		48000
24		0.0	9.0	12		0		0		0		13056		115200
25		3.0	5.0	8		0		0		0		8424		76800
26		1.0	6.0	1		0		0		0		1310		9600
27		9.0	3.0	6		0		0		0		7944		57600
28		7.0	9.0	12		0		0		0		14820		115200
29		2.0	7.0	5		0		0		0		6445		48000
30		7.0	6.0	12		0		0		0		15036		115200
31		4.0	2.0	12		0		0		0		14088		115200
32		8.0	8.0	3		0		0		0		4461		28800
33		8.0	5.0	10		0		0		0		11730		96000
34		0.0	3.0	6		0		0		0		7170		57600
35		5.0	2.0	12		0		0		0		17016		115200
36		9.0	7.0	1		0		0		0		1381		9600
37		6.0	7.0	8		0		0		0		9232		76800
38		6.0	3.0	12		0		0		0		14376		115200
39		3.0	8.0	15		0		0		0		16815		144000
40		9.0	2.0	8		0		0		0		10936		76800
41		9.0	5.0	12		0		0		0		16440		115200
42		4.0	8.0	7		0		0		0		10290		67200
43		7.0	8.0	1		0		0		0		1024		9600
44		6.0	4.0	9		0		0		0		12204		86400
45		9.0	1.0	8		0		0		0		11048		76800
46		2.0	1.0	5		0		0		0		5290		48000
47		2.0	5.0	7		0		0		0		8239		67200
48		8.0	4.0	13		0		0		0		17147		124800
49		6.0	1.0	6		0		0		0		7344		57600
50		6.0	3.0	4		0		0		0		5624		38400
51		9.0	0.0	4		0		0		0		4548		38400
52		1.0	3.0	7		0		0		0		9716		67200
53		6.0	10.0	8		0		0		0		11488		76800
54		2.0	6.0	7		0		0		0		9933		67200
55		10.0	7.0	1		0		0		0		1018		9600
56		1.0	10.0	12		0		0		0		13032		115200
57		1.0	3.0	8		0		0		0		11640		76800
58		5.0	8.0	9		0		0		0		13095		86400
59		9.0	8.0	8		0		0		0		8328		76800
60		9.0	8.0	1		0		0		0		1354		9600
61		7.0	2.0	5		0		0		0		5785		48000
62		5.0	8.0	5		0		0		0		6705		48000
63		1.0	0.0	15		0		0		0		16485		144000
64		9.0	1.0	7		0		0		0		8617		67200
65		3.0	7.0	7		0		0		0		8694		67200
66		6.0	10.0	1		0		0		0		1425		9600
67		2.0	10.0	10		0		0		0		12550		96000
68		1.0	10.0	12		0		0		0		12192		115200
69		5.0	2.0	15		0		0		0		15840		144000
70		6.0	9.0	2		0		0		0		2830		19200
71		4.0	7.0	15		0		0		0		19125		144000
72		7.0	2.0	10		0		0		0		10590		96000
73		5.0	2.0	7		0		0		0		10458		67200
74		9.0	4.0	10		0		0		0		14490		96000
75		0.0	6.0	2		0		0		0		2562		19200
76		4.0	10.0	13		0		0		0		14560		124800
77		0.0	7.0	2		0		0		0		2484		19200
78		4.0	0.0	15		0		0		0		18720		144000
79		10.0	6.0	3		0		0		0		3993		28800
80		10.0	0.0	13		0		0		0		17667		124800
81		4.0	0.0	1		0		0		0		1063		9600
82		3.0	1.0	7		0		0		0		8974		67200
83		2.0	1.0	9		0		0		0		10314		86400
84		4.0	8.0	5		0		0		0		5940		48000
85		2.0	6.0	14		0		0		0		17276		134400
86		3.0	2.0	3		0		0		0		4212		28800
87		2.0	7.0	12		0		0		0		16572		115200
88		1.0	6.0	2		0		0		0		2018		19200
89		4.0	1.0	13		0		0		0		19110		124800
90		10.0	10.0	4		0		0		0		5432		38400
91		5.0	9.0	9		0		0		0		11160		86400
92		2.0	1.0	12		0		0		0		14772		115200
93		10.0	4.0	13		0		0		0		13182		124800
94		10.0	0.0	5		0		0		0		5385		48000
95		5.0	0.0	5		0		0		0		6530		48000
96		8.0	0.0	7		0		0		0		7553		67200
97		1.0	6.0	8		0		0		0		11176		76800
98		3.0	0.0	11		0		0		0		11099		105600
99		6.0	6.0	7		0		0		0		8708		67200
100		8.0	0.0	14		0		0		0		14826		134400

ITEMS
Type	Length	Width	Height	Mass	Fragility	LoadBearingStrength
Bt1	80	120	244	1157	0		0
Bt2	80	120	244	1118	0		0
Bt3	80	120	244	1445	0		0
Bt4	80	120	244	1460	0		0
Bt5	80	120	244	1047	0		0
Bt6	80	120	244	1119	0		0
Bt7	80	120	244	1113	0		0
Bt8	80	120	244	1392	0		0
Bt9	80	120	244	1215	0		0
Bt10	80	120	244	1001	0		0
Bt11	80	120	244	1352	0		0
Bt12	80	120	244	1051	0		0
Bt13	80	120	244	1054	0		0
Bt14	80	120	244	1127	0		0
Bt15	80	120	244	1157	0		0
Bt16	80	120	244	1251	0		0
Bt17	80	120	244	1146	0		0
Bt18	80	120	244	1066	0		0
Bt19	80	120	244	1007	0		0
Bt20	80	120	244	1079	0		0
Bt21	80	120	244	1253	0		0
Bt22	80	120	244	1483	0		0
Bt23	80	120	244	1282	0		0
Bt24	80	120	244	1088	0		0
Bt25	80	120	244	1053	0		0
Bt26	80	120	244	1310	0		0
Bt27	80	120	244	1324	0		0
Bt28	80	120	244	1235	0		0
Bt29	80	120	244	1289	0		0
Bt30	80	120	244	1253	0		0
Bt31	80	120	244	1174	0		0
Bt32	80	120	244	1487	0		0
Bt33	80	120	244	1173	0		0
Bt34	80	120	244	1195	0		0
Bt35	80	120	244	1418	0		0
Bt36	80	120	244	1381	0		0
Bt37	80	120	244	1154	0		0
Bt38	80	120	244	1198	0		0
Bt39	80	120	244	1121	0		0
Bt40	80	120	244	1367	0		0
Bt41	80	120	244	1370	0		0
Bt42	80	120	244	1470	0		0
Bt43	80	120	244	1024	0		0
Bt44	80	120	244	1356	0		0
Bt45	80	120	244	1381	0		0
Bt46	80	120	244	1058	0		0
Bt47	80	120	244	1177	0		0
Bt48	80	120	244	1319	0		0
Bt49	80	120	244	1224	0		0
Bt50	80	120	244	1406	0		0
Bt51	80	120	244	1137	0		0
Bt52	80	120	244	1388	0		0
Bt53	80	120	244	1436	0		0
Bt54	80	120	244	1419	0		0
Bt55	80	120	244	1018	0		0
Bt56	80	120	244	1086	0		0
Bt57	80	120	244	1455	0		0
Bt58	80	120	244	1455	0		0
Bt59	80	120	244	1041	0		0
Bt60	80	120	244	1354	0		0
Bt61	80	120	244	1157	0		0
Bt62	80	120	244	1341	0		0
Bt63	80	120	244	1099	0		0
Bt64	80	120	244	1231	0		0
Bt65	80	120	244	1242	0		0
Bt66	80	120	244	1425	0		0
Bt67	80	120	244	1255	0		0
Bt68	80	120	244	1016	0		0
Bt69	80	120	244	1056	0		0
Bt70	80	120	244	1415	0		0
Bt71	80	120	244	1275	0		0
Bt72	80	120	244	1059	0		0
Bt73	80	120	244	1494	0		0
Bt74	80	120	244	1449	0		0
Bt75	80	120	244	1281	0		0
Bt76	80	120	244	1120	0		0
Bt77	80	120	244	1242	0		0
Bt78	80	120	244	1248	0		0
Bt79	80	120	244	1331	0		0
Bt80	80	120	244	1359	0		0
Bt81	80	120	244	1063	0		0
Bt82	80	120	244	1282	0		0
Bt83	80	120	244	1146	0		0
Bt84	80	120	244	1188	0		0
Bt85	80	120	244	1234	0		0
Bt86	80	120	244	1404	0		0
Bt87	80	120	244	1381	0		0
Bt88	80	120	244	1009	0		0
Bt89	80	120	244	1470	0		0
Bt90	80	120	244	1358	0		0
Bt91	80	120	244	1240	0		0
Bt92	80	120	244	1231	0		0
Bt93	80	120	244	1014	0		0
Bt94	80	120	244	1077	0		0
Bt95	80	120	244	1306	0		0
Bt96	80	120	244	1079	0		0
Bt97	80	120	244	1397	0		0
Bt98	80	120	244	1009	0		0
Bt99	80	120	244	1244	0		0
Bt100	80	120	244	1059	0		0

DEMANDS PER CUSTOMER
i	Type Quantity
1	Bt1 14
2	Bt2 4
3	Bt3 2
4	Bt4 12
5	Bt5 4
6	Bt6 7
7	Bt7 7
8	Bt8 10
9	Bt9 8
10	Bt10 13
11	Bt11 2
12	Bt12 8
13	Bt13 6
14	Bt14 11
15	Bt15 5
16	Bt16 15
17	Bt17 2
18	Bt18 11
19	Bt19 10
20	Bt20 9
21	Bt21 6
22	Bt22 2
23	Bt23 5
24	Bt24 12
25	Bt25 8
26	Bt26 1
27	Bt27 6
28	Bt28 12
29	Bt29 5
30	Bt30 12
31	Bt31 12
32	Bt32 3
33	Bt33 10
34	Bt34 6
35	Bt35 12
36	Bt36 1
37	Bt37 8
38	Bt38 12
39	Bt39 15
40	Bt40 8
41	Bt41 12
42	Bt42 7
43	Bt43 1
44	Bt44 9
45	Bt45 8
46	Bt46 5
47	Bt47 7
48	Bt48 13
49	Bt49 6
50	Bt50 4
51	Bt51 4
52	Bt52 7
53	Bt53 8
54	Bt54 7
55	Bt55 1
56	Bt56 12
57	Bt57 8
58	Bt58 9
59	Bt59 8
60	Bt60 1
61	Bt61 5
62	Bt62 5
63	Bt63 15
64	Bt64 7
65	Bt65 7
66	Bt66 1
67	Bt67 10
68	Bt68 12
69	Bt69 15
70	Bt70 2
71	Bt71 15
72	Bt72 10
73	Bt73 7
74	Bt74 10
75	Bt75 2
76	Bt76 13
77	Bt77 2
78	Bt78 15
79	Bt79 3
80	Bt80 13
81	Bt81 1
82	Bt82 7
83	Bt83 9
84	Bt84 5
85	Bt85 14
86	Bt86 3
87	Bt87 12
88	Bt88 2
89	Bt89 13
90	Bt90 4
91	Bt91 9
92	Bt92 12
93	Bt93 13
94	Bt94 5
95	Bt95 5
96	Bt96 7
97	Bt97 8
98	Bt98 11
99	Bt99 7
100	Bt100 14
