Name				Inst_75_1_8
Number_of_Customers		75
Number_of_Items			407
Number_of_ItemTypes		75
Number_of_Vehicles		75
TimeWindows			0

VEHICLE
Mass_Capacity			32200
CargoSpace_Length		912
CargoSpace_Width		244
CargoSpace_Height		244
Wheelbase			550
Max_Mass_FrontAxle		11600
Max_Mass_RearAxle		21000
Distance_FrontAxle_CargoSpace	-100

CUSTOMERS
i		x	y	Demand		ReadyTime	DueDate		ServiceTime	DemandedMass	DemandedVolume
0		5.0	5.0	0		0		0		0		0		0
1		1.0	8.0	6		0		0		0		8388		57600
2		9.0	6.0	5		0		0		0		6460		48000
3		5.0	0.0	4		0		0		0		4232		38400
4		3.0	0.0	7		0		0		0		9212		67200
5		4.0	10.0	7		0		0		0		10150		67200
6		4.0	5.0	4		0		0		0		4188		38400
7		10.0	7.0	5		0		0		0		6850		48000
8		5.0	2.0	4		0		0		0		4052		38400
9		8.0	5.0	7		0		0		0		7420		67200
10		9.0	3.0	6		0		0		0		7182		57600
11		10.0	10.0	6		0		0		0		8328		57600
12		0.0	1.0	5		0		0		0		6070		48000
13		6.0	7.0	7		0		0		0		9982		67200
14		2.0	3.0	5		0		0		0		6405		48000
15		6.0	5.0	4		0		0		0		4716		38400
16		7.0	0.0	7		0		0		0		7861		67200
17		9.0	5.0	7		0		0		0		7784		67200
18		10.0	8.0	4		0		0		0		5060		38400
19		2.0	9.0	7		0		0		0		9730		67200
20		3.0	7.0	4		0		0		0		4332		38400
21		5.0	1.0	6		0		0		0		6048		57600
22		4.0	4.0	6		0		0		0		8712		57600
23		3.0	4.0	4		0		0		0		5956		38400
24		7.0	1.0	4		0		0		0		4836		38400
25		10.0	8.0	5		0		0		0		7120		48000
26		2.0	8.0	7		0		0		0		7994		67200
27		10.0	0.0	5		0		0		0		6560		48000
28		4.0	3.0	5		0		0		0		6975		48000
29		7.0	8.0	4		0		0		0		5252		38400
30		0.0	0.0	4		0		0		0		5540		38400
31		10.0	8.0	7		0		0		0		10248		67200
32		10.0	6.0	7		0		0		0		9695		67200
33		5.0	1.0	6		0		0		0		7638		57600
34		5.0	5.0	7		0		0		0		9674		67200
35		9.0	9.0	4		0		0		0		4168		38400
36		3.0	5.0	4		0		0		0		4016		38400
37		2.0	0.0	5		0		0		0		7190		48000
38		6.0	3.0	7		0		0		0		9261		67200
39		10.0	1.0	4		0		0		0		4528		38400
40		3.0	3.0	6		0		0		0		7794		57600
41		1.0	5.0	4		0		0		0		5400		38400
42		5.0	8.0	4		0		0		0		4576		38400
43		0.0	5.0	7		0		0		0		7308		67200
44		2.0	6.0	5		0		0		0		7285		48000
45		10.0	10.0	5		0		0		0		6420		48000
46		9.0	4.0	4		0		0		0		5352		38400
47		2.0	5.0	7		0		0		0		7742		67200
48		9.0	9.0	5		0		0		0		5760		48000
49		1.0	9.0	5		0		0		0		6255		48000
50		8.0	7.0	7		0		0		0		8897		67200
51		9.0	1.0	7		0		0		0		8869		67200
52		4.0	6.0	5		0		0		0		5365		48000
53		8.0	9.0	4		0		0		0		4396		38400
54		8.0	5.0	5		0		0		0		6195		48000
55		7.0	10.0	6		0		0		0		8772		57600
56		3.0	7.0	4		0		0		0		5764		38400
57		3.0	6.0	6		0		0		0		6798		57600
58		6.0	1.0	6		0		0		0		7638		57600
59		10.0	10.0	4		0		0		0		4352		38400
60		6.0	2.0	7		0		0		0		8393		67200
61		6.0	7.0	6		0		0		0		8436		57600
62		9.0	8.0	7		0		0		0		9604		67200
63		1.0	3.0	4		0		0		0		4548		38400
64		6.0	8.0	5		0		0		0		6320		48000
65		3.0	9.0	6		0		0		0		6162		57600
66		3.0	1.0	7		0		0		0		8666		67200
67		0.0	4.0	7		0		0		0		8302		67200
68		1.0	9.0	5		0		0		0		5075		48000
69		6.0	1.0	5		0		0		0		5045		48000
70		10.0	5.0	7		0		0		0		8036		67200
71		4.0	0.0	6		0		0		0		8160		57600
72		9.0	6.0	4		0		0		0		5660		38400
73		2.0	9.0	5		0		0		0		6365		48000
74		7.0	9.0	4		0		0		0		4136		38400
75		0.0	2.0	4		0		0		0		5708		38400

ITEMS
Type	Length	Width	Height	Mass	Fragility	LoadBearingStrength
Bt1	80	120	244	1398	0		0
Bt2	80	120	244	1292	0		0
Bt3	80	120	244	1058	0		0
Bt4	80	120	244	1316	0		0
Bt5	80	120	244	1450	0		0
Bt6	80	120	244	1047	0		0
Bt7	80	120	244	1370	0		0
Bt8	80	120	244	1013	0		0
Bt9	80	120	244	1060	0		0
Bt10	80	120	244	1197	0		0
Bt11	80	120	244	1388	0		0
Bt12	80	120	244	1214	0		0
Bt13	80	120	244	1426	0		0
Bt14	80	120	244	1281	0		0
Bt15	80	120	244	1179	0		0
Bt16	80	120	244	1123	0		0
Bt17	80	120	244	1112	0		0
Bt18	80	120	244	1265	0		0
Bt19	80	120	244	1390	0		0
Bt20	80	120	244	1083	0		0
Bt21	80	120	244	1008	0		0
Bt22	80	120	244	1452	0		0
Bt23	80	120	244	1489	0		0
Bt24	80	120	244	1209	0		0
Bt25	80	120	244	1424	0		0
Bt26	80	120	244	1142	0		0
Bt27	80	120	244	1312	0		0
Bt28	80	120	244	1395	0		0
Bt29	80	120	244	1313	0		0
Bt30	80	120	244	1385	0		0
Bt31	80	120	244	1464	0		0
Bt32	80	120	244	1385	0		0
Bt33	80	120	244	1273	0		0
Bt34	80	120	244	1382	0		0
Bt35	80	120	244	1042	0		0
Bt36	80	120	244	1004	0		0
Bt37	80	120	244	1438	0		0
Bt38	80	120	244	1323	0		0
Bt39	80	120	244	1132	0		0
Bt40	80	120	244	1299	0		0
Bt41	80	120	244	1350	0		0
Bt42	80	120	244	1144	0		0
Bt43	80	120	244	1044	0		0
Bt44	80	120	244	1457	0		0
Bt45	80	120	244	1284	0		0
Bt46	80	120	244	1338	0		0
Bt47	80	120	244	1106	0		0
Bt48	80	120	244	1152	0		0
Bt49	80	120	244	1251	0		0
Bt50	80	120	244	1271	0		0
Bt51	80	120	244	1267	0		0
Bt52	80	120	244	1073	0		0
Bt53	80	120	244	1099	0		0
Bt54	80	120	244	1239	0		0
Bt55	80	120	244	1462	0		0
Bt56	80	120	244	1441	0		0
Bt57	80	120	244	1133	0		0
Bt58	80	120	244	1273	0		0
Bt59	80	120	244	1088	0		0
Bt60	80	120	244	1199	0		0
Bt61	80	120	244	1406	0		0
Bt62	80	120	244	1372	0		0
Bt63	80	120	244	1137	0		0
Bt64	80	120	244	1264	0		0
Bt65	80	120	244	1027	0		0
Bt66	80	120	244	1238	0		0
Bt67	80	120	244	1186	0		0
Bt68	80	120	244	1015	0		0
Bt69	80	120	244	1009	0		0
Bt70	80	120	244	1148	0		0
Bt71	80	120	244	1360	0		0
Bt72	80	120	244	1415	0		0
Bt73	80	120	244	1273	0		0
Bt74	80	120	244	1034	0		0
Bt75	80	120	244	1427	0		0

DEMANDS PER CUSTOMER
i	Type Quantity
1	Bt1 6
2	Bt2 5
3	Bt3 4
4	Bt4 7
5	Bt5 7
6	Bt6 4
7	Bt7 5
8	Bt8 4
9	Bt9 7
10	Bt10 6
11	Bt11 6
12	Bt12 5
13	Bt13 7
14	Bt14 5
15	Bt15 4
16	Bt16 7
17	Bt17 7
18	Bt18 4
19	Bt19 7
20	Bt20 4
21	Bt21 6
22	Bt22 6
23	Bt23 4
24	Bt24 4
25	Bt25 5
26	Bt26 7
27	Bt27 5
28	Bt28 5
29	Bt29 4
30	Bt30 4
31	Bt31 7
32	Bt32 7
33	Bt33 6
34	Bt34 7
35	Bt35 4
36	Bt36 4
37	Bt37 5
38	Bt38 7
39	Bt39 4
40	Bt40 6
41	Bt41 4
42	Bt42 4
43	Bt43 7
44	Bt44 5
45	Bt45 5
46	Bt46 4
47	Bt47 7
48	Bt48 5
49	Bt49 5
50	Bt50 7
51	Bt51 7
52	Bt52 5
53	Bt53 4
54	Bt54 5
55	Bt55 6
56	Bt56 4
57	Bt57 6
58	Bt58 6
59	Bt59 4
60	Bt60 7
61	Bt61 6
62	Bt62 7
63	Bt63 4
64	Bt64 5
65	Bt65 6
66	Bt66 7
67	Bt67 7
68	Bt68 5
69	Bt69 5
70	Bt70 7
71	Bt71 6
72	Bt72 4
73	Bt73 5
74	Bt74 4
75	Bt75 4
