Name				Inst_75_1_7
Number_of_Customers		75
Number_of_Items			416
Number_of_ItemTypes		75
Number_of_Vehicles		75
TimeWindows			0

VEHICLE
Mass_Capacity			32200
CargoSpace_Length		912
CargoSpace_Width		244
CargoSpace_Height		244
Wheelbase			550
Max_Mass_FrontAxle		11600
Max_Mass_RearAxle		21000
Distance_FrontAxle_CargoSpace	-100

CUSTOMERS
i		x	y	Demand		ReadyTime	DueDate		ServiceTime	DemandedMass	DemandedVolume
0		5.0	5.0	0		0		0		0		0		0
1		9.0	6.0	4		0		0		0		4004		38400
2		0.0	10.0	7		0		0		0		9156		67200
3		9.0	6.0	6		0		0		0		6468		57600
4		3.0	5.0	5		0		0		0		6120		48000
5		7.0	2.0	7		0		0		0		9646		67200
6		2.0	6.0	5		0		0		0		7375		48000
7		5.0	3.0	6		0		0		0		6282		57600
8		4.0	2.0	5		0		0		0		5500		48000
9		5.0	8.0	6		0		0		0		7224		57600
10		1.0	9.0	6		0		0		0		8940		57600
11		10.0	5.0	5		0		0		0		7420		48000
12		10.0	2.0	7		0		0		0		7357		67200
13		10.0	3.0	5		0		0		0		5635		48000
14		3.0	5.0	4		0		0		0		4680		38400
15		6.0	4.0	4		0		0		0		5768		38400
16		7.0	5.0	6		0		0		0		8862		57600
17		9.0	1.0	7		0		0		0		9856		67200
18		1.0	3.0	6		0		0		0		7266		57600
19		4.0	5.0	6		0		0		0		7800		57600
20		10.0	1.0	7		0		0		0		8484		67200
21		4.0	6.0	6		0		0		0		7404		57600
22		5.0	0.0	6		0		0		0		8226		57600
23		10.0	3.0	7		0		0		0		7483		67200
24		9.0	4.0	5		0		0		0		6915		48000
25		3.0	4.0	7		0		0		0		10402		67200
26		3.0	3.0	6		0		0		0		7656		57600
27		3.0	0.0	6		0		0		0		6366		57600
28		0.0	6.0	5		0		0		0		6625		48000
29		0.0	7.0	6		0		0		0		7314		57600
30		1.0	7.0	6		0		0		0		8226		57600
31		9.0	8.0	7		0		0		0		8001		67200
32		2.0	1.0	4		0		0		0		4956		38400
33		0.0	7.0	4		0		0		0		4244		38400
34		8.0	0.0	5		0		0		0		6685		48000
35		8.0	9.0	6		0		0		0		8874		57600
36		2.0	7.0	4		0		0		0		4392		38400
37		1.0	9.0	4		0		0		0		5680		38400
38		2.0	2.0	5		0		0		0		7250		48000
39		5.0	0.0	7		0		0		0		8701		67200
40		9.0	1.0	7		0		0		0		10045		67200
41		3.0	4.0	7		0		0		0		10164		67200
42		5.0	2.0	6		0		0		0		6444		57600
43		3.0	2.0	6		0		0		0		7470		57600
44		1.0	8.0	6		0		0		0		6162		57600
45		2.0	8.0	5		0		0		0		6430		48000
46		6.0	7.0	6		0		0		0		6906		57600
47		4.0	6.0	7		0		0		0		7847		67200
48		2.0	9.0	7		0		0		0		8204		67200
49		2.0	3.0	5		0		0		0		5690		48000
50		6.0	9.0	4		0		0		0		5076		38400
51		9.0	6.0	4		0		0		0		4256		38400
52		3.0	9.0	6		0		0		0		7146		57600
53		8.0	8.0	6		0		0		0		7260		57600
54		2.0	9.0	7		0		0		0		7525		67200
55		9.0	6.0	5		0		0		0		5565		48000
56		6.0	10.0	5		0		0		0		5150		48000
57		10.0	1.0	6		0		0		0		8616		57600
58		1.0	6.0	4		0		0		0		4708		38400
59		7.0	1.0	5		0		0		0		6445		48000
60		6.0	3.0	4		0		0		0		4328		38400
61		10.0	10.0	6		0		0		0		6510		57600
62		10.0	1.0	6		0		0		0		8976		57600
63		3.0	8.0	5		0		0		0		6405		48000
64		8.0	0.0	5		0		0		0		6415		48000
65		2.0	1.0	7		0		0		0		7014		67200
66		10.0	3.0	4		0		0		0		5152		38400
67		0.0	8.0	5		0		0		0		7125		48000
68		7.0	4.0	5		0		0		0		6170		48000
69		1.0	10.0	5		0		0		0		5610		48000
70		2.0	5.0	6		0		0		0		7422		57600
71		10.0	6.0	4		0		0		0		5352		38400
72		0.0	4.0	7		0		0		0		7728		67200
73		3.0	7.0	4		0		0		0		4068		38400
74		2.0	3.0	5		0		0		0		6640		48000
75		0.0	3.0	4		0		0		0		4208		38400

ITEMS
Type	Length	Width	Height	Mass	Fragility	LoadBearingStrength
Bt1	80	120	244	1001	0		0
Bt2	80	120	244	1308	0		0
Bt3	80	120	244	1078	0		0
Bt4	80	120	244	1224	0		0
Bt5	80	120	244	1378	0		0
Bt6	80	120	244	1475	0		0
Bt7	80	120	244	1047	0		0
Bt8	80	120	244	1100	0		0
Bt9	80	120	244	1204	0		0
Bt10	80	120	244	1490	0		0
Bt11	80	120	244	1484	0		0
Bt12	80	120	244	1051	0		0
Bt13	80	120	244	1127	0		0
Bt14	80	120	244	1170	0		0
Bt15	80	120	244	1442	0		0
Bt16	80	120	244	1477	0		0
Bt17	80	120	244	1408	0		0
Bt18	80	120	244	1211	0		0
Bt19	80	120	244	1300	0		0
Bt20	80	120	244	1212	0		0
Bt21	80	120	244	1234	0		0
Bt22	80	120	244	1371	0		0
Bt23	80	120	244	1069	0		0
Bt24	80	120	244	1383	0		0
Bt25	80	120	244	1486	0		0
Bt26	80	120	244	1276	0		0
Bt27	80	120	244	1061	0		0
Bt28	80	120	244	1325	0		0
Bt29	80	120	244	1219	0		0
Bt30	80	120	244	1371	0		0
Bt31	80	120	244	1143	0		0
Bt32	80	120	244	1239	0		0
Bt33	80	120	244	1061	0		0
Bt34	80	120	244	1337	0		0
Bt35	80	120	244	1479	0		0
Bt36	80	120	244	1098	0		0
Bt37	80	120	244	1420	0		0
Bt38	80	120	244	1450	0		0
Bt39	80	120	244	1243	0		0
Bt40	80	120	244	1435	0		0
Bt41	80	120	244	1452	0		0
Bt42	80	120	244	1074	0		0
Bt43	80	120	244	1245	0		0
Bt44	80	120	244	1027	0		0
Bt45	80	120	244	1286	0		0
Bt46	80	120	244	1151	0		0
Bt47	80	120	244	1121	0		0
Bt48	80	120	244	1172	0		0
Bt49	80	120	244	1138	0		0
Bt50	80	120	244	1269	0		0
Bt51	80	120	244	1064	0		0
Bt52	80	120	244	1191	0		0
Bt53	80	120	244	1210	0		0
Bt54	80	120	244	1075	0		0
Bt55	80	120	244	1113	0		0
Bt56	80	120	244	1030	0		0
Bt57	80	120	244	1436	0		0
Bt58	80	120	244	1177	0		0
Bt59	80	120	244	1289	0		0
Bt60	80	120	244	1082	0		0
Bt61	80	120	244	1085	0		0
Bt62	80	120	244	1496	0		0
Bt63	80	120	244	1281	0		0
Bt64	80	120	244	1283	0		0
Bt65	80	120	244	1002	0		0
Bt66	80	120	244	1288	0		0
Bt67	80	120	244	1425	0		0
Bt68	80	120	244	1234	0		0
Bt69	80	120	244	1122	0		0
Bt70	80	120	244	1237	0		0
Bt71	80	120	244	1338	0		0
Bt72	80	120	244	1104	0		0
Bt73	80	120	244	1017	0		0
Bt74	80	120	244	1328	0		0
Bt75	80	120	244	1052	0		0

DEMANDS PER CUSTOMER
i	Type Quantity
1	Bt1 4
2	Bt2 7
3	Bt3 6
4	Bt4 5
5	Bt5 7
6	Bt6 5
7	Bt7 6
8	Bt8 5
9	Bt9 6
10	Bt10 6
11	Bt11 5
12	Bt12 7
13	Bt13 5
14	Bt14 4
15	Bt15 4
16	Bt16 6
17	Bt17 7
18	Bt18 6
19	Bt19 6
20	Bt20 7
21	Bt21 6
22	Bt22 6
23	Bt23 7
24	Bt24 5
25	Bt25 7
26	Bt26 6
27	Bt27 6
28	Bt28 5
29	Bt29 6
30	Bt30 6
31	Bt31 7
32	Bt32 4
33	Bt33 4
34	Bt34 5
35	Bt35 6
36	Bt36 4
37	Bt37 4
38	Bt38 5
39	Bt39 7
40	Bt40 7
41	Bt41 7
42	Bt42 6
43	Bt43 6
44	Bt44 6
45	Bt45 5
46	Bt46 6
47	Bt47 7
48	Bt48 7
49	Bt49 5
50	Bt50 4
51	Bt51 4
52	Bt52 6
53	Bt53 6
54	Bt54 7
55	Bt55 5
56	Bt56 5
57	Bt57 6
58	Bt58 4
59	Bt59 5
60	Bt60 4
61	Bt61 6
62	Bt62 6
63	Bt63 5
64	Bt64 5
65	Bt65 7
66	Bt66 4
67	Bt67 5
68	Bt68 5
69	Bt69 5
70	Bt70 6
71	Bt71 4
72	Bt72 7
73	Bt73 4
74	Bt74 5
75	Bt75 4
