Name				Inst_100_3_3
Number_of_Customers		100
Number_of_Items			568
Number_of_ItemTypes		100
Number_of_Vehicles		100
TimeWindows			0

VEHICLE
Mass_Capacity			32200
CargoSpace_Length		912
CargoSpace_Width		244
CargoSpace_Height		244
Wheelbase			550
Max_Mass_FrontAxle		11600
Max_Mass_RearAxle		21000
Distance_FrontAxle_CargoSpace	-100

CUSTOMERS
i		x	y	Demand		ReadyTime	DueDate		ServiceTime	DemandedMass	DemandedVolume
0		5.0	5.0	0		0		0		0		0		0
1		8.0	3.0	7		0		0		0		7938		67200
2		2.0	3.0	4		0		0		0		5296		38400
3		7.0	1.0	4		0		0		0		4112		38400
4		1.0	7.0	4		0		0		0		5452		38400
5		2.0	10.0	4		0		0		0		4240		38400
6		8.0	0.0	6		0		0		0		7782		57600
7		6.0	4.0	5		0		0		0		5235		48000
8		5.0	5.0	7		0		0		0		10241		67200
9		7.0	3.0	4		0		0		0		4548		38400
10		0.0	7.0	5		0		0		0		6595		48000
11		3.0	0.0	5		0		0		0		6070		48000
12		5.0	9.0	4		0		0		0		4160		38400
13		3.0	9.0	7		0		0		0		10409		67200
14		4.0	1.0	6		0		0		0		8556		57600
15		2.0	6.0	4		0		0		0		5720		38400
16		9.0	10.0	7		0		0		0		7525		67200
17		0.0	4.0	6		0		0		0		7860		57600
18		8.0	3.0	6		0		0		0		6288		57600
19		6.0	10.0	6		0		0		0		7428		57600
20		3.0	9.0	5		0		0		0		6810		48000
21		6.0	0.0	5		0		0		0		6335		48000
22		2.0	4.0	4		0		0		0		5336		38400
23		8.0	3.0	7		0		0		0		8414		67200
24		2.0	4.0	5		0		0		0		7015		48000
25		4.0	0.0	6		0		0		0		7686		57600
26		10.0	6.0	6		0		0		0		8772		57600
27		3.0	5.0	6		0		0		0		8604		57600
28		8.0	4.0	7		0		0		0		9968		67200
29		7.0	3.0	5		0		0		0		7195		48000
30		6.0	10.0	6		0		0		0		7932		57600
31		4.0	3.0	4		0		0		0		5868		38400
32		0.0	0.0	4		0		0		0		5456		38400
33		2.0	10.0	6		0		0		0		8046		57600
34		2.0	5.0	7		0		0		0		8414		67200
35		2.0	1.0	6		0		0		0		6834		57600
36		5.0	0.0	6		0		0		0		6060		57600
37		8.0	4.0	6		0		0		0		7092		57600
38		6.0	3.0	4		0		0		0		5972		38400
39		0.0	2.0	6		0		0		0		7842		57600
40		9.0	10.0	6		0		0		0		8184		57600
41		8.0	3.0	5		0		0		0		6585		48000
42		8.0	3.0	7		0		0		0		9093		67200
43		6.0	9.0	4		0		0		0		4204		38400
44		10.0	6.0	6		0		0		0		6522		57600
45		6.0	8.0	7		0		0		0		7672		67200
46		4.0	9.0	4		0		0		0		5348		38400
47		8.0	2.0	7		0		0		0		9828		67200
48		1.0	10.0	7		0		0		0		8673		67200
49		9.0	5.0	4		0		0		0		5120		38400
50		6.0	1.0	7		0		0		0		1428		67200
51		10.0	10.0	7		0		0		0		3360		67200
52		1.0	9.0	5		0		0		0		1120		48000
53		10.0	6.0	6		0		0		0		924		57600
54		4.0	10.0	7		0		0		0		1890		67200
55		4.0	9.0	4		0		0		0		1972		38400
56		4.0	0.0	5		0		0		0		2040		48000
57		7.0	3.0	6		0		0		0		1866		57600
58		6.0	3.0	7		0		0		0		2268		67200
59		1.0	4.0	7		0		0		0		735		67200
60		2.0	3.0	6		0		0		0		2646		57600
61		6.0	3.0	7		0		0		0		3493		67200
62		8.0	7.0	5		0		0		0		2270		48000
63		1.0	10.0	5		0		0		0		2445		48000
64		8.0	6.0	7		0		0		0		714		67200
65		10.0	2.0	7		0		0		0		2527		67200
66		4.0	9.0	5		0		0		0		880		48000
67		2.0	6.0	7		0		0		0		3465		67200
68		3.0	1.0	7		0		0		0		3304		67200
69		8.0	3.0	5		0		0		0		1690		48000
70		7.0	0.0	5		0		0		0		765		48000
71		10.0	9.0	7		0		0		0		2919		67200
72		5.0	9.0	6		0		0		0		1656		57600
73		2.0	1.0	6		0		0		0		870		57600
74		3.0	9.0	5		0		0		0		2245		48000
75		2.0	10.0	7		0		0		0		3255		67200
76		5.0	1.0	6		0		0		0		1578		57600
77		7.0	8.0	7		0		0		0		3276		67200
78		8.0	8.0	4		0		0		0		680		38400
79		4.0	2.0	6		0		0		0		1584		57600
80		6.0	7.0	6		0		0		0		2712		57600
81		0.0	10.0	5		0		0		0		595		48000
82		4.0	0.0	4		0		0		0		1500		38400
83		8.0	8.0	7		0		0		0		2863		67200
84		8.0	9.0	4		0		0		0		1940		38400
85		4.0	7.0	7		0		0		0		1246		67200
86		3.0	9.0	7		0		0		0		966		67200
87		5.0	8.0	6		0		0		0		2598		57600
88		1.0	0.0	6		0		0		0		1572		57600
89		10.0	7.0	6		0		0		0		2862		57600
90		6.0	6.0	5		0		0		0		1800		48000
91		6.0	5.0	7		0		0		0		2506		67200
92		8.0	3.0	7		0		0		0		2744		67200
93		3.0	9.0	7		0		0		0		966		67200
94		10.0	3.0	4		0		0		0		468		38400
95		7.0	1.0	4		0		0		0		640		38400
96		6.0	9.0	6		0		0		0		1098		57600
97		8.0	2.0	5		0		0		0		1385		48000
98		4.0	9.0	5		0		0		0		1020		48000
99		5.0	4.0	5		0		0		0		820		48000
100		7.0	3.0	5		0		0		0		1510		48000

ITEMS
Type	Length	Width	Height	Mass	Fragility	LoadBearingStrength
Bt1	80	120	244	1134	0		0
Bt2	80	120	244	1324	0		0
Bt3	80	120	244	1028	0		0
Bt4	80	120	244	1363	0		0
Bt5	80	120	244	1060	0		0
Bt6	80	120	244	1297	0		0
Bt7	80	120	244	1047	0		0
Bt8	80	120	244	1463	0		0
Bt9	80	120	244	1137	0		0
Bt10	80	120	244	1319	0		0
Bt11	80	120	244	1214	0		0
Bt12	80	120	244	1040	0		0
Bt13	80	120	244	1487	0		0
Bt14	80	120	244	1426	0		0
Bt15	80	120	244	1430	0		0
Bt16	80	120	244	1075	0		0
Bt17	80	120	244	1310	0		0
Bt18	80	120	244	1048	0		0
Bt19	80	120	244	1238	0		0
Bt20	80	120	244	1362	0		0
Bt21	80	120	244	1267	0		0
Bt22	80	120	244	1334	0		0
Bt23	80	120	244	1202	0		0
Bt24	80	120	244	1403	0		0
Bt25	80	120	244	1281	0		0
Bt26	80	120	244	1462	0		0
Bt27	80	120	244	1434	0		0
Bt28	80	120	244	1424	0		0
Bt29	80	120	244	1439	0		0
Bt30	80	120	244	1322	0		0
Bt31	80	120	244	1467	0		0
Bt32	80	120	244	1364	0		0
Bt33	80	120	244	1341	0		0
Bt34	80	120	244	1202	0		0
Bt35	80	120	244	1139	0		0
Bt36	80	120	244	1010	0		0
Bt37	80	120	244	1182	0		0
Bt38	80	120	244	1493	0		0
Bt39	80	120	244	1307	0		0
Bt40	80	120	244	1364	0		0
Bt41	80	120	244	1317	0		0
Bt42	80	120	244	1299	0		0
Bt43	80	120	244	1051	0		0
Bt44	80	120	244	1087	0		0
Bt45	80	120	244	1096	0		0
Bt46	80	120	244	1337	0		0
Bt47	80	120	244	1404	0		0
Bt48	80	120	244	1239	0		0
Bt49	80	120	244	1280	0		0
Bt50	80	120	244	204	0		0
Bt51	80	120	244	480	0		0
Bt52	80	120	244	224	0		0
Bt53	80	120	244	154	0		0
Bt54	80	120	244	270	0		0
Bt55	80	120	244	493	0		0
Bt56	80	120	244	408	0		0
Bt57	80	120	244	311	0		0
Bt58	80	120	244	324	0		0
Bt59	80	120	244	105	0		0
Bt60	80	120	244	441	0		0
Bt61	80	120	244	499	0		0
Bt62	80	120	244	454	0		0
Bt63	80	120	244	489	0		0
Bt64	80	120	244	102	0		0
Bt65	80	120	244	361	0		0
Bt66	80	120	244	176	0		0
Bt67	80	120	244	495	0		0
Bt68	80	120	244	472	0		0
Bt69	80	120	244	338	0		0
Bt70	80	120	244	153	0		0
Bt71	80	120	244	417	0		0
Bt72	80	120	244	276	0		0
Bt73	80	120	244	145	0		0
Bt74	80	120	244	449	0		0
Bt75	80	120	244	465	0		0
Bt76	80	120	244	263	0		0
Bt77	80	120	244	468	0		0
Bt78	80	120	244	170	0		0
Bt79	80	120	244	264	0		0
Bt80	80	120	244	452	0		0
Bt81	80	120	244	119	0		0
Bt82	80	120	244	375	0		0
Bt83	80	120	244	409	0		0
Bt84	80	120	244	485	0		0
Bt85	80	120	244	178	0		0
Bt86	80	120	244	138	0		0
Bt87	80	120	244	433	0		0
Bt88	80	120	244	262	0		0
Bt89	80	120	244	477	0		0
Bt90	80	120	244	360	0		0
Bt91	80	120	244	358	0		0
Bt92	80	120	244	392	0		0
Bt93	80	120	244	138	0		0
Bt94	80	120	244	117	0		0
Bt95	80	120	244	160	0		0
Bt96	80	120	244	183	0		0
Bt97	80	120	244	277	0		0
Bt98	80	120	244	204	0		0
Bt99	80	120	244	164	0		0
Bt100	80	120	244	302	0		0

DEMANDS PER CUSTOMER
i	Type Quantity
1	Bt1 7
2	Bt2 4
3	Bt3 4
4	Bt4 4
5	Bt5 4
6	Bt6 6
7	Bt7 5
8	Bt8 7
9	Bt9 4
10	Bt10 5
11	Bt11 5
12	Bt12 4
13	Bt13 7
14	Bt14 6
15	Bt15 4
16	Bt16 7
17	Bt17 6
18	Bt18 6
19	Bt19 6
20	Bt20 5
21	Bt21 5
22	Bt22 4
23	Bt23 7
24	Bt24 5
25	Bt25 6
26	Bt26 6
27	Bt27 6
28	Bt28 7
29	Bt29 5
30	Bt30 6
31	Bt31 4
32	Bt32 4
33	Bt33 6
34	Bt34 7
35	Bt35 6
36	Bt36 6
37	Bt37 6
38	Bt38 4
39	Bt39 6
40	Bt40 6
41	Bt41 5
42	Bt42 7
43	Bt43 4
44	Bt44 6
45	Bt45 7
46	Bt46 4
47	Bt47 7
48	Bt48 7
49	Bt49 4
50	Bt50 7
51	Bt51 7
52	Bt52 5
53	Bt53 6
54	Bt54 7
55	Bt55 4
56	Bt56 5
57	Bt57 6
58	Bt58 7
59	Bt59 7
60	Bt60 6
61	Bt61 7
62	Bt62 5
63	Bt63 5
64	Bt64 7
65	Bt65 7
66	Bt66 5
67	Bt67 7
68	Bt68 7
69	Bt69 5
70	Bt70 5
71	Bt71 7
72	Bt72 6
73	Bt73 6
74	Bt74 5
75	Bt75 7
76	Bt76 6
77	Bt77 7
78	Bt78 4
79	Bt79 6
80	Bt80 6
81	Bt81 5
82	Bt82 4
83	Bt83 7
84	Bt84 4
85	Bt85 7
86	Bt86 7
87	Bt87 6
88	Bt88 6
89	Bt89 6
90	Bt90 5
91	Bt91 7
92	Bt92 7
93	Bt93 7
94	Bt94 4
95	Bt95 4
96	Bt96 6
97	Bt97 5
98	Bt98 5
99	Bt99 5
100	Bt100 5
