Name				Inst_75_2_3
Number_of_Customers		75
Number_of_Items			569
Number_of_ItemTypes		75
Number_of_Vehicles		75
TimeWindows			0

VEHICLE
Mass_Capacity			32200
CargoSpace_Length		912
CargoSpace_Width		244
CargoSpace_Height		244
Wheelbase			550
Max_Mass_FrontAxle		11600
Max_Mass_RearAxle		21000
Distance_FrontAxle_CargoSpace	-100

CUSTOMERS
i		x	y	Demand		ReadyTime	DueDate		ServiceTime	DemandedMass	DemandedVolume
0		5.0	5.0	0		0		0		0		0		0
1		0.0	3.0	11		0		0		0		14377		105600
2		9.0	2.0	1		0		0		0		1296		9600
3		10.0	1.0	1		0		0		0		1165		9600
4		2.0	9.0	6		0		0		0		7938		57600
5		1.0	8.0	4		0		0		0		5476		38400
6		2.0	0.0	11		0		0		0		13156		105600
7		9.0	7.0	9		0		0		0		13338		86400
8		9.0	7.0	1		0		0		0		1335		9600
9		10.0	2.0	13		0		0		0		17472		124800
10		10.0	8.0	4		0		0		0		5784		38400
11		9.0	6.0	7		0		0		0		8736		67200
12		10.0	3.0	7		0		0		0		9555		67200
13		10.0	7.0	12		0		0		0		17892		115200
14		5.0	5.0	6		0		0		0		6906		57600
15		4.0	2.0	6		0		0		0		8682		57600
16		10.0	1.0	12		0		0		0		17640		115200
17		2.0	7.0	10		0		0		0		12600		96000
18		8.0	2.0	8		0		0		0		8176		76800
19		1.0	1.0	12		0		0		0		13920		115200
20		3.0	5.0	8		0		0		0		9592		76800
21		1.0	2.0	15		0		0		0		17040		144000
22		6.0	7.0	9		0		0		0		12915		86400
23		1.0	2.0	13		0		0		0		15418		124800
24		2.0	1.0	10		0		0		0		10210		96000
25		4.0	0.0	10		0		0		0		11230		96000
26		0.0	8.0	12		0		0		0		16464		115200
27		3.0	7.0	6		0		0		0		7842		57600
28		7.0	10.0	1		0		0		0		1332		9600
29		10.0	0.0	6		0		0		0		7452		57600
30		9.0	4.0	3		0		0		0		3459		28800
31		8.0	1.0	11		0		0		0		14817		105600
32		5.0	0.0	11		0		0		0		11341		105600
33		10.0	4.0	6		0		0		0		7008		57600
34		3.0	8.0	14		0		0		0		20146		134400
35		3.0	0.0	12		0		0		0		12348		115200
36		10.0	1.0	13		0		0		0		18902		124800
37		10.0	0.0	10		0		0		0		13800		96000
38		0.0	0.0	6		0		0		0		8400		57600
39		0.0	1.0	6		0		0		0		8838		57600
40		6.0	8.0	1		0		0		0		1075		9600
41		10.0	6.0	15		0		0		0		17805		144000
42		1.0	6.0	2		0		0		0		2574		19200
43		2.0	7.0	4		0		0		0		4324		38400
44		8.0	10.0	10		0		0		0		13050		96000
45		2.0	0.0	7		0		0		0		7119		67200
46		3.0	4.0	2		0		0		0		2888		19200
47		3.0	5.0	12		0		0		0		17952		115200
48		7.0	0.0	14		0		0		0		20048		134400
49		3.0	10.0	6		0		0		0		7626		57600
50		7.0	1.0	8		0		0		0		9200		76800
51		2.0	6.0	10		0		0		0		13530		96000
52		4.0	9.0	6		0		0		0		8442		57600
53		7.0	0.0	4		0		0		0		4172		38400
54		9.0	5.0	5		0		0		0		5125		48000
55		10.0	0.0	1		0		0		0		1425		9600
56		2.0	1.0	8		0		0		0		11584		76800
57		2.0	5.0	14		0		0		0		20846		134400
58		9.0	6.0	7		0		0		0		9191		67200
59		4.0	0.0	6		0		0		0		6198		57600
60		10.0	1.0	15		0		0		0		15045		144000
61		8.0	1.0	5		0		0		0		7020		48000
62		9.0	5.0	3		0		0		0		3921		28800
63		10.0	6.0	13		0		0		0		18694		124800
64		3.0	6.0	8		0		0		0		8432		76800
65		10.0	9.0	13		0		0		0		13936		124800
66		4.0	5.0	5		0		0		0		5095		48000
67		4.0	8.0	4		0		0		0		5328		38400
68		6.0	0.0	4		0		0		0		4724		38400
69		5.0	2.0	2		0		0		0		2840		19200
70		3.0	2.0	8		0		0		0		11664		76800
71		0.0	7.0	1		0		0		0		1022		9600
72		4.0	2.0	5		0		0		0		6085		48000
73		0.0	4.0	6		0		0		0		8208		57600
74		7.0	5.0	5		0		0		0		6660		48000
75		0.0	7.0	7		0		0		0		9142		67200

ITEMS
Type	Length	Width	Height	Mass	Fragility	LoadBearingStrength
Bt1	80	120	244	1307	0		0
Bt2	80	120	244	1296	0		0
Bt3	80	120	244	1165	0		0
Bt4	80	120	244	1323	0		0
Bt5	80	120	244	1369	0		0
Bt6	80	120	244	1196	0		0
Bt7	80	120	244	1482	0		0
Bt8	80	120	244	1335	0		0
Bt9	80	120	244	1344	0		0
Bt10	80	120	244	1446	0		0
Bt11	80	120	244	1248	0		0
Bt12	80	120	244	1365	0		0
Bt13	80	120	244	1491	0		0
Bt14	80	120	244	1151	0		0
Bt15	80	120	244	1447	0		0
Bt16	80	120	244	1470	0		0
Bt17	80	120	244	1260	0		0
Bt18	80	120	244	1022	0		0
Bt19	80	120	244	1160	0		0
Bt20	80	120	244	1199	0		0
Bt21	80	120	244	1136	0		0
Bt22	80	120	244	1435	0		0
Bt23	80	120	244	1186	0		0
Bt24	80	120	244	1021	0		0
Bt25	80	120	244	1123	0		0
Bt26	80	120	244	1372	0		0
Bt27	80	120	244	1307	0		0
Bt28	80	120	244	1332	0		0
Bt29	80	120	244	1242	0		0
Bt30	80	120	244	1153	0		0
Bt31	80	120	244	1347	0		0
Bt32	80	120	244	1031	0		0
Bt33	80	120	244	1168	0		0
Bt34	80	120	244	1439	0		0
Bt35	80	120	244	1029	0		0
Bt36	80	120	244	1454	0		0
Bt37	80	120	244	1380	0		0
Bt38	80	120	244	1400	0		0
Bt39	80	120	244	1473	0		0
Bt40	80	120	244	1075	0		0
Bt41	80	120	244	1187	0		0
Bt42	80	120	244	1287	0		0
Bt43	80	120	244	1081	0		0
Bt44	80	120	244	1305	0		0
Bt45	80	120	244	1017	0		0
Bt46	80	120	244	1444	0		0
Bt47	80	120	244	1496	0		0
Bt48	80	120	244	1432	0		0
Bt49	80	120	244	1271	0		0
Bt50	80	120	244	1150	0		0
Bt51	80	120	244	1353	0		0
Bt52	80	120	244	1407	0		0
Bt53	80	120	244	1043	0		0
Bt54	80	120	244	1025	0		0
Bt55	80	120	244	1425	0		0
Bt56	80	120	244	1448	0		0
Bt57	80	120	244	1489	0		0
Bt58	80	120	244	1313	0		0
Bt59	80	120	244	1033	0		0
Bt60	80	120	244	1003	0		0
Bt61	80	120	244	1404	0		0
Bt62	80	120	244	1307	0		0
Bt63	80	120	244	1438	0		0
Bt64	80	120	244	1054	0		0
Bt65	80	120	244	1072	0		0
Bt66	80	120	244	1019	0		0
Bt67	80	120	244	1332	0		0
Bt68	80	120	244	1181	0		0
Bt69	80	120	244	1420	0		0
Bt70	80	120	244	1458	0		0
Bt71	80	120	244	1022	0		0
Bt72	80	120	244	1217	0		0
Bt73	80	120	244	1368	0		0
Bt74	80	120	244	1332	0		0
Bt75	80	120	244	1306	0		0

DEMANDS PER CUSTOMER
i	Type Quantity
1	Bt1 11
2	Bt2 1
3	Bt3 1
4	Bt4 6
5	Bt5 4
6	Bt6 11
7	Bt7 9
8	Bt8 1
9	Bt9 13
10	Bt10 4
11	Bt11 7
12	Bt12 7
13	Bt13 12
14	Bt14 6
15	Bt15 6
16	Bt16 12
17	Bt17 10
18	Bt18 8
19	Bt19 12
20	Bt20 8
21	Bt21 15
22	Bt22 9
23	Bt23 13
24	Bt24 10
25	Bt25 10
26	Bt26 12
27	Bt27 6
28	Bt28 1
29	Bt29 6
30	Bt30 3
31	Bt31 11
32	Bt32 11
33	Bt33 6
34	Bt34 14
35	Bt35 12
36	Bt36 13
37	Bt37 10
38	Bt38 6
39	Bt39 6
40	Bt40 1
41	Bt41 15
42	Bt42 2
43	Bt43 4
44	Bt44 10
45	Bt45 7
46	Bt46 2
47	Bt47 12
48	Bt48 14
49	Bt49 6
50	Bt50 8
51	Bt51 10
52	Bt52 6
53	Bt53 4
54	Bt54 5
55	Bt55 1
56	Bt56 8
57	Bt57 14
58	Bt58 7
59	Bt59 6
60	Bt60 15
61	Bt61 5
62	Bt62 3
63	Bt63 13
64	Bt64 8
65	Bt65 13
66	Bt66 5
67	Bt67 4
68	Bt68 4
69	Bt69 2
70	Bt70 8
71	Bt71 1
72	Bt72 5
73	Bt73 6
74	Bt74 5
75	Bt75 7
