Name				Inst_75_3_4
Number_of_Customers		75
Number_of_Items			415
Number_of_ItemTypes		75
Number_of_Vehicles		75
TimeWindows			0

VEHICLE
Mass_Capacity			32200
CargoSpace_Length		912
CargoSpace_Width		244
CargoSpace_Height		244
Wheelbase			550
Max_Mass_FrontAxle		11600
Max_Mass_RearAxle		21000
Distance_FrontAxle_CargoSpace	-100

CUSTOMERS
i		x	y	Demand		ReadyTime	DueDate		ServiceTime	DemandedMass	DemandedVolume
0		5.0	5.0	0		0		0		0		0		0
1		10.0	2.0	6		0		0		0		6774		57600
2		2.0	3.0	5		0		0		0		6250		48000
3		2.0	2.0	7		0		0		0		8638		67200
4		10.0	7.0	7		0		0		0		7133		67200
5		4.0	3.0	6		0		0		0		8274		57600
6		10.0	1.0	6		0		0		0		7968		57600
7		0.0	10.0	7		0		0		0		9366		67200
8		8.0	2.0	4		0		0		0		5220		38400
9		5.0	6.0	5		0		0		0		5240		48000
10		6.0	7.0	7		0		0		0		7126		67200
11		4.0	6.0	5		0		0		0		6045		48000
12		5.0	7.0	4		0		0		0		4200		38400
13		2.0	6.0	7		0		0		0		9667		67200
14		7.0	9.0	6		0		0		0		6330		57600
15		3.0	9.0	6		0		0		0		8616		57600
16		9.0	4.0	5		0		0		0		7275		48000
17		0.0	4.0	7		0		0		0		9093		67200
18		2.0	10.0	5		0		0		0		7330		48000
19		4.0	5.0	6		0		0		0		6048		57600
20		4.0	8.0	5		0		0		0		6350		48000
21		1.0	9.0	6		0		0		0		8442		57600
22		1.0	6.0	7		0		0		0		9163		67200
23		3.0	8.0	6		0		0		0		8898		57600
24		2.0	3.0	6		0		0		0		6156		57600
25		6.0	5.0	6		0		0		0		7932		57600
26		0.0	3.0	4		0		0		0		5108		38400
27		9.0	7.0	6		0		0		0		8994		57600
28		9.0	8.0	4		0		0		0		5732		38400
29		9.0	5.0	7		0		0		0		7217		67200
30		1.0	7.0	5		0		0		0		5605		48000
31		0.0	7.0	6		0		0		0		6108		57600
32		10.0	1.0	5		0		0		0		5270		48000
33		1.0	3.0	6		0		0		0		8940		57600
34		0.0	2.0	4		0		0		0		5012		38400
35		10.0	9.0	7		0		0		0		9870		67200
36		2.0	1.0	7		0		0		0		8624		67200
37		3.0	4.0	4		0		0		0		436		38400
38		5.0	7.0	4		0		0		0		1192		38400
39		9.0	1.0	6		0		0		0		846		57600
40		3.0	5.0	6		0		0		0		1134		57600
41		8.0	0.0	7		0		0		0		910		67200
42		9.0	0.0	4		0		0		0		1972		38400
43		10.0	9.0	4		0		0		0		588		38400
44		6.0	1.0	5		0		0		0		1325		48000
45		6.0	4.0	5		0		0		0		815		48000
46		5.0	2.0	4		0		0		0		1648		38400
47		2.0	8.0	4		0		0		0		1080		38400
48		9.0	1.0	7		0		0		0		3374		67200
49		0.0	4.0	5		0		0		0		1970		48000
50		2.0	6.0	4		0		0		0		916		38400
51		2.0	4.0	6		0		0		0		768		57600
52		2.0	8.0	5		0		0		0		2050		48000
53		7.0	7.0	4		0		0		0		1724		38400
54		6.0	10.0	6		0		0		0		2616		57600
55		7.0	6.0	6		0		0		0		852		57600
56		5.0	0.0	5		0		0		0		1880		48000
57		2.0	0.0	4		0		0		0		1164		38400
58		7.0	3.0	6		0		0		0		2562		57600
59		3.0	4.0	5		0		0		0		2020		48000
60		3.0	6.0	5		0		0		0		2375		48000
61		8.0	3.0	7		0		0		0		2324		67200
62		0.0	5.0	7		0		0		0		1008		67200
63		2.0	10.0	7		0		0		0		2891		67200
64		2.0	0.0	4		0		0		0		1600		38400
65		9.0	8.0	7		0		0		0		1400		67200
66		2.0	2.0	7		0		0		0		2429		67200
67		2.0	6.0	5		0		0		0		1125		48000
68		4.0	9.0	6		0		0		0		1752		57600
69		5.0	5.0	5		0		0		0		2235		48000
70		4.0	6.0	4		0		0		0		1456		38400
71		1.0	6.0	5		0		0		0		2355		48000
72		3.0	5.0	7		0		0		0		945		67200
73		9.0	1.0	4		0		0		0		500		38400
74		3.0	4.0	4		0		0		0		1184		38400
75		0.0	2.0	7		0		0		0		2562		67200

ITEMS
Type	Length	Width	Height	Mass	Fragility	LoadBearingStrength
Bt1	80	120	244	1129	0		0
Bt2	80	120	244	1250	0		0
Bt3	80	120	244	1234	0		0
Bt4	80	120	244	1019	0		0
Bt5	80	120	244	1379	0		0
Bt6	80	120	244	1328	0		0
Bt7	80	120	244	1338	0		0
Bt8	80	120	244	1305	0		0
Bt9	80	120	244	1048	0		0
Bt10	80	120	244	1018	0		0
Bt11	80	120	244	1209	0		0
Bt12	80	120	244	1050	0		0
Bt13	80	120	244	1381	0		0
Bt14	80	120	244	1055	0		0
Bt15	80	120	244	1436	0		0
Bt16	80	120	244	1455	0		0
Bt17	80	120	244	1299	0		0
Bt18	80	120	244	1466	0		0
Bt19	80	120	244	1008	0		0
Bt20	80	120	244	1270	0		0
Bt21	80	120	244	1407	0		0
Bt22	80	120	244	1309	0		0
Bt23	80	120	244	1483	0		0
Bt24	80	120	244	1026	0		0
Bt25	80	120	244	1322	0		0
Bt26	80	120	244	1277	0		0
Bt27	80	120	244	1499	0		0
Bt28	80	120	244	1433	0		0
Bt29	80	120	244	1031	0		0
Bt30	80	120	244	1121	0		0
Bt31	80	120	244	1018	0		0
Bt32	80	120	244	1054	0		0
Bt33	80	120	244	1490	0		0
Bt34	80	120	244	1253	0		0
Bt35	80	120	244	1410	0		0
Bt36	80	120	244	1232	0		0
Bt37	80	120	244	109	0		0
Bt38	80	120	244	298	0		0
Bt39	80	120	244	141	0		0
Bt40	80	120	244	189	0		0
Bt41	80	120	244	130	0		0
Bt42	80	120	244	493	0		0
Bt43	80	120	244	147	0		0
Bt44	80	120	244	265	0		0
Bt45	80	120	244	163	0		0
Bt46	80	120	244	412	0		0
Bt47	80	120	244	270	0		0
Bt48	80	120	244	482	0		0
Bt49	80	120	244	394	0		0
Bt50	80	120	244	229	0		0
Bt51	80	120	244	128	0		0
Bt52	80	120	244	410	0		0
Bt53	80	120	244	431	0		0
Bt54	80	120	244	436	0		0
Bt55	80	120	244	142	0		0
Bt56	80	120	244	376	0		0
Bt57	80	120	244	291	0		0
Bt58	80	120	244	427	0		0
Bt59	80	120	244	404	0		0
Bt60	80	120	244	475	0		0
Bt61	80	120	244	332	0		0
Bt62	80	120	244	144	0		0
Bt63	80	120	244	413	0		0
Bt64	80	120	244	400	0		0
Bt65	80	120	244	200	0		0
Bt66	80	120	244	347	0		0
Bt67	80	120	244	225	0		0
Bt68	80	120	244	292	0		0
Bt69	80	120	244	447	0		0
Bt70	80	120	244	364	0		0
Bt71	80	120	244	471	0		0
Bt72	80	120	244	135	0		0
Bt73	80	120	244	125	0		0
Bt74	80	120	244	296	0		0
Bt75	80	120	244	366	0		0

DEMANDS PER CUSTOMER
i	Type Quantity
1	Bt1 6
2	Bt2 5
3	Bt3 7
4	Bt4 7
5	Bt5 6
6	Bt6 6
7	Bt7 7
8	Bt8 4
9	Bt9 5
10	Bt10 7
11	Bt11 5
12	Bt12 4
13	Bt13 7
14	Bt14 6
15	Bt15 6
16	Bt16 5
17	Bt17 7
18	Bt18 5
19	Bt19 6
20	Bt20 5
21	Bt21 6
22	Bt22 7
23	Bt23 6
24	Bt24 6
25	Bt25 6
26	Bt26 4
27	Bt27 6
28	Bt28 4
29	Bt29 7
30	Bt30 5
31	Bt31 6
32	Bt32 5
33	Bt33 6
34	Bt34 4
35	Bt35 7
36	Bt36 7
37	Bt37 4
38	Bt38 4
39	Bt39 6
40	Bt40 6
41	Bt41 7
42	Bt42 4
43	Bt43 4
44	Bt44 5
45	Bt45 5
46	Bt46 4
47	Bt47 4
48	Bt48 7
49	Bt49 5
50	Bt50 4
51	Bt51 6
52	Bt52 5
53	Bt53 4
54	Bt54 6
55	Bt55 6
56	Bt56 5
57	Bt57 4
58	Bt58 6
59	Bt59 5
60	Bt60 5
61	Bt61 7
62	Bt62 7
63	Bt63 7
64	Bt64 4
65	Bt65 7
66	Bt66 7
67	Bt67 5
68	Bt68 6
69	Bt69 5
70	Bt70 4
71	Bt71 5
72	Bt72 7
73	Bt73 4
74	Bt74 4
75	Bt75 7
