Name				Inst_100_3_6
Number_of_Customers		100
Number_of_Items			555
Number_of_ItemTypes		100
Number_of_Vehicles		100
TimeWindows			0

VEHICLE
Mass_Capacity			32200
CargoSpace_Length		912
CargoSpace_Width		244
CargoSpace_Height		244
Wheelbase			550
Max_Mass_FrontAxle		11600
Max_Mass_RearAxle		21000
Distance_FrontAxle_CargoSpace	-100

CUSTOMERS
i		x	y	Demand		ReadyTime	DueDate		ServiceTime	DemandedMass	DemandedVolume
0		5.0	5.0	0		0		0		0		0		0
1		3.0	0.0	4		0		0		0		4428		38400
2		9.0	6.0	5		0		0		0		6070		48000
3		7.0	5.0	4		0		0		0		5016		38400
4		0.0	9.0	4		0		0		0		4944		38400
5		2.0	0.0	6		0		0		0		7776		57600
6		4.0	8.0	5		0		0		0		5565		48000
7		4.0	7.0	7		0		0		0		7581		67200
8		5.0	5.0	4		0		0		0		5232		38400
9		10.0	7.0	5		0		0		0		6580		48000
10		0.0	6.0	4		0		0		0		5280		38400
11		7.0	10.0	7		0		0		0		9289		67200
12		8.0	9.0	5		0		0		0		5230		48000
13		6.0	9.0	4		0		0		0		5524		38400
14		1.0	4.0	7		0		0		0		9072		67200
15		6.0	2.0	5		0		0		0		6575		48000
16		7.0	0.0	5		0		0		0		6205		48000
17		2.0	9.0	5		0		0		0		6930		48000
18		9.0	5.0	7		0		0		0		7714		67200
19		5.0	3.0	5		0		0		0		7290		48000
20		8.0	2.0	7		0		0		0		7469		67200
21		0.0	3.0	7		0		0		0		7504		67200
22		8.0	5.0	7		0		0		0		8141		67200
23		0.0	1.0	6		0		0		0		7476		57600
24		10.0	2.0	6		0		0		0		6714		57600
25		6.0	6.0	7		0		0		0		7434		67200
26		2.0	1.0	5		0		0		0		5335		48000
27		4.0	1.0	6		0		0		0		8982		57600
28		8.0	6.0	4		0		0		0		4980		38400
29		6.0	4.0	5		0		0		0		5995		48000
30		3.0	9.0	4		0		0		0		4600		38400
31		10.0	8.0	7		0		0		0		8883		67200
32		1.0	2.0	5		0		0		0		5925		48000
33		2.0	3.0	7		0		0		0		9660		67200
34		1.0	8.0	7		0		0		0		8799		67200
35		0.0	10.0	7		0		0		0		8092		67200
36		4.0	4.0	5		0		0		0		7485		48000
37		0.0	6.0	5		0		0		0		5485		48000
38		0.0	1.0	6		0		0		0		6072		57600
39		1.0	3.0	7		0		0		0		7973		67200
40		1.0	7.0	5		0		0		0		6730		48000
41		10.0	3.0	6		0		0		0		6960		57600
42		9.0	3.0	5		0		0		0		5780		48000
43		1.0	1.0	6		0		0		0		7170		57600
44		10.0	1.0	6		0		0		0		7098		57600
45		7.0	8.0	5		0		0		0		7120		48000
46		8.0	4.0	6		0		0		0		6570		57600
47		7.0	4.0	6		0		0		0		8874		57600
48		2.0	6.0	4		0		0		0		5416		38400
49		3.0	2.0	4		0		0		0		4536		38400
50		8.0	1.0	6		0		0		0		1806		57600
51		7.0	9.0	4		0		0		0		1500		38400
52		2.0	5.0	6		0		0		0		1854		57600
53		6.0	2.0	4		0		0		0		672		38400
54		2.0	6.0	7		0		0		0		1645		67200
55		0.0	2.0	7		0		0		0		3178		67200
56		4.0	6.0	5		0		0		0		1355		48000
57		3.0	6.0	5		0		0		0		2130		48000
58		6.0	3.0	7		0		0		0		1141		67200
59		6.0	1.0	5		0		0		0		2325		48000
60		10.0	0.0	6		0		0		0		1740		57600
61		5.0	0.0	5		0		0		0		1770		48000
62		7.0	9.0	5		0		0		0		2340		48000
63		7.0	10.0	5		0		0		0		565		48000
64		1.0	7.0	7		0		0		0		994		67200
65		1.0	2.0	7		0		0		0		2562		67200
66		0.0	5.0	6		0		0		0		2442		57600
67		5.0	0.0	5		0		0		0		670		48000
68		2.0	6.0	4		0		0		0		1188		38400
69		5.0	9.0	5		0		0		0		1580		48000
70		7.0	9.0	6		0		0		0		2874		57600
71		8.0	4.0	6		0		0		0		2178		57600
72		6.0	1.0	6		0		0		0		2436		57600
73		4.0	0.0	4		0		0		0		1328		38400
74		2.0	0.0	6		0		0		0		768		57600
75		5.0	0.0	5		0		0		0		845		48000
76		10.0	8.0	4		0		0		0		1284		38400
77		7.0	2.0	7		0		0		0		2149		67200
78		10.0	0.0	5		0		0		0		2185		48000
79		10.0	5.0	4		0		0		0		992		38400
80		5.0	10.0	5		0		0		0		525		48000
81		8.0	3.0	5		0		0		0		1135		48000
82		3.0	1.0	7		0		0		0		3234		67200
83		4.0	5.0	7		0		0		0		1813		67200
84		8.0	4.0	6		0		0		0		1062		57600
85		2.0	9.0	5		0		0		0		1065		48000
86		2.0	3.0	4		0		0		0		1612		38400
87		9.0	5.0	5		0		0		0		1375		48000
88		2.0	10.0	6		0		0		0		1038		57600
89		0.0	0.0	7		0		0		0		1463		67200
90		2.0	5.0	6		0		0		0		1716		57600
91		2.0	9.0	7		0		0		0		3388		67200
92		6.0	7.0	6		0		0		0		2352		57600
93		8.0	10.0	6		0		0		0		1764		57600
94		0.0	7.0	4		0		0		0		1496		38400
95		6.0	9.0	6		0		0		0		1638		57600
96		3.0	8.0	7		0		0		0		2849		67200
97		8.0	5.0	4		0		0		0		512		38400
98		3.0	9.0	7		0		0		0		3101		67200
99		4.0	2.0	6		0		0		0		2856		57600
100		3.0	6.0	4		0		0		0		1936		38400

ITEMS
Type	Length	Width	Height	Mass	Fragility	LoadBearingStrength
Bt1	80	120	244	1107	0		0
Bt2	80	120	244	1214	0		0
Bt3	80	120	244	1254	0		0
Bt4	80	120	244	1236	0		0
Bt5	80	120	244	1296	0		0
Bt6	80	120	244	1113	0		0
Bt7	80	120	244	1083	0		0
Bt8	80	120	244	1308	0		0
Bt9	80	120	244	1316	0		0
Bt10	80	120	244	1320	0		0
Bt11	80	120	244	1327	0		0
Bt12	80	120	244	1046	0		0
Bt13	80	120	244	1381	0		0
Bt14	80	120	244	1296	0		0
Bt15	80	120	244	1315	0		0
Bt16	80	120	244	1241	0		0
Bt17	80	120	244	1386	0		0
Bt18	80	120	244	1102	0		0
Bt19	80	120	244	1458	0		0
Bt20	80	120	244	1067	0		0
Bt21	80	120	244	1072	0		0
Bt22	80	120	244	1163	0		0
Bt23	80	120	244	1246	0		0
Bt24	80	120	244	1119	0		0
Bt25	80	120	244	1062	0		0
Bt26	80	120	244	1067	0		0
Bt27	80	120	244	1497	0		0
Bt28	80	120	244	1245	0		0
Bt29	80	120	244	1199	0		0
Bt30	80	120	244	1150	0		0
Bt31	80	120	244	1269	0		0
Bt32	80	120	244	1185	0		0
Bt33	80	120	244	1380	0		0
Bt34	80	120	244	1257	0		0
Bt35	80	120	244	1156	0		0
Bt36	80	120	244	1497	0		0
Bt37	80	120	244	1097	0		0
Bt38	80	120	244	1012	0		0
Bt39	80	120	244	1139	0		0
Bt40	80	120	244	1346	0		0
Bt41	80	120	244	1160	0		0
Bt42	80	120	244	1156	0		0
Bt43	80	120	244	1195	0		0
Bt44	80	120	244	1183	0		0
Bt45	80	120	244	1424	0		0
Bt46	80	120	244	1095	0		0
Bt47	80	120	244	1479	0		0
Bt48	80	120	244	1354	0		0
Bt49	80	120	244	1134	0		0
Bt50	80	120	244	301	0		0
Bt51	80	120	244	375	0		0
Bt52	80	120	244	309	0		0
Bt53	80	120	244	168	0		0
Bt54	80	120	244	235	0		0
Bt55	80	120	244	454	0		0
Bt56	80	120	244	271	0		0
Bt57	80	120	244	426	0		0
Bt58	80	120	244	163	0		0
Bt59	80	120	244	465	0		0
Bt60	80	120	244	290	0		0
Bt61	80	120	244	354	0		0
Bt62	80	120	244	468	0		0
Bt63	80	120	244	113	0		0
Bt64	80	120	244	142	0		0
Bt65	80	120	244	366	0		0
Bt66	80	120	244	407	0		0
Bt67	80	120	244	134	0		0
Bt68	80	120	244	297	0		0
Bt69	80	120	244	316	0		0
Bt70	80	120	244	479	0		0
Bt71	80	120	244	363	0		0
Bt72	80	120	244	406	0		0
Bt73	80	120	244	332	0		0
Bt74	80	120	244	128	0		0
Bt75	80	120	244	169	0		0
Bt76	80	120	244	321	0		0
Bt77	80	120	244	307	0		0
Bt78	80	120	244	437	0		0
Bt79	80	120	244	248	0		0
Bt80	80	120	244	105	0		0
Bt81	80	120	244	227	0		0
Bt82	80	120	244	462	0		0
Bt83	80	120	244	259	0		0
Bt84	80	120	244	177	0		0
Bt85	80	120	244	213	0		0
Bt86	80	120	244	403	0		0
Bt87	80	120	244	275	0		0
Bt88	80	120	244	173	0		0
Bt89	80	120	244	209	0		0
Bt90	80	120	244	286	0		0
Bt91	80	120	244	484	0		0
Bt92	80	120	244	392	0		0
Bt93	80	120	244	294	0		0
Bt94	80	120	244	374	0		0
Bt95	80	120	244	273	0		0
Bt96	80	120	244	407	0		0
Bt97	80	120	244	128	0		0
Bt98	80	120	244	443	0		0
Bt99	80	120	244	476	0		0
Bt100	80	120	244	484	0		0

DEMANDS PER CUSTOMER
i	Type Quantity
1	Bt1 4
2	Bt2 5
3	Bt3 4
4	Bt4 4
5	Bt5 6
6	Bt6 5
7	Bt7 7
8	Bt8 4
9	Bt9 5
10	Bt10 4
11	Bt11 7
12	Bt12 5
13	Bt13 4
14	Bt14 7
15	Bt15 5
16	Bt16 5
17	Bt17 5
18	Bt18 7
19	Bt19 5
20	Bt20 7
21	Bt21 7
22	Bt22 7
23	Bt23 6
24	Bt24 6
25	Bt25 7
26	Bt26 5
27	Bt27 6
28	Bt28 4
29	Bt29 5
30	Bt30 4
31	Bt31 7
32	Bt32 5
33	Bt33 7
34	Bt34 7
35	Bt35 7
36	Bt36 5
37	Bt37 5
38	Bt38 6
39	Bt39 7
40	Bt40 5
41	Bt41 6
42	Bt42 5
43	Bt43 6
44	Bt44 6
45	Bt45 5
46	Bt46 6
47	Bt47 6
48	Bt48 4
49	Bt49 4
50	Bt50 6
51	Bt51 4
52	Bt52 6
53	Bt53 4
54	Bt54 7
55	Bt55 7
56	Bt56 5
57	Bt57 5
58	Bt58 7
59	Bt59 5
60	Bt60 6
61	Bt61 5
62	Bt62 5
63	Bt63 5
64	Bt64 7
65	Bt65 7
66	Bt66 6
67	Bt67 5
68	Bt68 4
69	Bt69 5
70	Bt70 6
71	Bt71 6
72	Bt72 6
73	Bt73 4
74	Bt74 6
75	Bt75 5
76	Bt76 4
77	Bt77 7
78	Bt78 5
79	Bt79 4
80	Bt80 5
81	Bt81 5
82	Bt82 7
83	Bt83 7
84	Bt84 6
85	Bt85 5
86	Bt86 4
87	Bt87 5
88	Bt88 6
89	Bt89 7
90	Bt90 6
91	Bt91 7
92	Bt92 6
93	Bt93 6
94	Bt94 4
95	Bt95 6
96	Bt96 7
97	Bt97 4
98	Bt98 7
99	Bt99 6
100	Bt100 4
