Name				Inst_100_3_8
Number_of_Customers		100
Number_of_Items			540
Number_of_ItemTypes		100
Number_of_Vehicles		100
TimeWindows			0

VEHICLE
Mass_Capacity			32200
CargoSpace_Length		912
CargoSpace_Width		244
CargoSpace_Height		244
Wheelbase			550
Max_Mass_FrontAxle		11600
Max_Mass_RearAxle		21000
Distance_FrontAxle_CargoSpace	-100

CUSTOMERS
i		x	y	Demand		ReadyTime	DueDate		ServiceTime	DemandedMass	DemandedVolume
0		5.0	5.0	0		0		0		0		0		0
1		2.0	0.0	4		0		0		0		4704		38400
2		2.0	1.0	6		0		0		0		8430		57600
3		6.0	3.0	5		0		0		0		5230		48000
4		7.0	1.0	7		0		0		0		8288		67200
5		6.0	3.0	6		0		0		0		6792		57600
6		2.0	3.0	5		0		0		0		5410		48000
7		6.0	8.0	6		0		0		0		8904		57600
8		9.0	6.0	5		0		0		0		7425		48000
9		3.0	1.0	7		0		0		0		7588		67200
10		1.0	4.0	7		0		0		0		8176		67200
11		6.0	10.0	5		0		0		0		6740		48000
12		1.0	10.0	6		0		0		0		7110		57600
13		9.0	8.0	4		0		0		0		4288		38400
14		1.0	9.0	7		0		0		0		7714		67200
15		4.0	4.0	6		0		0		0		6672		57600
16		9.0	2.0	7		0		0		0		9555		67200
17		7.0	2.0	4		0		0		0		4644		38400
18		9.0	1.0	5		0		0		0		7340		48000
19		10.0	1.0	4		0		0		0		5448		38400
20		8.0	2.0	6		0		0		0		7164		57600
21		6.0	8.0	5		0		0		0		6510		48000
22		2.0	6.0	4		0		0		0		4780		38400
23		4.0	5.0	7		0		0		0		8645		67200
24		5.0	4.0	5		0		0		0		6085		48000
25		3.0	6.0	4		0		0		0		5144		38400
26		8.0	7.0	6		0		0		0		6816		57600
27		8.0	5.0	5		0		0		0		7035		48000
28		10.0	1.0	5		0		0		0		6815		48000
29		2.0	6.0	4		0		0		0		4652		38400
30		3.0	9.0	6		0		0		0		6648		57600
31		3.0	3.0	4		0		0		0		4016		38400
32		1.0	1.0	4		0		0		0		5608		38400
33		9.0	10.0	4		0		0		0		4308		38400
34		2.0	7.0	6		0		0		0		8226		57600
35		8.0	7.0	4		0		0		0		4316		38400
36		0.0	8.0	6		0		0		0		8316		57600
37		3.0	3.0	4		0		0		0		5136		38400
38		10.0	1.0	4		0		0		0		5064		38400
39		2.0	3.0	4		0		0		0		5028		38400
40		8.0	2.0	4		0		0		0		4648		38400
41		8.0	9.0	6		0		0		0		7200		57600
42		7.0	0.0	6		0		0		0		6378		57600
43		4.0	0.0	5		0		0		0		5180		48000
44		10.0	1.0	4		0		0		0		4800		38400
45		8.0	9.0	7		0		0		0		10024		67200
46		6.0	5.0	4		0		0		0		4828		38400
47		10.0	9.0	4		0		0		0		4692		38400
48		10.0	6.0	7		0		0		0		9982		67200
49		0.0	3.0	6		0		0		0		7098		57600
50		0.0	6.0	7		0		0		0		1652		67200
51		9.0	9.0	7		0		0		0		2394		67200
52		2.0	9.0	7		0		0		0		1540		67200
53		0.0	3.0	4		0		0		0		1972		38400
54		6.0	2.0	7		0		0		0		882		67200
55		0.0	1.0	6		0		0		0		1512		57600
56		10.0	0.0	6		0		0		0		2532		57600
57		0.0	3.0	6		0		0		0		672		57600
58		1.0	8.0	5		0		0		0		1615		48000
59		1.0	4.0	6		0		0		0		816		57600
60		8.0	3.0	6		0		0		0		888		57600
61		4.0	9.0	6		0		0		0		2760		57600
62		0.0	6.0	5		0		0		0		1010		48000
63		0.0	6.0	6		0		0		0		1566		57600
64		10.0	5.0	7		0		0		0		2772		67200
65		6.0	3.0	4		0		0		0		1868		38400
66		7.0	6.0	6		0		0		0		1104		57600
67		4.0	2.0	7		0		0		0		3346		67200
68		0.0	6.0	5		0		0		0		675		48000
69		2.0	2.0	6		0		0		0		1374		57600
70		8.0	7.0	6		0		0		0		2736		57600
71		2.0	7.0	4		0		0		0		1360		38400
72		10.0	6.0	7		0		0		0		2660		67200
73		8.0	4.0	5		0		0		0		2165		48000
74		10.0	9.0	6		0		0		0		1992		57600
75		10.0	4.0	6		0		0		0		672		57600
76		10.0	8.0	5		0		0		0		925		48000
77		4.0	0.0	4		0		0		0		1988		38400
78		6.0	7.0	4		0		0		0		1472		38400
79		2.0	1.0	5		0		0		0		2300		48000
80		0.0	3.0	6		0		0		0		1266		57600
81		8.0	5.0	7		0		0		0		1239		67200
82		7.0	5.0	4		0		0		0		1868		38400
83		3.0	1.0	5		0		0		0		2125		48000
84		10.0	1.0	4		0		0		0		1108		38400
85		3.0	0.0	5		0		0		0		1670		48000
86		8.0	9.0	5		0		0		0		1230		48000
87		7.0	2.0	5		0		0		0		550		48000
88		1.0	8.0	6		0		0		0		738		57600
89		10.0	0.0	4		0		0		0		1788		38400
90		8.0	4.0	6		0		0		0		1662		57600
91		1.0	1.0	7		0		0		0		1491		67200
92		5.0	0.0	5		0		0		0		2310		48000
93		5.0	3.0	7		0		0		0		2667		67200
94		3.0	7.0	4		0		0		0		540		38400
95		5.0	4.0	4		0		0		0		1492		38400
96		6.0	8.0	5		0		0		0		950		48000
97		7.0	7.0	5		0		0		0		600		48000
98		10.0	7.0	7		0		0		0		1946		67200
99		8.0	7.0	6		0		0		0		1116		57600
100		0.0	9.0	6		0		0		0		2928		57600

ITEMS
Type	Length	Width	Height	Mass	Fragility	LoadBearingStrength
Bt1	80	120	244	1176	0		0
Bt2	80	120	244	1405	0		0
Bt3	80	120	244	1046	0		0
Bt4	80	120	244	1184	0		0
Bt5	80	120	244	1132	0		0
Bt6	80	120	244	1082	0		0
Bt7	80	120	244	1484	0		0
Bt8	80	120	244	1485	0		0
Bt9	80	120	244	1084	0		0
Bt10	80	120	244	1168	0		0
Bt11	80	120	244	1348	0		0
Bt12	80	120	244	1185	0		0
Bt13	80	120	244	1072	0		0
Bt14	80	120	244	1102	0		0
Bt15	80	120	244	1112	0		0
Bt16	80	120	244	1365	0		0
Bt17	80	120	244	1161	0		0
Bt18	80	120	244	1468	0		0
Bt19	80	120	244	1362	0		0
Bt20	80	120	244	1194	0		0
Bt21	80	120	244	1302	0		0
Bt22	80	120	244	1195	0		0
Bt23	80	120	244	1235	0		0
Bt24	80	120	244	1217	0		0
Bt25	80	120	244	1286	0		0
Bt26	80	120	244	1136	0		0
Bt27	80	120	244	1407	0		0
Bt28	80	120	244	1363	0		0
Bt29	80	120	244	1163	0		0
Bt30	80	120	244	1108	0		0
Bt31	80	120	244	1004	0		0
Bt32	80	120	244	1402	0		0
Bt33	80	120	244	1077	0		0
Bt34	80	120	244	1371	0		0
Bt35	80	120	244	1079	0		0
Bt36	80	120	244	1386	0		0
Bt37	80	120	244	1284	0		0
Bt38	80	120	244	1266	0		0
Bt39	80	120	244	1257	0		0
Bt40	80	120	244	1162	0		0
Bt41	80	120	244	1200	0		0
Bt42	80	120	244	1063	0		0
Bt43	80	120	244	1036	0		0
Bt44	80	120	244	1200	0		0
Bt45	80	120	244	1432	0		0
Bt46	80	120	244	1207	0		0
Bt47	80	120	244	1173	0		0
Bt48	80	120	244	1426	0		0
Bt49	80	120	244	1183	0		0
Bt50	80	120	244	236	0		0
Bt51	80	120	244	342	0		0
Bt52	80	120	244	220	0		0
Bt53	80	120	244	493	0		0
Bt54	80	120	244	126	0		0
Bt55	80	120	244	252	0		0
Bt56	80	120	244	422	0		0
Bt57	80	120	244	112	0		0
Bt58	80	120	244	323	0		0
Bt59	80	120	244	136	0		0
Bt60	80	120	244	148	0		0
Bt61	80	120	244	460	0		0
Bt62	80	120	244	202	0		0
Bt63	80	120	244	261	0		0
Bt64	80	120	244	396	0		0
Bt65	80	120	244	467	0		0
Bt66	80	120	244	184	0		0
Bt67	80	120	244	478	0		0
Bt68	80	120	244	135	0		0
Bt69	80	120	244	229	0		0
Bt70	80	120	244	456	0		0
Bt71	80	120	244	340	0		0
Bt72	80	120	244	380	0		0
Bt73	80	120	244	433	0		0
Bt74	80	120	244	332	0		0
Bt75	80	120	244	112	0		0
Bt76	80	120	244	185	0		0
Bt77	80	120	244	497	0		0
Bt78	80	120	244	368	0		0
Bt79	80	120	244	460	0		0
Bt80	80	120	244	211	0		0
Bt81	80	120	244	177	0		0
Bt82	80	120	244	467	0		0
Bt83	80	120	244	425	0		0
Bt84	80	120	244	277	0		0
Bt85	80	120	244	334	0		0
Bt86	80	120	244	246	0		0
Bt87	80	120	244	110	0		0
Bt88	80	120	244	123	0		0
Bt89	80	120	244	447	0		0
Bt90	80	120	244	277	0		0
Bt91	80	120	244	213	0		0
Bt92	80	120	244	462	0		0
Bt93	80	120	244	381	0		0
Bt94	80	120	244	135	0		0
Bt95	80	120	244	373	0		0
Bt96	80	120	244	190	0		0
Bt97	80	120	244	120	0		0
Bt98	80	120	244	278	0		0
Bt99	80	120	244	186	0		0
Bt100	80	120	244	488	0		0

DEMANDS PER CUSTOMER
i	Type Quantity
1	Bt1 4
2	Bt2 6
3	Bt3 5
4	Bt4 7
5	Bt5 6
6	Bt6 5
7	Bt7 6
8	Bt8 5
9	Bt9 7
10	Bt10 7
11	Bt11 5
12	Bt12 6
13	Bt13 4
14	Bt14 7
15	Bt15 6
16	Bt16 7
17	Bt17 4
18	Bt18 5
19	Bt19 4
20	Bt20 6
21	Bt21 5
22	Bt22 4
23	Bt23 7
24	Bt24 5
25	Bt25 4
26	Bt26 6
27	Bt27 5
28	Bt28 5
29	Bt29 4
30	Bt30 6
31	Bt31 4
32	Bt32 4
33	Bt33 4
34	Bt34 6
35	Bt35 4
36	Bt36 6
37	Bt37 4
38	Bt38 4
39	Bt39 4
40	Bt40 4
41	Bt41 6
42	Bt42 6
43	Bt43 5
44	Bt44 4
45	Bt45 7
46	Bt46 4
47	Bt47 4
48	Bt48 7
49	Bt49 6
50	Bt50 7
51	Bt51 7
52	Bt52 7
53	Bt53 4
54	Bt54 7
55	Bt55 6
56	Bt56 6
57	Bt57 6
58	Bt58 5
59	Bt59 6
60	Bt60 6
61	Bt61 6
62	Bt62 5
63	Bt63 6
64	Bt64 7
65	Bt65 4
66	Bt66 6
67	Bt67 7
68	Bt68 5
69	Bt69 6
70	Bt70 6
71	Bt71 4
72	Bt72 7
73	Bt73 5
74	Bt74 6
75	Bt75 6
76	Bt76 5
77	Bt77 4
78	Bt78 4
79	Bt79 5
80	Bt80 6
81	Bt81 7
82	Bt82 4
83	Bt83 5
84	Bt84 4
85	Bt85 5
86	Bt86 5
87	Bt87 5
88	Bt88 6
89	Bt89 4
90	Bt90 6
91	Bt91 7
92	Bt92 5
93	Bt93 7
94	Bt94 4
95	Bt95 4
96	Bt96 5
97	Bt97 5
98	Bt98 7
99	Bt99 6
100	Bt100 6
