Name				Inst_100_2_5
Number_of_Customers		100
Number_of_Items			789
Number_of_ItemTypes		100
Number_of_Vehicles		100
TimeWindows			0

VEHICLE
Mass_Capacity			32200
CargoSpace_Length		912
CargoSpace_Width		244
CargoSpace_Height		244
Wheelbase			550
Max_Mass_FrontAxle		11600
Max_Mass_RearAxle		21000
Distance_FrontAxle_CargoSpace	-100

CUSTOMERS
i		x	y	Demand		ReadyTime	DueDate		ServiceTime	DemandedMass	DemandedVolume
0		5.0	5.0	0		0		0		0		0		0
1		10.0	8.0	9		0		0		0		11079		86400
2		2.0	3.0	3		0		0		0		3237		28800
3		6.0	0.0	12		0		0		0		17316		115200
4		4.0	7.0	13		0		0		0		15951		124800
5		0.0	8.0	3		0		0		0		3675		28800
6		9.0	9.0	9		0		0		0		11970		86400
7		2.0	10.0	5		0		0		0		7405		48000
8		9.0	10.0	2		0		0		0		2270		19200
9		6.0	1.0	8		0		0		0		9320		76800
10		6.0	9.0	5		0		0		0		6480		48000
11		7.0	1.0	14		0		0		0		16772		134400
12		0.0	10.0	15		0		0		0		16920		144000
13		1.0	6.0	14		0		0		0		17122		134400
14		5.0	8.0	2		0		0		0		2736		19200
15		2.0	0.0	6		0		0		0		7668		57600
16		1.0	3.0	1		0		0		0		1451		9600
17		1.0	7.0	1		0		0		0		1474		9600
18		2.0	6.0	2		0		0		0		2380		19200
19		9.0	0.0	4		0		0		0		5448		38400
20		4.0	4.0	10		0		0		0		13940		96000
21		1.0	4.0	10		0		0		0		13770		96000
22		1.0	9.0	5		0		0		0		6605		48000
23		8.0	1.0	1		0		0		0		1162		9600
24		3.0	3.0	10		0		0		0		13260		96000
25		6.0	8.0	14		0		0		0		17346		134400
26		5.0	0.0	13		0		0		0		16276		124800
27		0.0	10.0	11		0		0		0		13244		105600
28		9.0	10.0	4		0		0		0		4492		38400
29		5.0	2.0	2		0		0		0		2930		19200
30		0.0	6.0	11		0		0		0		11748		105600
31		2.0	5.0	6		0		0		0		7872		57600
32		6.0	0.0	1		0		0		0		1325		9600
33		10.0	7.0	12		0		0		0		17856		115200
34		5.0	8.0	4		0		0		0		5436		38400
35		2.0	1.0	1		0		0		0		1239		9600
36		7.0	9.0	1		0		0		0		1166		9600
37		5.0	9.0	13		0		0		0		16003		124800
38		0.0	10.0	14		0		0		0		15666		134400
39		3.0	5.0	13		0		0		0		15223		124800
40		6.0	8.0	8		0		0		0		10616		76800
41		3.0	2.0	13		0		0		0		17654		124800
42		0.0	10.0	7		0		0		0		7980		67200
43		10.0	5.0	15		0		0		0		19290		144000
44		2.0	0.0	2		0		0		0		2784		19200
45		10.0	1.0	11		0		0		0		15818		105600
46		2.0	2.0	3		0		0		0		3600		28800
47		4.0	10.0	13		0		0		0		17914		124800
48		10.0	6.0	7		0		0		0		7714		67200
49		3.0	2.0	5		0		0		0		5670		48000
50		0.0	0.0	11		0		0		0		14718		105600
51		6.0	6.0	4		0		0		0		5496		38400
52		10.0	4.0	12		0		0		0		17472		115200
53		6.0	3.0	15		0		0		0		17655		144000
54		0.0	7.0	14		0		0		0		17486		134400
55		10.0	4.0	9		0		0		0		10116		86400
56		4.0	4.0	2		0		0		0		2626		19200
57		8.0	5.0	5		0		0		0		6705		48000
58		1.0	0.0	1		0		0		0		1268		9600
59		8.0	4.0	11		0		0		0		14718		105600
60		10.0	7.0	5		0		0		0		6635		48000
61		5.0	2.0	15		0		0		0		17010		144000
62		4.0	6.0	10		0		0		0		14660		96000
63		7.0	6.0	15		0		0		0		21150		144000
64		0.0	3.0	5		0		0		0		5925		48000
65		5.0	4.0	2		0		0		0		2100		19200
66		7.0	3.0	4		0		0		0		4224		38400
67		1.0	7.0	3		0		0		0		4077		28800
68		7.0	8.0	8		0		0		0		9424		76800
69		1.0	5.0	3		0		0		0		3054		28800
70		4.0	4.0	1		0		0		0		1061		9600
71		7.0	5.0	3		0		0		0		3867		28800
72		3.0	5.0	14		0		0		0		17710		134400
73		10.0	9.0	9		0		0		0		11205		86400
74		4.0	6.0	1		0		0		0		1047		9600
75		4.0	6.0	2		0		0		0		2408		19200
76		7.0	10.0	12		0		0		0		17316		115200
77		3.0	4.0	13		0		0		0		16367		124800
78		9.0	3.0	7		0		0		0		10094		67200
79		7.0	9.0	11		0		0		0		14993		105600
80		7.0	6.0	8		0		0		0		11048		76800
81		7.0	2.0	14		0		0		0		17136		134400
82		6.0	4.0	5		0		0		0		5650		48000
83		6.0	2.0	5		0		0		0		7010		48000
84		6.0	6.0	9		0		0		0		9117		86400
85		7.0	6.0	15		0		0		0		18540		144000
86		4.0	8.0	15		0		0		0		18945		144000
87		4.0	9.0	13		0		0		0		18187		124800
88		6.0	4.0	7		0		0		0		8799		67200
89		9.0	10.0	6		0		0		0		7710		57600
90		3.0	1.0	15		0		0		0		15225		144000
91		3.0	7.0	3		0		0		0		4158		28800
92		1.0	2.0	10		0		0		0		14780		96000
93		7.0	4.0	10		0		0		0		13100		96000
94		4.0	3.0	10		0		0		0		11770		96000
95		7.0	1.0	7		0		0		0		8127		67200
96		1.0	10.0	6		0		0		0		7986		57600
97		2.0	10.0	13		0		0		0		13871		124800
98		0.0	5.0	6		0		0		0		7446		57600
99		8.0	5.0	10		0		0		0		11980		96000
100		5.0	5.0	7		0		0		0		7637		67200

ITEMS
Type	Length	Width	Height	Mass	Fragility	LoadBearingStrength
Bt1	80	120	244	1231	0		0
Bt2	80	120	244	1079	0		0
Bt3	80	120	244	1443	0		0
Bt4	80	120	244	1227	0		0
Bt5	80	120	244	1225	0		0
Bt6	80	120	244	1330	0		0
Bt7	80	120	244	1481	0		0
Bt8	80	120	244	1135	0		0
Bt9	80	120	244	1165	0		0
Bt10	80	120	244	1296	0		0
Bt11	80	120	244	1198	0		0
Bt12	80	120	244	1128	0		0
Bt13	80	120	244	1223	0		0
Bt14	80	120	244	1368	0		0
Bt15	80	120	244	1278	0		0
Bt16	80	120	244	1451	0		0
Bt17	80	120	244	1474	0		0
Bt18	80	120	244	1190	0		0
Bt19	80	120	244	1362	0		0
Bt20	80	120	244	1394	0		0
Bt21	80	120	244	1377	0		0
Bt22	80	120	244	1321	0		0
Bt23	80	120	244	1162	0		0
Bt24	80	120	244	1326	0		0
Bt25	80	120	244	1239	0		0
Bt26	80	120	244	1252	0		0
Bt27	80	120	244	1204	0		0
Bt28	80	120	244	1123	0		0
Bt29	80	120	244	1465	0		0
Bt30	80	120	244	1068	0		0
Bt31	80	120	244	1312	0		0
Bt32	80	120	244	1325	0		0
Bt33	80	120	244	1488	0		0
Bt34	80	120	244	1359	0		0
Bt35	80	120	244	1239	0		0
Bt36	80	120	244	1166	0		0
Bt37	80	120	244	1231	0		0
Bt38	80	120	244	1119	0		0
Bt39	80	120	244	1171	0		0
Bt40	80	120	244	1327	0		0
Bt41	80	120	244	1358	0		0
Bt42	80	120	244	1140	0		0
Bt43	80	120	244	1286	0		0
Bt44	80	120	244	1392	0		0
Bt45	80	120	244	1438	0		0
Bt46	80	120	244	1200	0		0
Bt47	80	120	244	1378	0		0
Bt48	80	120	244	1102	0		0
Bt49	80	120	244	1134	0		0
Bt50	80	120	244	1338	0		0
Bt51	80	120	244	1374	0		0
Bt52	80	120	244	1456	0		0
Bt53	80	120	244	1177	0		0
Bt54	80	120	244	1249	0		0
Bt55	80	120	244	1124	0		0
Bt56	80	120	244	1313	0		0
Bt57	80	120	244	1341	0		0
Bt58	80	120	244	1268	0		0
Bt59	80	120	244	1338	0		0
Bt60	80	120	244	1327	0		0
Bt61	80	120	244	1134	0		0
Bt62	80	120	244	1466	0		0
Bt63	80	120	244	1410	0		0
Bt64	80	120	244	1185	0		0
Bt65	80	120	244	1050	0		0
Bt66	80	120	244	1056	0		0
Bt67	80	120	244	1359	0		0
Bt68	80	120	244	1178	0		0
Bt69	80	120	244	1018	0		0
Bt70	80	120	244	1061	0		0
Bt71	80	120	244	1289	0		0
Bt72	80	120	244	1265	0		0
Bt73	80	120	244	1245	0		0
Bt74	80	120	244	1047	0		0
Bt75	80	120	244	1204	0		0
Bt76	80	120	244	1443	0		0
Bt77	80	120	244	1259	0		0
Bt78	80	120	244	1442	0		0
Bt79	80	120	244	1363	0		0
Bt80	80	120	244	1381	0		0
Bt81	80	120	244	1224	0		0
Bt82	80	120	244	1130	0		0
Bt83	80	120	244	1402	0		0
Bt84	80	120	244	1013	0		0
Bt85	80	120	244	1236	0		0
Bt86	80	120	244	1263	0		0
Bt87	80	120	244	1399	0		0
Bt88	80	120	244	1257	0		0
Bt89	80	120	244	1285	0		0
Bt90	80	120	244	1015	0		0
Bt91	80	120	244	1386	0		0
Bt92	80	120	244	1478	0		0
Bt93	80	120	244	1310	0		0
Bt94	80	120	244	1177	0		0
Bt95	80	120	244	1161	0		0
Bt96	80	120	244	1331	0		0
Bt97	80	120	244	1067	0		0
Bt98	80	120	244	1241	0		0
Bt99	80	120	244	1198	0		0
Bt100	80	120	244	1091	0		0

DEMANDS PER CUSTOMER
i	Type Quantity
1	Bt1 9
2	Bt2 3
3	Bt3 12
4	Bt4 13
5	Bt5 3
6	Bt6 9
7	Bt7 5
8	Bt8 2
9	Bt9 8
10	Bt10 5
11	Bt11 14
12	Bt12 15
13	Bt13 14
14	Bt14 2
15	Bt15 6
16	Bt16 1
17	Bt17 1
18	Bt18 2
19	Bt19 4
20	Bt20 10
21	Bt21 10
22	Bt22 5
23	Bt23 1
24	Bt24 10
25	Bt25 14
26	Bt26 13
27	Bt27 11
28	Bt28 4
29	Bt29 2
30	Bt30 11
31	Bt31 6
32	Bt32 1
33	Bt33 12
34	Bt34 4
35	Bt35 1
36	Bt36 1
37	Bt37 13
38	Bt38 14
39	Bt39 13
40	Bt40 8
41	Bt41 13
42	Bt42 7
43	Bt43 15
44	Bt44 2
45	Bt45 11
46	Bt46 3
47	Bt47 13
48	Bt48 7
49	Bt49 5
50	Bt50 11
51	Bt51 4
52	Bt52 12
53	Bt53 15
54	Bt54 14
55	Bt55 9
56	Bt56 2
57	Bt57 5
58	Bt58 1
59	Bt59 11
60	Bt60 5
61	Bt61 15
62	Bt62 10
63	Bt63 15
64	Bt64 5
65	Bt65 2
66	Bt66 4
67	Bt67 3
68	Bt68 8
69	Bt69 3
70	Bt70 1
71	Bt71 3
72	Bt72 14
73	Bt73 9
74	Bt74 1
75	Bt75 2
76	Bt76 12
77	Bt77 13
78	Bt78 7
79	Bt79 11
80	Bt80 8
81	Bt81 14
82	Bt82 5
83	Bt83 5
84	Bt84 9
85	Bt85 15
86	Bt86 15
87	Bt87 13
88	Bt88 7
89	Bt89 6
90	Bt90 15
91	Bt91 3
92	Bt92 10
93	Bt93 10
94	Bt94 10
95	Bt95 7
96	Bt96 6
97	Bt97 13
98	Bt98 6
99	Bt99 10
100	Bt100 7
