Name				Inst_50_2_6
Number_of_Customers		50
Number_of_Items			344
Number_of_ItemTypes		50
Number_of_Vehicles		50
TimeWindows			0

VEHICLE
Mass_Capacity			32200
CargoSpace_Length		912
CargoSpace_Width		244
CargoSpace_Height		244
Wheelbase			550
Max_Mass_FrontAxle		11600
Max_Mass_RearAxle		21000
Distance_FrontAxle_CargoSpace	-100

CUSTOMERS
i		x	y	Demand		ReadyTime	DueDate		ServiceTime	DemandedMass	DemandedVolume
0		5.0	5.0	0		0		0		0		0		0
1		9.0	3.0	11		0		0		0		11550		105600
2		2.0	2.0	7		0		0		0		7007		67200
3		10.0	7.0	2		0		0		0		2758		19200
4		7.0	4.0	5		0		0		0		5550		48000
5		9.0	7.0	7		0		0		0		7637		67200
6		4.0	9.0	10		0		0		0		12020		96000
7		2.0	3.0	1		0		0		0		1457		9600
8		5.0	7.0	4		0		0		0		4584		38400
9		2.0	7.0	14		0		0		0		18732		134400
10		8.0	1.0	13		0		0		0		13013		124800
11		1.0	6.0	5		0		0		0		7010		48000
12		5.0	9.0	10		0		0		0		10040		96000
13		10.0	8.0	7		0		0		0		8785		67200
14		10.0	9.0	1		0		0		0		1130		9600
15		8.0	6.0	6		0		0		0		8460		57600
16		2.0	5.0	1		0		0		0		1340		9600
17		4.0	5.0	1		0		0		0		1447		9600
18		10.0	9.0	4		0		0		0		5280		38400
19		10.0	1.0	15		0		0		0		17925		144000
20		10.0	10.0	14		0		0		0		17990		134400
21		3.0	2.0	5		0		0		0		5615		48000
22		1.0	6.0	14		0		0		0		17976		134400
23		1.0	9.0	7		0		0		0		10171		67200
24		6.0	5.0	5		0		0		0		6980		48000
25		8.0	8.0	2		0		0		0		2784		19200
26		7.0	6.0	7		0		0		0		10157		67200
27		9.0	7.0	4		0		0		0		5672		38400
28		2.0	6.0	5		0		0		0		5290		48000
29		9.0	3.0	4		0		0		0		4316		38400
30		6.0	7.0	6		0		0		0		6294		57600
31		1.0	5.0	5		0		0		0		5675		48000
32		10.0	5.0	13		0		0		0		17875		124800
33		5.0	9.0	10		0		0		0		14440		96000
34		6.0	3.0	9		0		0		0		13203		86400
35		9.0	5.0	14		0		0		0		16380		134400
36		10.0	5.0	4		0		0		0		5864		38400
37		1.0	5.0	5		0		0		0		5390		48000
38		3.0	1.0	8		0		0		0		9104		76800
39		5.0	4.0	5		0		0		0		7275		48000
40		1.0	7.0	1		0		0		0		1053		9600
41		9.0	10.0	13		0		0		0		13013		124800
42		10.0	3.0	1		0		0		0		1324		9600
43		8.0	4.0	14		0		0		0		15582		134400
44		10.0	8.0	4		0		0		0		4896		38400
45		8.0	4.0	3		0		0		0		3489		28800
46		8.0	7.0	14		0		0		0		20104		134400
47		3.0	5.0	3		0		0		0		3327		28800
48		6.0	6.0	5		0		0		0		5410		48000
49		8.0	10.0	7		0		0		0		9142		67200
50		0.0	5.0	9		0		0		0		11538		86400

ITEMS
Type	Length	Width	Height	Mass	Fragility	LoadBearingStrength
Bt1	80	120	244	1050	0		0
Bt2	80	120	244	1001	0		0
Bt3	80	120	244	1379	0		0
Bt4	80	120	244	1110	0		0
Bt5	80	120	244	1091	0		0
Bt6	80	120	244	1202	0		0
Bt7	80	120	244	1457	0		0
Bt8	80	120	244	1146	0		0
Bt9	80	120	244	1338	0		0
Bt10	80	120	244	1001	0		0
Bt11	80	120	244	1402	0		0
Bt12	80	120	244	1004	0		0
Bt13	80	120	244	1255	0		0
Bt14	80	120	244	1130	0		0
Bt15	80	120	244	1410	0		0
Bt16	80	120	244	1340	0		0
Bt17	80	120	244	1447	0		0
Bt18	80	120	244	1320	0		0
Bt19	80	120	244	1195	0		0
Bt20	80	120	244	1285	0		0
Bt21	80	120	244	1123	0		0
Bt22	80	120	244	1284	0		0
Bt23	80	120	244	1453	0		0
Bt24	80	120	244	1396	0		0
Bt25	80	120	244	1392	0		0
Bt26	80	120	244	1451	0		0
Bt27	80	120	244	1418	0		0
Bt28	80	120	244	1058	0		0
Bt29	80	120	244	1079	0		0
Bt30	80	120	244	1049	0		0
Bt31	80	120	244	1135	0		0
Bt32	80	120	244	1375	0		0
Bt33	80	120	244	1444	0		0
Bt34	80	120	244	1467	0		0
Bt35	80	120	244	1170	0		0
Bt36	80	120	244	1466	0		0
Bt37	80	120	244	1078	0		0
Bt38	80	120	244	1138	0		0
Bt39	80	120	244	1455	0		0
Bt40	80	120	244	1053	0		0
Bt41	80	120	244	1001	0		0
Bt42	80	120	244	1324	0		0
Bt43	80	120	244	1113	0		0
Bt44	80	120	244	1224	0		0
Bt45	80	120	244	1163	0		0
Bt46	80	120	244	1436	0		0
Bt47	80	120	244	1109	0		0
Bt48	80	120	244	1082	0		0
Bt49	80	120	244	1306	0		0
Bt50	80	120	244	1282	0		0

DEMANDS PER CUSTOMER
i	Type Quantity
1	Bt1 11
2	Bt2 7
3	Bt3 2
4	Bt4 5
5	Bt5 7
6	Bt6 10
7	Bt7 1
8	Bt8 4
9	Bt9 14
10	Bt10 13
11	Bt11 5
12	Bt12 10
13	Bt13 7
14	Bt14 1
15	Bt15 6
16	Bt16 1
17	Bt17 1
18	Bt18 4
19	Bt19 15
20	Bt20 14
21	Bt21 5
22	Bt22 14
23	Bt23 7
24	Bt24 5
25	Bt25 2
26	Bt26 7
27	Bt27 4
28	Bt28 5
29	Bt29 4
30	Bt30 6
31	Bt31 5
32	Bt32 13
33	Bt33 10
34	Bt34 9
35	Bt35 14
36	Bt36 4
37	Bt37 5
38	Bt38 8
39	Bt39 5
40	Bt40 1
41	Bt41 13
42	Bt42 1
43	Bt43 14
44	Bt44 4
45	Bt45 3
46	Bt46 14
47	Bt47 3
48	Bt48 5
49	Bt49 7
50	Bt50 9
