Name				Inst_75_2_4
Number_of_Customers		75
Number_of_Items			585
Number_of_ItemTypes		75
Number_of_Vehicles		75
TimeWindows			0

VEHICLE
Mass_Capacity			32200
CargoSpace_Length		912
CargoSpace_Width		244
CargoSpace_Height		244
Wheelbase			550
Max_Mass_FrontAxle		11600
Max_Mass_RearAxle		21000
Distance_FrontAxle_CargoSpace	-100

CUSTOMERS
i		x	y	Demand		ReadyTime	DueDate		ServiceTime	DemandedMass	DemandedVolume
0		5.0	5.0	0		0		0		0		0		0
1		8.0	8.0	6		0		0		0		6132		57600
2		10.0	4.0	1		0		0		0		1042		9600
3		4.0	8.0	9		0		0		0		13068		86400
4		3.0	10.0	15		0		0		0		15690		144000
5		10.0	2.0	7		0		0		0		9471		67200
6		6.0	1.0	11		0		0		0		15334		105600
7		1.0	4.0	2		0		0		0		2470		19200
8		7.0	10.0	5		0		0		0		6255		48000
9		0.0	6.0	10		0		0		0		12250		96000
10		1.0	7.0	1		0		0		0		1442		9600
11		4.0	4.0	6		0		0		0		8952		57600
12		3.0	0.0	1		0		0		0		1039		9600
13		1.0	8.0	8		0		0		0		9376		76800
14		6.0	6.0	6		0		0		0		7236		57600
15		3.0	4.0	1		0		0		0		1418		9600
16		9.0	0.0	12		0		0		0		14520		115200
17		9.0	8.0	11		0		0		0		11814		105600
18		5.0	6.0	4		0		0		0		5156		38400
19		1.0	2.0	9		0		0		0		13077		86400
20		9.0	0.0	14		0		0		0		16030		134400
21		0.0	0.0	11		0		0		0		15422		105600
22		8.0	2.0	4		0		0		0		5732		38400
23		4.0	3.0	8		0		0		0		11008		76800
24		9.0	7.0	9		0		0		0		13023		86400
25		0.0	5.0	9		0		0		0		12105		86400
26		2.0	4.0	11		0		0		0		12793		105600
27		8.0	3.0	6		0		0		0		7446		57600
28		6.0	5.0	11		0		0		0		13189		105600
29		8.0	1.0	10		0		0		0		11990		96000
30		8.0	10.0	3		0		0		0		4221		28800
31		7.0	8.0	15		0		0		0		16305		144000
32		0.0	6.0	12		0		0		0		13452		115200
33		9.0	1.0	9		0		0		0		13446		86400
34		9.0	4.0	13		0		0		0		13221		124800
35		8.0	7.0	2		0		0		0		2148		19200
36		7.0	7.0	6		0		0		0		8886		57600
37		9.0	3.0	14		0		0		0		20034		134400
38		5.0	4.0	7		0		0		0		8533		67200
39		4.0	4.0	11		0		0		0		13739		105600
40		4.0	4.0	9		0		0		0		9693		86400
41		3.0	3.0	12		0		0		0		14376		115200
42		10.0	6.0	15		0		0		0		16710		144000
43		4.0	3.0	6		0		0		0		8280		57600
44		1.0	0.0	14		0		0		0		15554		134400
45		10.0	9.0	8		0		0		0		10520		76800
46		8.0	1.0	5		0		0		0		7290		48000
47		8.0	10.0	10		0		0		0		11400		96000
48		7.0	0.0	6		0		0		0		7122		57600
49		4.0	1.0	15		0		0		0		20025		144000
50		6.0	6.0	3		0		0		0		3876		28800
51		4.0	2.0	4		0		0		0		4572		38400
52		8.0	1.0	4		0		0		0		4908		38400
53		6.0	3.0	12		0		0		0		16236		115200
54		7.0	8.0	10		0		0		0		12140		96000
55		1.0	1.0	5		0		0		0		5700		48000
56		6.0	6.0	11		0		0		0		12650		105600
57		6.0	2.0	2		0		0		0		2634		19200
58		8.0	5.0	1		0		0		0		1393		9600
59		10.0	8.0	12		0		0		0		13260		115200
60		9.0	6.0	12		0		0		0		16020		115200
61		0.0	9.0	5		0		0		0		6350		48000
62		10.0	8.0	3		0		0		0		3999		28800
63		9.0	2.0	10		0		0		0		14280		96000
64		2.0	10.0	2		0		0		0		2850		19200
65		9.0	1.0	10		0		0		0		10550		96000
66		5.0	5.0	12		0		0		0		13320		115200
67		10.0	5.0	5		0		0		0		5375		48000
68		10.0	2.0	4		0		0		0		5784		38400
69		2.0	2.0	7		0		0		0		8106		67200
70		2.0	0.0	3		0		0		0		3981		28800
71		2.0	10.0	5		0		0		0		5925		48000
72		5.0	2.0	6		0		0		0		6564		57600
73		10.0	3.0	5		0		0		0		5455		48000
74		5.0	9.0	11		0		0		0		15422		105600
75		6.0	4.0	11		0		0		0		13321		105600

ITEMS
Type	Length	Width	Height	Mass	Fragility	LoadBearingStrength
Bt1	80	120	244	1022	0		0
Bt2	80	120	244	1042	0		0
Bt3	80	120	244	1452	0		0
Bt4	80	120	244	1046	0		0
Bt5	80	120	244	1353	0		0
Bt6	80	120	244	1394	0		0
Bt7	80	120	244	1235	0		0
Bt8	80	120	244	1251	0		0
Bt9	80	120	244	1225	0		0
Bt10	80	120	244	1442	0		0
Bt11	80	120	244	1492	0		0
Bt12	80	120	244	1039	0		0
Bt13	80	120	244	1172	0		0
Bt14	80	120	244	1206	0		0
Bt15	80	120	244	1418	0		0
Bt16	80	120	244	1210	0		0
Bt17	80	120	244	1074	0		0
Bt18	80	120	244	1289	0		0
Bt19	80	120	244	1453	0		0
Bt20	80	120	244	1145	0		0
Bt21	80	120	244	1402	0		0
Bt22	80	120	244	1433	0		0
Bt23	80	120	244	1376	0		0
Bt24	80	120	244	1447	0		0
Bt25	80	120	244	1345	0		0
Bt26	80	120	244	1163	0		0
Bt27	80	120	244	1241	0		0
Bt28	80	120	244	1199	0		0
Bt29	80	120	244	1199	0		0
Bt30	80	120	244	1407	0		0
Bt31	80	120	244	1087	0		0
Bt32	80	120	244	1121	0		0
Bt33	80	120	244	1494	0		0
Bt34	80	120	244	1017	0		0
Bt35	80	120	244	1074	0		0
Bt36	80	120	244	1481	0		0
Bt37	80	120	244	1431	0		0
Bt38	80	120	244	1219	0		0
Bt39	80	120	244	1249	0		0
Bt40	80	120	244	1077	0		0
Bt41	80	120	244	1198	0		0
Bt42	80	120	244	1114	0		0
Bt43	80	120	244	1380	0		0
Bt44	80	120	244	1111	0		0
Bt45	80	120	244	1315	0		0
Bt46	80	120	244	1458	0		0
Bt47	80	120	244	1140	0		0
Bt48	80	120	244	1187	0		0
Bt49	80	120	244	1335	0		0
Bt50	80	120	244	1292	0		0
Bt51	80	120	244	1143	0		0
Bt52	80	120	244	1227	0		0
Bt53	80	120	244	1353	0		0
Bt54	80	120	244	1214	0		0
Bt55	80	120	244	1140	0		0
Bt56	80	120	244	1150	0		0
Bt57	80	120	244	1317	0		0
Bt58	80	120	244	1393	0		0
Bt59	80	120	244	1105	0		0
Bt60	80	120	244	1335	0		0
Bt61	80	120	244	1270	0		0
Bt62	80	120	244	1333	0		0
Bt63	80	120	244	1428	0		0
Bt64	80	120	244	1425	0		0
Bt65	80	120	244	1055	0		0
Bt66	80	120	244	1110	0		0
Bt67	80	120	244	1075	0		0
Bt68	80	120	244	1446	0		0
Bt69	80	120	244	1158	0		0
Bt70	80	120	244	1327	0		0
Bt71	80	120	244	1185	0		0
Bt72	80	120	244	1094	0		0
Bt73	80	120	244	1091	0		0
Bt74	80	120	244	1402	0		0
Bt75	80	120	244	1211	0		0

DEMANDS PER CUSTOMER
i	Type Quantity
1	Bt1 6
2	Bt2 1
3	Bt3 9
4	Bt4 15
5	Bt5 7
6	Bt6 11
7	Bt7 2
8	Bt8 5
9	Bt9 10
10	Bt10 1
11	Bt11 6
12	Bt12 1
13	Bt13 8
14	Bt14 6
15	Bt15 1
16	Bt16 12
17	Bt17 11
18	Bt18 4
19	Bt19 9
20	Bt20 14
21	Bt21 11
22	Bt22 4
23	Bt23 8
24	Bt24 9
25	Bt25 9
26	Bt26 11
27	Bt27 6
28	Bt28 11
29	Bt29 10
30	Bt30 3
31	Bt31 15
32	Bt32 12
33	Bt33 9
34	Bt34 13
35	Bt35 2
36	Bt36 6
37	Bt37 14
38	Bt38 7
39	Bt39 11
40	Bt40 9
41	Bt41 12
42	Bt42 15
43	Bt43 6
44	Bt44 14
45	Bt45 8
46	Bt46 5
47	Bt47 10
48	Bt48 6
49	Bt49 15
50	Bt50 3
51	Bt51 4
52	Bt52 4
53	Bt53 12
54	Bt54 10
55	Bt55 5
56	Bt56 11
57	Bt57 2
58	Bt58 1
59	Bt59 12
60	Bt60 12
61	Bt61 5
62	Bt62 3
63	Bt63 10
64	Bt64 2
65	Bt65 10
66	Bt66 12
67	Bt67 5
68	Bt68 4
69	Bt69 7
70	Bt70 3
71	Bt71 5
72	Bt72 6
73	Bt73 5
74	Bt74 11
75	Bt75 11
