Name				Inst_75_1_2
Number_of_Customers		75
Number_of_Items			399
Number_of_ItemTypes		75
Number_of_Vehicles		75
TimeWindows			0

VEHICLE
Mass_Capacity			32200
CargoSpace_Length		912
CargoSpace_Width		244
CargoSpace_Height		244
Wheelbase			550
Max_Mass_FrontAxle		11600
Max_Mass_RearAxle		21000
Distance_FrontAxle_CargoSpace	-100

CUSTOMERS
i		x	y	Demand		ReadyTime	DueDate		ServiceTime	DemandedMass	DemandedVolume
0		5.0	5.0	0		0		0		0		0		0
1		7.0	4.0	6		0		0		0		8514		57600
2		7.0	4.0	4		0		0		0		5508		38400
3		4.0	4.0	5		0		0		0		5770		48000
4		6.0	0.0	7		0		0		0		8022		67200
5		0.0	9.0	4		0		0		0		5244		38400
6		7.0	2.0	5		0		0		0		5615		48000
7		4.0	8.0	6		0		0		0		6714		57600
8		3.0	9.0	4		0		0		0		5632		38400
9		7.0	8.0	5		0		0		0		7280		48000
10		4.0	9.0	5		0		0		0		5470		48000
11		2.0	1.0	7		0		0		0		10234		67200
12		5.0	2.0	6		0		0		0		7140		57600
13		1.0	2.0	7		0		0		0		8246		67200
14		10.0	10.0	6		0		0		0		7860		57600
15		10.0	10.0	4		0		0		0		4700		38400
16		9.0	2.0	6		0		0		0		8934		57600
17		8.0	6.0	4		0		0		0		4172		38400
18		8.0	5.0	4		0		0		0		5008		38400
19		5.0	8.0	4		0		0		0		4456		38400
20		6.0	7.0	5		0		0		0		5565		48000
21		10.0	1.0	6		0		0		0		6186		57600
22		0.0	2.0	6		0		0		0		6468		57600
23		6.0	9.0	4		0		0		0		4672		38400
24		4.0	10.0	6		0		0		0		8016		57600
25		6.0	1.0	5		0		0		0		6530		48000
26		6.0	2.0	5		0		0		0		7255		48000
27		1.0	4.0	5		0		0		0		5785		48000
28		4.0	1.0	7		0		0		0		9800		67200
29		8.0	3.0	7		0		0		0		7084		67200
30		3.0	4.0	5		0		0		0		7195		48000
31		5.0	4.0	7		0		0		0		10066		67200
32		5.0	10.0	6		0		0		0		7806		57600
33		7.0	5.0	6		0		0		0		8760		57600
34		10.0	6.0	6		0		0		0		7752		57600
35		0.0	5.0	6		0		0		0		7974		57600
36		9.0	8.0	4		0		0		0		4628		38400
37		2.0	0.0	6		0		0		0		7560		57600
38		6.0	0.0	4		0		0		0		4660		38400
39		7.0	7.0	5		0		0		0		5845		48000
40		9.0	4.0	4		0		0		0		5540		38400
41		4.0	1.0	5		0		0		0		7380		48000
42		7.0	4.0	6		0		0		0		6876		57600
43		6.0	3.0	4		0		0		0		5268		38400
44		4.0	5.0	5		0		0		0		5715		48000
45		3.0	2.0	6		0		0		0		7284		57600
46		10.0	6.0	6		0		0		0		8436		57600
47		9.0	0.0	4		0		0		0		4620		38400
48		9.0	1.0	5		0		0		0		5045		48000
49		5.0	0.0	4		0		0		0		5928		38400
50		0.0	1.0	6		0		0		0		6528		57600
51		0.0	8.0	7		0		0		0		8463		67200
52		7.0	10.0	7		0		0		0		8393		67200
53		9.0	5.0	4		0		0		0		5952		38400
54		10.0	6.0	4		0		0		0		4268		38400
55		3.0	6.0	5		0		0		0		5925		48000
56		4.0	1.0	5		0		0		0		6800		48000
57		7.0	6.0	5		0		0		0		5840		48000
58		9.0	1.0	5		0		0		0		5735		48000
59		8.0	4.0	5		0		0		0		5430		48000
60		4.0	9.0	4		0		0		0		5292		38400
61		0.0	1.0	7		0		0		0		7210		67200
62		5.0	7.0	4		0		0		0		4368		38400
63		0.0	9.0	6		0		0		0		7128		57600
64		4.0	10.0	4		0		0		0		4500		38400
65		5.0	0.0	5		0		0		0		6225		48000
66		10.0	9.0	6		0		0		0		6588		57600
67		0.0	0.0	5		0		0		0		6790		48000
68		0.0	5.0	5		0		0		0		6200		48000
69		7.0	2.0	6		0		0		0		7008		57600
70		4.0	4.0	7		0		0		0		8337		67200
71		2.0	7.0	7		0		0		0		8155		67200
72		1.0	10.0	7		0		0		0		10178		67200
73		3.0	8.0	5		0		0		0		7415		48000
74		4.0	2.0	4		0		0		0		5856		38400
75		1.0	2.0	5		0		0		0		7150		48000

ITEMS
Type	Length	Width	Height	Mass	Fragility	LoadBearingStrength
Bt1	80	120	244	1419	0		0
Bt2	80	120	244	1377	0		0
Bt3	80	120	244	1154	0		0
Bt4	80	120	244	1146	0		0
Bt5	80	120	244	1311	0		0
Bt6	80	120	244	1123	0		0
Bt7	80	120	244	1119	0		0
Bt8	80	120	244	1408	0		0
Bt9	80	120	244	1456	0		0
Bt10	80	120	244	1094	0		0
Bt11	80	120	244	1462	0		0
Bt12	80	120	244	1190	0		0
Bt13	80	120	244	1178	0		0
Bt14	80	120	244	1310	0		0
Bt15	80	120	244	1175	0		0
Bt16	80	120	244	1489	0		0
Bt17	80	120	244	1043	0		0
Bt18	80	120	244	1252	0		0
Bt19	80	120	244	1114	0		0
Bt20	80	120	244	1113	0		0
Bt21	80	120	244	1031	0		0
Bt22	80	120	244	1078	0		0
Bt23	80	120	244	1168	0		0
Bt24	80	120	244	1336	0		0
Bt25	80	120	244	1306	0		0
Bt26	80	120	244	1451	0		0
Bt27	80	120	244	1157	0		0
Bt28	80	120	244	1400	0		0
Bt29	80	120	244	1012	0		0
Bt30	80	120	244	1439	0		0
Bt31	80	120	244	1438	0		0
Bt32	80	120	244	1301	0		0
Bt33	80	120	244	1460	0		0
Bt34	80	120	244	1292	0		0
Bt35	80	120	244	1329	0		0
Bt36	80	120	244	1157	0		0
Bt37	80	120	244	1260	0		0
Bt38	80	120	244	1165	0		0
Bt39	80	120	244	1169	0		0
Bt40	80	120	244	1385	0		0
Bt41	80	120	244	1476	0		0
Bt42	80	120	244	1146	0		0
Bt43	80	120	244	1317	0		0
Bt44	80	120	244	1143	0		0
Bt45	80	120	244	1214	0		0
Bt46	80	120	244	1406	0		0
Bt47	80	120	244	1155	0		0
Bt48	80	120	244	1009	0		0
Bt49	80	120	244	1482	0		0
Bt50	80	120	244	1088	0		0
Bt51	80	120	244	1209	0		0
Bt52	80	120	244	1199	0		0
Bt53	80	120	244	1488	0		0
Bt54	80	120	244	1067	0		0
Bt55	80	120	244	1185	0		0
Bt56	80	120	244	1360	0		0
Bt57	80	120	244	1168	0		0
Bt58	80	120	244	1147	0		0
Bt59	80	120	244	1086	0		0
Bt60	80	120	244	1323	0		0
Bt61	80	120	244	1030	0		0
Bt62	80	120	244	1092	0		0
Bt63	80	120	244	1188	0		0
Bt64	80	120	244	1125	0		0
Bt65	80	120	244	1245	0		0
Bt66	80	120	244	1098	0		0
Bt67	80	120	244	1358	0		0
Bt68	80	120	244	1240	0		0
Bt69	80	120	244	1168	0		0
Bt70	80	120	244	1191	0		0
Bt71	80	120	244	1165	0		0
Bt72	80	120	244	1454	0		0
Bt73	80	120	244	1483	0		0
Bt74	80	120	244	1464	0		0
Bt75	80	120	244	1430	0		0

DEMANDS PER CUSTOMER
i	Type Quantity
1	Bt1 6
2	Bt2 4
3	Bt3 5
4	Bt4 7
5	Bt5 4
6	Bt6 5
7	Bt7 6
8	Bt8 4
9	Bt9 5
10	Bt10 5
11	Bt11 7
12	Bt12 6
13	Bt13 7
14	Bt14 6
15	Bt15 4
16	Bt16 6
17	Bt17 4
18	Bt18 4
19	Bt19 4
20	Bt20 5
21	Bt21 6
22	Bt22 6
23	Bt23 4
24	Bt24 6
25	Bt25 5
26	Bt26 5
27	Bt27 5
28	Bt28 7
29	Bt29 7
30	Bt30 5
31	Bt31 7
32	Bt32 6
33	Bt33 6
34	Bt34 6
35	Bt35 6
36	Bt36 4
37	Bt37 6
38	Bt38 4
39	Bt39 5
40	Bt40 4
41	Bt41 5
42	Bt42 6
43	Bt43 4
44	Bt44 5
45	Bt45 6
46	Bt46 6
47	Bt47 4
48	Bt48 5
49	Bt49 4
50	Bt50 6
51	Bt51 7
52	Bt52 7
53	Bt53 4
54	Bt54 4
55	Bt55 5
56	Bt56 5
57	Bt57 5
58	Bt58 5
59	Bt59 5
60	Bt60 4
61	Bt61 7
62	Bt62 4
63	Bt63 6
64	Bt64 4
65	Bt65 5
66	Bt66 6
67	Bt67 5
68	Bt68 5
69	Bt69 6
70	Bt70 7
71	Bt71 7
72	Bt72 7
73	Bt73 5
74	Bt74 4
75	Bt75 5
