Name				Inst_50_2_3
Number_of_Customers		50
Number_of_Items			357
Number_of_ItemTypes		50
Number_of_Vehicles		50
TimeWindows			0

VEHICLE
Mass_Capacity			32200
CargoSpace_Length		912
CargoSpace_Width		244
CargoSpace_Height		244
Wheelbase			550
Max_Mass_FrontAxle		11600
Max_Mass_RearAxle		21000
Distance_FrontAxle_CargoSpace	-100

CUSTOMERS
i		x	y	Demand		ReadyTime	DueDate		ServiceTime	DemandedMass	DemandedVolume
0		5.0	5.0	0		0		0		0		0		0
1		1.0	6.0	7		0		0		0		7714		67200
2		9.0	4.0	13		0		0		0		19058		124800
3		2.0	9.0	3		0		0		0		3234		28800
4		8.0	3.0	3		0		0		0		3582		28800
5		4.0	0.0	2		0		0		0		2076		19200
6		2.0	3.0	6		0		0		0		7848		57600
7		9.0	7.0	10		0		0		0		10900		96000
8		6.0	4.0	5		0		0		0		5450		48000
9		10.0	6.0	8		0		0		0		11440		76800
10		8.0	0.0	3		0		0		0		4431		28800
11		2.0	5.0	12		0		0		0		13188		115200
12		3.0	7.0	8		0		0		0		8176		76800
13		9.0	3.0	10		0		0		0		11260		96000
14		8.0	8.0	11		0		0		0		15906		105600
15		6.0	0.0	6		0		0		0		7692		57600
16		1.0	7.0	6		0		0		0		8466		57600
17		4.0	0.0	1		0		0		0		1134		9600
18		9.0	1.0	2		0		0		0		2622		19200
19		4.0	7.0	2		0		0		0		2474		19200
20		9.0	5.0	8		0		0		0		11496		76800
21		0.0	1.0	2		0		0		0		2924		19200
22		1.0	6.0	15		0		0		0		18405		144000
23		3.0	4.0	2		0		0		0		2642		19200
24		10.0	8.0	8		0		0		0		10424		76800
25		0.0	5.0	11		0		0		0		15257		105600
26		2.0	5.0	11		0		0		0		15576		105600
27		8.0	9.0	4		0		0		0		4960		38400
28		4.0	0.0	5		0		0		0		5960		48000
29		2.0	0.0	2		0		0		0		2848		19200
30		0.0	4.0	15		0		0		0		17175		144000
31		10.0	7.0	13		0		0		0		16055		124800
32		2.0	8.0	8		0		0		0		10056		76800
33		9.0	3.0	2		0		0		0		2578		19200
34		4.0	1.0	6		0		0		0		8844		57600
35		6.0	10.0	9		0		0		0		9648		86400
36		4.0	8.0	10		0		0		0		12870		96000
37		6.0	3.0	15		0		0		0		18360		144000
38		6.0	10.0	4		0		0		0		4172		38400
39		10.0	5.0	15		0		0		0		19530		144000
40		10.0	5.0	13		0		0		0		17394		124800
41		6.0	10.0	10		0		0		0		11940		96000
42		10.0	10.0	11		0		0		0		11099		105600
43		0.0	2.0	1		0		0		0		1176		9600
44		5.0	1.0	15		0		0		0		19995		144000
45		4.0	8.0	5		0		0		0		5155		48000
46		6.0	5.0	1		0		0		0		1167		9600
47		6.0	8.0	1		0		0		0		1018		9600
48		1.0	0.0	4		0		0		0		5108		38400
49		10.0	10.0	4		0		0		0		5224		38400
50		9.0	6.0	9		0		0		0		9801		86400

ITEMS
Type	Length	Width	Height	Mass	Fragility	LoadBearingStrength
Bt1	80	120	244	1102	0		0
Bt2	80	120	244	1466	0		0
Bt3	80	120	244	1078	0		0
Bt4	80	120	244	1194	0		0
Bt5	80	120	244	1038	0		0
Bt6	80	120	244	1308	0		0
Bt7	80	120	244	1090	0		0
Bt8	80	120	244	1090	0		0
Bt9	80	120	244	1430	0		0
Bt10	80	120	244	1477	0		0
Bt11	80	120	244	1099	0		0
Bt12	80	120	244	1022	0		0
Bt13	80	120	244	1126	0		0
Bt14	80	120	244	1446	0		0
Bt15	80	120	244	1282	0		0
Bt16	80	120	244	1411	0		0
Bt17	80	120	244	1134	0		0
Bt18	80	120	244	1311	0		0
Bt19	80	120	244	1237	0		0
Bt20	80	120	244	1437	0		0
Bt21	80	120	244	1462	0		0
Bt22	80	120	244	1227	0		0
Bt23	80	120	244	1321	0		0
Bt24	80	120	244	1303	0		0
Bt25	80	120	244	1387	0		0
Bt26	80	120	244	1416	0		0
Bt27	80	120	244	1240	0		0
Bt28	80	120	244	1192	0		0
Bt29	80	120	244	1424	0		0
Bt30	80	120	244	1145	0		0
Bt31	80	120	244	1235	0		0
Bt32	80	120	244	1257	0		0
Bt33	80	120	244	1289	0		0
Bt34	80	120	244	1474	0		0
Bt35	80	120	244	1072	0		0
Bt36	80	120	244	1287	0		0
Bt37	80	120	244	1224	0		0
Bt38	80	120	244	1043	0		0
Bt39	80	120	244	1302	0		0
Bt40	80	120	244	1338	0		0
Bt41	80	120	244	1194	0		0
Bt42	80	120	244	1009	0		0
Bt43	80	120	244	1176	0		0
Bt44	80	120	244	1333	0		0
Bt45	80	120	244	1031	0		0
Bt46	80	120	244	1167	0		0
Bt47	80	120	244	1018	0		0
Bt48	80	120	244	1277	0		0
Bt49	80	120	244	1306	0		0
Bt50	80	120	244	1089	0		0

DEMANDS PER CUSTOMER
i	Type Quantity
1	Bt1 7
2	Bt2 13
3	Bt3 3
4	Bt4 3
5	Bt5 2
6	Bt6 6
7	Bt7 10
8	Bt8 5
9	Bt9 8
10	Bt10 3
11	Bt11 12
12	Bt12 8
13	Bt13 10
14	Bt14 11
15	Bt15 6
16	Bt16 6
17	Bt17 1
18	Bt18 2
19	Bt19 2
20	Bt20 8
21	Bt21 2
22	Bt22 15
23	Bt23 2
24	Bt24 8
25	Bt25 11
26	Bt26 11
27	Bt27 4
28	Bt28 5
29	Bt29 2
30	Bt30 15
31	Bt31 13
32	Bt32 8
33	Bt33 2
34	Bt34 6
35	Bt35 9
36	Bt36 10
37	Bt37 15
38	Bt38 4
39	Bt39 15
40	Bt40 13
41	Bt41 10
42	Bt42 11
43	Bt43 1
44	Bt44 15
45	Bt45 5
46	Bt46 1
47	Bt47 1
48	Bt48 4
49	Bt49 4
50	Bt50 9
