Name				Inst_100_1_6
Number_of_Customers		100
Number_of_Items			549
Number_of_ItemTypes		100
Number_of_Vehicles		100
TimeWindows			0

VEHICLE
Mass_Capacity			32200
CargoSpace_Length		912
CargoSpace_Width		244
CargoSpace_Height		244
Wheelbase			550
Max_Mass_FrontAxle		11600
Max_Mass_RearAxle		21000
Distance_FrontAxle_CargoSpace	-100

CUSTOMERS
i		x	y	Demand		ReadyTime	DueDate		ServiceTime	DemandedMass	DemandedVolume
0		5.0	5.0	0		0		0		0		0		0
1		7.0	1.0	6		0		0		0		7032		57600
2		10.0	10.0	4		0		0		0		5604		38400
3		1.0	6.0	7		0		0		0		7210		67200
4		6.0	0.0	7		0		0		0		8841		67200
5		3.0	5.0	7		0		0		0		7630		67200
6		1.0	8.0	4		0		0		0		5260		38400
7		10.0	10.0	5		0		0		0		6800		48000
8		3.0	10.0	6		0		0		0		8346		57600
9		9.0	6.0	4		0		0		0		5640		38400
10		9.0	4.0	6		0		0		0		7392		57600
11		10.0	6.0	5		0		0		0		6210		48000
12		6.0	5.0	6		0		0		0		7152		57600
13		8.0	2.0	5		0		0		0		6345		48000
14		2.0	3.0	5		0		0		0		5250		48000
15		9.0	2.0	4		0		0		0		5504		38400
16		2.0	0.0	7		0		0		0		9884		67200
17		6.0	6.0	6		0		0		0		6864		57600
18		3.0	5.0	6		0		0		0		7488		57600
19		8.0	0.0	5		0		0		0		6790		48000
20		4.0	9.0	7		0		0		0		10262		67200
21		10.0	3.0	5		0		0		0		6525		48000
22		6.0	10.0	6		0		0		0		8256		57600
23		9.0	10.0	4		0		0		0		5308		38400
24		7.0	3.0	6		0		0		0		6048		57600
25		6.0	1.0	7		0		0		0		9625		67200
26		6.0	4.0	7		0		0		0		8785		67200
27		0.0	1.0	4		0		0		0		5708		38400
28		2.0	1.0	5		0		0		0		5120		48000
29		3.0	4.0	4		0		0		0		4224		38400
30		7.0	7.0	6		0		0		0		7392		57600
31		4.0	2.0	6		0		0		0		6558		57600
32		6.0	4.0	4		0		0		0		4812		38400
33		10.0	6.0	6		0		0		0		7098		57600
34		2.0	8.0	6		0		0		0		7662		57600
35		7.0	8.0	7		0		0		0		7070		67200
36		0.0	4.0	5		0		0		0		5320		48000
37		9.0	8.0	6		0		0		0		7260		57600
38		6.0	7.0	6		0		0		0		8196		57600
39		0.0	8.0	7		0		0		0		10493		67200
40		2.0	3.0	5		0		0		0		6235		48000
41		9.0	7.0	4		0		0		0		4972		38400
42		2.0	3.0	5		0		0		0		6655		48000
43		2.0	7.0	4		0		0		0		4696		38400
44		2.0	10.0	5		0		0		0		7225		48000
45		10.0	6.0	5		0		0		0		6825		48000
46		8.0	3.0	5		0		0		0		5325		48000
47		3.0	0.0	4		0		0		0		4484		38400
48		8.0	7.0	7		0		0		0		9205		67200
49		0.0	5.0	7		0		0		0		8155		67200
50		0.0	8.0	6		0		0		0		6852		57600
51		10.0	8.0	7		0		0		0		9849		67200
52		3.0	10.0	5		0		0		0		6680		48000
53		3.0	7.0	7		0		0		0		9142		67200
54		7.0	7.0	4		0		0		0		4972		38400
55		8.0	5.0	5		0		0		0		5145		48000
56		10.0	0.0	5		0		0		0		5460		48000
57		9.0	10.0	5		0		0		0		6805		48000
58		8.0	0.0	7		0		0		0		7826		67200
59		5.0	9.0	6		0		0		0		8232		57600
60		0.0	1.0	4		0		0		0		6000		38400
61		10.0	10.0	5		0		0		0		5655		48000
62		9.0	4.0	7		0		0		0		8281		67200
63		1.0	5.0	5		0		0		0		6120		48000
64		7.0	8.0	5		0		0		0		7250		48000
65		9.0	0.0	7		0		0		0		7063		67200
66		7.0	1.0	4		0		0		0		5932		38400
67		10.0	6.0	5		0		0		0		6525		48000
68		3.0	10.0	6		0		0		0		8766		57600
69		1.0	5.0	6		0		0		0		7362		57600
70		2.0	1.0	4		0		0		0		4228		38400
71		9.0	5.0	5		0		0		0		6450		48000
72		3.0	5.0	7		0		0		0		9681		67200
73		0.0	7.0	4		0		0		0		4064		38400
74		10.0	3.0	5		0		0		0		6640		48000
75		8.0	0.0	4		0		0		0		5512		38400
76		5.0	9.0	4		0		0		0		5252		38400
77		2.0	0.0	7		0		0		0		9793		67200
78		7.0	0.0	6		0		0		0		8886		57600
79		3.0	3.0	6		0		0		0		8268		57600
80		7.0	7.0	4		0		0		0		4364		38400
81		8.0	6.0	6		0		0		0		7146		57600
82		1.0	1.0	4		0		0		0		5596		38400
83		1.0	0.0	6		0		0		0		7308		57600
84		8.0	7.0	6		0		0		0		7248		57600
85		8.0	6.0	7		0		0		0		10486		67200
86		2.0	5.0	6		0		0		0		8100		57600
87		6.0	10.0	7		0		0		0		7616		67200
88		10.0	10.0	4		0		0		0		4252		38400
89		3.0	0.0	5		0		0		0		6150		48000
90		8.0	4.0	6		0		0		0		8382		57600
91		9.0	0.0	7		0		0		0		8680		67200
92		10.0	10.0	5		0		0		0		7270		48000
93		9.0	6.0	5		0		0		0		6200		48000
94		4.0	2.0	4		0		0		0		5388		38400
95		5.0	4.0	6		0		0		0		6420		57600
96		4.0	4.0	7		0		0		0		9254		67200
97		3.0	0.0	6		0		0		0		8352		57600
98		0.0	3.0	4		0		0		0		5680		38400
99		6.0	10.0	6		0		0		0		6138		57600
100		5.0	0.0	5		0		0		0		5680		48000

ITEMS
Type	Length	Width	Height	Mass	Fragility	LoadBearingStrength
Bt1	80	120	244	1172	0		0
Bt2	80	120	244	1401	0		0
Bt3	80	120	244	1030	0		0
Bt4	80	120	244	1263	0		0
Bt5	80	120	244	1090	0		0
Bt6	80	120	244	1315	0		0
Bt7	80	120	244	1360	0		0
Bt8	80	120	244	1391	0		0
Bt9	80	120	244	1410	0		0
Bt10	80	120	244	1232	0		0
Bt11	80	120	244	1242	0		0
Bt12	80	120	244	1192	0		0
Bt13	80	120	244	1269	0		0
Bt14	80	120	244	1050	0		0
Bt15	80	120	244	1376	0		0
Bt16	80	120	244	1412	0		0
Bt17	80	120	244	1144	0		0
Bt18	80	120	244	1248	0		0
Bt19	80	120	244	1358	0		0
Bt20	80	120	244	1466	0		0
Bt21	80	120	244	1305	0		0
Bt22	80	120	244	1376	0		0
Bt23	80	120	244	1327	0		0
Bt24	80	120	244	1008	0		0
Bt25	80	120	244	1375	0		0
Bt26	80	120	244	1255	0		0
Bt27	80	120	244	1427	0		0
Bt28	80	120	244	1024	0		0
Bt29	80	120	244	1056	0		0
Bt30	80	120	244	1232	0		0
Bt31	80	120	244	1093	0		0
Bt32	80	120	244	1203	0		0
Bt33	80	120	244	1183	0		0
Bt34	80	120	244	1277	0		0
Bt35	80	120	244	1010	0		0
Bt36	80	120	244	1064	0		0
Bt37	80	120	244	1210	0		0
Bt38	80	120	244	1366	0		0
Bt39	80	120	244	1499	0		0
Bt40	80	120	244	1247	0		0
Bt41	80	120	244	1243	0		0
Bt42	80	120	244	1331	0		0
Bt43	80	120	244	1174	0		0
Bt44	80	120	244	1445	0		0
Bt45	80	120	244	1365	0		0
Bt46	80	120	244	1065	0		0
Bt47	80	120	244	1121	0		0
Bt48	80	120	244	1315	0		0
Bt49	80	120	244	1165	0		0
Bt50	80	120	244	1142	0		0
Bt51	80	120	244	1407	0		0
Bt52	80	120	244	1336	0		0
Bt53	80	120	244	1306	0		0
Bt54	80	120	244	1243	0		0
Bt55	80	120	244	1029	0		0
Bt56	80	120	244	1092	0		0
Bt57	80	120	244	1361	0		0
Bt58	80	120	244	1118	0		0
Bt59	80	120	244	1372	0		0
Bt60	80	120	244	1500	0		0
Bt61	80	120	244	1131	0		0
Bt62	80	120	244	1183	0		0
Bt63	80	120	244	1224	0		0
Bt64	80	120	244	1450	0		0
Bt65	80	120	244	1009	0		0
Bt66	80	120	244	1483	0		0
Bt67	80	120	244	1305	0		0
Bt68	80	120	244	1461	0		0
Bt69	80	120	244	1227	0		0
Bt70	80	120	244	1057	0		0
Bt71	80	120	244	1290	0		0
Bt72	80	120	244	1383	0		0
Bt73	80	120	244	1016	0		0
Bt74	80	120	244	1328	0		0
Bt75	80	120	244	1378	0		0
Bt76	80	120	244	1313	0		0
Bt77	80	120	244	1399	0		0
Bt78	80	120	244	1481	0		0
Bt79	80	120	244	1378	0		0
Bt80	80	120	244	1091	0		0
Bt81	80	120	244	1191	0		0
Bt82	80	120	244	1399	0		0
Bt83	80	120	244	1218	0		0
Bt84	80	120	244	1208	0		0
Bt85	80	120	244	1498	0		0
Bt86	80	120	244	1350	0		0
Bt87	80	120	244	1088	0		0
Bt88	80	120	244	1063	0		0
Bt89	80	120	244	1230	0		0
Bt90	80	120	244	1397	0		0
Bt91	80	120	244	1240	0		0
Bt92	80	120	244	1454	0		0
Bt93	80	120	244	1240	0		0
Bt94	80	120	244	1347	0		0
Bt95	80	120	244	1070	0		0
Bt96	80	120	244	1322	0		0
Bt97	80	120	244	1392	0		0
Bt98	80	120	244	1420	0		0
Bt99	80	120	244	1023	0		0
Bt100	80	120	244	1136	0		0

DEMANDS PER CUSTOMER
i	Type Quantity
1	Bt1 6
2	Bt2 4
3	Bt3 7
4	Bt4 7
5	Bt5 7
6	Bt6 4
7	Bt7 5
8	Bt8 6
9	Bt9 4
10	Bt10 6
11	Bt11 5
12	Bt12 6
13	Bt13 5
14	Bt14 5
15	Bt15 4
16	Bt16 7
17	Bt17 6
18	Bt18 6
19	Bt19 5
20	Bt20 7
21	Bt21 5
22	Bt22 6
23	Bt23 4
24	Bt24 6
25	Bt25 7
26	Bt26 7
27	Bt27 4
28	Bt28 5
29	Bt29 4
30	Bt30 6
31	Bt31 6
32	Bt32 4
33	Bt33 6
34	Bt34 6
35	Bt35 7
36	Bt36 5
37	Bt37 6
38	Bt38 6
39	Bt39 7
40	Bt40 5
41	Bt41 4
42	Bt42 5
43	Bt43 4
44	Bt44 5
45	Bt45 5
46	Bt46 5
47	Bt47 4
48	Bt48 7
49	Bt49 7
50	Bt50 6
51	Bt51 7
52	Bt52 5
53	Bt53 7
54	Bt54 4
55	Bt55 5
56	Bt56 5
57	Bt57 5
58	Bt58 7
59	Bt59 6
60	Bt60 4
61	Bt61 5
62	Bt62 7
63	Bt63 5
64	Bt64 5
65	Bt65 7
66	Bt66 4
67	Bt67 5
68	Bt68 6
69	Bt69 6
70	Bt70 4
71	Bt71 5
72	Bt72 7
73	Bt73 4
74	Bt74 5
75	Bt75 4
76	Bt76 4
77	Bt77 7
78	Bt78 6
79	Bt79 6
80	Bt80 4
81	Bt81 6
82	Bt82 4
83	Bt83 6
84	Bt84 6
85	Bt85 7
86	Bt86 6
87	Bt87 7
88	Bt88 4
89	Bt89 5
90	Bt90 6
91	Bt91 7
92	Bt92 5
93	Bt93 5
94	Bt94 4
95	Bt95 6
96	Bt96 7
97	Bt97 6
98	Bt98 4
99	Bt99 6
100	Bt100 5
