Name				Inst_75_3_2
Number_of_Customers		75
Number_of_Items			408
Number_of_ItemTypes		75
Number_of_Vehicles		75
TimeWindows			0

VEHICLE
Mass_Capacity			32200
CargoSpace_Length		912
CargoSpace_Width		244
CargoSpace_Height		244
Wheelbase			550
Max_Mass_FrontAxle		11600
Max_Mass_RearAxle		21000
Distance_FrontAxle_CargoSpace	-100

CUSTOMERS
i		x	y	Demand		ReadyTime	DueDate		ServiceTime	DemandedMass	DemandedVolume
0		5.0	5.0	0		0		0		0		0		0
1		4.0	3.0	5		0		0		0		5495		48000
2		7.0	3.0	5		0		0		0		6155		48000
3		1.0	0.0	7		0		0		0		9324		67200
4		6.0	7.0	6		0		0		0		6900		57600
5		1.0	1.0	4		0		0		0		4204		38400
6		5.0	7.0	5		0		0		0		5055		48000
7		2.0	6.0	6		0		0		0		6204		57600
8		3.0	8.0	6		0		0		0		8178		57600
9		1.0	1.0	5		0		0		0		6425		48000
10		6.0	1.0	5		0		0		0		5175		48000
11		3.0	4.0	4		0		0		0		4792		38400
12		0.0	7.0	4		0		0		0		5764		38400
13		1.0	2.0	5		0		0		0		5365		48000
14		5.0	10.0	7		0		0		0		9492		67200
15		9.0	2.0	7		0		0		0		7805		67200
16		3.0	2.0	4		0		0		0		4752		38400
17		9.0	6.0	6		0		0		0		6534		57600
18		5.0	5.0	7		0		0		0		9044		67200
19		1.0	8.0	7		0		0		0		8778		67200
20		7.0	6.0	6		0		0		0		6600		57600
21		9.0	7.0	4		0		0		0		4212		38400
22		2.0	6.0	5		0		0		0		5440		48000
23		8.0	2.0	5		0		0		0		7265		48000
24		2.0	10.0	4		0		0		0		5240		38400
25		0.0	2.0	5		0		0		0		6980		48000
26		3.0	7.0	7		0		0		0		7427		67200
27		10.0	1.0	5		0		0		0		6205		48000
28		8.0	2.0	4		0		0		0		4308		38400
29		1.0	3.0	6		0		0		0		6654		57600
30		1.0	8.0	4		0		0		0		5284		38400
31		3.0	6.0	5		0		0		0		6155		48000
32		0.0	6.0	7		0		0		0		7371		67200
33		8.0	2.0	6		0		0		0		8262		57600
34		6.0	0.0	6		0		0		0		6810		57600
35		3.0	5.0	4		0		0		0		4160		38400
36		2.0	7.0	7		0		0		0		8162		67200
37		3.0	7.0	7		0		0		0		2695		67200
38		3.0	10.0	5		0		0		0		1900		48000
39		9.0	7.0	5		0		0		0		685		48000
40		2.0	2.0	6		0		0		0		1422		57600
41		7.0	8.0	7		0		0		0		1505		67200
42		6.0	6.0	4		0		0		0		1020		38400
43		6.0	0.0	6		0		0		0		1344		57600
44		1.0	2.0	6		0		0		0		1956		57600
45		9.0	9.0	6		0		0		0		2976		57600
46		8.0	5.0	5		0		0		0		2220		48000
47		8.0	7.0	4		0		0		0		1060		38400
48		0.0	2.0	4		0		0		0		1924		38400
49		3.0	8.0	6		0		0		0		1308		57600
50		7.0	1.0	6		0		0		0		1332		57600
51		7.0	1.0	5		0		0		0		2400		48000
52		8.0	10.0	7		0		0		0		2401		67200
53		8.0	4.0	4		0		0		0		964		38400
54		5.0	9.0	5		0		0		0		2385		48000
55		0.0	2.0	6		0		0		0		1260		57600
56		2.0	7.0	5		0		0		0		795		48000
57		4.0	7.0	7		0		0		0		1400		67200
58		0.0	3.0	5		0		0		0		775		48000
59		1.0	9.0	5		0		0		0		1135		48000
60		5.0	4.0	6		0		0		0		2154		57600
61		1.0	6.0	4		0		0		0		1180		38400
62		4.0	5.0	6		0		0		0		2250		57600
63		6.0	7.0	6		0		0		0		1374		57600
64		8.0	9.0	5		0		0		0		2320		48000
65		7.0	2.0	5		0		0		0		2255		48000
66		7.0	10.0	6		0		0		0		822		57600
67		5.0	2.0	4		0		0		0		1912		38400
68		3.0	5.0	6		0		0		0		1032		57600
69		7.0	0.0	5		0		0		0		1780		48000
70		6.0	10.0	6		0		0		0		2604		57600
71		5.0	2.0	6		0		0		0		1170		57600
72		6.0	5.0	6		0		0		0		1656		57600
73		0.0	1.0	5		0		0		0		1900		48000
74		6.0	8.0	5		0		0		0		675		48000
75		7.0	0.0	6		0		0		0		888		57600

ITEMS
Type	Length	Width	Height	Mass	Fragility	LoadBearingStrength
Bt1	80	120	244	1099	0		0
Bt2	80	120	244	1231	0		0
Bt3	80	120	244	1332	0		0
Bt4	80	120	244	1150	0		0
Bt5	80	120	244	1051	0		0
Bt6	80	120	244	1011	0		0
Bt7	80	120	244	1034	0		0
Bt8	80	120	244	1363	0		0
Bt9	80	120	244	1285	0		0
Bt10	80	120	244	1035	0		0
Bt11	80	120	244	1198	0		0
Bt12	80	120	244	1441	0		0
Bt13	80	120	244	1073	0		0
Bt14	80	120	244	1356	0		0
Bt15	80	120	244	1115	0		0
Bt16	80	120	244	1188	0		0
Bt17	80	120	244	1089	0		0
Bt18	80	120	244	1292	0		0
Bt19	80	120	244	1254	0		0
Bt20	80	120	244	1100	0		0
Bt21	80	120	244	1053	0		0
Bt22	80	120	244	1088	0		0
Bt23	80	120	244	1453	0		0
Bt24	80	120	244	1310	0		0
Bt25	80	120	244	1396	0		0
Bt26	80	120	244	1061	0		0
Bt27	80	120	244	1241	0		0
Bt28	80	120	244	1077	0		0
Bt29	80	120	244	1109	0		0
Bt30	80	120	244	1321	0		0
Bt31	80	120	244	1231	0		0
Bt32	80	120	244	1053	0		0
Bt33	80	120	244	1377	0		0
Bt34	80	120	244	1135	0		0
Bt35	80	120	244	1040	0		0
Bt36	80	120	244	1166	0		0
Bt37	80	120	244	385	0		0
Bt38	80	120	244	380	0		0
Bt39	80	120	244	137	0		0
Bt40	80	120	244	237	0		0
Bt41	80	120	244	215	0		0
Bt42	80	120	244	255	0		0
Bt43	80	120	244	224	0		0
Bt44	80	120	244	326	0		0
Bt45	80	120	244	496	0		0
Bt46	80	120	244	444	0		0
Bt47	80	120	244	265	0		0
Bt48	80	120	244	481	0		0
Bt49	80	120	244	218	0		0
Bt50	80	120	244	222	0		0
Bt51	80	120	244	480	0		0
Bt52	80	120	244	343	0		0
Bt53	80	120	244	241	0		0
Bt54	80	120	244	477	0		0
Bt55	80	120	244	210	0		0
Bt56	80	120	244	159	0		0
Bt57	80	120	244	200	0		0
Bt58	80	120	244	155	0		0
Bt59	80	120	244	227	0		0
Bt60	80	120	244	359	0		0
Bt61	80	120	244	295	0		0
Bt62	80	120	244	375	0		0
Bt63	80	120	244	229	0		0
Bt64	80	120	244	464	0		0
Bt65	80	120	244	451	0		0
Bt66	80	120	244	137	0		0
Bt67	80	120	244	478	0		0
Bt68	80	120	244	172	0		0
Bt69	80	120	244	356	0		0
Bt70	80	120	244	434	0		0
Bt71	80	120	244	195	0		0
Bt72	80	120	244	276	0		0
Bt73	80	120	244	380	0		0
Bt74	80	120	244	135	0		0
Bt75	80	120	244	148	0		0

DEMANDS PER CUSTOMER
i	Type Quantity
1	Bt1 5
2	Bt2 5
3	Bt3 7
4	Bt4 6
5	Bt5 4
6	Bt6 5
7	Bt7 6
8	Bt8 6
9	Bt9 5
10	Bt10 5
11	Bt11 4
12	Bt12 4
13	Bt13 5
14	Bt14 7
15	Bt15 7
16	Bt16 4
17	Bt17 6
18	Bt18 7
19	Bt19 7
20	Bt20 6
21	Bt21 4
22	Bt22 5
23	Bt23 5
24	Bt24 4
25	Bt25 5
26	Bt26 7
27	Bt27 5
28	Bt28 4
29	Bt29 6
30	Bt30 4
31	Bt31 5
32	Bt32 7
33	Bt33 6
34	Bt34 6
35	Bt35 4
36	Bt36 7
37	Bt37 7
38	Bt38 5
39	Bt39 5
40	Bt40 6
41	Bt41 7
42	Bt42 4
43	Bt43 6
44	Bt44 6
45	Bt45 6
46	Bt46 5
47	Bt47 4
48	Bt48 4
49	Bt49 6
50	Bt50 6
51	Bt51 5
52	Bt52 7
53	Bt53 4
54	Bt54 5
55	Bt55 6
56	Bt56 5
57	Bt57 7
58	Bt58 5
59	Bt59 5
60	Bt60 6
61	Bt61 4
62	Bt62 6
63	Bt63 6
64	Bt64 5
65	Bt65 5
66	Bt66 6
67	Bt67 4
68	Bt68 6
69	Bt69 5
70	Bt70 6
71	Bt71 6
72	Bt72 6
73	Bt73 5
74	Bt74 5
75	Bt75 6
