Name				Inst_100_4_3
Number_of_Customers		100
Number_of_Items			908
Number_of_ItemTypes		100
Number_of_Vehicles		100
TimeWindows			0

VEHICLE
Mass_Capacity			32200
CargoSpace_Length		912
CargoSpace_Width		244
CargoSpace_Height		244
Wheelbase			550
Max_Mass_FrontAxle		11600
Max_Mass_RearAxle		21000
Distance_FrontAxle_CargoSpace	-100

CUSTOMERS
i		x	y	Demand		ReadyTime	DueDate		ServiceTime	DemandedMass	DemandedVolume
0		5.0	5.0	0		0		0		0		0		0
1		0.0	4.0	9		0		0		0		11736		86400
2		10.0	7.0	11		0		0		0		14641		105600
3		8.0	2.0	13		0		0		0		15002		124800
4		5.0	2.0	5		0		0		0		7375		48000
5		3.0	4.0	3		0		0		0		3744		28800
6		7.0	8.0	9		0		0		0		9036		86400
7		0.0	3.0	2		0		0		0		2762		19200
8		6.0	4.0	10		0		0		0		11810		96000
9		6.0	3.0	2		0		0		0		2920		19200
10		4.0	0.0	8		0		0		0		8440		76800
11		7.0	9.0	14		0		0		0		18508		134400
12		10.0	1.0	15		0		0		0		20145		144000
13		4.0	0.0	9		0		0		0		11151		86400
14		5.0	7.0	9		0		0		0		11439		86400
15		4.0	10.0	6		0		0		0		6126		57600
16		3.0	3.0	7		0		0		0		10451		67200
17		0.0	7.0	11		0		0		0		16247		105600
18		6.0	6.0	15		0		0		0		16815		144000
19		1.0	1.0	15		0		0		0		18435		144000
20		7.0	8.0	6		0		0		0		8016		57600
21		9.0	7.0	12		0		0		0		14712		115200
22		5.0	10.0	10		0		0		0		10160		96000
23		6.0	2.0	13		0		0		0		19162		124800
24		6.0	1.0	7		0		0		0		8694		67200
25		10.0	1.0	6		0		0		0		8892		57600
26		9.0	5.0	1		0		0		0		1459		9600
27		9.0	3.0	7		0		0		0		7945		67200
28		4.0	2.0	2		0		0		0		2810		19200
29		2.0	1.0	10		0		0		0		14120		96000
30		2.0	7.0	6		0		0		0		6402		57600
31		3.0	6.0	8		0		0		0		8088		76800
32		10.0	0.0	12		0		0		0		16584		115200
33		7.0	7.0	14		0		0		0		16842		134400
34		10.0	9.0	12		0		0		0		13812		115200
35		10.0	9.0	9		0		0		0		9135		86400
36		2.0	9.0	11		0		0		0		11330		105600
37		3.0	8.0	12		0		0		0		15216		115200
38		4.0	10.0	8		0		0		0		10128		76800
39		2.0	9.0	11		0		0		0		13354		105600
40		8.0	2.0	12		0		0		0		13296		115200
41		1.0	4.0	4		0		0		0		4364		38400
42		2.0	5.0	8		0		0		0		11528		76800
43		7.0	2.0	14		0		0		0		14070		134400
44		2.0	5.0	15		0		0		0		17325		144000
45		10.0	3.0	3		0		0		0		3036		28800
46		10.0	10.0	14		0		0		0		18018		134400
47		2.0	2.0	9		0		0		0		9567		86400
48		3.0	6.0	8		0		0		0		9040		76800
49		6.0	9.0	9		0		0		0		10206		86400
50		0.0	0.0	10		0		0		0		2510		96000
51		5.0	10.0	8		0		0		0		3504		76800
52		10.0	5.0	9		0		0		0		3573		86400
53		9.0	9.0	10		0		0		0		3030		96000
54		6.0	7.0	12		0		0		0		5304		115200
55		4.0	1.0	2		0		0		0		942		19200
56		7.0	1.0	11		0		0		0		5170		105600
57		0.0	10.0	10		0		0		0		3630		96000
58		7.0	2.0	10		0		0		0		1650		96000
59		1.0	0.0	6		0		0		0		1974		57600
60		7.0	10.0	2		0		0		0		202		19200
61		7.0	2.0	5		0		0		0		1240		48000
62		6.0	0.0	12		0		0		0		4524		115200
63		9.0	1.0	10		0		0		0		3540		96000
64		8.0	8.0	10		0		0		0		4070		96000
65		10.0	1.0	10		0		0		0		2580		96000
66		9.0	4.0	15		0		0		0		2700		144000
67		8.0	4.0	11		0		0		0		5258		105600
68		6.0	8.0	8		0		0		0		1808		76800
69		0.0	9.0	12		0		0		0		4680		115200
70		7.0	8.0	14		0		0		0		5054		134400
71		0.0	9.0	7		0		0		0		994		67200
72		5.0	3.0	14		0		0		0		5334		134400
73		3.0	4.0	15		0		0		0		7215		144000
74		6.0	6.0	5		0		0		0		1865		48000
75		5.0	3.0	1		0		0		0		220		9600
76		1.0	4.0	9		0		0		0		972		86400
77		8.0	3.0	11		0		0		0		4994		105600
78		9.0	9.0	12		0		0		0		4788		115200
79		2.0	0.0	7		0		0		0		1281		67200
80		10.0	0.0	1		0		0		0		339		9600
81		3.0	5.0	4		0		0		0		1216		38400
82		1.0	5.0	9		0		0		0		1656		86400
83		10.0	7.0	14		0		0		0		5880		134400
84		2.0	6.0	6		0		0		0		906		57600
85		3.0	2.0	14		0		0		0		5026		134400
86		6.0	1.0	5		0		0		0		605		48000
87		8.0	9.0	13		0		0		0		4758		124800
88		8.0	2.0	12		0		0		0		2160		115200
89		7.0	4.0	11		0		0		0		3465		105600
90		6.0	4.0	2		0		0		0		220		19200
91		0.0	0.0	9		0		0		0		1035		86400
92		3.0	4.0	8		0		0		0		1624		76800
93		7.0	3.0	7		0		0		0		2310		67200
94		8.0	2.0	12		0		0		0		5328		115200
95		7.0	4.0	4		0		0		0		1372		38400
96		5.0	10.0	12		0		0		0		1788		115200
97		2.0	6.0	3		0		0		0		972		28800
98		8.0	10.0	11		0		0		0		1496		105600
99		7.0	6.0	15		0		0		0		2730		144000
100		0.0	8.0	12		0		0		0		4704		115200

ITEMS
Type	Length	Width	Height	Mass	Fragility	LoadBearingStrength
Bt1	80	120	244	1304	0		0
Bt2	80	120	244	1331	0		0
Bt3	80	120	244	1154	0		0
Bt4	80	120	244	1475	0		0
Bt5	80	120	244	1248	0		0
Bt6	80	120	244	1004	0		0
Bt7	80	120	244	1381	0		0
Bt8	80	120	244	1181	0		0
Bt9	80	120	244	1460	0		0
Bt10	80	120	244	1055	0		0
Bt11	80	120	244	1322	0		0
Bt12	80	120	244	1343	0		0
Bt13	80	120	244	1239	0		0
Bt14	80	120	244	1271	0		0
Bt15	80	120	244	1021	0		0
Bt16	80	120	244	1493	0		0
Bt17	80	120	244	1477	0		0
Bt18	80	120	244	1121	0		0
Bt19	80	120	244	1229	0		0
Bt20	80	120	244	1336	0		0
Bt21	80	120	244	1226	0		0
Bt22	80	120	244	1016	0		0
Bt23	80	120	244	1474	0		0
Bt24	80	120	244	1242	0		0
Bt25	80	120	244	1482	0		0
Bt26	80	120	244	1459	0		0
Bt27	80	120	244	1135	0		0
Bt28	80	120	244	1405	0		0
Bt29	80	120	244	1412	0		0
Bt30	80	120	244	1067	0		0
Bt31	80	120	244	1011	0		0
Bt32	80	120	244	1382	0		0
Bt33	80	120	244	1203	0		0
Bt34	80	120	244	1151	0		0
Bt35	80	120	244	1015	0		0
Bt36	80	120	244	1030	0		0
Bt37	80	120	244	1268	0		0
Bt38	80	120	244	1266	0		0
Bt39	80	120	244	1214	0		0
Bt40	80	120	244	1108	0		0
Bt41	80	120	244	1091	0		0
Bt42	80	120	244	1441	0		0
Bt43	80	120	244	1005	0		0
Bt44	80	120	244	1155	0		0
Bt45	80	120	244	1012	0		0
Bt46	80	120	244	1287	0		0
Bt47	80	120	244	1063	0		0
Bt48	80	120	244	1130	0		0
Bt49	80	120	244	1134	0		0
Bt50	80	120	244	251	0		0
Bt51	80	120	244	438	0		0
Bt52	80	120	244	397	0		0
Bt53	80	120	244	303	0		0
Bt54	80	120	244	442	0		0
Bt55	80	120	244	471	0		0
Bt56	80	120	244	470	0		0
Bt57	80	120	244	363	0		0
Bt58	80	120	244	165	0		0
Bt59	80	120	244	329	0		0
Bt60	80	120	244	101	0		0
Bt61	80	120	244	248	0		0
Bt62	80	120	244	377	0		0
Bt63	80	120	244	354	0		0
Bt64	80	120	244	407	0		0
Bt65	80	120	244	258	0		0
Bt66	80	120	244	180	0		0
Bt67	80	120	244	478	0		0
Bt68	80	120	244	226	0		0
Bt69	80	120	244	390	0		0
Bt70	80	120	244	361	0		0
Bt71	80	120	244	142	0		0
Bt72	80	120	244	381	0		0
Bt73	80	120	244	481	0		0
Bt74	80	120	244	373	0		0
Bt75	80	120	244	220	0		0
Bt76	80	120	244	108	0		0
Bt77	80	120	244	454	0		0
Bt78	80	120	244	399	0		0
Bt79	80	120	244	183	0		0
Bt80	80	120	244	339	0		0
Bt81	80	120	244	304	0		0
Bt82	80	120	244	184	0		0
Bt83	80	120	244	420	0		0
Bt84	80	120	244	151	0		0
Bt85	80	120	244	359	0		0
Bt86	80	120	244	121	0		0
Bt87	80	120	244	366	0		0
Bt88	80	120	244	180	0		0
Bt89	80	120	244	315	0		0
Bt90	80	120	244	110	0		0
Bt91	80	120	244	115	0		0
Bt92	80	120	244	203	0		0
Bt93	80	120	244	330	0		0
Bt94	80	120	244	444	0		0
Bt95	80	120	244	343	0		0
Bt96	80	120	244	149	0		0
Bt97	80	120	244	324	0		0
Bt98	80	120	244	136	0		0
Bt99	80	120	244	182	0		0
Bt100	80	120	244	392	0		0

DEMANDS PER CUSTOMER
i	Type Quantity
1	Bt1 9
2	Bt2 11
3	Bt3 13
4	Bt4 5
5	Bt5 3
6	Bt6 9
7	Bt7 2
8	Bt8 10
9	Bt9 2
10	Bt10 8
11	Bt11 14
12	Bt12 15
13	Bt13 9
14	Bt14 9
15	Bt15 6
16	Bt16 7
17	Bt17 11
18	Bt18 15
19	Bt19 15
20	Bt20 6
21	Bt21 12
22	Bt22 10
23	Bt23 13
24	Bt24 7
25	Bt25 6
26	Bt26 1
27	Bt27 7
28	Bt28 2
29	Bt29 10
30	Bt30 6
31	Bt31 8
32	Bt32 12
33	Bt33 14
34	Bt34 12
35	Bt35 9
36	Bt36 11
37	Bt37 12
38	Bt38 8
39	Bt39 11
40	Bt40 12
41	Bt41 4
42	Bt42 8
43	Bt43 14
44	Bt44 15
45	Bt45 3
46	Bt46 14
47	Bt47 9
48	Bt48 8
49	Bt49 9
50	Bt50 10
51	Bt51 8
52	Bt52 9
53	Bt53 10
54	Bt54 12
55	Bt55 2
56	Bt56 11
57	Bt57 10
58	Bt58 10
59	Bt59 6
60	Bt60 2
61	Bt61 5
62	Bt62 12
63	Bt63 10
64	Bt64 10
65	Bt65 10
66	Bt66 15
67	Bt67 11
68	Bt68 8
69	Bt69 12
70	Bt70 14
71	Bt71 7
72	Bt72 14
73	Bt73 15
74	Bt74 5
75	Bt75 1
76	Bt76 9
77	Bt77 11
78	Bt78 12
79	Bt79 7
80	Bt80 1
81	Bt81 4
82	Bt82 9
83	Bt83 14
84	Bt84 6
85	Bt85 14
86	Bt86 5
87	Bt87 13
88	Bt88 12
89	Bt89 11
90	Bt90 2
91	Bt91 9
92	Bt92 8
93	Bt93 7
94	Bt94 12
95	Bt95 4
96	Bt96 12
97	Bt97 3
98	Bt98 11
99	Bt99 15
100	Bt100 12
