Name				Inst_50_2_7
Number_of_Customers		50
Number_of_Items			372
Number_of_ItemTypes		50
Number_of_Vehicles		50
TimeWindows			0

VEHICLE
Mass_Capacity			32200
CargoSpace_Length		912
CargoSpace_Width		244
CargoSpace_Height		244
Wheelbase			550
Max_Mass_FrontAxle		11600
Max_Mass_RearAxle		21000
Distance_FrontAxle_CargoSpace	-100

CUSTOMERS
i		x	y	Demand		ReadyTime	DueDate		ServiceTime	DemandedMass	DemandedVolume
0		5.0	5.0	0		0		0		0		0		0
1		2.0	1.0	8		0		0		0		10712		76800
2		6.0	1.0	1		0		0		0		1030		9600
3		2.0	9.0	15		0		0		0		20190		144000
4		1.0	2.0	12		0		0		0		15540		115200
5		1.0	0.0	8		0		0		0		8504		76800
6		8.0	5.0	2		0		0		0		2204		19200
7		3.0	5.0	4		0		0		0		5772		38400
8		7.0	4.0	1		0		0		0		1428		9600
9		3.0	9.0	9		0		0		0		11439		86400
10		3.0	0.0	5		0		0		0		5440		48000
11		1.0	0.0	4		0		0		0		5484		38400
12		1.0	3.0	13		0		0		0		17277		124800
13		9.0	1.0	6		0		0		0		8748		57600
14		8.0	5.0	5		0		0		0		7260		48000
15		0.0	2.0	13		0		0		0		17472		124800
16		8.0	5.0	6		0		0		0		7068		57600
17		2.0	0.0	6		0		0		0		7998		57600
18		0.0	9.0	6		0		0		0		7116		57600
19		3.0	9.0	4		0		0		0		4568		38400
20		3.0	0.0	9		0		0		0		12375		86400
21		5.0	6.0	15		0		0		0		20040		144000
22		7.0	0.0	3		0		0		0		3063		28800
23		1.0	3.0	14		0		0		0		19040		134400
24		6.0	6.0	11		0		0		0		15774		105600
25		5.0	6.0	11		0		0		0		11803		105600
26		4.0	5.0	2		0		0		0		2320		19200
27		0.0	1.0	15		0		0		0		18075		144000
28		4.0	6.0	3		0		0		0		3744		28800
29		6.0	7.0	8		0		0		0		11032		76800
30		4.0	1.0	2		0		0		0		2536		19200
31		8.0	7.0	3		0		0		0		3102		28800
32		3.0	2.0	7		0		0		0		10465		67200
33		10.0	2.0	1		0		0		0		1310		9600
34		2.0	1.0	13		0		0		0		18096		124800
35		5.0	1.0	14		0		0		0		20720		134400
36		7.0	8.0	4		0		0		0		5260		38400
37		5.0	10.0	12		0		0		0		16368		115200
38		4.0	5.0	7		0		0		0		9996		67200
39		4.0	7.0	15		0		0		0		16065		144000
40		8.0	7.0	6		0		0		0		7446		57600
41		9.0	4.0	2		0		0		0		2428		19200
42		7.0	3.0	2		0		0		0		2716		19200
43		6.0	9.0	8		0		0		0		9032		76800
44		1.0	0.0	1		0		0		0		1134		9600
45		10.0	10.0	9		0		0		0		13320		86400
46		8.0	7.0	15		0		0		0		21930		144000
47		10.0	4.0	6		0		0		0		6186		57600
48		1.0	1.0	9		0		0		0		10386		86400
49		2.0	5.0	12		0		0		0		15084		115200
50		3.0	8.0	5		0		0		0		6670		48000

ITEMS
Type	Length	Width	Height	Mass	Fragility	LoadBearingStrength
Bt1	80	120	244	1339	0		0
Bt2	80	120	244	1030	0		0
Bt3	80	120	244	1346	0		0
Bt4	80	120	244	1295	0		0
Bt5	80	120	244	1063	0		0
Bt6	80	120	244	1102	0		0
Bt7	80	120	244	1443	0		0
Bt8	80	120	244	1428	0		0
Bt9	80	120	244	1271	0		0
Bt10	80	120	244	1088	0		0
Bt11	80	120	244	1371	0		0
Bt12	80	120	244	1329	0		0
Bt13	80	120	244	1458	0		0
Bt14	80	120	244	1452	0		0
Bt15	80	120	244	1344	0		0
Bt16	80	120	244	1178	0		0
Bt17	80	120	244	1333	0		0
Bt18	80	120	244	1186	0		0
Bt19	80	120	244	1142	0		0
Bt20	80	120	244	1375	0		0
Bt21	80	120	244	1336	0		0
Bt22	80	120	244	1021	0		0
Bt23	80	120	244	1360	0		0
Bt24	80	120	244	1434	0		0
Bt25	80	120	244	1073	0		0
Bt26	80	120	244	1160	0		0
Bt27	80	120	244	1205	0		0
Bt28	80	120	244	1248	0		0
Bt29	80	120	244	1379	0		0
Bt30	80	120	244	1268	0		0
Bt31	80	120	244	1034	0		0
Bt32	80	120	244	1495	0		0
Bt33	80	120	244	1310	0		0
Bt34	80	120	244	1392	0		0
Bt35	80	120	244	1480	0		0
Bt36	80	120	244	1315	0		0
Bt37	80	120	244	1364	0		0
Bt38	80	120	244	1428	0		0
Bt39	80	120	244	1071	0		0
Bt40	80	120	244	1241	0		0
Bt41	80	120	244	1214	0		0
Bt42	80	120	244	1358	0		0
Bt43	80	120	244	1129	0		0
Bt44	80	120	244	1134	0		0
Bt45	80	120	244	1480	0		0
Bt46	80	120	244	1462	0		0
Bt47	80	120	244	1031	0		0
Bt48	80	120	244	1154	0		0
Bt49	80	120	244	1257	0		0
Bt50	80	120	244	1334	0		0

DEMANDS PER CUSTOMER
i	Type Quantity
1	Bt1 8
2	Bt2 1
3	Bt3 15
4	Bt4 12
5	Bt5 8
6	Bt6 2
7	Bt7 4
8	Bt8 1
9	Bt9 9
10	Bt10 5
11	Bt11 4
12	Bt12 13
13	Bt13 6
14	Bt14 5
15	Bt15 13
16	Bt16 6
17	Bt17 6
18	Bt18 6
19	Bt19 4
20	Bt20 9
21	Bt21 15
22	Bt22 3
23	Bt23 14
24	Bt24 11
25	Bt25 11
26	Bt26 2
27	Bt27 15
28	Bt28 3
29	Bt29 8
30	Bt30 2
31	Bt31 3
32	Bt32 7
33	Bt33 1
34	Bt34 13
35	Bt35 14
36	Bt36 4
37	Bt37 12
38	Bt38 7
39	Bt39 15
40	Bt40 6
41	Bt41 2
42	Bt42 2
43	Bt43 8
44	Bt44 1
45	Bt45 9
46	Bt46 15
47	Bt47 6
48	Bt48 9
49	Bt49 12
50	Bt50 5
