Name				Inst_100_2_1
Number_of_Customers		100
Number_of_Items			847
Number_of_ItemTypes		100
Number_of_Vehicles		100
TimeWindows			0

VEHICLE
Mass_Capacity			32200
CargoSpace_Length		912
CargoSpace_Width		244
CargoSpace_Height		244
Wheelbase			550
Max_Mass_FrontAxle		11600
Max_Mass_RearAxle		21000
Distance_FrontAxle_CargoSpace	-100

CUSTOMERS
i		x	y	Demand		ReadyTime	DueDate		ServiceTime	DemandedMass	DemandedVolume
0		5.0	5.0	0		0		0		0		0		0
1		7.0	9.0	4		0		0		0		4280		38400
2		2.0	4.0	15		0		0		0		21570		144000
3		8.0	4.0	5		0		0		0		6835		48000
4		4.0	9.0	13		0		0		0		15561		124800
5		10.0	6.0	15		0		0		0		16380		144000
6		5.0	2.0	11		0		0		0		15059		105600
7		3.0	6.0	10		0		0		0		13440		96000
8		7.0	2.0	10		0		0		0		14740		96000
9		8.0	8.0	10		0		0		0		14620		96000
10		7.0	10.0	1		0		0		0		1272		9600
11		9.0	6.0	1		0		0		0		1377		9600
12		1.0	4.0	8		0		0		0		11144		76800
13		7.0	5.0	15		0		0		0		22335		144000
14		10.0	1.0	13		0		0		0		19344		124800
15		3.0	1.0	6		0		0		0		8616		57600
16		8.0	4.0	2		0		0		0		2370		19200
17		3.0	8.0	7		0		0		0		9233		67200
18		6.0	10.0	13		0		0		0		19136		124800
19		2.0	10.0	2		0		0		0		2042		19200
20		5.0	9.0	3		0		0		0		3630		28800
21		3.0	9.0	14		0		0		0		14756		134400
22		8.0	7.0	8		0		0		0		10792		76800
23		2.0	4.0	9		0		0		0		12690		86400
24		5.0	10.0	1		0		0		0		1161		9600
25		9.0	1.0	12		0		0		0		12576		115200
26		1.0	7.0	8		0		0		0		9520		76800
27		8.0	2.0	11		0		0		0		11132		105600
28		0.0	7.0	8		0		0		0		9568		76800
29		8.0	6.0	15		0		0		0		19200		144000
30		10.0	5.0	9		0		0		0		9882		86400
31		1.0	9.0	7		0		0		0		8505		67200
32		7.0	1.0	5		0		0		0		7035		48000
33		10.0	10.0	9		0		0		0		11880		86400
34		10.0	8.0	13		0		0		0		18369		124800
35		6.0	10.0	9		0		0		0		9000		86400
36		3.0	6.0	13		0		0		0		14833		124800
37		3.0	3.0	7		0		0		0		7931		67200
38		10.0	10.0	14		0		0		0		18634		134400
39		7.0	7.0	12		0		0		0		15744		115200
40		4.0	7.0	8		0		0		0		8600		76800
41		7.0	4.0	4		0		0		0		5104		38400
42		2.0	5.0	12		0		0		0		15840		115200
43		0.0	3.0	15		0		0		0		19740		144000
44		8.0	8.0	10		0		0		0		11900		96000
45		4.0	5.0	3		0		0		0		3909		28800
46		10.0	2.0	12		0		0		0		15888		115200
47		0.0	7.0	7		0		0		0		8239		67200
48		4.0	2.0	8		0		0		0		10688		76800
49		9.0	10.0	5		0		0		0		5955		48000
50		1.0	7.0	11		0		0		0		16291		105600
51		9.0	0.0	14		0		0		0		15218		134400
52		4.0	8.0	4		0		0		0		4712		38400
53		4.0	4.0	3		0		0		0		4134		28800
54		3.0	2.0	14		0		0		0		14406		134400
55		5.0	0.0	12		0		0		0		12228		115200
56		4.0	7.0	14		0		0		0		19082		134400
57		8.0	2.0	11		0		0		0		14465		105600
58		3.0	2.0	1		0		0		0		1313		9600
59		6.0	3.0	6		0		0		0		6006		57600
60		10.0	9.0	2		0		0		0		2984		19200
61		7.0	9.0	2		0		0		0		2222		19200
62		10.0	1.0	6		0		0		0		7536		57600
63		10.0	10.0	15		0		0		0		17145		144000
64		0.0	3.0	8		0		0		0		10824		76800
65		4.0	4.0	10		0		0		0		11380		96000
66		10.0	1.0	11		0		0		0		16016		105600
67		8.0	1.0	4		0		0		0		5724		38400
68		10.0	5.0	12		0		0		0		13572		115200
69		7.0	0.0	5		0		0		0		5595		48000
70		3.0	7.0	8		0		0		0		11440		76800
71		6.0	0.0	9		0		0		0		9243		86400
72		9.0	3.0	9		0		0		0		9864		86400
73		4.0	4.0	1		0		0		0		1465		9600
74		0.0	3.0	11		0		0		0		12738		105600
75		10.0	3.0	3		0		0		0		4140		28800
76		6.0	2.0	14		0		0		0		16856		134400
77		5.0	5.0	3		0		0		0		3348		28800
78		7.0	10.0	4		0		0		0		5248		38400
79		3.0	4.0	9		0		0		0		13500		86400
80		8.0	8.0	14		0		0		0		16646		134400
81		1.0	6.0	4		0		0		0		4960		38400
82		5.0	0.0	13		0		0		0		13728		124800
83		9.0	5.0	11		0		0		0		13750		105600
84		0.0	1.0	10		0		0		0		13720		96000
85		9.0	7.0	2		0		0		0		2662		19200
86		6.0	3.0	4		0		0		0		5100		38400
87		5.0	8.0	10		0		0		0		14890		96000
88		9.0	2.0	2		0		0		0		2594		19200
89		5.0	3.0	14		0		0		0		14630		134400
90		3.0	6.0	12		0		0		0		16440		115200
91		4.0	9.0	9		0		0		0		13122		86400
92		2.0	3.0	10		0		0		0		11160		96000
93		4.0	4.0	9		0		0		0		9531		86400
94		8.0	9.0	13		0		0		0		18122		124800
95		2.0	5.0	2		0		0		0		2938		19200
96		10.0	7.0	2		0		0		0		2846		19200
97		6.0	2.0	4		0		0		0		4156		38400
98		7.0	8.0	12		0		0		0		17760		115200
99		3.0	6.0	15		0		0		0		20895		144000
100		4.0	3.0	7		0		0		0		9156		67200

ITEMS
Type	Length	Width	Height	Mass	Fragility	LoadBearingStrength
Bt1	80	120	244	1070	0		0
Bt2	80	120	244	1438	0		0
Bt3	80	120	244	1367	0		0
Bt4	80	120	244	1197	0		0
Bt5	80	120	244	1092	0		0
Bt6	80	120	244	1369	0		0
Bt7	80	120	244	1344	0		0
Bt8	80	120	244	1474	0		0
Bt9	80	120	244	1462	0		0
Bt10	80	120	244	1272	0		0
Bt11	80	120	244	1377	0		0
Bt12	80	120	244	1393	0		0
Bt13	80	120	244	1489	0		0
Bt14	80	120	244	1488	0		0
Bt15	80	120	244	1436	0		0
Bt16	80	120	244	1185	0		0
Bt17	80	120	244	1319	0		0
Bt18	80	120	244	1472	0		0
Bt19	80	120	244	1021	0		0
Bt20	80	120	244	1210	0		0
Bt21	80	120	244	1054	0		0
Bt22	80	120	244	1349	0		0
Bt23	80	120	244	1410	0		0
Bt24	80	120	244	1161	0		0
Bt25	80	120	244	1048	0		0
Bt26	80	120	244	1190	0		0
Bt27	80	120	244	1012	0		0
Bt28	80	120	244	1196	0		0
Bt29	80	120	244	1280	0		0
Bt30	80	120	244	1098	0		0
Bt31	80	120	244	1215	0		0
Bt32	80	120	244	1407	0		0
Bt33	80	120	244	1320	0		0
Bt34	80	120	244	1413	0		0
Bt35	80	120	244	1000	0		0
Bt36	80	120	244	1141	0		0
Bt37	80	120	244	1133	0		0
Bt38	80	120	244	1331	0		0
Bt39	80	120	244	1312	0		0
Bt40	80	120	244	1075	0		0
Bt41	80	120	244	1276	0		0
Bt42	80	120	244	1320	0		0
Bt43	80	120	244	1316	0		0
Bt44	80	120	244	1190	0		0
Bt45	80	120	244	1303	0		0
Bt46	80	120	244	1324	0		0
Bt47	80	120	244	1177	0		0
Bt48	80	120	244	1336	0		0
Bt49	80	120	244	1191	0		0
Bt50	80	120	244	1481	0		0
Bt51	80	120	244	1087	0		0
Bt52	80	120	244	1178	0		0
Bt53	80	120	244	1378	0		0
Bt54	80	120	244	1029	0		0
Bt55	80	120	244	1019	0		0
Bt56	80	120	244	1363	0		0
Bt57	80	120	244	1315	0		0
Bt58	80	120	244	1313	0		0
Bt59	80	120	244	1001	0		0
Bt60	80	120	244	1492	0		0
Bt61	80	120	244	1111	0		0
Bt62	80	120	244	1256	0		0
Bt63	80	120	244	1143	0		0
Bt64	80	120	244	1353	0		0
Bt65	80	120	244	1138	0		0
Bt66	80	120	244	1456	0		0
Bt67	80	120	244	1431	0		0
Bt68	80	120	244	1131	0		0
Bt69	80	120	244	1119	0		0
Bt70	80	120	244	1430	0		0
Bt71	80	120	244	1027	0		0
Bt72	80	120	244	1096	0		0
Bt73	80	120	244	1465	0		0
Bt74	80	120	244	1158	0		0
Bt75	80	120	244	1380	0		0
Bt76	80	120	244	1204	0		0
Bt77	80	120	244	1116	0		0
Bt78	80	120	244	1312	0		0
Bt79	80	120	244	1500	0		0
Bt80	80	120	244	1189	0		0
Bt81	80	120	244	1240	0		0
Bt82	80	120	244	1056	0		0
Bt83	80	120	244	1250	0		0
Bt84	80	120	244	1372	0		0
Bt85	80	120	244	1331	0		0
Bt86	80	120	244	1275	0		0
Bt87	80	120	244	1489	0		0
Bt88	80	120	244	1297	0		0
Bt89	80	120	244	1045	0		0
Bt90	80	120	244	1370	0		0
Bt91	80	120	244	1458	0		0
Bt92	80	120	244	1116	0		0
Bt93	80	120	244	1059	0		0
Bt94	80	120	244	1394	0		0
Bt95	80	120	244	1469	0		0
Bt96	80	120	244	1423	0		0
Bt97	80	120	244	1039	0		0
Bt98	80	120	244	1480	0		0
Bt99	80	120	244	1393	0		0
Bt100	80	120	244	1308	0		0

DEMANDS PER CUSTOMER
i	Type Quantity
1	Bt1 4
2	Bt2 15
3	Bt3 5
4	Bt4 13
5	Bt5 15
6	Bt6 11
7	Bt7 10
8	Bt8 10
9	Bt9 10
10	Bt10 1
11	Bt11 1
12	Bt12 8
13	Bt13 15
14	Bt14 13
15	Bt15 6
16	Bt16 2
17	Bt17 7
18	Bt18 13
19	Bt19 2
20	Bt20 3
21	Bt21 14
22	Bt22 8
23	Bt23 9
24	Bt24 1
25	Bt25 12
26	Bt26 8
27	Bt27 11
28	Bt28 8
29	Bt29 15
30	Bt30 9
31	Bt31 7
32	Bt32 5
33	Bt33 9
34	Bt34 13
35	Bt35 9
36	Bt36 13
37	Bt37 7
38	Bt38 14
39	Bt39 12
40	Bt40 8
41	Bt41 4
42	Bt42 12
43	Bt43 15
44	Bt44 10
45	Bt45 3
46	Bt46 12
47	Bt47 7
48	Bt48 8
49	Bt49 5
50	Bt50 11
51	Bt51 14
52	Bt52 4
53	Bt53 3
54	Bt54 14
55	Bt55 12
56	Bt56 14
57	Bt57 11
58	Bt58 1
59	Bt59 6
60	Bt60 2
61	Bt61 2
62	Bt62 6
63	Bt63 15
64	Bt64 8
65	Bt65 10
66	Bt66 11
67	Bt67 4
68	Bt68 12
69	Bt69 5
70	Bt70 8
71	Bt71 9
72	Bt72 9
73	Bt73 1
74	Bt74 11
75	Bt75 3
76	Bt76 14
77	Bt77 3
78	Bt78 4
79	Bt79 9
80	Bt80 14
81	Bt81 4
82	Bt82 13
83	Bt83 11
84	Bt84 10
85	Bt85 2
86	Bt86 4
87	Bt87 10
88	Bt88 2
89	Bt89 14
90	Bt90 12
91	Bt91 9
92	Bt92 10
93	Bt93 9
94	Bt94 13
95	Bt95 2
96	Bt96 2
97	Bt97 4
98	Bt98 12
99	Bt99 15
100	Bt100 7
