Name				Inst_50_1_1
Number_of_Customers		50
Number_of_Items			284
Number_of_ItemTypes		50
Number_of_Vehicles		50
TimeWindows			0

VEHICLE
Mass_Capacity			32200
CargoSpace_Length		912
CargoSpace_Width		244
CargoSpace_Height		244
Wheelbase			550
Max_Mass_FrontAxle		11600
Max_Mass_RearAxle		21000
Distance_FrontAxle_CargoSpace	-100

CUSTOMERS
i		x	y	Demand		ReadyTime	DueDate		ServiceTime	DemandedMass	DemandedVolume
0		5.0	5.0	0		0		0		0		0		0
1		5.0	4.0	6		0		0		0		6738		57600
2		8.0	9.0	5		0		0		0		6320		48000
3		0.0	0.0	7		0		0		0		7035		67200
4		10.0	1.0	7		0		0		0		9177		67200
5		7.0	1.0	7		0		0		0		7175		67200
6		8.0	8.0	7		0		0		0		9905		67200
7		1.0	5.0	4		0		0		0		5720		38400
8		8.0	1.0	5		0		0		0		6570		48000
9		3.0	6.0	5		0		0		0		6760		48000
10		2.0	10.0	5		0		0		0		6515		48000
11		5.0	6.0	7		0		0		0		7854		67200
12		6.0	4.0	7		0		0		0		7287		67200
13		1.0	2.0	5		0		0		0		5465		48000
14		2.0	0.0	7		0		0		0		8883		67200
15		1.0	1.0	7		0		0		0		8505		67200
16		9.0	7.0	6		0		0		0		7758		57600
17		4.0	0.0	4		0		0		0		4536		38400
18		10.0	7.0	4		0		0		0		4524		38400
19		7.0	1.0	7		0		0		0		7490		67200
20		8.0	0.0	5		0		0		0		5310		48000
21		9.0	3.0	5		0		0		0		6205		48000
22		6.0	0.0	7		0		0		0		8568		67200
23		4.0	8.0	4		0		0		0		4040		38400
24		7.0	4.0	4		0		0		0		4652		38400
25		5.0	1.0	5		0		0		0		6165		48000
26		1.0	6.0	7		0		0		0		10444		67200
27		3.0	0.0	7		0		0		0		8071		67200
28		4.0	5.0	6		0		0		0		7440		57600
29		0.0	5.0	6		0		0		0		7326		57600
30		6.0	0.0	5		0		0		0		5830		48000
31		4.0	6.0	5		0		0		0		6175		48000
32		1.0	9.0	7		0		0		0		8540		67200
33		10.0	6.0	7		0		0		0		7819		67200
34		8.0	6.0	7		0		0		0		9373		67200
35		3.0	9.0	4		0		0		0		4268		38400
36		10.0	6.0	7		0		0		0		7889		67200
37		3.0	5.0	6		0		0		0		8532		57600
38		3.0	3.0	4		0		0		0		4180		38400
39		5.0	0.0	7		0		0		0		7581		67200
40		10.0	2.0	4		0		0		0		4108		38400
41		2.0	4.0	6		0		0		0		8028		57600
42		3.0	1.0	4		0		0		0		4292		38400
43		0.0	3.0	4		0		0		0		5056		38400
44		5.0	7.0	6		0		0		0		8250		57600
45		5.0	5.0	4		0		0		0		5564		38400
46		0.0	9.0	5		0		0		0		5890		48000
47		2.0	7.0	5		0		0		0		6305		48000
48		3.0	2.0	6		0		0		0		6342		57600
49		4.0	0.0	7		0		0		0		9555		67200
50		0.0	9.0	6		0		0		0		8754		57600

ITEMS
Type	Length	Width	Height	Mass	Fragility	LoadBearingStrength
Bt1	80	120	244	1123	0		0
Bt2	80	120	244	1264	0		0
Bt3	80	120	244	1005	0		0
Bt4	80	120	244	1311	0		0
Bt5	80	120	244	1025	0		0
Bt6	80	120	244	1415	0		0
Bt7	80	120	244	1430	0		0
Bt8	80	120	244	1314	0		0
Bt9	80	120	244	1352	0		0
Bt10	80	120	244	1303	0		0
Bt11	80	120	244	1122	0		0
Bt12	80	120	244	1041	0		0
Bt13	80	120	244	1093	0		0
Bt14	80	120	244	1269	0		0
Bt15	80	120	244	1215	0		0
Bt16	80	120	244	1293	0		0
Bt17	80	120	244	1134	0		0
Bt18	80	120	244	1131	0		0
Bt19	80	120	244	1070	0		0
Bt20	80	120	244	1062	0		0
Bt21	80	120	244	1241	0		0
Bt22	80	120	244	1224	0		0
Bt23	80	120	244	1010	0		0
Bt24	80	120	244	1163	0		0
Bt25	80	120	244	1233	0		0
Bt26	80	120	244	1492	0		0
Bt27	80	120	244	1153	0		0
Bt28	80	120	244	1240	0		0
Bt29	80	120	244	1221	0		0
Bt30	80	120	244	1166	0		0
Bt31	80	120	244	1235	0		0
Bt32	80	120	244	1220	0		0
Bt33	80	120	244	1117	0		0
Bt34	80	120	244	1339	0		0
Bt35	80	120	244	1067	0		0
Bt36	80	120	244	1127	0		0
Bt37	80	120	244	1422	0		0
Bt38	80	120	244	1045	0		0
Bt39	80	120	244	1083	0		0
Bt40	80	120	244	1027	0		0
Bt41	80	120	244	1338	0		0
Bt42	80	120	244	1073	0		0
Bt43	80	120	244	1264	0		0
Bt44	80	120	244	1375	0		0
Bt45	80	120	244	1391	0		0
Bt46	80	120	244	1178	0		0
Bt47	80	120	244	1261	0		0
Bt48	80	120	244	1057	0		0
Bt49	80	120	244	1365	0		0
Bt50	80	120	244	1459	0		0

DEMANDS PER CUSTOMER
i	Type Quantity
1	Bt1 6
2	Bt2 5
3	Bt3 7
4	Bt4 7
5	Bt5 7
6	Bt6 7
7	Bt7 4
8	Bt8 5
9	Bt9 5
10	Bt10 5
11	Bt11 7
12	Bt12 7
13	Bt13 5
14	Bt14 7
15	Bt15 7
16	Bt16 6
17	Bt17 4
18	Bt18 4
19	Bt19 7
20	Bt20 5
21	Bt21 5
22	Bt22 7
23	Bt23 4
24	Bt24 4
25	Bt25 5
26	Bt26 7
27	Bt27 7
28	Bt28 6
29	Bt29 6
30	Bt30 5
31	Bt31 5
32	Bt32 7
33	Bt33 7
34	Bt34 7
35	Bt35 4
36	Bt36 7
37	Bt37 6
38	Bt38 4
39	Bt39 7
40	Bt40 4
41	Bt41 6
42	Bt42 4
43	Bt43 4
44	Bt44 6
45	Bt45 4
46	Bt46 5
47	Bt47 5
48	Bt48 6
49	Bt49 7
50	Bt50 6
