Name				Inst_50_1_7
Number_of_Customers		50
Number_of_Items			260
Number_of_ItemTypes		50
Number_of_Vehicles		50
TimeWindows			0

VEHICLE
Mass_Capacity			32200
CargoSpace_Length		912
CargoSpace_Width		244
CargoSpace_Height		244
Wheelbase			550
Max_Mass_FrontAxle		11600
Max_Mass_RearAxle		21000
Distance_FrontAxle_CargoSpace	-100

CUSTOMERS
i		x	y	Demand		ReadyTime	DueDate		ServiceTime	DemandedMass	DemandedVolume
0		5.0	5.0	0		0		0		0		0		0
1		3.0	3.0	5		0		0		0		6650		48000
2		8.0	2.0	7		0		0		0		8694		67200
3		4.0	4.0	6		0		0		0		7680		57600
4		3.0	8.0	5		0		0		0		6655		48000
5		8.0	0.0	7		0		0		0		8687		67200
6		1.0	4.0	4		0		0		0		4508		38400
7		3.0	0.0	5		0		0		0		6110		48000
8		3.0	3.0	6		0		0		0		8748		57600
9		9.0	9.0	4		0		0		0		5248		38400
10		6.0	8.0	4		0		0		0		5544		38400
11		2.0	7.0	5		0		0		0		5800		48000
12		6.0	10.0	4		0		0		0		5992		38400
13		3.0	5.0	5		0		0		0		7065		48000
14		10.0	6.0	6		0		0		0		7818		57600
15		0.0	2.0	4		0		0		0		4188		38400
16		10.0	8.0	4		0		0		0		4764		38400
17		7.0	10.0	4		0		0		0		4128		38400
18		2.0	2.0	6		0		0		0		6900		57600
19		9.0	9.0	5		0		0		0		5075		48000
20		8.0	2.0	5		0		0		0		6620		48000
21		8.0	7.0	6		0		0		0		8160		57600
22		8.0	8.0	4		0		0		0		5236		38400
23		5.0	10.0	7		0		0		0		9415		67200
24		5.0	0.0	6		0		0		0		8592		57600
25		5.0	1.0	4		0		0		0		4700		38400
26		6.0	4.0	4		0		0		0		5784		38400
27		6.0	6.0	4		0		0		0		5564		38400
28		5.0	5.0	7		0		0		0		7987		67200
29		9.0	5.0	4		0		0		0		4328		38400
30		2.0	5.0	5		0		0		0		6405		48000
31		9.0	0.0	5		0		0		0		6710		48000
32		10.0	0.0	7		0		0		0		10486		67200
33		6.0	9.0	7		0		0		0		9254		67200
34		6.0	6.0	5		0		0		0		7005		48000
35		10.0	8.0	6		0		0		0		7662		57600
36		1.0	8.0	5		0		0		0		7300		48000
37		8.0	2.0	4		0		0		0		5644		38400
38		1.0	8.0	7		0		0		0		8883		67200
39		3.0	10.0	4		0		0		0		4580		38400
40		8.0	9.0	4		0		0		0		4504		38400
41		1.0	5.0	5		0		0		0		6120		48000
42		9.0	2.0	4		0		0		0		4136		38400
43		4.0	5.0	5		0		0		0		6515		48000
44		7.0	5.0	5		0		0		0		6385		48000
45		8.0	10.0	7		0		0		0		7770		67200
46		6.0	10.0	5		0		0		0		5285		48000
47		6.0	2.0	6		0		0		0		8250		57600
48		1.0	9.0	5		0		0		0		5215		48000
49		9.0	7.0	6		0		0		0		6846		57600
50		7.0	0.0	6		0		0		0		6072		57600

ITEMS
Type	Length	Width	Height	Mass	Fragility	LoadBearingStrength
Bt1	80	120	244	1330	0		0
Bt2	80	120	244	1242	0		0
Bt3	80	120	244	1280	0		0
Bt4	80	120	244	1331	0		0
Bt5	80	120	244	1241	0		0
Bt6	80	120	244	1127	0		0
Bt7	80	120	244	1222	0		0
Bt8	80	120	244	1458	0		0
Bt9	80	120	244	1312	0		0
Bt10	80	120	244	1386	0		0
Bt11	80	120	244	1160	0		0
Bt12	80	120	244	1498	0		0
Bt13	80	120	244	1413	0		0
Bt14	80	120	244	1303	0		0
Bt15	80	120	244	1047	0		0
Bt16	80	120	244	1191	0		0
Bt17	80	120	244	1032	0		0
Bt18	80	120	244	1150	0		0
Bt19	80	120	244	1015	0		0
Bt20	80	120	244	1324	0		0
Bt21	80	120	244	1360	0		0
Bt22	80	120	244	1309	0		0
Bt23	80	120	244	1345	0		0
Bt24	80	120	244	1432	0		0
Bt25	80	120	244	1175	0		0
Bt26	80	120	244	1446	0		0
Bt27	80	120	244	1391	0		0
Bt28	80	120	244	1141	0		0
Bt29	80	120	244	1082	0		0
Bt30	80	120	244	1281	0		0
Bt31	80	120	244	1342	0		0
Bt32	80	120	244	1498	0		0
Bt33	80	120	244	1322	0		0
Bt34	80	120	244	1401	0		0
Bt35	80	120	244	1277	0		0
Bt36	80	120	244	1460	0		0
Bt37	80	120	244	1411	0		0
Bt38	80	120	244	1269	0		0
Bt39	80	120	244	1145	0		0
Bt40	80	120	244	1126	0		0
Bt41	80	120	244	1224	0		0
Bt42	80	120	244	1034	0		0
Bt43	80	120	244	1303	0		0
Bt44	80	120	244	1277	0		0
Bt45	80	120	244	1110	0		0
Bt46	80	120	244	1057	0		0
Bt47	80	120	244	1375	0		0
Bt48	80	120	244	1043	0		0
Bt49	80	120	244	1141	0		0
Bt50	80	120	244	1012	0		0

DEMANDS PER CUSTOMER
i	Type Quantity
1	Bt1 5
2	Bt2 7
3	Bt3 6
4	Bt4 5
5	Bt5 7
6	Bt6 4
7	Bt7 5
8	Bt8 6
9	Bt9 4
10	Bt10 4
11	Bt11 5
12	Bt12 4
13	Bt13 5
14	Bt14 6
15	Bt15 4
16	Bt16 4
17	Bt17 4
18	Bt18 6
19	Bt19 5
20	Bt20 5
21	Bt21 6
22	Bt22 4
23	Bt23 7
24	Bt24 6
25	Bt25 4
26	Bt26 4
27	Bt27 4
28	Bt28 7
29	Bt29 4
30	Bt30 5
31	Bt31 5
32	Bt32 7
33	Bt33 7
34	Bt34 5
35	Bt35 6
36	Bt36 5
37	Bt37 4
38	Bt38 7
39	Bt39 4
40	Bt40 4
41	Bt41 5
42	Bt42 4
43	Bt43 5
44	Bt44 5
45	Bt45 7
46	Bt46 5
47	Bt47 6
48	Bt48 5
49	Bt49 6
50	Bt50 6
