Name				Inst_100_1_3
Number_of_Customers		100
Number_of_Items			536
Number_of_ItemTypes		100
Number_of_Vehicles		100
TimeWindows			0

VEHICLE
Mass_Capacity			32200
CargoSpace_Length		912
CargoSpace_Width		244
CargoSpace_Height		244
Wheelbase			550
Max_Mass_FrontAxle		11600
Max_Mass_RearAxle		21000
Distance_FrontAxle_CargoSpace	-100

CUSTOMERS
i		x	y	Demand		ReadyTime	DueDate		ServiceTime	DemandedMass	DemandedVolume
0		5.0	5.0	0		0		0		0		0		0
1		9.0	10.0	4		0		0		0		4424		38400
2		5.0	4.0	4		0		0		0		4284		38400
3		6.0	0.0	5		0		0		0		5305		48000
4		1.0	0.0	5		0		0		0		6820		48000
5		0.0	8.0	4		0		0		0		5452		38400
6		1.0	8.0	5		0		0		0		5345		48000
7		3.0	2.0	6		0		0		0		7296		57600
8		6.0	3.0	4		0		0		0		5200		38400
9		1.0	0.0	6		0		0		0		7320		57600
10		1.0	3.0	6		0		0		0		6558		57600
11		0.0	8.0	4		0		0		0		5548		38400
12		9.0	5.0	4		0		0		0		5660		38400
13		9.0	10.0	4		0		0		0		4644		38400
14		0.0	2.0	7		0		0		0		8575		67200
15		7.0	7.0	6		0		0		0		8298		57600
16		9.0	5.0	4		0		0		0		5228		38400
17		8.0	1.0	6		0		0		0		8694		57600
18		3.0	0.0	7		0		0		0		7833		67200
19		5.0	1.0	6		0		0		0		7890		57600
20		5.0	7.0	6		0		0		0		6864		57600
21		0.0	3.0	4		0		0		0		4132		38400
22		1.0	4.0	7		0		0		0		7315		67200
23		10.0	2.0	4		0		0		0		4480		38400
24		7.0	0.0	5		0		0		0		5070		48000
25		8.0	10.0	4		0		0		0		5968		38400
26		4.0	10.0	4		0		0		0		5464		38400
27		2.0	7.0	6		0		0		0		8370		57600
28		10.0	10.0	4		0		0		0		4772		38400
29		3.0	7.0	4		0		0		0		4556		38400
30		10.0	0.0	5		0		0		0		5010		48000
31		9.0	2.0	7		0		0		0		10213		67200
32		9.0	2.0	4		0		0		0		5520		38400
33		8.0	5.0	4		0		0		0		5852		38400
34		2.0	1.0	5		0		0		0		5170		48000
35		7.0	5.0	4		0		0		0		4484		38400
36		9.0	5.0	5		0		0		0		7055		48000
37		1.0	6.0	5		0		0		0		7215		48000
38		9.0	7.0	5		0		0		0		6760		48000
39		10.0	9.0	6		0		0		0		6450		57600
40		5.0	5.0	4		0		0		0		5280		38400
41		9.0	5.0	6		0		0		0		8796		57600
42		4.0	8.0	5		0		0		0		6145		48000
43		3.0	3.0	4		0		0		0		5616		38400
44		0.0	8.0	6		0		0		0		7494		57600
45		0.0	1.0	6		0		0		0		8778		57600
46		1.0	0.0	5		0		0		0		6130		48000
47		5.0	5.0	6		0		0		0		6954		57600
48		7.0	4.0	4		0		0		0		4060		38400
49		7.0	4.0	6		0		0		0		6642		57600
50		0.0	3.0	6		0		0		0		6072		57600
51		0.0	7.0	6		0		0		0		6168		57600
52		8.0	0.0	4		0		0		0		4536		38400
53		6.0	10.0	4		0		0		0		4796		38400
54		2.0	8.0	5		0		0		0		5265		48000
55		5.0	7.0	5		0		0		0		7425		48000
56		2.0	5.0	6		0		0		0		8028		57600
57		1.0	3.0	5		0		0		0		5615		48000
58		3.0	3.0	7		0		0		0		9604		67200
59		5.0	9.0	7		0		0		0		8827		67200
60		6.0	10.0	7		0		0		0		10255		67200
61		8.0	5.0	6		0		0		0		6252		57600
62		4.0	6.0	6		0		0		0		8592		57600
63		3.0	4.0	5		0		0		0		6750		48000
64		9.0	3.0	5		0		0		0		7170		48000
65		4.0	8.0	7		0		0		0		9261		67200
66		10.0	9.0	4		0		0		0		5072		38400
67		5.0	5.0	7		0		0		0		8897		67200
68		9.0	4.0	7		0		0		0		8281		67200
69		10.0	9.0	7		0		0		0		8141		67200
70		10.0	8.0	6		0		0		0		7098		57600
71		8.0	1.0	5		0		0		0		7210		48000
72		3.0	4.0	4		0		0		0		5516		38400
73		10.0	5.0	6		0		0		0		7074		57600
74		8.0	4.0	6		0		0		0		8184		57600
75		8.0	10.0	7		0		0		0		10297		67200
76		7.0	10.0	4		0		0		0		5816		38400
77		8.0	8.0	4		0		0		0		4464		38400
78		8.0	6.0	6		0		0		0		6732		57600
79		7.0	5.0	6		0		0		0		7098		57600
80		2.0	2.0	7		0		0		0		7749		67200
81		3.0	2.0	4		0		0		0		5608		38400
82		0.0	6.0	6		0		0		0		8838		57600
83		6.0	8.0	5		0		0		0		5545		48000
84		4.0	10.0	4		0		0		0		4928		38400
85		5.0	8.0	4		0		0		0		5404		38400
86		0.0	1.0	5		0		0		0		7320		48000
87		6.0	5.0	6		0		0		0		7062		57600
88		4.0	4.0	5		0		0		0		5150		48000
89		8.0	4.0	7		0		0		0		9709		67200
90		2.0	8.0	7		0		0		0		8701		67200
91		8.0	2.0	6		0		0		0		6888		57600
92		10.0	3.0	4		0		0		0		4172		38400
93		7.0	4.0	6		0		0		0		8568		57600
94		8.0	10.0	7		0		0		0		8029		67200
95		8.0	5.0	6		0		0		0		7602		57600
96		0.0	3.0	5		0		0		0		5345		48000
97		0.0	3.0	7		0		0		0		10353		67200
98		4.0	8.0	5		0		0		0		6970		48000
99		10.0	5.0	6		0		0		0		6732		57600
100		7.0	8.0	7		0		0		0		9191		67200

ITEMS
Type	Length	Width	Height	Mass	Fragility	LoadBearingStrength
Bt1	80	120	244	1106	0		0
Bt2	80	120	244	1071	0		0
Bt3	80	120	244	1061	0		0
Bt4	80	120	244	1364	0		0
Bt5	80	120	244	1363	0		0
Bt6	80	120	244	1069	0		0
Bt7	80	120	244	1216	0		0
Bt8	80	120	244	1300	0		0
Bt9	80	120	244	1220	0		0
Bt10	80	120	244	1093	0		0
Bt11	80	120	244	1387	0		0
Bt12	80	120	244	1415	0		0
Bt13	80	120	244	1161	0		0
Bt14	80	120	244	1225	0		0
Bt15	80	120	244	1383	0		0
Bt16	80	120	244	1307	0		0
Bt17	80	120	244	1449	0		0
Bt18	80	120	244	1119	0		0
Bt19	80	120	244	1315	0		0
Bt20	80	120	244	1144	0		0
Bt21	80	120	244	1033	0		0
Bt22	80	120	244	1045	0		0
Bt23	80	120	244	1120	0		0
Bt24	80	120	244	1014	0		0
Bt25	80	120	244	1492	0		0
Bt26	80	120	244	1366	0		0
Bt27	80	120	244	1395	0		0
Bt28	80	120	244	1193	0		0
Bt29	80	120	244	1139	0		0
Bt30	80	120	244	1002	0		0
Bt31	80	120	244	1459	0		0
Bt32	80	120	244	1380	0		0
Bt33	80	120	244	1463	0		0
Bt34	80	120	244	1034	0		0
Bt35	80	120	244	1121	0		0
Bt36	80	120	244	1411	0		0
Bt37	80	120	244	1443	0		0
Bt38	80	120	244	1352	0		0
Bt39	80	120	244	1075	0		0
Bt40	80	120	244	1320	0		0
Bt41	80	120	244	1466	0		0
Bt42	80	120	244	1229	0		0
Bt43	80	120	244	1404	0		0
Bt44	80	120	244	1249	0		0
Bt45	80	120	244	1463	0		0
Bt46	80	120	244	1226	0		0
Bt47	80	120	244	1159	0		0
Bt48	80	120	244	1015	0		0
Bt49	80	120	244	1107	0		0
Bt50	80	120	244	1012	0		0
Bt51	80	120	244	1028	0		0
Bt52	80	120	244	1134	0		0
Bt53	80	120	244	1199	0		0
Bt54	80	120	244	1053	0		0
Bt55	80	120	244	1485	0		0
Bt56	80	120	244	1338	0		0
Bt57	80	120	244	1123	0		0
Bt58	80	120	244	1372	0		0
Bt59	80	120	244	1261	0		0
Bt60	80	120	244	1465	0		0
Bt61	80	120	244	1042	0		0
Bt62	80	120	244	1432	0		0
Bt63	80	120	244	1350	0		0
Bt64	80	120	244	1434	0		0
Bt65	80	120	244	1323	0		0
Bt66	80	120	244	1268	0		0
Bt67	80	120	244	1271	0		0
Bt68	80	120	244	1183	0		0
Bt69	80	120	244	1163	0		0
Bt70	80	120	244	1183	0		0
Bt71	80	120	244	1442	0		0
Bt72	80	120	244	1379	0		0
Bt73	80	120	244	1179	0		0
Bt74	80	120	244	1364	0		0
Bt75	80	120	244	1471	0		0
Bt76	80	120	244	1454	0		0
Bt77	80	120	244	1116	0		0
Bt78	80	120	244	1122	0		0
Bt79	80	120	244	1183	0		0
Bt80	80	120	244	1107	0		0
Bt81	80	120	244	1402	0		0
Bt82	80	120	244	1473	0		0
Bt83	80	120	244	1109	0		0
Bt84	80	120	244	1232	0		0
Bt85	80	120	244	1351	0		0
Bt86	80	120	244	1464	0		0
Bt87	80	120	244	1177	0		0
Bt88	80	120	244	1030	0		0
Bt89	80	120	244	1387	0		0
Bt90	80	120	244	1243	0		0
Bt91	80	120	244	1148	0		0
Bt92	80	120	244	1043	0		0
Bt93	80	120	244	1428	0		0
Bt94	80	120	244	1147	0		0
Bt95	80	120	244	1267	0		0
Bt96	80	120	244	1069	0		0
Bt97	80	120	244	1479	0		0
Bt98	80	120	244	1394	0		0
Bt99	80	120	244	1122	0		0
Bt100	80	120	244	1313	0		0

DEMANDS PER CUSTOMER
i	Type Quantity
1	Bt1 4
2	Bt2 4
3	Bt3 5
4	Bt4 5
5	Bt5 4
6	Bt6 5
7	Bt7 6
8	Bt8 4
9	Bt9 6
10	Bt10 6
11	Bt11 4
12	Bt12 4
13	Bt13 4
14	Bt14 7
15	Bt15 6
16	Bt16 4
17	Bt17 6
18	Bt18 7
19	Bt19 6
20	Bt20 6
21	Bt21 4
22	Bt22 7
23	Bt23 4
24	Bt24 5
25	Bt25 4
26	Bt26 4
27	Bt27 6
28	Bt28 4
29	Bt29 4
30	Bt30 5
31	Bt31 7
32	Bt32 4
33	Bt33 4
34	Bt34 5
35	Bt35 4
36	Bt36 5
37	Bt37 5
38	Bt38 5
39	Bt39 6
40	Bt40 4
41	Bt41 6
42	Bt42 5
43	Bt43 4
44	Bt44 6
45	Bt45 6
46	Bt46 5
47	Bt47 6
48	Bt48 4
49	Bt49 6
50	Bt50 6
51	Bt51 6
52	Bt52 4
53	Bt53 4
54	Bt54 5
55	Bt55 5
56	Bt56 6
57	Bt57 5
58	Bt58 7
59	Bt59 7
60	Bt60 7
61	Bt61 6
62	Bt62 6
63	Bt63 5
64	Bt64 5
65	Bt65 7
66	Bt66 4
67	Bt67 7
68	Bt68 7
69	Bt69 7
70	Bt70 6
71	Bt71 5
72	Bt72 4
73	Bt73 6
74	Bt74 6
75	Bt75 7
76	Bt76 4
77	Bt77 4
78	Bt78 6
79	Bt79 6
80	Bt80 7
81	Bt81 4
82	Bt82 6
83	Bt83 5
84	Bt84 4
85	Bt85 4
86	Bt86 5
87	Bt87 6
88	Bt88 5
89	Bt89 7
90	Bt90 7
91	Bt91 6
92	Bt92 4
93	Bt93 6
94	Bt94 7
95	Bt95 6
96	Bt96 5
97	Bt97 7
98	Bt98 5
99	Bt99 6
100	Bt100 7
