Name				Inst_75_1_6
Number_of_Customers		75
Number_of_Items			421
Number_of_ItemTypes		75
Number_of_Vehicles		75
TimeWindows			0

VEHICLE
Mass_Capacity			32200
CargoSpace_Length		912
CargoSpace_Width		244
CargoSpace_Height		244
Wheelbase			550
Max_Mass_FrontAxle		11600
Max_Mass_RearAxle		21000
Distance_FrontAxle_CargoSpace	-100

CUSTOMERS
i		x	y	Demand		ReadyTime	DueDate		ServiceTime	DemandedMass	DemandedVolume
0		5.0	5.0	0		0		0		0		0		0
1		5.0	4.0	7		0		0		0		8379		67200
2		9.0	7.0	7		0		0		0		9912		67200
3		5.0	4.0	4		0		0		0		5412		38400
4		8.0	4.0	5		0		0		0		5245		48000
5		5.0	6.0	5		0		0		0		5740		48000
6		5.0	6.0	7		0		0		0		9156		67200
7		8.0	4.0	6		0		0		0		8832		57600
8		4.0	6.0	6		0		0		0		8646		57600
9		10.0	0.0	5		0		0		0		5995		48000
10		6.0	1.0	6		0		0		0		6894		57600
11		0.0	0.0	5		0		0		0		5125		48000
12		5.0	5.0	6		0		0		0		6342		57600
13		9.0	6.0	7		0		0		0		8421		67200
14		7.0	0.0	6		0		0		0		8832		57600
15		6.0	1.0	6		0		0		0		6738		57600
16		10.0	1.0	7		0		0		0		8239		67200
17		9.0	6.0	4		0		0		0		4452		38400
18		2.0	5.0	7		0		0		0		7350		67200
19		6.0	10.0	5		0		0		0		5995		48000
20		7.0	10.0	5		0		0		0		6555		48000
21		0.0	5.0	7		0		0		0		8722		67200
22		3.0	8.0	6		0		0		0		6018		57600
23		6.0	10.0	5		0		0		0		7320		48000
24		8.0	5.0	6		0		0		0		6774		57600
25		10.0	0.0	5		0		0		0		5180		48000
26		0.0	6.0	4		0		0		0		5192		38400
27		1.0	7.0	7		0		0		0		8491		67200
28		3.0	4.0	7		0		0		0		7266		67200
29		0.0	2.0	5		0		0		0		5315		48000
30		3.0	6.0	7		0		0		0		8750		67200
31		5.0	2.0	7		0		0		0		9520		67200
32		8.0	2.0	4		0		0		0		5964		38400
33		2.0	7.0	4		0		0		0		5496		38400
34		7.0	8.0	5		0		0		0		5060		48000
35		10.0	2.0	5		0		0		0		6250		48000
36		2.0	0.0	4		0		0		0		4468		38400
37		1.0	8.0	6		0		0		0		6708		57600
38		2.0	7.0	6		0		0		0		8676		57600
39		5.0	8.0	7		0		0		0		10297		67200
40		5.0	8.0	4		0		0		0		4328		38400
41		1.0	6.0	5		0		0		0		6530		48000
42		5.0	2.0	7		0		0		0		7105		67200
43		4.0	4.0	6		0		0		0		8250		57600
44		0.0	3.0	6		0		0		0		7956		57600
45		5.0	7.0	6		0		0		0		8460		57600
46		2.0	8.0	5		0		0		0		5820		48000
47		1.0	3.0	5		0		0		0		5230		48000
48		1.0	2.0	4		0		0		0		4808		38400
49		10.0	3.0	5		0		0		0		7290		48000
50		10.0	5.0	4		0		0		0		4924		38400
51		10.0	3.0	7		0		0		0		9534		67200
52		3.0	2.0	4		0		0		0		4412		38400
53		10.0	4.0	6		0		0		0		7500		57600
54		9.0	5.0	7		0		0		0		9471		67200
55		8.0	6.0	7		0		0		0		9366		67200
56		4.0	4.0	4		0		0		0		4760		38400
57		5.0	3.0	4		0		0		0		5152		38400
58		3.0	5.0	4		0		0		0		4864		38400
59		5.0	2.0	7		0		0		0		8400		67200
60		8.0	10.0	6		0		0		0		6870		57600
61		0.0	7.0	5		0		0		0		6920		48000
62		2.0	5.0	7		0		0		0		7994		67200
63		1.0	7.0	6		0		0		0		7944		57600
64		3.0	1.0	5		0		0		0		5460		48000
65		7.0	10.0	4		0		0		0		5772		38400
66		4.0	3.0	6		0		0		0		8256		57600
67		10.0	3.0	7		0		0		0		9793		67200
68		6.0	5.0	4		0		0		0		4212		38400
69		7.0	0.0	6		0		0		0		6066		57600
70		9.0	7.0	6		0		0		0		6036		57600
71		3.0	2.0	6		0		0		0		7602		57600
72		5.0	10.0	5		0		0		0		6240		48000
73		4.0	0.0	5		0		0		0		6645		48000
74		9.0	1.0	7		0		0		0		8932		67200
75		0.0	7.0	6		0		0		0		6876		57600

ITEMS
Type	Length	Width	Height	Mass	Fragility	LoadBearingStrength
Bt1	80	120	244	1197	0		0
Bt2	80	120	244	1416	0		0
Bt3	80	120	244	1353	0		0
Bt4	80	120	244	1049	0		0
Bt5	80	120	244	1148	0		0
Bt6	80	120	244	1308	0		0
Bt7	80	120	244	1472	0		0
Bt8	80	120	244	1441	0		0
Bt9	80	120	244	1199	0		0
Bt10	80	120	244	1149	0		0
Bt11	80	120	244	1025	0		0
Bt12	80	120	244	1057	0		0
Bt13	80	120	244	1203	0		0
Bt14	80	120	244	1472	0		0
Bt15	80	120	244	1123	0		0
Bt16	80	120	244	1177	0		0
Bt17	80	120	244	1113	0		0
Bt18	80	120	244	1050	0		0
Bt19	80	120	244	1199	0		0
Bt20	80	120	244	1311	0		0
Bt21	80	120	244	1246	0		0
Bt22	80	120	244	1003	0		0
Bt23	80	120	244	1464	0		0
Bt24	80	120	244	1129	0		0
Bt25	80	120	244	1036	0		0
Bt26	80	120	244	1298	0		0
Bt27	80	120	244	1213	0		0
Bt28	80	120	244	1038	0		0
Bt29	80	120	244	1063	0		0
Bt30	80	120	244	1250	0		0
Bt31	80	120	244	1360	0		0
Bt32	80	120	244	1491	0		0
Bt33	80	120	244	1374	0		0
Bt34	80	120	244	1012	0		0
Bt35	80	120	244	1250	0		0
Bt36	80	120	244	1117	0		0
Bt37	80	120	244	1118	0		0
Bt38	80	120	244	1446	0		0
Bt39	80	120	244	1471	0		0
Bt40	80	120	244	1082	0		0
Bt41	80	120	244	1306	0		0
Bt42	80	120	244	1015	0		0
Bt43	80	120	244	1375	0		0
Bt44	80	120	244	1326	0		0
Bt45	80	120	244	1410	0		0
Bt46	80	120	244	1164	0		0
Bt47	80	120	244	1046	0		0
Bt48	80	120	244	1202	0		0
Bt49	80	120	244	1458	0		0
Bt50	80	120	244	1231	0		0
Bt51	80	120	244	1362	0		0
Bt52	80	120	244	1103	0		0
Bt53	80	120	244	1250	0		0
Bt54	80	120	244	1353	0		0
Bt55	80	120	244	1338	0		0
Bt56	80	120	244	1190	0		0
Bt57	80	120	244	1288	0		0
Bt58	80	120	244	1216	0		0
Bt59	80	120	244	1200	0		0
Bt60	80	120	244	1145	0		0
Bt61	80	120	244	1384	0		0
Bt62	80	120	244	1142	0		0
Bt63	80	120	244	1324	0		0
Bt64	80	120	244	1092	0		0
Bt65	80	120	244	1443	0		0
Bt66	80	120	244	1376	0		0
Bt67	80	120	244	1399	0		0
Bt68	80	120	244	1053	0		0
Bt69	80	120	244	1011	0		0
Bt70	80	120	244	1006	0		0
Bt71	80	120	244	1267	0		0
Bt72	80	120	244	1248	0		0
Bt73	80	120	244	1329	0		0
Bt74	80	120	244	1276	0		0
Bt75	80	120	244	1146	0		0

DEMANDS PER CUSTOMER
i	Type Quantity
1	Bt1 7
2	Bt2 7
3	Bt3 4
4	Bt4 5
5	Bt5 5
6	Bt6 7
7	Bt7 6
8	Bt8 6
9	Bt9 5
10	Bt10 6
11	Bt11 5
12	Bt12 6
13	Bt13 7
14	Bt14 6
15	Bt15 6
16	Bt16 7
17	Bt17 4
18	Bt18 7
19	Bt19 5
20	Bt20 5
21	Bt21 7
22	Bt22 6
23	Bt23 5
24	Bt24 6
25	Bt25 5
26	Bt26 4
27	Bt27 7
28	Bt28 7
29	Bt29 5
30	Bt30 7
31	Bt31 7
32	Bt32 4
33	Bt33 4
34	Bt34 5
35	Bt35 5
36	Bt36 4
37	Bt37 6
38	Bt38 6
39	Bt39 7
40	Bt40 4
41	Bt41 5
42	Bt42 7
43	Bt43 6
44	Bt44 6
45	Bt45 6
46	Bt46 5
47	Bt47 5
48	Bt48 4
49	Bt49 5
50	Bt50 4
51	Bt51 7
52	Bt52 4
53	Bt53 6
54	Bt54 7
55	Bt55 7
56	Bt56 4
57	Bt57 4
58	Bt58 4
59	Bt59 7
60	Bt60 6
61	Bt61 5
62	Bt62 7
63	Bt63 6
64	Bt64 5
65	Bt65 4
66	Bt66 6
67	Bt67 7
68	Bt68 4
69	Bt69 6
70	Bt70 6
71	Bt71 6
72	Bt72 5
73	Bt73 5
74	Bt74 7
75	Bt75 6
