Name				Inst_50_3_5
Number_of_Customers		50
Number_of_Items			289
Number_of_ItemTypes		50
Number_of_Vehicles		50
TimeWindows			0

VEHICLE
Mass_Capacity			32200
CargoSpace_Length		912
CargoSpace_Width		244
CargoSpace_Height		244
Wheelbase			550
Max_Mass_FrontAxle		11600
Max_Mass_RearAxle		21000
Distance_FrontAxle_CargoSpace	-100

CUSTOMERS
i		x	y	Demand		ReadyTime	DueDate		ServiceTime	DemandedMass	DemandedVolume
0		5.0	5.0	0		0		0		0		0		0
1		5.0	10.0	4		0		0		0		4660		38400
2		1.0	5.0	7		0		0		0		10171		67200
3		2.0	4.0	7		0		0		0		8806		67200
4		9.0	7.0	4		0		0		0		4996		38400
5		0.0	10.0	5		0		0		0		5065		48000
6		6.0	8.0	6		0		0		0		6558		57600
7		5.0	8.0	6		0		0		0		6810		57600
8		1.0	10.0	5		0		0		0		5860		48000
9		10.0	8.0	7		0		0		0		9170		67200
10		6.0	2.0	7		0		0		0		8225		67200
11		9.0	2.0	7		0		0		0		9051		67200
12		3.0	10.0	7		0		0		0		7434		67200
13		4.0	3.0	7		0		0		0		7742		67200
14		9.0	3.0	6		0		0		0		7938		57600
15		8.0	10.0	4		0		0		0		5860		38400
16		1.0	0.0	4		0		0		0		5216		38400
17		5.0	5.0	4		0		0		0		4404		38400
18		10.0	0.0	4		0		0		0		5568		38400
19		7.0	7.0	6		0		0		0		6096		57600
20		2.0	8.0	7		0		0		0		10465		67200
21		3.0	9.0	5		0		0		0		6370		48000
22		9.0	8.0	5		0		0		0		6120		48000
23		4.0	4.0	4		0		0		0		5920		38400
24		10.0	9.0	5		0		0		0		7025		48000
25		7.0	6.0	5		0		0		0		1875		48000
26		3.0	4.0	7		0		0		0		2842		67200
27		10.0	3.0	6		0		0		0		2418		57600
28		4.0	5.0	6		0		0		0		1800		57600
29		8.0	9.0	6		0		0		0		1602		57600
30		0.0	8.0	7		0		0		0		1400		67200
31		1.0	8.0	7		0		0		0		700		67200
32		1.0	8.0	5		0		0		0		545		48000
33		10.0	8.0	4		0		0		0		1036		38400
34		0.0	1.0	5		0		0		0		2055		48000
35		1.0	5.0	4		0		0		0		600		38400
36		9.0	6.0	7		0		0		0		2520		67200
37		5.0	0.0	7		0		0		0		1904		67200
38		10.0	1.0	6		0		0		0		654		57600
39		4.0	4.0	5		0		0		0		720		48000
40		0.0	0.0	7		0		0		0		1344		67200
41		0.0	6.0	7		0		0		0		1680		67200
42		1.0	6.0	7		0		0		0		1169		67200
43		8.0	8.0	7		0		0		0		854		67200
44		7.0	2.0	7		0		0		0		798		67200
45		3.0	7.0	6		0		0		0		2076		57600
46		10.0	4.0	6		0		0		0		792		57600
47		3.0	3.0	5		0		0		0		1565		48000
48		2.0	2.0	5		0		0		0		2395		48000
49		8.0	7.0	7		0		0		0		2814		67200
50		5.0	0.0	5		0		0		0		2080		48000

ITEMS
Type	Length	Width	Height	Mass	Fragility	LoadBearingStrength
Bt1	80	120	244	1165	0		0
Bt2	80	120	244	1453	0		0
Bt3	80	120	244	1258	0		0
Bt4	80	120	244	1249	0		0
Bt5	80	120	244	1013	0		0
Bt6	80	120	244	1093	0		0
Bt7	80	120	244	1135	0		0
Bt8	80	120	244	1172	0		0
Bt9	80	120	244	1310	0		0
Bt10	80	120	244	1175	0		0
Bt11	80	120	244	1293	0		0
Bt12	80	120	244	1062	0		0
Bt13	80	120	244	1106	0		0
Bt14	80	120	244	1323	0		0
Bt15	80	120	244	1465	0		0
Bt16	80	120	244	1304	0		0
Bt17	80	120	244	1101	0		0
Bt18	80	120	244	1392	0		0
Bt19	80	120	244	1016	0		0
Bt20	80	120	244	1495	0		0
Bt21	80	120	244	1274	0		0
Bt22	80	120	244	1224	0		0
Bt23	80	120	244	1480	0		0
Bt24	80	120	244	1405	0		0
Bt25	80	120	244	375	0		0
Bt26	80	120	244	406	0		0
Bt27	80	120	244	403	0		0
Bt28	80	120	244	300	0		0
Bt29	80	120	244	267	0		0
Bt30	80	120	244	200	0		0
Bt31	80	120	244	100	0		0
Bt32	80	120	244	109	0		0
Bt33	80	120	244	259	0		0
Bt34	80	120	244	411	0		0
Bt35	80	120	244	150	0		0
Bt36	80	120	244	360	0		0
Bt37	80	120	244	272	0		0
Bt38	80	120	244	109	0		0
Bt39	80	120	244	144	0		0
Bt40	80	120	244	192	0		0
Bt41	80	120	244	240	0		0
Bt42	80	120	244	167	0		0
Bt43	80	120	244	122	0		0
Bt44	80	120	244	114	0		0
Bt45	80	120	244	346	0		0
Bt46	80	120	244	132	0		0
Bt47	80	120	244	313	0		0
Bt48	80	120	244	479	0		0
Bt49	80	120	244	402	0		0
Bt50	80	120	244	416	0		0

DEMANDS PER CUSTOMER
i	Type Quantity
1	Bt1 4
2	Bt2 7
3	Bt3 7
4	Bt4 4
5	Bt5 5
6	Bt6 6
7	Bt7 6
8	Bt8 5
9	Bt9 7
10	Bt10 7
11	Bt11 7
12	Bt12 7
13	Bt13 7
14	Bt14 6
15	Bt15 4
16	Bt16 4
17	Bt17 4
18	Bt18 4
19	Bt19 6
20	Bt20 7
21	Bt21 5
22	Bt22 5
23	Bt23 4
24	Bt24 5
25	Bt25 5
26	Bt26 7
27	Bt27 6
28	Bt28 6
29	Bt29 6
30	Bt30 7
31	Bt31 7
32	Bt32 5
33	Bt33 4
34	Bt34 5
35	Bt35 4
36	Bt36 7
37	Bt37 7
38	Bt38 6
39	Bt39 5
40	Bt40 7
41	Bt41 7
42	Bt42 7
43	Bt43 7
44	Bt44 7
45	Bt45 6
46	Bt46 6
47	Bt47 5
48	Bt48 5
49	Bt49 7
50	Bt50 5
