Name				Inst_75_4_3
Number_of_Customers		75
Number_of_Items			698
Number_of_ItemTypes		75
Number_of_Vehicles		75
TimeWindows			0

VEHICLE
Mass_Capacity			32200
CargoSpace_Length		912
CargoSpace_Width		244
CargoSpace_Height		244
Wheelbase			550
Max_Mass_FrontAxle		11600
Max_Mass_RearAxle		21000
Distance_FrontAxle_CargoSpace	-100

CUSTOMERS
i		x	y	Demand		ReadyTime	DueDate		ServiceTime	DemandedMass	DemandedVolume
0		5.0	5.0	0		0		0		0		0		0
1		0.0	1.0	6		0		0		0		7800		57600
2		1.0	9.0	6		0		0		0		7698		57600
3		10.0	8.0	9		0		0		0		13437		86400
4		2.0	6.0	15		0		0		0		20835		144000
5		4.0	6.0	13		0		0		0		13234		124800
6		2.0	6.0	2		0		0		0		2494		19200
7		5.0	2.0	13		0		0		0		15886		124800
8		2.0	4.0	5		0		0		0		6625		48000
9		7.0	10.0	8		0		0		0		9464		76800
10		0.0	8.0	10		0		0		0		12390		96000
11		7.0	8.0	14		0		0		0		16478		134400
12		2.0	6.0	11		0		0		0		11550		105600
13		2.0	9.0	13		0		0		0		16601		124800
14		1.0	8.0	15		0		0		0		18915		144000
15		1.0	0.0	13		0		0		0		15587		124800
16		1.0	10.0	5		0		0		0		5630		48000
17		1.0	9.0	5		0		0		0		6680		48000
18		0.0	6.0	8		0		0		0		11832		76800
19		2.0	8.0	7		0		0		0		7651		67200
20		1.0	5.0	12		0		0		0		13524		115200
21		4.0	5.0	12		0		0		0		12408		115200
22		3.0	7.0	10		0		0		0		13030		96000
23		0.0	2.0	4		0		0		0		4100		38400
24		0.0	0.0	5		0		0		0		6315		48000
25		1.0	7.0	6		0		0		0		6960		57600
26		9.0	1.0	12		0		0		0		12936		115200
27		8.0	5.0	15		0		0		0		21135		144000
28		2.0	0.0	7		0		0		0		7973		67200
29		1.0	8.0	12		0		0		0		12444		115200
30		7.0	8.0	5		0		0		0		6080		48000
31		3.0	5.0	5		0		0		0		5710		48000
32		6.0	3.0	5		0		0		0		6230		48000
33		0.0	9.0	14		0		0		0		16464		134400
34		6.0	9.0	12		0		0		0		13032		115200
35		2.0	7.0	12		0		0		0		17340		115200
36		2.0	1.0	3		0		0		0		3918		28800
37		8.0	3.0	11		0		0		0		1265		105600
38		0.0	4.0	8		0		0		0		2584		76800
39		6.0	6.0	15		0		0		0		4650		144000
40		7.0	3.0	7		0		0		0		1337		67200
41		6.0	2.0	8		0		0		0		3856		76800
42		1.0	2.0	8		0		0		0		3504		76800
43		9.0	1.0	6		0		0		0		1686		57600
44		4.0	6.0	10		0		0		0		2170		96000
45		1.0	10.0	9		0		0		0		2565		86400
46		2.0	6.0	13		0		0		0		5902		124800
47		7.0	3.0	15		0		0		0		2235		144000
48		7.0	1.0	14		0		0		0		5306		134400
49		10.0	2.0	6		0		0		0		2154		57600
50		8.0	6.0	14		0		0		0		2800		134400
51		2.0	8.0	14		0		0		0		6902		134400
52		8.0	6.0	13		0		0		0		1521		124800
53		8.0	7.0	10		0		0		0		3000		96000
54		9.0	6.0	5		0		0		0		975		48000
55		10.0	0.0	15		0		0		0		4170		144000
56		5.0	9.0	10		0		0		0		3940		96000
57		7.0	10.0	8		0		0		0		3464		76800
58		8.0	8.0	11		0		0		0		2090		105600
59		4.0	6.0	7		0		0		0		3465		67200
60		1.0	9.0	2		0		0		0		754		19200
61		4.0	0.0	3		0		0		0		942		28800
62		9.0	7.0	13		0		0		0		5499		124800
63		1.0	10.0	12		0		0		0		2832		115200
64		6.0	9.0	8		0		0		0		2832		76800
65		4.0	4.0	15		0		0		0		3600		144000
66		10.0	8.0	3		0		0		0		462		28800
67		4.0	10.0	14		0		0		0		4690		134400
68		5.0	10.0	15		0		0		0		5385		144000
69		4.0	2.0	12		0		0		0		5076		115200
70		6.0	8.0	13		0		0		0		1573		124800
71		3.0	0.0	4		0		0		0		1972		38400
72		9.0	0.0	5		0		0		0		1370		48000
73		5.0	9.0	2		0		0		0		410		19200
74		2.0	0.0	8		0		0		0		2184		76800
75		6.0	5.0	3		0		0		0		837		28800

ITEMS
Type	Length	Width	Height	Mass	Fragility	LoadBearingStrength
Bt1	80	120	244	1300	0		0
Bt2	80	120	244	1283	0		0
Bt3	80	120	244	1493	0		0
Bt4	80	120	244	1389	0		0
Bt5	80	120	244	1018	0		0
Bt6	80	120	244	1247	0		0
Bt7	80	120	244	1222	0		0
Bt8	80	120	244	1325	0		0
Bt9	80	120	244	1183	0		0
Bt10	80	120	244	1239	0		0
Bt11	80	120	244	1177	0		0
Bt12	80	120	244	1050	0		0
Bt13	80	120	244	1277	0		0
Bt14	80	120	244	1261	0		0
Bt15	80	120	244	1199	0		0
Bt16	80	120	244	1126	0		0
Bt17	80	120	244	1336	0		0
Bt18	80	120	244	1479	0		0
Bt19	80	120	244	1093	0		0
Bt20	80	120	244	1127	0		0
Bt21	80	120	244	1034	0		0
Bt22	80	120	244	1303	0		0
Bt23	80	120	244	1025	0		0
Bt24	80	120	244	1263	0		0
Bt25	80	120	244	1160	0		0
Bt26	80	120	244	1078	0		0
Bt27	80	120	244	1409	0		0
Bt28	80	120	244	1139	0		0
Bt29	80	120	244	1037	0		0
Bt30	80	120	244	1216	0		0
Bt31	80	120	244	1142	0		0
Bt32	80	120	244	1246	0		0
Bt33	80	120	244	1176	0		0
Bt34	80	120	244	1086	0		0
Bt35	80	120	244	1445	0		0
Bt36	80	120	244	1306	0		0
Bt37	80	120	244	115	0		0
Bt38	80	120	244	323	0		0
Bt39	80	120	244	310	0		0
Bt40	80	120	244	191	0		0
Bt41	80	120	244	482	0		0
Bt42	80	120	244	438	0		0
Bt43	80	120	244	281	0		0
Bt44	80	120	244	217	0		0
Bt45	80	120	244	285	0		0
Bt46	80	120	244	454	0		0
Bt47	80	120	244	149	0		0
Bt48	80	120	244	379	0		0
Bt49	80	120	244	359	0		0
Bt50	80	120	244	200	0		0
Bt51	80	120	244	493	0		0
Bt52	80	120	244	117	0		0
Bt53	80	120	244	300	0		0
Bt54	80	120	244	195	0		0
Bt55	80	120	244	278	0		0
Bt56	80	120	244	394	0		0
Bt57	80	120	244	433	0		0
Bt58	80	120	244	190	0		0
Bt59	80	120	244	495	0		0
Bt60	80	120	244	377	0		0
Bt61	80	120	244	314	0		0
Bt62	80	120	244	423	0		0
Bt63	80	120	244	236	0		0
Bt64	80	120	244	354	0		0
Bt65	80	120	244	240	0		0
Bt66	80	120	244	154	0		0
Bt67	80	120	244	335	0		0
Bt68	80	120	244	359	0		0
Bt69	80	120	244	423	0		0
Bt70	80	120	244	121	0		0
Bt71	80	120	244	493	0		0
Bt72	80	120	244	274	0		0
Bt73	80	120	244	205	0		0
Bt74	80	120	244	273	0		0
Bt75	80	120	244	279	0		0

DEMANDS PER CUSTOMER
i	Type Quantity
1	Bt1 6
2	Bt2 6
3	Bt3 9
4	Bt4 15
5	Bt5 13
6	Bt6 2
7	Bt7 13
8	Bt8 5
9	Bt9 8
10	Bt10 10
11	Bt11 14
12	Bt12 11
13	Bt13 13
14	Bt14 15
15	Bt15 13
16	Bt16 5
17	Bt17 5
18	Bt18 8
19	Bt19 7
20	Bt20 12
21	Bt21 12
22	Bt22 10
23	Bt23 4
24	Bt24 5
25	Bt25 6
26	Bt26 12
27	Bt27 15
28	Bt28 7
29	Bt29 12
30	Bt30 5
31	Bt31 5
32	Bt32 5
33	Bt33 14
34	Bt34 12
35	Bt35 12
36	Bt36 3
37	Bt37 11
38	Bt38 8
39	Bt39 15
40	Bt40 7
41	Bt41 8
42	Bt42 8
43	Bt43 6
44	Bt44 10
45	Bt45 9
46	Bt46 13
47	Bt47 15
48	Bt48 14
49	Bt49 6
50	Bt50 14
51	Bt51 14
52	Bt52 13
53	Bt53 10
54	Bt54 5
55	Bt55 15
56	Bt56 10
57	Bt57 8
58	Bt58 11
59	Bt59 7
60	Bt60 2
61	Bt61 3
62	Bt62 13
63	Bt63 12
64	Bt64 8
65	Bt65 15
66	Bt66 3
67	Bt67 14
68	Bt68 15
69	Bt69 12
70	Bt70 13
71	Bt71 4
72	Bt72 5
73	Bt73 2
74	Bt74 8
75	Bt75 3
