Name				Inst_75_2_2
Number_of_Customers		75
Number_of_Items			586
Number_of_ItemTypes		75
Number_of_Vehicles		75
TimeWindows			0

VEHICLE
Mass_Capacity			32200
CargoSpace_Length		912
CargoSpace_Width		244
CargoSpace_Height		244
Wheelbase			550
Max_Mass_FrontAxle		11600
Max_Mass_RearAxle		21000
Distance_FrontAxle_CargoSpace	-100

CUSTOMERS
i		x	y	Demand		ReadyTime	DueDate		ServiceTime	DemandedMass	DemandedVolume
0		5.0	5.0	0		0		0		0		0		0
1		0.0	9.0	5		0		0		0		6715		48000
2		8.0	5.0	1		0		0		0		1389		9600
3		4.0	1.0	8		0		0		0		8440		76800
4		6.0	8.0	4		0		0		0		4148		38400
5		0.0	5.0	9		0		0		0		10422		86400
6		4.0	8.0	5		0		0		0		7185		48000
7		5.0	4.0	1		0		0		0		1271		9600
8		3.0	8.0	7		0		0		0		7056		67200
9		2.0	6.0	15		0		0		0		19080		144000
10		2.0	2.0	9		0		0		0		11862		86400
11		9.0	9.0	12		0		0		0		17556		115200
12		4.0	6.0	11		0		0		0		16082		105600
13		6.0	0.0	9		0		0		0		10926		86400
14		4.0	5.0	13		0		0		0		19058		124800
15		10.0	3.0	5		0		0		0		5480		48000
16		3.0	8.0	13		0		0		0		13975		124800
17		4.0	7.0	9		0		0		0		10944		86400
18		8.0	7.0	13		0		0		0		15756		124800
19		5.0	2.0	3		0		0		0		3276		28800
20		5.0	6.0	6		0		0		0		7656		57600
21		8.0	6.0	9		0		0		0		13194		86400
22		7.0	10.0	14		0		0		0		20020		134400
23		8.0	8.0	10		0		0		0		12760		96000
24		1.0	9.0	1		0		0		0		1262		9600
25		10.0	10.0	2		0		0		0		2552		19200
26		10.0	2.0	5		0		0		0		7115		48000
27		6.0	7.0	12		0		0		0		13320		115200
28		1.0	10.0	5		0		0		0		6575		48000
29		8.0	0.0	3		0		0		0		3123		28800
30		10.0	8.0	12		0		0		0		13848		115200
31		7.0	3.0	5		0		0		0		5120		48000
32		8.0	0.0	4		0		0		0		4872		38400
33		5.0	9.0	4		0		0		0		4264		38400
34		10.0	7.0	8		0		0		0		8760		76800
35		7.0	10.0	12		0		0		0		14784		115200
36		6.0	5.0	4		0		0		0		5256		38400
37		6.0	3.0	8		0		0		0		10616		76800
38		4.0	8.0	6		0		0		0		6204		57600
39		8.0	7.0	11		0		0		0		15796		105600
40		10.0	5.0	11		0		0		0		11825		105600
41		5.0	6.0	4		0		0		0		5252		38400
42		3.0	6.0	11		0		0		0		12221		105600
43		0.0	3.0	4		0		0		0		4140		38400
44		7.0	6.0	13		0		0		0		19240		124800
45		10.0	0.0	10		0		0		0		14720		96000
46		0.0	10.0	2		0		0		0		2744		19200
47		3.0	6.0	12		0		0		0		12000		115200
48		2.0	10.0	13		0		0		0		14274		124800
49		7.0	10.0	10		0		0		0		13180		96000
50		7.0	8.0	10		0		0		0		10050		96000
51		8.0	6.0	2		0		0		0		2596		19200
52		8.0	7.0	8		0		0		0		11464		76800
53		9.0	7.0	1		0		0		0		1362		9600
54		5.0	3.0	8		0		0		0		11280		76800
55		10.0	2.0	10		0		0		0		14060		96000
56		4.0	0.0	9		0		0		0		11160		86400
57		7.0	2.0	7		0		0		0		9968		67200
58		8.0	7.0	7		0		0		0		9646		67200
59		3.0	10.0	1		0		0		0		1378		9600
60		3.0	7.0	4		0		0		0		4516		38400
61		7.0	5.0	13		0		0		0		13234		124800
62		4.0	5.0	14		0		0		0		15204		134400
63		3.0	10.0	4		0		0		0		4236		38400
64		5.0	5.0	7		0		0		0		7308		67200
65		3.0	5.0	6		0		0		0		8796		57600
66		1.0	1.0	10		0		0		0		10010		96000
67		6.0	7.0	4		0		0		0		4468		38400
68		10.0	3.0	14		0		0		0		16450		134400
69		0.0	8.0	14		0		0		0		14980		134400
70		2.0	5.0	5		0		0		0		5960		48000
71		7.0	7.0	8		0		0		0		8520		76800
72		9.0	10.0	8		0		0		0		8544		76800
73		7.0	4.0	11		0		0		0		12089		105600
74		6.0	0.0	4		0		0		0		4128		38400
75		0.0	7.0	14		0		0		0		16100		134400

ITEMS
Type	Length	Width	Height	Mass	Fragility	LoadBearingStrength
Bt1	80	120	244	1343	0		0
Bt2	80	120	244	1389	0		0
Bt3	80	120	244	1055	0		0
Bt4	80	120	244	1037	0		0
Bt5	80	120	244	1158	0		0
Bt6	80	120	244	1437	0		0
Bt7	80	120	244	1271	0		0
Bt8	80	120	244	1008	0		0
Bt9	80	120	244	1272	0		0
Bt10	80	120	244	1318	0		0
Bt11	80	120	244	1463	0		0
Bt12	80	120	244	1462	0		0
Bt13	80	120	244	1214	0		0
Bt14	80	120	244	1466	0		0
Bt15	80	120	244	1096	0		0
Bt16	80	120	244	1075	0		0
Bt17	80	120	244	1216	0		0
Bt18	80	120	244	1212	0		0
Bt19	80	120	244	1092	0		0
Bt20	80	120	244	1276	0		0
Bt21	80	120	244	1466	0		0
Bt22	80	120	244	1430	0		0
Bt23	80	120	244	1276	0		0
Bt24	80	120	244	1262	0		0
Bt25	80	120	244	1276	0		0
Bt26	80	120	244	1423	0		0
Bt27	80	120	244	1110	0		0
Bt28	80	120	244	1315	0		0
Bt29	80	120	244	1041	0		0
Bt30	80	120	244	1154	0		0
Bt31	80	120	244	1024	0		0
Bt32	80	120	244	1218	0		0
Bt33	80	120	244	1066	0		0
Bt34	80	120	244	1095	0		0
Bt35	80	120	244	1232	0		0
Bt36	80	120	244	1314	0		0
Bt37	80	120	244	1327	0		0
Bt38	80	120	244	1034	0		0
Bt39	80	120	244	1436	0		0
Bt40	80	120	244	1075	0		0
Bt41	80	120	244	1313	0		0
Bt42	80	120	244	1111	0		0
Bt43	80	120	244	1035	0		0
Bt44	80	120	244	1480	0		0
Bt45	80	120	244	1472	0		0
Bt46	80	120	244	1372	0		0
Bt47	80	120	244	1000	0		0
Bt48	80	120	244	1098	0		0
Bt49	80	120	244	1318	0		0
Bt50	80	120	244	1005	0		0
Bt51	80	120	244	1298	0		0
Bt52	80	120	244	1433	0		0
Bt53	80	120	244	1362	0		0
Bt54	80	120	244	1410	0		0
Bt55	80	120	244	1406	0		0
Bt56	80	120	244	1240	0		0
Bt57	80	120	244	1424	0		0
Bt58	80	120	244	1378	0		0
Bt59	80	120	244	1378	0		0
Bt60	80	120	244	1129	0		0
Bt61	80	120	244	1018	0		0
Bt62	80	120	244	1086	0		0
Bt63	80	120	244	1059	0		0
Bt64	80	120	244	1044	0		0
Bt65	80	120	244	1466	0		0
Bt66	80	120	244	1001	0		0
Bt67	80	120	244	1117	0		0
Bt68	80	120	244	1175	0		0
Bt69	80	120	244	1070	0		0
Bt70	80	120	244	1192	0		0
Bt71	80	120	244	1065	0		0
Bt72	80	120	244	1068	0		0
Bt73	80	120	244	1099	0		0
Bt74	80	120	244	1032	0		0
Bt75	80	120	244	1150	0		0

DEMANDS PER CUSTOMER
i	Type Quantity
1	Bt1 5
2	Bt2 1
3	Bt3 8
4	Bt4 4
5	Bt5 9
6	Bt6 5
7	Bt7 1
8	Bt8 7
9	Bt9 15
10	Bt10 9
11	Bt11 12
12	Bt12 11
13	Bt13 9
14	Bt14 13
15	Bt15 5
16	Bt16 13
17	Bt17 9
18	Bt18 13
19	Bt19 3
20	Bt20 6
21	Bt21 9
22	Bt22 14
23	Bt23 10
24	Bt24 1
25	Bt25 2
26	Bt26 5
27	Bt27 12
28	Bt28 5
29	Bt29 3
30	Bt30 12
31	Bt31 5
32	Bt32 4
33	Bt33 4
34	Bt34 8
35	Bt35 12
36	Bt36 4
37	Bt37 8
38	Bt38 6
39	Bt39 11
40	Bt40 11
41	Bt41 4
42	Bt42 11
43	Bt43 4
44	Bt44 13
45	Bt45 10
46	Bt46 2
47	Bt47 12
48	Bt48 13
49	Bt49 10
50	Bt50 10
51	Bt51 2
52	Bt52 8
53	Bt53 1
54	Bt54 8
55	Bt55 10
56	Bt56 9
57	Bt57 7
58	Bt58 7
59	Bt59 1
60	Bt60 4
61	Bt61 13
62	Bt62 14
63	Bt63 4
64	Bt64 7
65	Bt65 6
66	Bt66 10
67	Bt67 4
68	Bt68 14
69	Bt69 14
70	Bt70 5
71	Bt71 8
72	Bt72 8
73	Bt73 11
74	Bt74 4
75	Bt75 14
