Name				Inst_75_2_5
Number_of_Customers		75
Number_of_Items			653
Number_of_ItemTypes		75
Number_of_Vehicles		75
TimeWindows			0

VEHICLE
Mass_Capacity			32200
CargoSpace_Length		912
CargoSpace_Width		244
CargoSpace_Height		244
Wheelbase			550
Max_Mass_FrontAxle		11600
Max_Mass_RearAxle		21000
Distance_FrontAxle_CargoSpace	-100

CUSTOMERS
i		x	y	Demand		ReadyTime	DueDate		ServiceTime	DemandedMass	DemandedVolume
0		5.0	5.0	0		0		0		0		0		0
1		8.0	7.0	10		0		0		0		12490		96000
2		0.0	7.0	8		0		0		0		8512		76800
3		9.0	6.0	15		0		0		0		18045		144000
4		5.0	2.0	12		0		0		0		12228		115200
5		7.0	7.0	11		0		0		0		14520		105600
6		1.0	9.0	4		0		0		0		4704		38400
7		3.0	2.0	6		0		0		0		7926		57600
8		4.0	7.0	7		0		0		0		9471		67200
9		6.0	0.0	5		0		0		0		5465		48000
10		8.0	1.0	4		0		0		0		5772		38400
11		0.0	9.0	7		0		0		0		9233		67200
12		0.0	4.0	14		0		0		0		15554		134400
13		7.0	3.0	6		0		0		0		6108		57600
14		5.0	0.0	8		0		0		0		10360		76800
15		1.0	1.0	15		0		0		0		21075		144000
16		6.0	8.0	12		0		0		0		17796		115200
17		10.0	10.0	4		0		0		0		4068		38400
18		3.0	7.0	7		0		0		0		8743		67200
19		9.0	7.0	4		0		0		0		4704		38400
20		6.0	4.0	9		0		0		0		13212		86400
21		9.0	9.0	4		0		0		0		4180		38400
22		7.0	4.0	1		0		0		0		1161		9600
23		8.0	0.0	3		0		0		0		4134		28800
24		6.0	2.0	12		0		0		0		12192		115200
25		6.0	8.0	13		0		0		0		13156		124800
26		6.0	9.0	6		0		0		0		8106		57600
27		6.0	7.0	3		0		0		0		3372		28800
28		9.0	6.0	8		0		0		0		8616		76800
29		8.0	7.0	14		0		0		0		20692		134400
30		9.0	2.0	12		0		0		0		17424		115200
31		10.0	10.0	9		0		0		0		9153		86400
32		9.0	10.0	5		0		0		0		5045		48000
33		10.0	5.0	12		0		0		0		12372		115200
34		8.0	9.0	13		0		0		0		17316		124800
35		10.0	8.0	15		0		0		0		22230		144000
36		10.0	9.0	12		0		0		0		13944		115200
37		7.0	6.0	6		0		0		0		6528		57600
38		3.0	2.0	7		0		0		0		9870		67200
39		3.0	6.0	14		0		0		0		15050		134400
40		6.0	6.0	3		0		0		0		3453		28800
41		8.0	4.0	14		0		0		0		18438		134400
42		1.0	0.0	6		0		0		0		7350		57600
43		5.0	4.0	3		0		0		0		4188		28800
44		1.0	5.0	12		0		0		0		15780		115200
45		4.0	9.0	3		0		0		0		4353		28800
46		10.0	10.0	2		0		0		0		2372		19200
47		6.0	5.0	9		0		0		0		10548		86400
48		2.0	5.0	1		0		0		0		1472		9600
49		3.0	4.0	13		0		0		0		14729		124800
50		6.0	6.0	10		0		0		0		11230		96000
51		4.0	2.0	12		0		0		0		13152		115200
52		1.0	2.0	14		0		0		0		19124		134400
53		8.0	1.0	12		0		0		0		12672		115200
54		6.0	2.0	14		0		0		0		18032		134400
55		0.0	10.0	15		0		0		0		15255		144000
56		8.0	5.0	10		0		0		0		11050		96000
57		4.0	5.0	13		0		0		0		18616		124800
58		1.0	4.0	2		0		0		0		2832		19200
59		5.0	0.0	14		0		0		0		16800		134400
60		8.0	9.0	5		0		0		0		7150		48000
61		1.0	8.0	13		0		0		0		17238		124800
62		3.0	1.0	11		0		0		0		11407		105600
63		4.0	1.0	1		0		0		0		1216		9600
64		2.0	4.0	4		0		0		0		5088		38400
65		2.0	0.0	15		0		0		0		19080		144000
66		0.0	0.0	14		0		0		0		14098		134400
67		6.0	9.0	12		0		0		0		16740		115200
68		8.0	10.0	14		0		0		0		16184		134400
69		2.0	2.0	13		0		0		0		14274		124800
70		0.0	2.0	9		0		0		0		11682		86400
71		9.0	9.0	10		0		0		0		14640		96000
72		9.0	5.0	4		0		0		0		4712		38400
73		9.0	0.0	1		0		0		0		1118		9600
74		7.0	3.0	2		0		0		0		2036		19200
75		5.0	9.0	6		0		0		0		6000		57600

ITEMS
Type	Length	Width	Height	Mass	Fragility	LoadBearingStrength
Bt1	80	120	244	1249	0		0
Bt2	80	120	244	1064	0		0
Bt3	80	120	244	1203	0		0
Bt4	80	120	244	1019	0		0
Bt5	80	120	244	1320	0		0
Bt6	80	120	244	1176	0		0
Bt7	80	120	244	1321	0		0
Bt8	80	120	244	1353	0		0
Bt9	80	120	244	1093	0		0
Bt10	80	120	244	1443	0		0
Bt11	80	120	244	1319	0		0
Bt12	80	120	244	1111	0		0
Bt13	80	120	244	1018	0		0
Bt14	80	120	244	1295	0		0
Bt15	80	120	244	1405	0		0
Bt16	80	120	244	1483	0		0
Bt17	80	120	244	1017	0		0
Bt18	80	120	244	1249	0		0
Bt19	80	120	244	1176	0		0
Bt20	80	120	244	1468	0		0
Bt21	80	120	244	1045	0		0
Bt22	80	120	244	1161	0		0
Bt23	80	120	244	1378	0		0
Bt24	80	120	244	1016	0		0
Bt25	80	120	244	1012	0		0
Bt26	80	120	244	1351	0		0
Bt27	80	120	244	1124	0		0
Bt28	80	120	244	1077	0		0
Bt29	80	120	244	1478	0		0
Bt30	80	120	244	1452	0		0
Bt31	80	120	244	1017	0		0
Bt32	80	120	244	1009	0		0
Bt33	80	120	244	1031	0		0
Bt34	80	120	244	1332	0		0
Bt35	80	120	244	1482	0		0
Bt36	80	120	244	1162	0		0
Bt37	80	120	244	1088	0		0
Bt38	80	120	244	1410	0		0
Bt39	80	120	244	1075	0		0
Bt40	80	120	244	1151	0		0
Bt41	80	120	244	1317	0		0
Bt42	80	120	244	1225	0		0
Bt43	80	120	244	1396	0		0
Bt44	80	120	244	1315	0		0
Bt45	80	120	244	1451	0		0
Bt46	80	120	244	1186	0		0
Bt47	80	120	244	1172	0		0
Bt48	80	120	244	1472	0		0
Bt49	80	120	244	1133	0		0
Bt50	80	120	244	1123	0		0
Bt51	80	120	244	1096	0		0
Bt52	80	120	244	1366	0		0
Bt53	80	120	244	1056	0		0
Bt54	80	120	244	1288	0		0
Bt55	80	120	244	1017	0		0
Bt56	80	120	244	1105	0		0
Bt57	80	120	244	1432	0		0
Bt58	80	120	244	1416	0		0
Bt59	80	120	244	1200	0		0
Bt60	80	120	244	1430	0		0
Bt61	80	120	244	1326	0		0
Bt62	80	120	244	1037	0		0
Bt63	80	120	244	1216	0		0
Bt64	80	120	244	1272	0		0
Bt65	80	120	244	1272	0		0
Bt66	80	120	244	1007	0		0
Bt67	80	120	244	1395	0		0
Bt68	80	120	244	1156	0		0
Bt69	80	120	244	1098	0		0
Bt70	80	120	244	1298	0		0
Bt71	80	120	244	1464	0		0
Bt72	80	120	244	1178	0		0
Bt73	80	120	244	1118	0		0
Bt74	80	120	244	1018	0		0
Bt75	80	120	244	1000	0		0

DEMANDS PER CUSTOMER
i	Type Quantity
1	Bt1 10
2	Bt2 8
3	Bt3 15
4	Bt4 12
5	Bt5 11
6	Bt6 4
7	Bt7 6
8	Bt8 7
9	Bt9 5
10	Bt10 4
11	Bt11 7
12	Bt12 14
13	Bt13 6
14	Bt14 8
15	Bt15 15
16	Bt16 12
17	Bt17 4
18	Bt18 7
19	Bt19 4
20	Bt20 9
21	Bt21 4
22	Bt22 1
23	Bt23 3
24	Bt24 12
25	Bt25 13
26	Bt26 6
27	Bt27 3
28	Bt28 8
29	Bt29 14
30	Bt30 12
31	Bt31 9
32	Bt32 5
33	Bt33 12
34	Bt34 13
35	Bt35 15
36	Bt36 12
37	Bt37 6
38	Bt38 7
39	Bt39 14
40	Bt40 3
41	Bt41 14
42	Bt42 6
43	Bt43 3
44	Bt44 12
45	Bt45 3
46	Bt46 2
47	Bt47 9
48	Bt48 1
49	Bt49 13
50	Bt50 10
51	Bt51 12
52	Bt52 14
53	Bt53 12
54	Bt54 14
55	Bt55 15
56	Bt56 10
57	Bt57 13
58	Bt58 2
59	Bt59 14
60	Bt60 5
61	Bt61 13
62	Bt62 11
63	Bt63 1
64	Bt64 4
65	Bt65 15
66	Bt66 14
67	Bt67 12
68	Bt68 14
69	Bt69 13
70	Bt70 9
71	Bt71 10
72	Bt72 4
73	Bt73 1
74	Bt74 2
75	Bt75 6
