Name				Inst_50_1_4
Number_of_Customers		50
Number_of_Items			262
Number_of_ItemTypes		50
Number_of_Vehicles		50
TimeWindows			0

VEHICLE
Mass_Capacity			32200
CargoSpace_Length		912
CargoSpace_Width		244
CargoSpace_Height		244
Wheelbase			550
Max_Mass_FrontAxle		11600
Max_Mass_RearAxle		21000
Distance_FrontAxle_CargoSpace	-100

CUSTOMERS
i		x	y	Demand		ReadyTime	DueDate		ServiceTime	DemandedMass	DemandedVolume
0		5.0	5.0	0		0		0		0		0		0
1		1.0	8.0	6		0		0		0		8142		57600
2		7.0	10.0	4		0		0		0		5356		38400
3		3.0	4.0	5		0		0		0		6845		48000
4		9.0	3.0	5		0		0		0		5705		48000
5		10.0	4.0	6		0		0		0		8466		57600
6		1.0	5.0	7		0		0		0		8449		67200
7		1.0	4.0	4		0		0		0		5448		38400
8		0.0	6.0	4		0		0		0		4120		38400
9		0.0	4.0	6		0		0		0		8928		57600
10		8.0	7.0	6		0		0		0		7368		57600
11		2.0	8.0	4		0		0		0		5084		38400
12		2.0	8.0	6		0		0		0		6468		57600
13		5.0	3.0	6		0		0		0		6852		57600
14		0.0	3.0	7		0		0		0		7805		67200
15		4.0	9.0	4		0		0		0		5084		38400
16		9.0	3.0	5		0		0		0		5840		48000
17		9.0	10.0	6		0		0		0		7266		57600
18		3.0	3.0	4		0		0		0		5408		38400
19		10.0	1.0	4		0		0		0		4808		38400
20		3.0	4.0	5		0		0		0		6900		48000
21		10.0	0.0	7		0		0		0		9730		67200
22		5.0	9.0	7		0		0		0		10143		67200
23		1.0	6.0	7		0		0		0		8141		67200
24		5.0	10.0	4		0		0		0		5116		38400
25		6.0	10.0	5		0		0		0		5675		48000
26		10.0	10.0	5		0		0		0		5415		48000
27		8.0	9.0	6		0		0		0		7242		57600
28		1.0	6.0	4		0		0		0		5400		38400
29		4.0	10.0	7		0		0		0		7784		67200
30		10.0	3.0	4		0		0		0		4748		38400
31		5.0	5.0	7		0		0		0		7007		67200
32		1.0	0.0	7		0		0		0		10101		67200
33		0.0	1.0	7		0		0		0		8638		67200
34		10.0	8.0	5		0		0		0		5480		48000
35		10.0	2.0	4		0		0		0		4136		38400
36		9.0	5.0	6		0		0		0		8268		57600
37		2.0	4.0	6		0		0		0		8346		57600
38		7.0	3.0	4		0		0		0		4660		38400
39		8.0	5.0	5		0		0		0		7070		48000
40		1.0	9.0	4		0		0		0		4552		38400
41		1.0	7.0	5		0		0		0		5910		48000
42		0.0	1.0	5		0		0		0		7430		48000
43		3.0	0.0	5		0		0		0		5010		48000
44		10.0	0.0	4		0		0		0		4212		38400
45		2.0	3.0	5		0		0		0		6085		48000
46		7.0	2.0	5		0		0		0		6800		48000
47		9.0	1.0	4		0		0		0		5936		38400
48		2.0	10.0	4		0		0		0		5040		38400
49		1.0	5.0	4		0		0		0		4932		38400
50		5.0	10.0	6		0		0		0		6288		57600

ITEMS
Type	Length	Width	Height	Mass	Fragility	LoadBearingStrength
Bt1	80	120	244	1357	0		0
Bt2	80	120	244	1339	0		0
Bt3	80	120	244	1369	0		0
Bt4	80	120	244	1141	0		0
Bt5	80	120	244	1411	0		0
Bt6	80	120	244	1207	0		0
Bt7	80	120	244	1362	0		0
Bt8	80	120	244	1030	0		0
Bt9	80	120	244	1488	0		0
Bt10	80	120	244	1228	0		0
Bt11	80	120	244	1271	0		0
Bt12	80	120	244	1078	0		0
Bt13	80	120	244	1142	0		0
Bt14	80	120	244	1115	0		0
Bt15	80	120	244	1271	0		0
Bt16	80	120	244	1168	0		0
Bt17	80	120	244	1211	0		0
Bt18	80	120	244	1352	0		0
Bt19	80	120	244	1202	0		0
Bt20	80	120	244	1380	0		0
Bt21	80	120	244	1390	0		0
Bt22	80	120	244	1449	0		0
Bt23	80	120	244	1163	0		0
Bt24	80	120	244	1279	0		0
Bt25	80	120	244	1135	0		0
Bt26	80	120	244	1083	0		0
Bt27	80	120	244	1207	0		0
Bt28	80	120	244	1350	0		0
Bt29	80	120	244	1112	0		0
Bt30	80	120	244	1187	0		0
Bt31	80	120	244	1001	0		0
Bt32	80	120	244	1443	0		0
Bt33	80	120	244	1234	0		0
Bt34	80	120	244	1096	0		0
Bt35	80	120	244	1034	0		0
Bt36	80	120	244	1378	0		0
Bt37	80	120	244	1391	0		0
Bt38	80	120	244	1165	0		0
Bt39	80	120	244	1414	0		0
Bt40	80	120	244	1138	0		0
Bt41	80	120	244	1182	0		0
Bt42	80	120	244	1486	0		0
Bt43	80	120	244	1002	0		0
Bt44	80	120	244	1053	0		0
Bt45	80	120	244	1217	0		0
Bt46	80	120	244	1360	0		0
Bt47	80	120	244	1484	0		0
Bt48	80	120	244	1260	0		0
Bt49	80	120	244	1233	0		0
Bt50	80	120	244	1048	0		0

DEMANDS PER CUSTOMER
i	Type Quantity
1	Bt1 6
2	Bt2 4
3	Bt3 5
4	Bt4 5
5	Bt5 6
6	Bt6 7
7	Bt7 4
8	Bt8 4
9	Bt9 6
10	Bt10 6
11	Bt11 4
12	Bt12 6
13	Bt13 6
14	Bt14 7
15	Bt15 4
16	Bt16 5
17	Bt17 6
18	Bt18 4
19	Bt19 4
20	Bt20 5
21	Bt21 7
22	Bt22 7
23	Bt23 7
24	Bt24 4
25	Bt25 5
26	Bt26 5
27	Bt27 6
28	Bt28 4
29	Bt29 7
30	Bt30 4
31	Bt31 7
32	Bt32 7
33	Bt33 7
34	Bt34 5
35	Bt35 4
36	Bt36 6
37	Bt37 6
38	Bt38 4
39	Bt39 5
40	Bt40 4
41	Bt41 5
42	Bt42 5
43	Bt43 5
44	Bt44 4
45	Bt45 5
46	Bt46 5
47	Bt47 4
48	Bt48 4
49	Bt49 4
50	Bt50 6
