Name				Inst_75_2_7
Number_of_Customers		75
Number_of_Items			648
Number_of_ItemTypes		75
Number_of_Vehicles		75
TimeWindows			0

VEHICLE
Mass_Capacity			32200
CargoSpace_Length		912
CargoSpace_Width		244
CargoSpace_Height		244
Wheelbase			550
Max_Mass_FrontAxle		11600
Max_Mass_RearAxle		21000
Distance_FrontAxle_CargoSpace	-100

CUSTOMERS
i		x	y	Demand		ReadyTime	DueDate		ServiceTime	DemandedMass	DemandedVolume
0		5.0	5.0	0		0		0		0		0		0
1		10.0	7.0	12		0		0		0		15528		115200
2		1.0	6.0	13		0		0		0		15041		124800
3		5.0	6.0	11		0		0		0		15895		105600
4		10.0	0.0	15		0		0		0		17115		144000
5		9.0	3.0	6		0		0		0		7740		57600
6		1.0	0.0	10		0		0		0		11720		96000
7		6.0	9.0	12		0		0		0		14112		115200
8		4.0	2.0	15		0		0		0		22080		144000
9		10.0	3.0	9		0		0		0		9126		86400
10		6.0	6.0	1		0		0		0		1227		9600
11		8.0	5.0	10		0		0		0		11600		96000
12		6.0	0.0	14		0		0		0		18382		134400
13		7.0	6.0	11		0		0		0		13244		105600
14		3.0	2.0	14		0		0		0		20524		134400
15		6.0	7.0	8		0		0		0		10856		76800
16		9.0	7.0	8		0		0		0		9848		76800
17		1.0	1.0	12		0		0		0		16512		115200
18		7.0	0.0	15		0		0		0		22215		144000
19		4.0	8.0	13		0		0		0		18434		124800
20		7.0	1.0	4		0		0		0		4780		38400
21		3.0	10.0	8		0		0		0		11712		76800
22		4.0	4.0	14		0		0		0		20552		134400
23		7.0	8.0	8		0		0		0		8360		76800
24		2.0	5.0	15		0		0		0		17265		144000
25		6.0	8.0	11		0		0		0		15433		105600
26		4.0	6.0	10		0		0		0		11720		96000
27		0.0	4.0	2		0		0		0		2810		19200
28		8.0	5.0	2		0		0		0		2324		19200
29		9.0	9.0	13		0		0		0		15808		124800
30		9.0	7.0	3		0		0		0		4077		28800
31		6.0	9.0	4		0		0		0		5188		38400
32		4.0	3.0	11		0		0		0		15554		105600
33		6.0	1.0	15		0		0		0		15405		144000
34		2.0	5.0	1		0		0		0		1032		9600
35		2.0	3.0	2		0		0		0		2566		19200
36		3.0	0.0	7		0		0		0		7651		67200
37		7.0	10.0	4		0		0		0		4564		38400
38		8.0	7.0	3		0		0		0		4251		28800
39		10.0	1.0	11		0		0		0		11209		105600
40		0.0	2.0	5		0		0		0		6575		48000
41		5.0	0.0	7		0		0		0		9989		67200
42		6.0	2.0	6		0		0		0		8568		57600
43		0.0	3.0	10		0		0		0		11640		96000
44		4.0	8.0	3		0		0		0		3543		28800
45		5.0	10.0	11		0		0		0		14267		105600
46		6.0	7.0	9		0		0		0		9018		86400
47		8.0	1.0	6		0		0		0		8928		57600
48		0.0	0.0	1		0		0		0		1386		9600
49		8.0	8.0	11		0		0		0		13827		105600
50		8.0	7.0	2		0		0		0		2682		19200
51		8.0	0.0	3		0		0		0		3333		28800
52		8.0	10.0	4		0		0		0		5896		38400
53		9.0	4.0	1		0		0		0		1379		9600
54		0.0	9.0	14		0		0		0		20720		134400
55		8.0	3.0	13		0		0		0		15860		124800
56		0.0	9.0	9		0		0		0		13392		86400
57		2.0	9.0	5		0		0		0		5445		48000
58		0.0	10.0	11		0		0		0		13288		105600
59		0.0	8.0	11		0		0		0		16412		105600
60		9.0	7.0	15		0		0		0		20040		144000
61		6.0	8.0	6		0		0		0		8250		57600
62		2.0	4.0	10		0		0		0		14170		96000
63		0.0	2.0	9		0		0		0		9675		86400
64		0.0	6.0	6		0		0		0		6066		57600
65		8.0	6.0	3		0		0		0		3225		28800
66		9.0	7.0	6		0		0		0		6096		57600
67		3.0	1.0	11		0		0		0		13475		105600
68		1.0	9.0	8		0		0		0		10520		76800
69		1.0	8.0	15		0		0		0		20370		144000
70		6.0	7.0	8		0		0		0		11304		76800
71		2.0	6.0	11		0		0		0		11121		105600
72		9.0	7.0	13		0		0		0		16939		124800
73		2.0	9.0	12		0		0		0		14196		115200
74		9.0	6.0	2		0		0		0		2410		19200
75		8.0	6.0	14		0		0		0		16366		134400

ITEMS
Type	Length	Width	Height	Mass	Fragility	LoadBearingStrength
Bt1	80	120	244	1294	0		0
Bt2	80	120	244	1157	0		0
Bt3	80	120	244	1445	0		0
Bt4	80	120	244	1141	0		0
Bt5	80	120	244	1290	0		0
Bt6	80	120	244	1172	0		0
Bt7	80	120	244	1176	0		0
Bt8	80	120	244	1472	0		0
Bt9	80	120	244	1014	0		0
Bt10	80	120	244	1227	0		0
Bt11	80	120	244	1160	0		0
Bt12	80	120	244	1313	0		0
Bt13	80	120	244	1204	0		0
Bt14	80	120	244	1466	0		0
Bt15	80	120	244	1357	0		0
Bt16	80	120	244	1231	0		0
Bt17	80	120	244	1376	0		0
Bt18	80	120	244	1481	0		0
Bt19	80	120	244	1418	0		0
Bt20	80	120	244	1195	0		0
Bt21	80	120	244	1464	0		0
Bt22	80	120	244	1468	0		0
Bt23	80	120	244	1045	0		0
Bt24	80	120	244	1151	0		0
Bt25	80	120	244	1403	0		0
Bt26	80	120	244	1172	0		0
Bt27	80	120	244	1405	0		0
Bt28	80	120	244	1162	0		0
Bt29	80	120	244	1216	0		0
Bt30	80	120	244	1359	0		0
Bt31	80	120	244	1297	0		0
Bt32	80	120	244	1414	0		0
Bt33	80	120	244	1027	0		0
Bt34	80	120	244	1032	0		0
Bt35	80	120	244	1283	0		0
Bt36	80	120	244	1093	0		0
Bt37	80	120	244	1141	0		0
Bt38	80	120	244	1417	0		0
Bt39	80	120	244	1019	0		0
Bt40	80	120	244	1315	0		0
Bt41	80	120	244	1427	0		0
Bt42	80	120	244	1428	0		0
Bt43	80	120	244	1164	0		0
Bt44	80	120	244	1181	0		0
Bt45	80	120	244	1297	0		0
Bt46	80	120	244	1002	0		0
Bt47	80	120	244	1488	0		0
Bt48	80	120	244	1386	0		0
Bt49	80	120	244	1257	0		0
Bt50	80	120	244	1341	0		0
Bt51	80	120	244	1111	0		0
Bt52	80	120	244	1474	0		0
Bt53	80	120	244	1379	0		0
Bt54	80	120	244	1480	0		0
Bt55	80	120	244	1220	0		0
Bt56	80	120	244	1488	0		0
Bt57	80	120	244	1089	0		0
Bt58	80	120	244	1208	0		0
Bt59	80	120	244	1492	0		0
Bt60	80	120	244	1336	0		0
Bt61	80	120	244	1375	0		0
Bt62	80	120	244	1417	0		0
Bt63	80	120	244	1075	0		0
Bt64	80	120	244	1011	0		0
Bt65	80	120	244	1075	0		0
Bt66	80	120	244	1016	0		0
Bt67	80	120	244	1225	0		0
Bt68	80	120	244	1315	0		0
Bt69	80	120	244	1358	0		0
Bt70	80	120	244	1413	0		0
Bt71	80	120	244	1011	0		0
Bt72	80	120	244	1303	0		0
Bt73	80	120	244	1183	0		0
Bt74	80	120	244	1205	0		0
Bt75	80	120	244	1169	0		0

DEMANDS PER CUSTOMER
i	Type Quantity
1	Bt1 12
2	Bt2 13
3	Bt3 11
4	Bt4 15
5	Bt5 6
6	Bt6 10
7	Bt7 12
8	Bt8 15
9	Bt9 9
10	Bt10 1
11	Bt11 10
12	Bt12 14
13	Bt13 11
14	Bt14 14
15	Bt15 8
16	Bt16 8
17	Bt17 12
18	Bt18 15
19	Bt19 13
20	Bt20 4
21	Bt21 8
22	Bt22 14
23	Bt23 8
24	Bt24 15
25	Bt25 11
26	Bt26 10
27	Bt27 2
28	Bt28 2
29	Bt29 13
30	Bt30 3
31	Bt31 4
32	Bt32 11
33	Bt33 15
34	Bt34 1
35	Bt35 2
36	Bt36 7
37	Bt37 4
38	Bt38 3
39	Bt39 11
40	Bt40 5
41	Bt41 7
42	Bt42 6
43	Bt43 10
44	Bt44 3
45	Bt45 11
46	Bt46 9
47	Bt47 6
48	Bt48 1
49	Bt49 11
50	Bt50 2
51	Bt51 3
52	Bt52 4
53	Bt53 1
54	Bt54 14
55	Bt55 13
56	Bt56 9
57	Bt57 5
58	Bt58 11
59	Bt59 11
60	Bt60 15
61	Bt61 6
62	Bt62 10
63	Bt63 9
64	Bt64 6
65	Bt65 3
66	Bt66 6
67	Bt67 11
68	Bt68 8
69	Bt69 15
70	Bt70 8
71	Bt71 11
72	Bt72 13
73	Bt73 12
74	Bt74 2
75	Bt75 14
