Name				Inst_75_1_1
Number_of_Customers		75
Number_of_Items			397
Number_of_ItemTypes		75
Number_of_Vehicles		75
TimeWindows			0

VEHICLE
Mass_Capacity			32200
CargoSpace_Length		912
CargoSpace_Width		244
CargoSpace_Height		244
Wheelbase			550
Max_Mass_FrontAxle		11600
Max_Mass_RearAxle		21000
Distance_FrontAxle_CargoSpace	-100

CUSTOMERS
i		x	y	Demand		ReadyTime	DueDate		ServiceTime	DemandedMass	DemandedVolume
0		5.0	5.0	0		0		0		0		0		0
1		2.0	10.0	4		0		0		0		4392		38400
2		3.0	6.0	6		0		0		0		7734		57600
3		5.0	8.0	7		0		0		0		7028		67200
4		2.0	2.0	4		0		0		0		5988		38400
5		5.0	10.0	6		0		0		0		8358		57600
6		3.0	3.0	6		0		0		0		6798		57600
7		8.0	6.0	5		0		0		0		7245		48000
8		9.0	7.0	7		0		0		0		10472		67200
9		7.0	0.0	6		0		0		0		7536		57600
10		3.0	8.0	4		0		0		0		5928		38400
11		9.0	5.0	5		0		0		0		7135		48000
12		4.0	6.0	7		0		0		0		9737		67200
13		9.0	10.0	4		0		0		0		4292		38400
14		5.0	0.0	4		0		0		0		5040		38400
15		0.0	9.0	5		0		0		0		6245		48000
16		7.0	4.0	7		0		0		0		8498		67200
17		10.0	3.0	4		0		0		0		4812		38400
18		5.0	0.0	7		0		0		0		9170		67200
19		3.0	6.0	5		0		0		0		6495		48000
20		7.0	3.0	5		0		0		0		7345		48000
21		3.0	4.0	4		0		0		0		5612		38400
22		8.0	3.0	4		0		0		0		4216		38400
23		9.0	0.0	6		0		0		0		6942		57600
24		3.0	7.0	4		0		0		0		4748		38400
25		6.0	10.0	5		0		0		0		5545		48000
26		0.0	10.0	7		0		0		0		7728		67200
27		5.0	6.0	5		0		0		0		5270		48000
28		1.0	4.0	4		0		0		0		5624		38400
29		10.0	7.0	5		0		0		0		5965		48000
30		6.0	9.0	4		0		0		0		4472		38400
31		2.0	10.0	6		0		0		0		6312		57600
32		2.0	0.0	6		0		0		0		6672		57600
33		6.0	5.0	6		0		0		0		8364		57600
34		4.0	9.0	6		0		0		0		6306		57600
35		9.0	7.0	6		0		0		0		7800		57600
36		2.0	1.0	4		0		0		0		4716		38400
37		8.0	10.0	7		0		0		0		8610		67200
38		6.0	6.0	7		0		0		0		9142		67200
39		9.0	6.0	5		0		0		0		5840		48000
40		6.0	10.0	5		0		0		0		5815		48000
41		3.0	1.0	4		0		0		0		4160		38400
42		8.0	1.0	6		0		0		0		6834		57600
43		0.0	7.0	6		0		0		0		6846		57600
44		5.0	2.0	5		0		0		0		7135		48000
45		5.0	7.0	4		0		0		0		5312		38400
46		1.0	8.0	7		0		0		0		10248		67200
47		7.0	0.0	6		0		0		0		8574		57600
48		8.0	7.0	5		0		0		0		5885		48000
49		6.0	6.0	5		0		0		0		5400		48000
50		8.0	5.0	6		0		0		0		8022		57600
51		10.0	7.0	5		0		0		0		5685		48000
52		8.0	0.0	7		0		0		0		7343		67200
53		8.0	3.0	7		0		0		0		8477		67200
54		6.0	10.0	4		0		0		0		5764		38400
55		10.0	10.0	5		0		0		0		5525		48000
56		0.0	1.0	6		0		0		0		6570		57600
57		6.0	3.0	4		0		0		0		4484		38400
58		6.0	7.0	4		0		0		0		5108		38400
59		5.0	7.0	5		0		0		0		5845		48000
60		1.0	1.0	7		0		0		0		8120		67200
61		1.0	10.0	5		0		0		0		6275		48000
62		3.0	2.0	7		0		0		0		7455		67200
63		9.0	4.0	6		0		0		0		8976		57600
64		5.0	10.0	4		0		0		0		4848		38400
65		4.0	9.0	5		0		0		0		6455		48000
66		9.0	3.0	4		0		0		0		4836		38400
67		4.0	1.0	4		0		0		0		5324		38400
68		7.0	0.0	4		0		0		0		4172		38400
69		3.0	10.0	4		0		0		0		4620		38400
70		0.0	5.0	7		0		0		0		9905		67200
71		9.0	3.0	6		0		0		0		6198		57600
72		9.0	4.0	4		0		0		0		5780		38400
73		5.0	8.0	4		0		0		0		4368		38400
74		4.0	4.0	7		0		0		0		8001		67200
75		9.0	3.0	4		0		0		0		5336		38400

ITEMS
Type	Length	Width	Height	Mass	Fragility	LoadBearingStrength
Bt1	80	120	244	1098	0		0
Bt2	80	120	244	1289	0		0
Bt3	80	120	244	1004	0		0
Bt4	80	120	244	1497	0		0
Bt5	80	120	244	1393	0		0
Bt6	80	120	244	1133	0		0
Bt7	80	120	244	1449	0		0
Bt8	80	120	244	1496	0		0
Bt9	80	120	244	1256	0		0
Bt10	80	120	244	1482	0		0
Bt11	80	120	244	1427	0		0
Bt12	80	120	244	1391	0		0
Bt13	80	120	244	1073	0		0
Bt14	80	120	244	1260	0		0
Bt15	80	120	244	1249	0		0
Bt16	80	120	244	1214	0		0
Bt17	80	120	244	1203	0		0
Bt18	80	120	244	1310	0		0
Bt19	80	120	244	1299	0		0
Bt20	80	120	244	1469	0		0
Bt21	80	120	244	1403	0		0
Bt22	80	120	244	1054	0		0
Bt23	80	120	244	1157	0		0
Bt24	80	120	244	1187	0		0
Bt25	80	120	244	1109	0		0
Bt26	80	120	244	1104	0		0
Bt27	80	120	244	1054	0		0
Bt28	80	120	244	1406	0		0
Bt29	80	120	244	1193	0		0
Bt30	80	120	244	1118	0		0
Bt31	80	120	244	1052	0		0
Bt32	80	120	244	1112	0		0
Bt33	80	120	244	1394	0		0
Bt34	80	120	244	1051	0		0
Bt35	80	120	244	1300	0		0
Bt36	80	120	244	1179	0		0
Bt37	80	120	244	1230	0		0
Bt38	80	120	244	1306	0		0
Bt39	80	120	244	1168	0		0
Bt40	80	120	244	1163	0		0
Bt41	80	120	244	1040	0		0
Bt42	80	120	244	1139	0		0
Bt43	80	120	244	1141	0		0
Bt44	80	120	244	1427	0		0
Bt45	80	120	244	1328	0		0
Bt46	80	120	244	1464	0		0
Bt47	80	120	244	1429	0		0
Bt48	80	120	244	1177	0		0
Bt49	80	120	244	1080	0		0
Bt50	80	120	244	1337	0		0
Bt51	80	120	244	1137	0		0
Bt52	80	120	244	1049	0		0
Bt53	80	120	244	1211	0		0
Bt54	80	120	244	1441	0		0
Bt55	80	120	244	1105	0		0
Bt56	80	120	244	1095	0		0
Bt57	80	120	244	1121	0		0
Bt58	80	120	244	1277	0		0
Bt59	80	120	244	1169	0		0
Bt60	80	120	244	1160	0		0
Bt61	80	120	244	1255	0		0
Bt62	80	120	244	1065	0		0
Bt63	80	120	244	1496	0		0
Bt64	80	120	244	1212	0		0
Bt65	80	120	244	1291	0		0
Bt66	80	120	244	1209	0		0
Bt67	80	120	244	1331	0		0
Bt68	80	120	244	1043	0		0
Bt69	80	120	244	1155	0		0
Bt70	80	120	244	1415	0		0
Bt71	80	120	244	1033	0		0
Bt72	80	120	244	1445	0		0
Bt73	80	120	244	1092	0		0
Bt74	80	120	244	1143	0		0
Bt75	80	120	244	1334	0		0

DEMANDS PER CUSTOMER
i	Type Quantity
1	Bt1 4
2	Bt2 6
3	Bt3 7
4	Bt4 4
5	Bt5 6
6	Bt6 6
7	Bt7 5
8	Bt8 7
9	Bt9 6
10	Bt10 4
11	Bt11 5
12	Bt12 7
13	Bt13 4
14	Bt14 4
15	Bt15 5
16	Bt16 7
17	Bt17 4
18	Bt18 7
19	Bt19 5
20	Bt20 5
21	Bt21 4
22	Bt22 4
23	Bt23 6
24	Bt24 4
25	Bt25 5
26	Bt26 7
27	Bt27 5
28	Bt28 4
29	Bt29 5
30	Bt30 4
31	Bt31 6
32	Bt32 6
33	Bt33 6
34	Bt34 6
35	Bt35 6
36	Bt36 4
37	Bt37 7
38	Bt38 7
39	Bt39 5
40	Bt40 5
41	Bt41 4
42	Bt42 6
43	Bt43 6
44	Bt44 5
45	Bt45 4
46	Bt46 7
47	Bt47 6
48	Bt48 5
49	Bt49 5
50	Bt50 6
51	Bt51 5
52	Bt52 7
53	Bt53 7
54	Bt54 4
55	Bt55 5
56	Bt56 6
57	Bt57 4
58	Bt58 4
59	Bt59 5
60	Bt60 7
61	Bt61 5
62	Bt62 7
63	Bt63 6
64	Bt64 4
65	Bt65 5
66	Bt66 4
67	Bt67 4
68	Bt68 4
69	Bt69 4
70	Bt70 7
71	Bt71 6
72	Bt72 4
73	Bt73 4
74	Bt74 7
75	Bt75 4
