Name				Inst_75_3_7
Number_of_Customers		75
Number_of_Items			414
Number_of_ItemTypes		75
Number_of_Vehicles		75
TimeWindows			0

VEHICLE
Mass_Capacity			32200
CargoSpace_Length		912
CargoSpace_Width		244
CargoSpace_Height		244
Wheelbase			550
Max_Mass_FrontAxle		11600
Max_Mass_RearAxle		21000
Distance_FrontAxle_CargoSpace	-100

CUSTOMERS
i		x	y	Demand		ReadyTime	DueDate		ServiceTime	DemandedMass	DemandedVolume
0		5.0	5.0	0		0		0		0		0		0
1		2.0	10.0	6		0		0		0		8046		57600
2		4.0	8.0	5		0		0		0		6985		48000
3		6.0	2.0	4		0		0		0		4672		38400
4		3.0	4.0	4		0		0		0		4316		38400
5		1.0	0.0	7		0		0		0		7049		67200
6		0.0	8.0	4		0		0		0		5856		38400
7		9.0	10.0	6		0		0		0		6522		57600
8		9.0	5.0	7		0		0		0		7343		67200
9		3.0	7.0	4		0		0		0		5072		38400
10		7.0	10.0	4		0		0		0		4180		38400
11		3.0	10.0	7		0		0		0		8750		67200
12		0.0	5.0	4		0		0		0		4852		38400
13		8.0	8.0	5		0		0		0		6515		48000
14		5.0	4.0	5		0		0		0		7375		48000
15		6.0	9.0	5		0		0		0		6565		48000
16		3.0	3.0	6		0		0		0		6270		57600
17		3.0	5.0	5		0		0		0		5740		48000
18		5.0	6.0	7		0		0		0		9709		67200
19		1.0	0.0	6		0		0		0		6810		57600
20		3.0	4.0	4		0		0		0		4336		38400
21		5.0	9.0	5		0		0		0		6470		48000
22		9.0	10.0	7		0		0		0		9548		67200
23		4.0	3.0	4		0		0		0		4528		38400
24		6.0	1.0	6		0		0		0		7194		57600
25		4.0	8.0	7		0		0		0		9520		67200
26		4.0	7.0	7		0		0		0		8554		67200
27		4.0	5.0	5		0		0		0		6495		48000
28		1.0	1.0	5		0		0		0		6565		48000
29		10.0	4.0	5		0		0		0		7485		48000
30		3.0	7.0	5		0		0		0		6695		48000
31		1.0	5.0	7		0		0		0		7973		67200
32		0.0	8.0	4		0		0		0		4512		38400
33		4.0	4.0	5		0		0		0		6030		48000
34		10.0	10.0	7		0		0		0		10367		67200
35		6.0	10.0	4		0		0		0		4324		38400
36		8.0	10.0	6		0		0		0		7152		57600
37		8.0	10.0	6		0		0		0		2400		57600
38		7.0	7.0	7		0		0		0		1456		67200
39		2.0	7.0	7		0		0		0		2072		67200
40		4.0	4.0	6		0		0		0		1440		57600
41		0.0	4.0	5		0		0		0		1130		48000
42		2.0	1.0	4		0		0		0		496		38400
43		10.0	10.0	4		0		0		0		980		38400
44		4.0	7.0	7		0		0		0		1260		67200
45		1.0	6.0	6		0		0		0		2712		57600
46		10.0	2.0	5		0		0		0		520		48000
47		9.0	8.0	6		0		0		0		2394		57600
48		2.0	10.0	4		0		0		0		1068		38400
49		8.0	7.0	7		0		0		0		1057		67200
50		10.0	8.0	4		0		0		0		688		38400
51		2.0	1.0	5		0		0		0		2290		48000
52		0.0	7.0	4		0		0		0		1536		38400
53		0.0	8.0	7		0		0		0		735		67200
54		5.0	5.0	5		0		0		0		1680		48000
55		1.0	1.0	6		0		0		0		1590		57600
56		10.0	1.0	5		0		0		0		1115		48000
57		4.0	5.0	7		0		0		0		3486		67200
58		7.0	2.0	4		0		0		0		1280		38400
59		3.0	7.0	5		0		0		0		1520		48000
60		3.0	7.0	6		0		0		0		1890		57600
61		4.0	3.0	6		0		0		0		2316		57600
62		8.0	10.0	7		0		0		0		3150		67200
63		6.0	10.0	5		0		0		0		1210		48000
64		8.0	10.0	4		0		0		0		528		38400
65		10.0	2.0	6		0		0		0		2130		57600
66		5.0	2.0	4		0		0		0		1436		38400
67		6.0	9.0	4		0		0		0		708		38400
68		8.0	10.0	7		0		0		0		2555		67200
69		1.0	7.0	6		0		0		0		1824		57600
70		8.0	9.0	6		0		0		0		1410		57600
71		2.0	5.0	6		0		0		0		2922		57600
72		10.0	5.0	6		0		0		0		2922		57600
73		5.0	0.0	7		0		0		0		2702		67200
74		7.0	6.0	7		0		0		0		1974		67200
75		8.0	9.0	7		0		0		0		1316		67200

ITEMS
Type	Length	Width	Height	Mass	Fragility	LoadBearingStrength
Bt1	80	120	244	1341	0		0
Bt2	80	120	244	1397	0		0
Bt3	80	120	244	1168	0		0
Bt4	80	120	244	1079	0		0
Bt5	80	120	244	1007	0		0
Bt6	80	120	244	1464	0		0
Bt7	80	120	244	1087	0		0
Bt8	80	120	244	1049	0		0
Bt9	80	120	244	1268	0		0
Bt10	80	120	244	1045	0		0
Bt11	80	120	244	1250	0		0
Bt12	80	120	244	1213	0		0
Bt13	80	120	244	1303	0		0
Bt14	80	120	244	1475	0		0
Bt15	80	120	244	1313	0		0
Bt16	80	120	244	1045	0		0
Bt17	80	120	244	1148	0		0
Bt18	80	120	244	1387	0		0
Bt19	80	120	244	1135	0		0
Bt20	80	120	244	1084	0		0
Bt21	80	120	244	1294	0		0
Bt22	80	120	244	1364	0		0
Bt23	80	120	244	1132	0		0
Bt24	80	120	244	1199	0		0
Bt25	80	120	244	1360	0		0
Bt26	80	120	244	1222	0		0
Bt27	80	120	244	1299	0		0
Bt28	80	120	244	1313	0		0
Bt29	80	120	244	1497	0		0
Bt30	80	120	244	1339	0		0
Bt31	80	120	244	1139	0		0
Bt32	80	120	244	1128	0		0
Bt33	80	120	244	1206	0		0
Bt34	80	120	244	1481	0		0
Bt35	80	120	244	1081	0		0
Bt36	80	120	244	1192	0		0
Bt37	80	120	244	400	0		0
Bt38	80	120	244	208	0		0
Bt39	80	120	244	296	0		0
Bt40	80	120	244	240	0		0
Bt41	80	120	244	226	0		0
Bt42	80	120	244	124	0		0
Bt43	80	120	244	245	0		0
Bt44	80	120	244	180	0		0
Bt45	80	120	244	452	0		0
Bt46	80	120	244	104	0		0
Bt47	80	120	244	399	0		0
Bt48	80	120	244	267	0		0
Bt49	80	120	244	151	0		0
Bt50	80	120	244	172	0		0
Bt51	80	120	244	458	0		0
Bt52	80	120	244	384	0		0
Bt53	80	120	244	105	0		0
Bt54	80	120	244	336	0		0
Bt55	80	120	244	265	0		0
Bt56	80	120	244	223	0		0
Bt57	80	120	244	498	0		0
Bt58	80	120	244	320	0		0
Bt59	80	120	244	304	0		0
Bt60	80	120	244	315	0		0
Bt61	80	120	244	386	0		0
Bt62	80	120	244	450	0		0
Bt63	80	120	244	242	0		0
Bt64	80	120	244	132	0		0
Bt65	80	120	244	355	0		0
Bt66	80	120	244	359	0		0
Bt67	80	120	244	177	0		0
Bt68	80	120	244	365	0		0
Bt69	80	120	244	304	0		0
Bt70	80	120	244	235	0		0
Bt71	80	120	244	487	0		0
Bt72	80	120	244	487	0		0
Bt73	80	120	244	386	0		0
Bt74	80	120	244	282	0		0
Bt75	80	120	244	188	0		0

DEMANDS PER CUSTOMER
i	Type Quantity
1	Bt1 6
2	Bt2 5
3	Bt3 4
4	Bt4 4
5	Bt5 7
6	Bt6 4
7	Bt7 6
8	Bt8 7
9	Bt9 4
10	Bt10 4
11	Bt11 7
12	Bt12 4
13	Bt13 5
14	Bt14 5
15	Bt15 5
16	Bt16 6
17	Bt17 5
18	Bt18 7
19	Bt19 6
20	Bt20 4
21	Bt21 5
22	Bt22 7
23	Bt23 4
24	Bt24 6
25	Bt25 7
26	Bt26 7
27	Bt27 5
28	Bt28 5
29	Bt29 5
30	Bt30 5
31	Bt31 7
32	Bt32 4
33	Bt33 5
34	Bt34 7
35	Bt35 4
36	Bt36 6
37	Bt37 6
38	Bt38 7
39	Bt39 7
40	Bt40 6
41	Bt41 5
42	Bt42 4
43	Bt43 4
44	Bt44 7
45	Bt45 6
46	Bt46 5
47	Bt47 6
48	Bt48 4
49	Bt49 7
50	Bt50 4
51	Bt51 5
52	Bt52 4
53	Bt53 7
54	Bt54 5
55	Bt55 6
56	Bt56 5
57	Bt57 7
58	Bt58 4
59	Bt59 5
60	Bt60 6
61	Bt61 6
62	Bt62 7
63	Bt63 5
64	Bt64 4
65	Bt65 6
66	Bt66 4
67	Bt67 4
68	Bt68 7
69	Bt69 6
70	Bt70 6
71	Bt71 6
72	Bt72 6
73	Bt73 7
74	Bt74 7
75	Bt75 7
