Name				Inst_100_2_6
Number_of_Customers		100
Number_of_Items			792
Number_of_ItemTypes		100
Number_of_Vehicles		100
TimeWindows			0

VEHICLE
Mass_Capacity			32200
CargoSpace_Length		912
CargoSpace_Width		244
CargoSpace_Height		244
Wheelbase			550
Max_Mass_FrontAxle		11600
Max_Mass_RearAxle		21000
Distance_FrontAxle_CargoSpace	-100

CUSTOMERS
i		x	y	Demand		ReadyTime	DueDate		ServiceTime	DemandedMass	DemandedVolume
0		5.0	5.0	0		0		0		0		0		0
1		4.0	4.0	15		0		0		0		20760		144000
2		10.0	5.0	15		0		0		0		22350		144000
3		0.0	2.0	6		0		0		0		7992		57600
4		10.0	7.0	4		0		0		0		4676		38400
5		9.0	8.0	2		0		0		0		2908		19200
6		6.0	4.0	11		0		0		0		13926		105600
7		0.0	1.0	8		0		0		0		11040		76800
8		4.0	8.0	6		0		0		0		8826		57600
9		2.0	6.0	9		0		0		0		13149		86400
10		5.0	8.0	14		0		0		0		14014		134400
11		4.0	6.0	12		0		0		0		13800		115200
12		2.0	6.0	7		0		0		0		8372		67200
13		0.0	3.0	8		0		0		0		11144		76800
14		3.0	8.0	4		0		0		0		4804		38400
15		10.0	7.0	15		0		0		0		20460		144000
16		0.0	6.0	1		0		0		0		1201		9600
17		2.0	3.0	5		0		0		0		7030		48000
18		4.0	5.0	8		0		0		0		10488		76800
19		8.0	6.0	13		0		0		0		15977		124800
20		5.0	7.0	13		0		0		0		18460		124800
21		8.0	0.0	14		0		0		0		19474		134400
22		10.0	5.0	12		0		0		0		16668		115200
23		1.0	4.0	15		0		0		0		17640		144000
24		2.0	8.0	8		0		0		0		10872		76800
25		7.0	6.0	7		0		0		0		7497		67200
26		8.0	1.0	12		0		0		0		13140		115200
27		6.0	6.0	10		0		0		0		11920		96000
28		6.0	9.0	4		0		0		0		5812		38400
29		4.0	4.0	8		0		0		0		10048		76800
30		6.0	9.0	15		0		0		0		17190		144000
31		0.0	10.0	4		0		0		0		5236		38400
32		6.0	2.0	2		0		0		0		2432		19200
33		4.0	5.0	5		0		0		0		5775		48000
34		9.0	5.0	1		0		0		0		1478		9600
35		7.0	1.0	8		0		0		0		11112		76800
36		1.0	10.0	1		0		0		0		1041		9600
37		9.0	6.0	3		0		0		0		4101		28800
38		2.0	7.0	14		0		0		0		20916		134400
39		1.0	3.0	13		0		0		0		14105		124800
40		4.0	6.0	2		0		0		0		2624		19200
41		2.0	3.0	11		0		0		0		14861		105600
42		5.0	3.0	15		0		0		0		21945		144000
43		8.0	10.0	3		0		0		0		3831		28800
44		6.0	7.0	8		0		0		0		10464		76800
45		5.0	3.0	11		0		0		0		15092		105600
46		8.0	0.0	10		0		0		0		10510		96000
47		10.0	8.0	6		0		0		0		7596		57600
48		5.0	5.0	4		0		0		0		4796		38400
49		1.0	9.0	12		0		0		0		12924		115200
50		7.0	5.0	13		0		0		0		16731		124800
51		9.0	3.0	7		0		0		0		8239		67200
52		4.0	10.0	9		0		0		0		11871		86400
53		0.0	4.0	13		0		0		0		18291		124800
54		10.0	0.0	6		0		0		0		7710		57600
55		5.0	9.0	13		0		0		0		14131		124800
56		0.0	7.0	14		0		0		0		20272		134400
57		5.0	10.0	1		0		0		0		1347		9600
58		3.0	9.0	13		0		0		0		16718		124800
59		2.0	10.0	9		0		0		0		11439		86400
60		10.0	8.0	9		0		0		0		9423		86400
61		1.0	7.0	1		0		0		0		1009		9600
62		0.0	10.0	4		0		0		0		4804		38400
63		8.0	7.0	7		0		0		0		8393		67200
64		5.0	4.0	7		0		0		0		8428		67200
65		8.0	5.0	9		0		0		0		9009		86400
66		2.0	8.0	2		0		0		0		2094		19200
67		0.0	5.0	5		0		0		0		5715		48000
68		9.0	3.0	3		0		0		0		4011		28800
69		3.0	3.0	4		0		0		0		5440		38400
70		5.0	1.0	5		0		0		0		6310		48000
71		3.0	8.0	12		0		0		0		12492		115200
72		0.0	4.0	3		0		0		0		4368		28800
73		3.0	3.0	3		0		0		0		3099		28800
74		0.0	9.0	3		0		0		0		4203		28800
75		6.0	6.0	9		0		0		0		13455		86400
76		7.0	4.0	5		0		0		0		6270		48000
77		8.0	5.0	4		0		0		0		4560		38400
78		5.0	8.0	13		0		0		0		14001		124800
79		6.0	10.0	14		0		0		0		17486		134400
80		5.0	10.0	9		0		0		0		13140		86400
81		4.0	5.0	12		0		0		0		12084		115200
82		2.0	7.0	14		0		0		0		17696		134400
83		2.0	7.0	3		0		0		0		3180		28800
84		3.0	10.0	6		0		0		0		8136		57600
85		4.0	3.0	12		0		0		0		17460		115200
86		2.0	8.0	8		0		0		0		8152		76800
87		7.0	9.0	11		0		0		0		14443		105600
88		4.0	0.0	2		0		0		0		2174		19200
89		9.0	0.0	14		0		0		0		17528		134400
90		4.0	7.0	8		0		0		0		11016		76800
91		2.0	6.0	3		0		0		0		3465		28800
92		6.0	9.0	7		0		0		0		8386		67200
93		3.0	3.0	4		0		0		0		4016		38400
94		4.0	1.0	3		0		0		0		4380		28800
95		2.0	6.0	2		0		0		0		2676		19200
96		6.0	3.0	1		0		0		0		1214		9600
97		4.0	10.0	7		0		0		0		8890		67200
98		7.0	2.0	8		0		0		0		8920		76800
99		6.0	5.0	12		0		0		0		12564		115200
100		7.0	5.0	12		0		0		0		17424		115200

ITEMS
Type	Length	Width	Height	Mass	Fragility	LoadBearingStrength
Bt1	80	120	244	1384	0		0
Bt2	80	120	244	1490	0		0
Bt3	80	120	244	1332	0		0
Bt4	80	120	244	1169	0		0
Bt5	80	120	244	1454	0		0
Bt6	80	120	244	1266	0		0
Bt7	80	120	244	1380	0		0
Bt8	80	120	244	1471	0		0
Bt9	80	120	244	1461	0		0
Bt10	80	120	244	1001	0		0
Bt11	80	120	244	1150	0		0
Bt12	80	120	244	1196	0		0
Bt13	80	120	244	1393	0		0
Bt14	80	120	244	1201	0		0
Bt15	80	120	244	1364	0		0
Bt16	80	120	244	1201	0		0
Bt17	80	120	244	1406	0		0
Bt18	80	120	244	1311	0		0
Bt19	80	120	244	1229	0		0
Bt20	80	120	244	1420	0		0
Bt21	80	120	244	1391	0		0
Bt22	80	120	244	1389	0		0
Bt23	80	120	244	1176	0		0
Bt24	80	120	244	1359	0		0
Bt25	80	120	244	1071	0		0
Bt26	80	120	244	1095	0		0
Bt27	80	120	244	1192	0		0
Bt28	80	120	244	1453	0		0
Bt29	80	120	244	1256	0		0
Bt30	80	120	244	1146	0		0
Bt31	80	120	244	1309	0		0
Bt32	80	120	244	1216	0		0
Bt33	80	120	244	1155	0		0
Bt34	80	120	244	1478	0		0
Bt35	80	120	244	1389	0		0
Bt36	80	120	244	1041	0		0
Bt37	80	120	244	1367	0		0
Bt38	80	120	244	1494	0		0
Bt39	80	120	244	1085	0		0
Bt40	80	120	244	1312	0		0
Bt41	80	120	244	1351	0		0
Bt42	80	120	244	1463	0		0
Bt43	80	120	244	1277	0		0
Bt44	80	120	244	1308	0		0
Bt45	80	120	244	1372	0		0
Bt46	80	120	244	1051	0		0
Bt47	80	120	244	1266	0		0
Bt48	80	120	244	1199	0		0
Bt49	80	120	244	1077	0		0
Bt50	80	120	244	1287	0		0
Bt51	80	120	244	1177	0		0
Bt52	80	120	244	1319	0		0
Bt53	80	120	244	1407	0		0
Bt54	80	120	244	1285	0		0
Bt55	80	120	244	1087	0		0
Bt56	80	120	244	1448	0		0
Bt57	80	120	244	1347	0		0
Bt58	80	120	244	1286	0		0
Bt59	80	120	244	1271	0		0
Bt60	80	120	244	1047	0		0
Bt61	80	120	244	1009	0		0
Bt62	80	120	244	1201	0		0
Bt63	80	120	244	1199	0		0
Bt64	80	120	244	1204	0		0
Bt65	80	120	244	1001	0		0
Bt66	80	120	244	1047	0		0
Bt67	80	120	244	1143	0		0
Bt68	80	120	244	1337	0		0
Bt69	80	120	244	1360	0		0
Bt70	80	120	244	1262	0		0
Bt71	80	120	244	1041	0		0
Bt72	80	120	244	1456	0		0
Bt73	80	120	244	1033	0		0
Bt74	80	120	244	1401	0		0
Bt75	80	120	244	1495	0		0
Bt76	80	120	244	1254	0		0
Bt77	80	120	244	1140	0		0
Bt78	80	120	244	1077	0		0
Bt79	80	120	244	1249	0		0
Bt80	80	120	244	1460	0		0
Bt81	80	120	244	1007	0		0
Bt82	80	120	244	1264	0		0
Bt83	80	120	244	1060	0		0
Bt84	80	120	244	1356	0		0
Bt85	80	120	244	1455	0		0
Bt86	80	120	244	1019	0		0
Bt87	80	120	244	1313	0		0
Bt88	80	120	244	1087	0		0
Bt89	80	120	244	1252	0		0
Bt90	80	120	244	1377	0		0
Bt91	80	120	244	1155	0		0
Bt92	80	120	244	1198	0		0
Bt93	80	120	244	1004	0		0
Bt94	80	120	244	1460	0		0
Bt95	80	120	244	1338	0		0
Bt96	80	120	244	1214	0		0
Bt97	80	120	244	1270	0		0
Bt98	80	120	244	1115	0		0
Bt99	80	120	244	1047	0		0
Bt100	80	120	244	1452	0		0

DEMANDS PER CUSTOMER
i	Type Quantity
1	Bt1 15
2	Bt2 15
3	Bt3 6
4	Bt4 4
5	Bt5 2
6	Bt6 11
7	Bt7 8
8	Bt8 6
9	Bt9 9
10	Bt10 14
11	Bt11 12
12	Bt12 7
13	Bt13 8
14	Bt14 4
15	Bt15 15
16	Bt16 1
17	Bt17 5
18	Bt18 8
19	Bt19 13
20	Bt20 13
21	Bt21 14
22	Bt22 12
23	Bt23 15
24	Bt24 8
25	Bt25 7
26	Bt26 12
27	Bt27 10
28	Bt28 4
29	Bt29 8
30	Bt30 15
31	Bt31 4
32	Bt32 2
33	Bt33 5
34	Bt34 1
35	Bt35 8
36	Bt36 1
37	Bt37 3
38	Bt38 14
39	Bt39 13
40	Bt40 2
41	Bt41 11
42	Bt42 15
43	Bt43 3
44	Bt44 8
45	Bt45 11
46	Bt46 10
47	Bt47 6
48	Bt48 4
49	Bt49 12
50	Bt50 13
51	Bt51 7
52	Bt52 9
53	Bt53 13
54	Bt54 6
55	Bt55 13
56	Bt56 14
57	Bt57 1
58	Bt58 13
59	Bt59 9
60	Bt60 9
61	Bt61 1
62	Bt62 4
63	Bt63 7
64	Bt64 7
65	Bt65 9
66	Bt66 2
67	Bt67 5
68	Bt68 3
69	Bt69 4
70	Bt70 5
71	Bt71 12
72	Bt72 3
73	Bt73 3
74	Bt74 3
75	Bt75 9
76	Bt76 5
77	Bt77 4
78	Bt78 13
79	Bt79 14
80	Bt80 9
81	Bt81 12
82	Bt82 14
83	Bt83 3
84	Bt84 6
85	Bt85 12
86	Bt86 8
87	Bt87 11
88	Bt88 2
89	Bt89 14
90	Bt90 8
91	Bt91 3
92	Bt92 7
93	Bt93 4
94	Bt94 3
95	Bt95 2
96	Bt96 1
97	Bt97 7
98	Bt98 8
99	Bt99 12
100	Bt100 12
