Name				Inst_75_3_3
Number_of_Customers		75
Number_of_Items			416
Number_of_ItemTypes		75
Number_of_Vehicles		75
TimeWindows			0

VEHICLE
Mass_Capacity			32200
CargoSpace_Length		912
CargoSpace_Width		244
CargoSpace_Height		244
Wheelbase			550
Max_Mass_FrontAxle		11600
Max_Mass_RearAxle		21000
Distance_FrontAxle_CargoSpace	-100

CUSTOMERS
i		x	y	Demand		ReadyTime	DueDate		ServiceTime	DemandedMass	DemandedVolume
0		5.0	5.0	0		0		0		0		0		0
1		2.0	10.0	4		0		0		0		5492		38400
2		3.0	3.0	5		0		0		0		6695		48000
3		10.0	7.0	4		0		0		0		5272		38400
4		2.0	10.0	4		0		0		0		5548		38400
5		4.0	2.0	7		0		0		0		7742		67200
6		8.0	7.0	4		0		0		0		5020		38400
7		7.0	9.0	6		0		0		0		8556		57600
8		3.0	7.0	7		0		0		0		10402		67200
9		2.0	8.0	7		0		0		0		7371		67200
10		7.0	6.0	5		0		0		0		6035		48000
11		0.0	9.0	5		0		0		0		7045		48000
12		4.0	4.0	7		0		0		0		8827		67200
13		5.0	9.0	4		0		0		0		6000		38400
14		8.0	1.0	4		0		0		0		5768		38400
15		4.0	2.0	6		0		0		0		7014		57600
16		10.0	3.0	7		0		0		0		7175		67200
17		7.0	6.0	4		0		0		0		5740		38400
18		8.0	2.0	6		0		0		0		6366		57600
19		0.0	1.0	4		0		0		0		4700		38400
20		4.0	4.0	4		0		0		0		5116		38400
21		10.0	6.0	5		0		0		0		5730		48000
22		3.0	6.0	4		0		0		0		4544		38400
23		2.0	7.0	4		0		0		0		4700		38400
24		1.0	4.0	6		0		0		0		8628		57600
25		0.0	10.0	7		0		0		0		8442		67200
26		0.0	4.0	5		0		0		0		7370		48000
27		5.0	6.0	6		0		0		0		6900		57600
28		2.0	3.0	7		0		0		0		9247		67200
29		8.0	8.0	5		0		0		0		5165		48000
30		2.0	2.0	5		0		0		0		5525		48000
31		5.0	4.0	5		0		0		0		5865		48000
32		5.0	6.0	7		0		0		0		9310		67200
33		2.0	8.0	7		0		0		0		9471		67200
34		8.0	9.0	6		0		0		0		8130		57600
35		8.0	5.0	7		0		0		0		9506		67200
36		9.0	4.0	6		0		0		0		7176		57600
37		7.0	7.0	6		0		0		0		2052		57600
38		6.0	10.0	7		0		0		0		889		67200
39		9.0	9.0	6		0		0		0		2154		57600
40		9.0	10.0	7		0		0		0		1288		67200
41		1.0	0.0	7		0		0		0		1596		67200
42		5.0	2.0	6		0		0		0		666		57600
43		2.0	4.0	6		0		0		0		1008		57600
44		8.0	1.0	5		0		0		0		810		48000
45		6.0	9.0	6		0		0		0		1674		57600
46		10.0	1.0	7		0		0		0		1176		67200
47		3.0	9.0	7		0		0		0		3199		67200
48		8.0	1.0	6		0		0		0		2850		57600
49		3.0	0.0	5		0		0		0		1780		48000
50		0.0	7.0	7		0		0		0		805		67200
51		6.0	3.0	5		0		0		0		1300		48000
52		0.0	10.0	5		0		0		0		1415		48000
53		4.0	6.0	7		0		0		0		2821		67200
54		5.0	3.0	6		0		0		0		1530		57600
55		7.0	3.0	5		0		0		0		895		48000
56		7.0	1.0	4		0		0		0		1984		38400
57		3.0	7.0	4		0		0		0		716		38400
58		5.0	6.0	7		0		0		0		3129		67200
59		0.0	1.0	4		0		0		0		664		38400
60		8.0	4.0	6		0		0		0		2214		57600
61		9.0	4.0	7		0		0		0		833		67200
62		1.0	7.0	4		0		0		0		1920		38400
63		8.0	0.0	4		0		0		0		1956		38400
64		3.0	10.0	4		0		0		0		1424		38400
65		1.0	8.0	5		0		0		0		1105		48000
66		4.0	3.0	4		0		0		0		636		38400
67		1.0	2.0	4		0		0		0		584		38400
68		7.0	8.0	5		0		0		0		865		48000
69		5.0	2.0	6		0		0		0		690		57600
70		3.0	1.0	7		0		0		0		1771		67200
71		9.0	7.0	5		0		0		0		1335		48000
72		10.0	8.0	7		0		0		0		3080		67200
73		7.0	5.0	6		0		0		0		1998		57600
74		5.0	10.0	5		0		0		0		1480		48000
75		5.0	7.0	6		0		0		0		2694		57600

ITEMS
Type	Length	Width	Height	Mass	Fragility	LoadBearingStrength
Bt1	80	120	244	1373	0		0
Bt2	80	120	244	1339	0		0
Bt3	80	120	244	1318	0		0
Bt4	80	120	244	1387	0		0
Bt5	80	120	244	1106	0		0
Bt6	80	120	244	1255	0		0
Bt7	80	120	244	1426	0		0
Bt8	80	120	244	1486	0		0
Bt9	80	120	244	1053	0		0
Bt10	80	120	244	1207	0		0
Bt11	80	120	244	1409	0		0
Bt12	80	120	244	1261	0		0
Bt13	80	120	244	1500	0		0
Bt14	80	120	244	1442	0		0
Bt15	80	120	244	1169	0		0
Bt16	80	120	244	1025	0		0
Bt17	80	120	244	1435	0		0
Bt18	80	120	244	1061	0		0
Bt19	80	120	244	1175	0		0
Bt20	80	120	244	1279	0		0
Bt21	80	120	244	1146	0		0
Bt22	80	120	244	1136	0		0
Bt23	80	120	244	1175	0		0
Bt24	80	120	244	1438	0		0
Bt25	80	120	244	1206	0		0
Bt26	80	120	244	1474	0		0
Bt27	80	120	244	1150	0		0
Bt28	80	120	244	1321	0		0
Bt29	80	120	244	1033	0		0
Bt30	80	120	244	1105	0		0
Bt31	80	120	244	1173	0		0
Bt32	80	120	244	1330	0		0
Bt33	80	120	244	1353	0		0
Bt34	80	120	244	1355	0		0
Bt35	80	120	244	1358	0		0
Bt36	80	120	244	1196	0		0
Bt37	80	120	244	342	0		0
Bt38	80	120	244	127	0		0
Bt39	80	120	244	359	0		0
Bt40	80	120	244	184	0		0
Bt41	80	120	244	228	0		0
Bt42	80	120	244	111	0		0
Bt43	80	120	244	168	0		0
Bt44	80	120	244	162	0		0
Bt45	80	120	244	279	0		0
Bt46	80	120	244	168	0		0
Bt47	80	120	244	457	0		0
Bt48	80	120	244	475	0		0
Bt49	80	120	244	356	0		0
Bt50	80	120	244	115	0		0
Bt51	80	120	244	260	0		0
Bt52	80	120	244	283	0		0
Bt53	80	120	244	403	0		0
Bt54	80	120	244	255	0		0
Bt55	80	120	244	179	0		0
Bt56	80	120	244	496	0		0
Bt57	80	120	244	179	0		0
Bt58	80	120	244	447	0		0
Bt59	80	120	244	166	0		0
Bt60	80	120	244	369	0		0
Bt61	80	120	244	119	0		0
Bt62	80	120	244	480	0		0
Bt63	80	120	244	489	0		0
Bt64	80	120	244	356	0		0
Bt65	80	120	244	221	0		0
Bt66	80	120	244	159	0		0
Bt67	80	120	244	146	0		0
Bt68	80	120	244	173	0		0
Bt69	80	120	244	115	0		0
Bt70	80	120	244	253	0		0
Bt71	80	120	244	267	0		0
Bt72	80	120	244	440	0		0
Bt73	80	120	244	333	0		0
Bt74	80	120	244	296	0		0
Bt75	80	120	244	449	0		0

DEMANDS PER CUSTOMER
i	Type Quantity
1	Bt1 4
2	Bt2 5
3	Bt3 4
4	Bt4 4
5	Bt5 7
6	Bt6 4
7	Bt7 6
8	Bt8 7
9	Bt9 7
10	Bt10 5
11	Bt11 5
12	Bt12 7
13	Bt13 4
14	Bt14 4
15	Bt15 6
16	Bt16 7
17	Bt17 4
18	Bt18 6
19	Bt19 4
20	Bt20 4
21	Bt21 5
22	Bt22 4
23	Bt23 4
24	Bt24 6
25	Bt25 7
26	Bt26 5
27	Bt27 6
28	Bt28 7
29	Bt29 5
30	Bt30 5
31	Bt31 5
32	Bt32 7
33	Bt33 7
34	Bt34 6
35	Bt35 7
36	Bt36 6
37	Bt37 6
38	Bt38 7
39	Bt39 6
40	Bt40 7
41	Bt41 7
42	Bt42 6
43	Bt43 6
44	Bt44 5
45	Bt45 6
46	Bt46 7
47	Bt47 7
48	Bt48 6
49	Bt49 5
50	Bt50 7
51	Bt51 5
52	Bt52 5
53	Bt53 7
54	Bt54 6
55	Bt55 5
56	Bt56 4
57	Bt57 4
58	Bt58 7
59	Bt59 4
60	Bt60 6
61	Bt61 7
62	Bt62 4
63	Bt63 4
64	Bt64 4
65	Bt65 5
66	Bt66 4
67	Bt67 4
68	Bt68 5
69	Bt69 6
70	Bt70 7
71	Bt71 5
72	Bt72 7
73	Bt73 6
74	Bt74 5
75	Bt75 6
