Name				Inst_75_3_6
Number_of_Customers		75
Number_of_Items			432
Number_of_ItemTypes		75
Number_of_Vehicles		75
TimeWindows			0

VEHICLE
Mass_Capacity			32200
CargoSpace_Length		912
CargoSpace_Width		244
CargoSpace_Height		244
Wheelbase			550
Max_Mass_FrontAxle		11600
Max_Mass_RearAxle		21000
Distance_FrontAxle_CargoSpace	-100

CUSTOMERS
i		x	y	Demand		ReadyTime	DueDate		ServiceTime	DemandedMass	DemandedVolume
0		5.0	5.0	0		0		0		0		0		0
1		6.0	2.0	5		0		0		0		6255		48000
2		0.0	1.0	6		0		0		0		6012		57600
3		8.0	10.0	7		0		0		0		7966		67200
4		10.0	1.0	4		0		0		0		5452		38400
5		6.0	5.0	4		0		0		0		4572		38400
6		9.0	3.0	5		0		0		0		5440		48000
7		6.0	5.0	7		0		0		0		8127		67200
8		0.0	7.0	6		0		0		0		7296		57600
9		9.0	9.0	7		0		0		0		8470		67200
10		8.0	8.0	6		0		0		0		6510		57600
11		6.0	6.0	5		0		0		0		5735		48000
12		3.0	0.0	7		0		0		0		9954		67200
13		1.0	1.0	7		0		0		0		8330		67200
14		10.0	5.0	7		0		0		0		8834		67200
15		4.0	0.0	5		0		0		0		6790		48000
16		7.0	9.0	7		0		0		0		9065		67200
17		4.0	7.0	7		0		0		0		9884		67200
18		10.0	7.0	6		0		0		0		6726		57600
19		10.0	6.0	4		0		0		0		5120		38400
20		7.0	7.0	6		0		0		0		8514		57600
21		7.0	3.0	4		0		0		0		5936		38400
22		10.0	6.0	6		0		0		0		8802		57600
23		5.0	0.0	6		0		0		0		7254		57600
24		10.0	1.0	6		0		0		0		7800		57600
25		4.0	8.0	5		0		0		0		5665		48000
26		4.0	0.0	5		0		0		0		5485		48000
27		6.0	10.0	6		0		0		0		8460		57600
28		1.0	0.0	6		0		0		0		6624		57600
29		5.0	10.0	6		0		0		0		7962		57600
30		6.0	5.0	7		0		0		0		8372		67200
31		3.0	9.0	7		0		0		0		7238		67200
32		3.0	0.0	5		0		0		0		5820		48000
33		9.0	10.0	7		0		0		0		10227		67200
34		2.0	4.0	6		0		0		0		8616		57600
35		6.0	2.0	5		0		0		0		6450		48000
36		2.0	4.0	4		0		0		0		5296		38400
37		0.0	1.0	6		0		0		0		1194		57600
38		1.0	7.0	7		0		0		0		2842		67200
39		3.0	6.0	7		0		0		0		2205		67200
40		4.0	10.0	5		0		0		0		570		48000
41		8.0	6.0	7		0		0		0		3465		67200
42		1.0	8.0	5		0		0		0		1375		48000
43		9.0	10.0	7		0		0		0		798		67200
44		1.0	9.0	7		0		0		0		2723		67200
45		1.0	9.0	7		0		0		0		1603		67200
46		0.0	10.0	4		0		0		0		1184		38400
47		7.0	2.0	5		0		0		0		2160		48000
48		9.0	1.0	5		0		0		0		1205		48000
49		3.0	10.0	6		0		0		0		618		57600
50		0.0	3.0	5		0		0		0		1885		48000
51		6.0	2.0	6		0		0		0		1632		57600
52		10.0	7.0	5		0		0		0		1820		48000
53		2.0	2.0	5		0		0		0		1675		48000
54		8.0	7.0	5		0		0		0		2445		48000
55		3.0	1.0	5		0		0		0		2420		48000
56		5.0	2.0	7		0		0		0		3500		67200
57		1.0	0.0	4		0		0		0		1912		38400
58		5.0	4.0	7		0		0		0		2016		67200
59		6.0	10.0	5		0		0		0		1620		48000
60		1.0	10.0	7		0		0		0		3066		67200
61		3.0	4.0	6		0		0		0		2892		57600
62		7.0	9.0	4		0		0		0		652		38400
63		1.0	1.0	6		0		0		0		2940		57600
64		2.0	9.0	7		0		0		0		2933		67200
65		4.0	4.0	5		0		0		0		1565		48000
66		1.0	0.0	6		0		0		0		2142		57600
67		7.0	9.0	5		0		0		0		2210		48000
68		10.0	3.0	6		0		0		0		654		57600
69		7.0	0.0	7		0		0		0		1134		67200
70		5.0	8.0	5		0		0		0		1645		48000
71		1.0	6.0	4		0		0		0		1828		38400
72		2.0	0.0	7		0		0		0		1631		67200
73		9.0	5.0	5		0		0		0		2270		48000
74		0.0	4.0	4		0		0		0		532		38400
75		2.0	5.0	7		0		0		0		3185		67200

ITEMS
Type	Length	Width	Height	Mass	Fragility	LoadBearingStrength
Bt1	80	120	244	1251	0		0
Bt2	80	120	244	1002	0		0
Bt3	80	120	244	1138	0		0
Bt4	80	120	244	1363	0		0
Bt5	80	120	244	1143	0		0
Bt6	80	120	244	1088	0		0
Bt7	80	120	244	1161	0		0
Bt8	80	120	244	1216	0		0
Bt9	80	120	244	1210	0		0
Bt10	80	120	244	1085	0		0
Bt11	80	120	244	1147	0		0
Bt12	80	120	244	1422	0		0
Bt13	80	120	244	1190	0		0
Bt14	80	120	244	1262	0		0
Bt15	80	120	244	1358	0		0
Bt16	80	120	244	1295	0		0
Bt17	80	120	244	1412	0		0
Bt18	80	120	244	1121	0		0
Bt19	80	120	244	1280	0		0
Bt20	80	120	244	1419	0		0
Bt21	80	120	244	1484	0		0
Bt22	80	120	244	1467	0		0
Bt23	80	120	244	1209	0		0
Bt24	80	120	244	1300	0		0
Bt25	80	120	244	1133	0		0
Bt26	80	120	244	1097	0		0
Bt27	80	120	244	1410	0		0
Bt28	80	120	244	1104	0		0
Bt29	80	120	244	1327	0		0
Bt30	80	120	244	1196	0		0
Bt31	80	120	244	1034	0		0
Bt32	80	120	244	1164	0		0
Bt33	80	120	244	1461	0		0
Bt34	80	120	244	1436	0		0
Bt35	80	120	244	1290	0		0
Bt36	80	120	244	1324	0		0
Bt37	80	120	244	199	0		0
Bt38	80	120	244	406	0		0
Bt39	80	120	244	315	0		0
Bt40	80	120	244	114	0		0
Bt41	80	120	244	495	0		0
Bt42	80	120	244	275	0		0
Bt43	80	120	244	114	0		0
Bt44	80	120	244	389	0		0
Bt45	80	120	244	229	0		0
Bt46	80	120	244	296	0		0
Bt47	80	120	244	432	0		0
Bt48	80	120	244	241	0		0
Bt49	80	120	244	103	0		0
Bt50	80	120	244	377	0		0
Bt51	80	120	244	272	0		0
Bt52	80	120	244	364	0		0
Bt53	80	120	244	335	0		0
Bt54	80	120	244	489	0		0
Bt55	80	120	244	484	0		0
Bt56	80	120	244	500	0		0
Bt57	80	120	244	478	0		0
Bt58	80	120	244	288	0		0
Bt59	80	120	244	324	0		0
Bt60	80	120	244	438	0		0
Bt61	80	120	244	482	0		0
Bt62	80	120	244	163	0		0
Bt63	80	120	244	490	0		0
Bt64	80	120	244	419	0		0
Bt65	80	120	244	313	0		0
Bt66	80	120	244	357	0		0
Bt67	80	120	244	442	0		0
Bt68	80	120	244	109	0		0
Bt69	80	120	244	162	0		0
Bt70	80	120	244	329	0		0
Bt71	80	120	244	457	0		0
Bt72	80	120	244	233	0		0
Bt73	80	120	244	454	0		0
Bt74	80	120	244	133	0		0
Bt75	80	120	244	455	0		0

DEMANDS PER CUSTOMER
i	Type Quantity
1	Bt1 5
2	Bt2 6
3	Bt3 7
4	Bt4 4
5	Bt5 4
6	Bt6 5
7	Bt7 7
8	Bt8 6
9	Bt9 7
10	Bt10 6
11	Bt11 5
12	Bt12 7
13	Bt13 7
14	Bt14 7
15	Bt15 5
16	Bt16 7
17	Bt17 7
18	Bt18 6
19	Bt19 4
20	Bt20 6
21	Bt21 4
22	Bt22 6
23	Bt23 6
24	Bt24 6
25	Bt25 5
26	Bt26 5
27	Bt27 6
28	Bt28 6
29	Bt29 6
30	Bt30 7
31	Bt31 7
32	Bt32 5
33	Bt33 7
34	Bt34 6
35	Bt35 5
36	Bt36 4
37	Bt37 6
38	Bt38 7
39	Bt39 7
40	Bt40 5
41	Bt41 7
42	Bt42 5
43	Bt43 7
44	Bt44 7
45	Bt45 7
46	Bt46 4
47	Bt47 5
48	Bt48 5
49	Bt49 6
50	Bt50 5
51	Bt51 6
52	Bt52 5
53	Bt53 5
54	Bt54 5
55	Bt55 5
56	Bt56 7
57	Bt57 4
58	Bt58 7
59	Bt59 5
60	Bt60 7
61	Bt61 6
62	Bt62 4
63	Bt63 6
64	Bt64 7
65	Bt65 5
66	Bt66 6
67	Bt67 5
68	Bt68 6
69	Bt69 7
70	Bt70 5
71	Bt71 4
72	Bt72 7
73	Bt73 5
74	Bt74 4
75	Bt75 7
