Name				Inst_100_1_5
Number_of_Customers		100
Number_of_Items			543
Number_of_ItemTypes		100
Number_of_Vehicles		100
TimeWindows			0

VEHICLE
Mass_Capacity			32200
CargoSpace_Length		912
CargoSpace_Width		244
CargoSpace_Height		244
Wheelbase			550
Max_Mass_FrontAxle		11600
Max_Mass_RearAxle		21000
Distance_FrontAxle_CargoSpace	-100

CUSTOMERS
i		x	y	Demand		ReadyTime	DueDate		ServiceTime	DemandedMass	DemandedVolume
0		5.0	5.0	0		0		0		0		0		0
1		8.0	2.0	5		0		0		0		6695		48000
2		0.0	9.0	4		0		0		0		4064		38400
3		10.0	5.0	7		0		0		0		7602		67200
4		4.0	3.0	5		0		0		0		7275		48000
5		5.0	10.0	6		0		0		0		6696		57600
6		3.0	4.0	5		0		0		0		6360		48000
7		0.0	5.0	5		0		0		0		7340		48000
8		10.0	1.0	7		0		0		0		9681		67200
9		9.0	0.0	5		0		0		0		5170		48000
10		2.0	5.0	5		0		0		0		6160		48000
11		4.0	7.0	7		0		0		0		9730		67200
12		0.0	4.0	5		0		0		0		6800		48000
13		2.0	3.0	7		0		0		0		9450		67200
14		10.0	10.0	5		0		0		0		6385		48000
15		3.0	5.0	7		0		0		0		9870		67200
16		10.0	7.0	4		0		0		0		4352		38400
17		4.0	8.0	4		0		0		0		5812		38400
18		5.0	9.0	6		0		0		0		8220		57600
19		10.0	5.0	6		0		0		0		6570		57600
20		2.0	8.0	7		0		0		0		8162		67200
21		10.0	4.0	5		0		0		0		7295		48000
22		5.0	9.0	7		0		0		0		10143		67200
23		6.0	9.0	5		0		0		0		7145		48000
24		2.0	8.0	4		0		0		0		5828		38400
25		10.0	6.0	7		0		0		0		7889		67200
26		7.0	5.0	6		0		0		0		8310		57600
27		7.0	1.0	5		0		0		0		7310		48000
28		0.0	8.0	4		0		0		0		4120		38400
29		6.0	7.0	6		0		0		0		7302		57600
30		1.0	1.0	5		0		0		0		6040		48000
31		8.0	8.0	6		0		0		0		8004		57600
32		3.0	10.0	7		0		0		0		7273		67200
33		0.0	2.0	4		0		0		0		5880		38400
34		7.0	3.0	5		0		0		0		6195		48000
35		10.0	2.0	5		0		0		0		7005		48000
36		10.0	6.0	5		0		0		0		6380		48000
37		0.0	10.0	6		0		0		0		6108		57600
38		7.0	9.0	6		0		0		0		7224		57600
39		1.0	7.0	6		0		0		0		6672		57600
40		3.0	6.0	4		0		0		0		4144		38400
41		2.0	0.0	4		0		0		0		5852		38400
42		1.0	9.0	5		0		0		0		5755		48000
43		6.0	0.0	4		0		0		0		4484		38400
44		2.0	4.0	4		0		0		0		5368		38400
45		3.0	7.0	4		0		0		0		5680		38400
46		3.0	9.0	4		0		0		0		4292		38400
47		7.0	8.0	7		0		0		0		8288		67200
48		3.0	9.0	6		0		0		0		7536		57600
49		0.0	1.0	4		0		0		0		4884		38400
50		2.0	9.0	5		0		0		0		7435		48000
51		4.0	8.0	7		0		0		0		7672		67200
52		4.0	8.0	4		0		0		0		4128		38400
53		3.0	5.0	5		0		0		0		5760		48000
54		9.0	9.0	7		0		0		0		10087		67200
55		7.0	1.0	5		0		0		0		6850		48000
56		8.0	7.0	6		0		0		0		8448		57600
57		0.0	1.0	6		0		0		0		7212		57600
58		8.0	6.0	7		0		0		0		10101		67200
59		8.0	6.0	7		0		0		0		7231		67200
60		5.0	2.0	5		0		0		0		5980		48000
61		5.0	4.0	6		0		0		0		6636		57600
62		1.0	0.0	6		0		0		0		8466		57600
63		6.0	10.0	5		0		0		0		5285		48000
64		5.0	10.0	4		0		0		0		4284		38400
65		1.0	10.0	7		0		0		0		9485		67200
66		1.0	4.0	7		0		0		0		10122		67200
67		10.0	6.0	5		0		0		0		7175		48000
68		5.0	4.0	6		0		0		0		7590		57600
69		10.0	2.0	4		0		0		0		4400		38400
70		5.0	6.0	5		0		0		0		6770		48000
71		2.0	5.0	4		0		0		0		5996		38400
72		10.0	8.0	4		0		0		0		4888		38400
73		8.0	8.0	6		0		0		0		6768		57600
74		9.0	3.0	4		0		0		0		5724		38400
75		4.0	2.0	5		0		0		0		5535		48000
76		1.0	6.0	4		0		0		0		5016		38400
77		2.0	8.0	7		0		0		0		9240		67200
78		9.0	9.0	4		0		0		0		5060		38400
79		6.0	0.0	7		0		0		0		7924		67200
80		5.0	5.0	5		0		0		0		5880		48000
81		8.0	1.0	7		0		0		0		10388		67200
82		6.0	1.0	4		0		0		0		4084		38400
83		4.0	5.0	4		0		0		0		5948		38400
84		2.0	1.0	5		0		0		0		5725		48000
85		6.0	3.0	4		0		0		0		5680		38400
86		8.0	9.0	6		0		0		0		8844		57600
87		7.0	5.0	7		0		0		0		7476		67200
88		3.0	5.0	5		0		0		0		6220		48000
89		3.0	6.0	5		0		0		0		6385		48000
90		4.0	2.0	7		0		0		0		8204		67200
91		2.0	0.0	7		0		0		0		8715		67200
92		6.0	10.0	6		0		0		0		7770		57600
93		8.0	1.0	6		0		0		0		6720		57600
94		3.0	5.0	6		0		0		0		8202		57600
95		0.0	9.0	7		0		0		0		9254		67200
96		5.0	3.0	4		0		0		0		5576		38400
97		9.0	9.0	5		0		0		0		5205		48000
98		5.0	6.0	4		0		0		0		4228		38400
99		5.0	3.0	7		0		0		0		9317		67200
100		1.0	10.0	6		0		0		0		7830		57600

ITEMS
Type	Length	Width	Height	Mass	Fragility	LoadBearingStrength
Bt1	80	120	244	1339	0		0
Bt2	80	120	244	1016	0		0
Bt3	80	120	244	1086	0		0
Bt4	80	120	244	1455	0		0
Bt5	80	120	244	1116	0		0
Bt6	80	120	244	1272	0		0
Bt7	80	120	244	1468	0		0
Bt8	80	120	244	1383	0		0
Bt9	80	120	244	1034	0		0
Bt10	80	120	244	1232	0		0
Bt11	80	120	244	1390	0		0
Bt12	80	120	244	1360	0		0
Bt13	80	120	244	1350	0		0
Bt14	80	120	244	1277	0		0
Bt15	80	120	244	1410	0		0
Bt16	80	120	244	1088	0		0
Bt17	80	120	244	1453	0		0
Bt18	80	120	244	1370	0		0
Bt19	80	120	244	1095	0		0
Bt20	80	120	244	1166	0		0
Bt21	80	120	244	1459	0		0
Bt22	80	120	244	1449	0		0
Bt23	80	120	244	1429	0		0
Bt24	80	120	244	1457	0		0
Bt25	80	120	244	1127	0		0
Bt26	80	120	244	1385	0		0
Bt27	80	120	244	1462	0		0
Bt28	80	120	244	1030	0		0
Bt29	80	120	244	1217	0		0
Bt30	80	120	244	1208	0		0
Bt31	80	120	244	1334	0		0
Bt32	80	120	244	1039	0		0
Bt33	80	120	244	1470	0		0
Bt34	80	120	244	1239	0		0
Bt35	80	120	244	1401	0		0
Bt36	80	120	244	1276	0		0
Bt37	80	120	244	1018	0		0
Bt38	80	120	244	1204	0		0
Bt39	80	120	244	1112	0		0
Bt40	80	120	244	1036	0		0
Bt41	80	120	244	1463	0		0
Bt42	80	120	244	1151	0		0
Bt43	80	120	244	1121	0		0
Bt44	80	120	244	1342	0		0
Bt45	80	120	244	1420	0		0
Bt46	80	120	244	1073	0		0
Bt47	80	120	244	1184	0		0
Bt48	80	120	244	1256	0		0
Bt49	80	120	244	1221	0		0
Bt50	80	120	244	1487	0		0
Bt51	80	120	244	1096	0		0
Bt52	80	120	244	1032	0		0
Bt53	80	120	244	1152	0		0
Bt54	80	120	244	1441	0		0
Bt55	80	120	244	1370	0		0
Bt56	80	120	244	1408	0		0
Bt57	80	120	244	1202	0		0
Bt58	80	120	244	1443	0		0
Bt59	80	120	244	1033	0		0
Bt60	80	120	244	1196	0		0
Bt61	80	120	244	1106	0		0
Bt62	80	120	244	1411	0		0
Bt63	80	120	244	1057	0		0
Bt64	80	120	244	1071	0		0
Bt65	80	120	244	1355	0		0
Bt66	80	120	244	1446	0		0
Bt67	80	120	244	1435	0		0
Bt68	80	120	244	1265	0		0
Bt69	80	120	244	1100	0		0
Bt70	80	120	244	1354	0		0
Bt71	80	120	244	1499	0		0
Bt72	80	120	244	1222	0		0
Bt73	80	120	244	1128	0		0
Bt74	80	120	244	1431	0		0
Bt75	80	120	244	1107	0		0
Bt76	80	120	244	1254	0		0
Bt77	80	120	244	1320	0		0
Bt78	80	120	244	1265	0		0
Bt79	80	120	244	1132	0		0
Bt80	80	120	244	1176	0		0
Bt81	80	120	244	1484	0		0
Bt82	80	120	244	1021	0		0
Bt83	80	120	244	1487	0		0
Bt84	80	120	244	1145	0		0
Bt85	80	120	244	1420	0		0
Bt86	80	120	244	1474	0		0
Bt87	80	120	244	1068	0		0
Bt88	80	120	244	1244	0		0
Bt89	80	120	244	1277	0		0
Bt90	80	120	244	1172	0		0
Bt91	80	120	244	1245	0		0
Bt92	80	120	244	1295	0		0
Bt93	80	120	244	1120	0		0
Bt94	80	120	244	1367	0		0
Bt95	80	120	244	1322	0		0
Bt96	80	120	244	1394	0		0
Bt97	80	120	244	1041	0		0
Bt98	80	120	244	1057	0		0
Bt99	80	120	244	1331	0		0
Bt100	80	120	244	1305	0		0

DEMANDS PER CUSTOMER
i	Type Quantity
1	Bt1 5
2	Bt2 4
3	Bt3 7
4	Bt4 5
5	Bt5 6
6	Bt6 5
7	Bt7 5
8	Bt8 7
9	Bt9 5
10	Bt10 5
11	Bt11 7
12	Bt12 5
13	Bt13 7
14	Bt14 5
15	Bt15 7
16	Bt16 4
17	Bt17 4
18	Bt18 6
19	Bt19 6
20	Bt20 7
21	Bt21 5
22	Bt22 7
23	Bt23 5
24	Bt24 4
25	Bt25 7
26	Bt26 6
27	Bt27 5
28	Bt28 4
29	Bt29 6
30	Bt30 5
31	Bt31 6
32	Bt32 7
33	Bt33 4
34	Bt34 5
35	Bt35 5
36	Bt36 5
37	Bt37 6
38	Bt38 6
39	Bt39 6
40	Bt40 4
41	Bt41 4
42	Bt42 5
43	Bt43 4
44	Bt44 4
45	Bt45 4
46	Bt46 4
47	Bt47 7
48	Bt48 6
49	Bt49 4
50	Bt50 5
51	Bt51 7
52	Bt52 4
53	Bt53 5
54	Bt54 7
55	Bt55 5
56	Bt56 6
57	Bt57 6
58	Bt58 7
59	Bt59 7
60	Bt60 5
61	Bt61 6
62	Bt62 6
63	Bt63 5
64	Bt64 4
65	Bt65 7
66	Bt66 7
67	Bt67 5
68	Bt68 6
69	Bt69 4
70	Bt70 5
71	Bt71 4
72	Bt72 4
73	Bt73 6
74	Bt74 4
75	Bt75 5
76	Bt76 4
77	Bt77 7
78	Bt78 4
79	Bt79 7
80	Bt80 5
81	Bt81 7
82	Bt82 4
83	Bt83 4
84	Bt84 5
85	Bt85 4
86	Bt86 6
87	Bt87 7
88	Bt88 5
89	Bt89 5
90	Bt90 7
91	Bt91 7
92	Bt92 6
93	Bt93 6
94	Bt94 6
95	Bt95 7
96	Bt96 4
97	Bt97 5
98	Bt98 4
99	Bt99 7
100	Bt100 6
