Name				Inst_50_3_3
Number_of_Customers		50
Number_of_Items			270
Number_of_ItemTypes		50
Number_of_Vehicles		50
TimeWindows			0

VEHICLE
Mass_Capacity			32200
CargoSpace_Length		912
CargoSpace_Width		244
CargoSpace_Height		244
Wheelbase			550
Max_Mass_FrontAxle		11600
Max_Mass_RearAxle		21000
Distance_FrontAxle_CargoSpace	-100

CUSTOMERS
i		x	y	Demand		ReadyTime	DueDate		ServiceTime	DemandedMass	DemandedVolume
0		5.0	5.0	0		0		0		0		0		0
1		5.0	3.0	4		0		0		0		5000		38400
2		9.0	0.0	5		0		0		0		6005		48000
3		9.0	10.0	4		0		0		0		5316		38400
4		0.0	5.0	5		0		0		0		7105		48000
5		4.0	9.0	4		0		0		0		4104		38400
6		8.0	5.0	4		0		0		0		4344		38400
7		10.0	5.0	7		0		0		0		10416		67200
8		0.0	0.0	5		0		0		0		7340		48000
9		5.0	3.0	7		0		0		0		8246		67200
10		7.0	8.0	5		0		0		0		5495		48000
11		9.0	8.0	4		0		0		0		5808		38400
12		2.0	1.0	6		0		0		0		7698		57600
13		7.0	3.0	7		0		0		0		9646		67200
14		1.0	3.0	5		0		0		0		5015		48000
15		0.0	7.0	5		0		0		0		7045		48000
16		7.0	9.0	4		0		0		0		4812		38400
17		5.0	3.0	6		0		0		0		6954		57600
18		8.0	10.0	5		0		0		0		5435		48000
19		7.0	9.0	7		0		0		0		7882		67200
20		9.0	9.0	4		0		0		0		5208		38400
21		2.0	0.0	7		0		0		0		7973		67200
22		9.0	6.0	6		0		0		0		8106		57600
23		4.0	10.0	6		0		0		0		6426		57600
24		3.0	3.0	7		0		0		0		10290		67200
25		3.0	1.0	4		0		0		0		800		38400
26		9.0	9.0	5		0		0		0		715		48000
27		7.0	8.0	7		0		0		0		1841		67200
28		10.0	10.0	6		0		0		0		2124		57600
29		4.0	7.0	7		0		0		0		2611		67200
30		8.0	9.0	7		0		0		0		1022		67200
31		1.0	4.0	6		0		0		0		1512		57600
32		8.0	7.0	4		0		0		0		1224		38400
33		6.0	6.0	5		0		0		0		2100		48000
34		1.0	7.0	6		0		0		0		2712		57600
35		6.0	7.0	6		0		0		0		1836		57600
36		7.0	4.0	6		0		0		0		1578		57600
37		8.0	6.0	5		0		0		0		2085		48000
38		4.0	10.0	5		0		0		0		1665		48000
39		7.0	4.0	4		0		0		0		1816		38400
40		4.0	7.0	5		0		0		0		965		48000
41		1.0	10.0	6		0		0		0		2418		57600
42		3.0	4.0	7		0		0		0		3171		67200
43		8.0	10.0	6		0		0		0		2970		57600
44		8.0	3.0	5		0		0		0		1340		48000
45		4.0	5.0	5		0		0		0		1135		48000
46		10.0	2.0	4		0		0		0		1500		38400
47		6.0	1.0	4		0		0		0		1052		38400
48		1.0	6.0	5		0		0		0		1235		48000
49		1.0	3.0	5		0		0		0		2140		48000
50		10.0	4.0	6		0		0		0		1686		57600

ITEMS
Type	Length	Width	Height	Mass	Fragility	LoadBearingStrength
Bt1	80	120	244	1250	0		0
Bt2	80	120	244	1201	0		0
Bt3	80	120	244	1329	0		0
Bt4	80	120	244	1421	0		0
Bt5	80	120	244	1026	0		0
Bt6	80	120	244	1086	0		0
Bt7	80	120	244	1488	0		0
Bt8	80	120	244	1468	0		0
Bt9	80	120	244	1178	0		0
Bt10	80	120	244	1099	0		0
Bt11	80	120	244	1452	0		0
Bt12	80	120	244	1283	0		0
Bt13	80	120	244	1378	0		0
Bt14	80	120	244	1003	0		0
Bt15	80	120	244	1409	0		0
Bt16	80	120	244	1203	0		0
Bt17	80	120	244	1159	0		0
Bt18	80	120	244	1087	0		0
Bt19	80	120	244	1126	0		0
Bt20	80	120	244	1302	0		0
Bt21	80	120	244	1139	0		0
Bt22	80	120	244	1351	0		0
Bt23	80	120	244	1071	0		0
Bt24	80	120	244	1470	0		0
Bt25	80	120	244	200	0		0
Bt26	80	120	244	143	0		0
Bt27	80	120	244	263	0		0
Bt28	80	120	244	354	0		0
Bt29	80	120	244	373	0		0
Bt30	80	120	244	146	0		0
Bt31	80	120	244	252	0		0
Bt32	80	120	244	306	0		0
Bt33	80	120	244	420	0		0
Bt34	80	120	244	452	0		0
Bt35	80	120	244	306	0		0
Bt36	80	120	244	263	0		0
Bt37	80	120	244	417	0		0
Bt38	80	120	244	333	0		0
Bt39	80	120	244	454	0		0
Bt40	80	120	244	193	0		0
Bt41	80	120	244	403	0		0
Bt42	80	120	244	453	0		0
Bt43	80	120	244	495	0		0
Bt44	80	120	244	268	0		0
Bt45	80	120	244	227	0		0
Bt46	80	120	244	375	0		0
Bt47	80	120	244	263	0		0
Bt48	80	120	244	247	0		0
Bt49	80	120	244	428	0		0
Bt50	80	120	244	281	0		0

DEMANDS PER CUSTOMER
i	Type Quantity
1	Bt1 4
2	Bt2 5
3	Bt3 4
4	Bt4 5
5	Bt5 4
6	Bt6 4
7	Bt7 7
8	Bt8 5
9	Bt9 7
10	Bt10 5
11	Bt11 4
12	Bt12 6
13	Bt13 7
14	Bt14 5
15	Bt15 5
16	Bt16 4
17	Bt17 6
18	Bt18 5
19	Bt19 7
20	Bt20 4
21	Bt21 7
22	Bt22 6
23	Bt23 6
24	Bt24 7
25	Bt25 4
26	Bt26 5
27	Bt27 7
28	Bt28 6
29	Bt29 7
30	Bt30 7
31	Bt31 6
32	Bt32 4
33	Bt33 5
34	Bt34 6
35	Bt35 6
36	Bt36 6
37	Bt37 5
38	Bt38 5
39	Bt39 4
40	Bt40 5
41	Bt41 6
42	Bt42 7
43	Bt43 6
44	Bt44 5
45	Bt45 5
46	Bt46 4
47	Bt47 4
48	Bt48 5
49	Bt49 5
50	Bt50 6
