Name				Inst_100_4_6
Number_of_Customers		100
Number_of_Items			793
Number_of_ItemTypes		100
Number_of_Vehicles		100
TimeWindows			0

VEHICLE
Mass_Capacity			32200
CargoSpace_Length		912
CargoSpace_Width		244
CargoSpace_Height		244
Wheelbase			550
Max_Mass_FrontAxle		11600
Max_Mass_RearAxle		21000
Distance_FrontAxle_CargoSpace	-100

CUSTOMERS
i		x	y	Demand		ReadyTime	DueDate		ServiceTime	DemandedMass	DemandedVolume
0		5.0	5.0	0		0		0		0		0		0
1		10.0	3.0	15		0		0		0		16755		144000
2		9.0	9.0	11		0		0		0		15895		105600
3		10.0	7.0	7		0		0		0		10353		67200
4		3.0	8.0	15		0		0		0		16455		144000
5		2.0	10.0	10		0		0		0		12800		96000
6		3.0	4.0	1		0		0		0		1264		9600
7		1.0	3.0	1		0		0		0		1216		9600
8		0.0	4.0	7		0		0		0		9870		67200
9		8.0	6.0	2		0		0		0		2292		19200
10		9.0	1.0	11		0		0		0		15686		105600
11		0.0	9.0	6		0		0		0		6990		57600
12		6.0	6.0	9		0		0		0		9459		86400
13		10.0	7.0	6		0		0		0		8310		57600
14		8.0	1.0	12		0		0		0		16464		115200
15		1.0	8.0	5		0		0		0		7475		48000
16		5.0	3.0	9		0		0		0		9819		86400
17		5.0	1.0	3		0		0		0		3219		28800
18		0.0	9.0	6		0		0		0		8388		57600
19		6.0	1.0	7		0		0		0		8610		67200
20		2.0	4.0	3		0		0		0		4086		28800
21		7.0	2.0	6		0		0		0		6216		57600
22		5.0	7.0	1		0		0		0		1185		9600
23		8.0	0.0	9		0		0		0		12078		86400
24		10.0	4.0	14		0		0		0		17990		134400
25		7.0	7.0	12		0		0		0		15648		115200
26		9.0	10.0	4		0		0		0		4368		38400
27		0.0	5.0	14		0		0		0		14350		134400
28		1.0	4.0	15		0		0		0		20775		144000
29		6.0	2.0	15		0		0		0		16245		144000
30		4.0	8.0	4		0		0		0		5412		38400
31		0.0	8.0	10		0		0		0		12030		96000
32		8.0	3.0	14		0		0		0		14924		134400
33		3.0	3.0	6		0		0		0		6642		57600
34		10.0	3.0	13		0		0		0		19214		124800
35		1.0	0.0	2		0		0		0		2206		19200
36		10.0	4.0	9		0		0		0		10791		86400
37		9.0	6.0	2		0		0		0		2434		19200
38		0.0	8.0	14		0		0		0		20832		134400
39		2.0	9.0	11		0		0		0		14883		105600
40		1.0	4.0	7		0		0		0		9387		67200
41		4.0	6.0	3		0		0		0		3552		28800
42		9.0	8.0	13		0		0		0		15574		124800
43		10.0	6.0	7		0		0		0		7378		67200
44		1.0	3.0	14		0		0		0		16744		134400
45		0.0	6.0	8		0		0		0		8584		76800
46		4.0	2.0	10		0		0		0		13710		96000
47		4.0	3.0	9		0		0		0		9180		86400
48		10.0	7.0	15		0		0		0		20085		144000
49		7.0	5.0	15		0		0		0		20115		144000
50		3.0	4.0	12		0		0		0		5532		115200
51		3.0	9.0	2		0		0		0		990		19200
52		4.0	2.0	11		0		0		0		3080		105600
53		9.0	7.0	3		0		0		0		1143		28800
54		5.0	1.0	10		0		0		0		4800		96000
55		9.0	5.0	14		0		0		0		6888		134400
56		9.0	3.0	10		0		0		0		1280		96000
57		8.0	10.0	3		0		0		0		561		28800
58		1.0	0.0	11		0		0		0		1276		105600
59		4.0	4.0	1		0		0		0		449		9600
60		2.0	0.0	13		0		0		0		5876		124800
61		2.0	4.0	1		0		0		0		142		9600
62		8.0	3.0	1		0		0		0		158		9600
63		6.0	10.0	9		0		0		0		2952		86400
64		9.0	2.0	8		0		0		0		888		76800
65		8.0	0.0	5		0		0		0		1190		48000
66		8.0	3.0	6		0		0		0		2982		57600
67		9.0	1.0	1		0		0		0		388		9600
68		3.0	7.0	11		0		0		0		3553		105600
69		8.0	9.0	2		0		0		0		342		19200
70		10.0	3.0	8		0		0		0		3064		76800
71		9.0	8.0	4		0		0		0		788		38400
72		3.0	3.0	15		0		0		0		2400		144000
73		6.0	6.0	15		0		0		0		3300		144000
74		3.0	6.0	2		0		0		0		824		19200
75		10.0	0.0	2		0		0		0		832		19200
76		7.0	9.0	12		0		0		0		3660		115200
77		4.0	4.0	1		0		0		0		155		9600
78		5.0	6.0	13		0		0		0		3978		124800
79		9.0	1.0	3		0		0		0		1206		28800
80		2.0	6.0	1		0		0		0		346		9600
81		6.0	9.0	2		0		0		0		492		19200
82		2.0	3.0	15		0		0		0		6750		144000
83		4.0	3.0	14		0		0		0		2604		134400
84		10.0	7.0	10		0		0		0		2170		96000
85		2.0	6.0	9		0		0		0		2313		86400
86		3.0	9.0	4		0		0		0		724		38400
87		7.0	7.0	8		0		0		0		1680		76800
88		10.0	4.0	9		0		0		0		4428		86400
89		4.0	7.0	5		0		0		0		1345		48000
90		2.0	4.0	9		0		0		0		1143		86400
91		2.0	7.0	8		0		0		0		1632		76800
92		6.0	6.0	9		0		0		0		2637		86400
93		0.0	10.0	12		0		0		0		5376		115200
94		2.0	5.0	8		0		0		0		3504		76800
95		9.0	9.0	8		0		0		0		2144		76800
96		0.0	5.0	11		0		0		0		4928		105600
97		8.0	2.0	4		0		0		0		1940		38400
98		6.0	3.0	8		0		0		0		3648		76800
99		1.0	8.0	6		0		0		0		1872		57600
100		6.0	5.0	2		0		0		0		214		19200

ITEMS
Type	Length	Width	Height	Mass	Fragility	LoadBearingStrength
Bt1	80	120	244	1117	0		0
Bt2	80	120	244	1445	0		0
Bt3	80	120	244	1479	0		0
Bt4	80	120	244	1097	0		0
Bt5	80	120	244	1280	0		0
Bt6	80	120	244	1264	0		0
Bt7	80	120	244	1216	0		0
Bt8	80	120	244	1410	0		0
Bt9	80	120	244	1146	0		0
Bt10	80	120	244	1426	0		0
Bt11	80	120	244	1165	0		0
Bt12	80	120	244	1051	0		0
Bt13	80	120	244	1385	0		0
Bt14	80	120	244	1372	0		0
Bt15	80	120	244	1495	0		0
Bt16	80	120	244	1091	0		0
Bt17	80	120	244	1073	0		0
Bt18	80	120	244	1398	0		0
Bt19	80	120	244	1230	0		0
Bt20	80	120	244	1362	0		0
Bt21	80	120	244	1036	0		0
Bt22	80	120	244	1185	0		0
Bt23	80	120	244	1342	0		0
Bt24	80	120	244	1285	0		0
Bt25	80	120	244	1304	0		0
Bt26	80	120	244	1092	0		0
Bt27	80	120	244	1025	0		0
Bt28	80	120	244	1385	0		0
Bt29	80	120	244	1083	0		0
Bt30	80	120	244	1353	0		0
Bt31	80	120	244	1203	0		0
Bt32	80	120	244	1066	0		0
Bt33	80	120	244	1107	0		0
Bt34	80	120	244	1478	0		0
Bt35	80	120	244	1103	0		0
Bt36	80	120	244	1199	0		0
Bt37	80	120	244	1217	0		0
Bt38	80	120	244	1488	0		0
Bt39	80	120	244	1353	0		0
Bt40	80	120	244	1341	0		0
Bt41	80	120	244	1184	0		0
Bt42	80	120	244	1198	0		0
Bt43	80	120	244	1054	0		0
Bt44	80	120	244	1196	0		0
Bt45	80	120	244	1073	0		0
Bt46	80	120	244	1371	0		0
Bt47	80	120	244	1020	0		0
Bt48	80	120	244	1339	0		0
Bt49	80	120	244	1341	0		0
Bt50	80	120	244	461	0		0
Bt51	80	120	244	495	0		0
Bt52	80	120	244	280	0		0
Bt53	80	120	244	381	0		0
Bt54	80	120	244	480	0		0
Bt55	80	120	244	492	0		0
Bt56	80	120	244	128	0		0
Bt57	80	120	244	187	0		0
Bt58	80	120	244	116	0		0
Bt59	80	120	244	449	0		0
Bt60	80	120	244	452	0		0
Bt61	80	120	244	142	0		0
Bt62	80	120	244	158	0		0
Bt63	80	120	244	328	0		0
Bt64	80	120	244	111	0		0
Bt65	80	120	244	238	0		0
Bt66	80	120	244	497	0		0
Bt67	80	120	244	388	0		0
Bt68	80	120	244	323	0		0
Bt69	80	120	244	171	0		0
Bt70	80	120	244	383	0		0
Bt71	80	120	244	197	0		0
Bt72	80	120	244	160	0		0
Bt73	80	120	244	220	0		0
Bt74	80	120	244	412	0		0
Bt75	80	120	244	416	0		0
Bt76	80	120	244	305	0		0
Bt77	80	120	244	155	0		0
Bt78	80	120	244	306	0		0
Bt79	80	120	244	402	0		0
Bt80	80	120	244	346	0		0
Bt81	80	120	244	246	0		0
Bt82	80	120	244	450	0		0
Bt83	80	120	244	186	0		0
Bt84	80	120	244	217	0		0
Bt85	80	120	244	257	0		0
Bt86	80	120	244	181	0		0
Bt87	80	120	244	210	0		0
Bt88	80	120	244	492	0		0
Bt89	80	120	244	269	0		0
Bt90	80	120	244	127	0		0
Bt91	80	120	244	204	0		0
Bt92	80	120	244	293	0		0
Bt93	80	120	244	448	0		0
Bt94	80	120	244	438	0		0
Bt95	80	120	244	268	0		0
Bt96	80	120	244	448	0		0
Bt97	80	120	244	485	0		0
Bt98	80	120	244	456	0		0
Bt99	80	120	244	312	0		0
Bt100	80	120	244	107	0		0

DEMANDS PER CUSTOMER
i	Type Quantity
1	Bt1 15
2	Bt2 11
3	Bt3 7
4	Bt4 15
5	Bt5 10
6	Bt6 1
7	Bt7 1
8	Bt8 7
9	Bt9 2
10	Bt10 11
11	Bt11 6
12	Bt12 9
13	Bt13 6
14	Bt14 12
15	Bt15 5
16	Bt16 9
17	Bt17 3
18	Bt18 6
19	Bt19 7
20	Bt20 3
21	Bt21 6
22	Bt22 1
23	Bt23 9
24	Bt24 14
25	Bt25 12
26	Bt26 4
27	Bt27 14
28	Bt28 15
29	Bt29 15
30	Bt30 4
31	Bt31 10
32	Bt32 14
33	Bt33 6
34	Bt34 13
35	Bt35 2
36	Bt36 9
37	Bt37 2
38	Bt38 14
39	Bt39 11
40	Bt40 7
41	Bt41 3
42	Bt42 13
43	Bt43 7
44	Bt44 14
45	Bt45 8
46	Bt46 10
47	Bt47 9
48	Bt48 15
49	Bt49 15
50	Bt50 12
51	Bt51 2
52	Bt52 11
53	Bt53 3
54	Bt54 10
55	Bt55 14
56	Bt56 10
57	Bt57 3
58	Bt58 11
59	Bt59 1
60	Bt60 13
61	Bt61 1
62	Bt62 1
63	Bt63 9
64	Bt64 8
65	Bt65 5
66	Bt66 6
67	Bt67 1
68	Bt68 11
69	Bt69 2
70	Bt70 8
71	Bt71 4
72	Bt72 15
73	Bt73 15
74	Bt74 2
75	Bt75 2
76	Bt76 12
77	Bt77 1
78	Bt78 13
79	Bt79 3
80	Bt80 1
81	Bt81 2
82	Bt82 15
83	Bt83 14
84	Bt84 10
85	Bt85 9
86	Bt86 4
87	Bt87 8
88	Bt88 9
89	Bt89 5
90	Bt90 9
91	Bt91 8
92	Bt92 9
93	Bt93 12
94	Bt94 8
95	Bt95 8
96	Bt96 11
97	Bt97 4
98	Bt98 8
99	Bt99 6
100	Bt100 2
