Name				Inst_75_2_8
Number_of_Customers		75
Number_of_Items			656
Number_of_ItemTypes		75
Number_of_Vehicles		75
TimeWindows			0

VEHICLE
Mass_Capacity			32200
CargoSpace_Length		912
CargoSpace_Width		244
CargoSpace_Height		244
Wheelbase			550
Max_Mass_FrontAxle		11600
Max_Mass_RearAxle		21000
Distance_FrontAxle_CargoSpace	-100

CUSTOMERS
i		x	y	Demand		ReadyTime	DueDate		ServiceTime	DemandedMass	DemandedVolume
0		5.0	5.0	0		0		0		0		0		0
1		6.0	4.0	8		0		0		0		11640		76800
2		6.0	9.0	13		0		0		0		17875		124800
3		2.0	0.0	3		0		0		0		3081		28800
4		8.0	2.0	5		0		0		0		5880		48000
5		2.0	0.0	12		0		0		0		16728		115200
6		4.0	3.0	13		0		0		0		14326		124800
7		8.0	7.0	12		0		0		0		17652		115200
8		4.0	4.0	13		0		0		0		16549		124800
9		10.0	9.0	5		0		0		0		5120		48000
10		1.0	4.0	3		0		0		0		3795		28800
11		8.0	10.0	8		0		0		0		10632		76800
12		9.0	2.0	8		0		0		0		8904		76800
13		9.0	7.0	14		0		0		0		15400		134400
14		0.0	6.0	15		0		0		0		22410		144000
15		8.0	2.0	2		0		0		0		2260		19200
16		2.0	10.0	14		0		0		0		14448		134400
17		7.0	2.0	7		0		0		0		8295		67200
18		9.0	5.0	13		0		0		0		15717		124800
19		5.0	3.0	2		0		0		0		2902		19200
20		7.0	4.0	7		0		0		0		8953		67200
21		8.0	3.0	2		0		0		0		2804		19200
22		2.0	4.0	11		0		0		0		16291		105600
23		3.0	5.0	12		0		0		0		17808		115200
24		7.0	4.0	9		0		0		0		10746		86400
25		9.0	8.0	9		0		0		0		10782		86400
26		9.0	0.0	15		0		0		0		21825		144000
27		2.0	5.0	6		0		0		0		7044		57600
28		1.0	1.0	12		0		0		0		12204		115200
29		7.0	1.0	15		0		0		0		18690		144000
30		9.0	7.0	9		0		0		0		13203		86400
31		6.0	9.0	12		0		0		0		12348		115200
32		4.0	5.0	5		0		0		0		6050		48000
33		8.0	6.0	11		0		0		0		11099		105600
34		8.0	10.0	2		0		0		0		2412		19200
35		7.0	10.0	14		0		0		0		15148		134400
36		9.0	10.0	4		0		0		0		4184		38400
37		1.0	5.0	13		0		0		0		19019		124800
38		10.0	7.0	6		0		0		0		7482		57600
39		3.0	6.0	2		0		0		0		2558		19200
40		0.0	0.0	6		0		0		0		6522		57600
41		0.0	10.0	14		0		0		0		15764		134400
42		1.0	4.0	8		0		0		0		8968		76800
43		7.0	9.0	9		0		0		0		10926		86400
44		9.0	2.0	6		0		0		0		8256		57600
45		9.0	7.0	11		0		0		0		13277		105600
46		8.0	4.0	4		0		0		0		5440		38400
47		7.0	1.0	5		0		0		0		7365		48000
48		3.0	5.0	7		0		0		0		7483		67200
49		2.0	0.0	2		0		0		0		2464		19200
50		10.0	6.0	7		0		0		0		9821		67200
51		2.0	7.0	6		0		0		0		6342		57600
52		10.0	6.0	1		0		0		0		1406		9600
53		10.0	4.0	13		0		0		0		17888		124800
54		2.0	5.0	15		0		0		0		18135		144000
55		7.0	10.0	4		0		0		0		5188		38400
56		1.0	10.0	5		0		0		0		5550		48000
57		5.0	6.0	6		0		0		0		6618		57600
58		9.0	3.0	12		0		0		0		17628		115200
59		4.0	7.0	12		0		0		0		17040		115200
60		6.0	1.0	12		0		0		0		15960		115200
61		1.0	6.0	13		0		0		0		13624		124800
62		0.0	9.0	11		0		0		0		11055		105600
63		0.0	4.0	14		0		0		0		16632		134400
64		4.0	10.0	11		0		0		0		12001		105600
65		5.0	10.0	6		0		0		0		8298		57600
66		9.0	10.0	13		0		0		0		14950		124800
67		3.0	1.0	13		0		0		0		15223		124800
68		0.0	6.0	10		0		0		0		12200		96000
69		6.0	10.0	13		0		0		0		19227		124800
70		9.0	7.0	4		0		0		0		4460		38400
71		9.0	10.0	5		0		0		0		5930		48000
72		9.0	3.0	14		0		0		0		17178		134400
73		5.0	4.0	14		0		0		0		18214		134400
74		9.0	3.0	1		0		0		0		1222		9600
75		3.0	4.0	3		0		0		0		3840		28800

ITEMS
Type	Length	Width	Height	Mass	Fragility	LoadBearingStrength
Bt1	80	120	244	1455	0		0
Bt2	80	120	244	1375	0		0
Bt3	80	120	244	1027	0		0
Bt4	80	120	244	1176	0		0
Bt5	80	120	244	1394	0		0
Bt6	80	120	244	1102	0		0
Bt7	80	120	244	1471	0		0
Bt8	80	120	244	1273	0		0
Bt9	80	120	244	1024	0		0
Bt10	80	120	244	1265	0		0
Bt11	80	120	244	1329	0		0
Bt12	80	120	244	1113	0		0
Bt13	80	120	244	1100	0		0
Bt14	80	120	244	1494	0		0
Bt15	80	120	244	1130	0		0
Bt16	80	120	244	1032	0		0
Bt17	80	120	244	1185	0		0
Bt18	80	120	244	1209	0		0
Bt19	80	120	244	1451	0		0
Bt20	80	120	244	1279	0		0
Bt21	80	120	244	1402	0		0
Bt22	80	120	244	1481	0		0
Bt23	80	120	244	1484	0		0
Bt24	80	120	244	1194	0		0
Bt25	80	120	244	1198	0		0
Bt26	80	120	244	1455	0		0
Bt27	80	120	244	1174	0		0
Bt28	80	120	244	1017	0		0
Bt29	80	120	244	1246	0		0
Bt30	80	120	244	1467	0		0
Bt31	80	120	244	1029	0		0
Bt32	80	120	244	1210	0		0
Bt33	80	120	244	1009	0		0
Bt34	80	120	244	1206	0		0
Bt35	80	120	244	1082	0		0
Bt36	80	120	244	1046	0		0
Bt37	80	120	244	1463	0		0
Bt38	80	120	244	1247	0		0
Bt39	80	120	244	1279	0		0
Bt40	80	120	244	1087	0		0
Bt41	80	120	244	1126	0		0
Bt42	80	120	244	1121	0		0
Bt43	80	120	244	1214	0		0
Bt44	80	120	244	1376	0		0
Bt45	80	120	244	1207	0		0
Bt46	80	120	244	1360	0		0
Bt47	80	120	244	1473	0		0
Bt48	80	120	244	1069	0		0
Bt49	80	120	244	1232	0		0
Bt50	80	120	244	1403	0		0
Bt51	80	120	244	1057	0		0
Bt52	80	120	244	1406	0		0
Bt53	80	120	244	1376	0		0
Bt54	80	120	244	1209	0		0
Bt55	80	120	244	1297	0		0
Bt56	80	120	244	1110	0		0
Bt57	80	120	244	1103	0		0
Bt58	80	120	244	1469	0		0
Bt59	80	120	244	1420	0		0
Bt60	80	120	244	1330	0		0
Bt61	80	120	244	1048	0		0
Bt62	80	120	244	1005	0		0
Bt63	80	120	244	1188	0		0
Bt64	80	120	244	1091	0		0
Bt65	80	120	244	1383	0		0
Bt66	80	120	244	1150	0		0
Bt67	80	120	244	1171	0		0
Bt68	80	120	244	1220	0		0
Bt69	80	120	244	1479	0		0
Bt70	80	120	244	1115	0		0
Bt71	80	120	244	1186	0		0
Bt72	80	120	244	1227	0		0
Bt73	80	120	244	1301	0		0
Bt74	80	120	244	1222	0		0
Bt75	80	120	244	1280	0		0

DEMANDS PER CUSTOMER
i	Type Quantity
1	Bt1 8
2	Bt2 13
3	Bt3 3
4	Bt4 5
5	Bt5 12
6	Bt6 13
7	Bt7 12
8	Bt8 13
9	Bt9 5
10	Bt10 3
11	Bt11 8
12	Bt12 8
13	Bt13 14
14	Bt14 15
15	Bt15 2
16	Bt16 14
17	Bt17 7
18	Bt18 13
19	Bt19 2
20	Bt20 7
21	Bt21 2
22	Bt22 11
23	Bt23 12
24	Bt24 9
25	Bt25 9
26	Bt26 15
27	Bt27 6
28	Bt28 12
29	Bt29 15
30	Bt30 9
31	Bt31 12
32	Bt32 5
33	Bt33 11
34	Bt34 2
35	Bt35 14
36	Bt36 4
37	Bt37 13
38	Bt38 6
39	Bt39 2
40	Bt40 6
41	Bt41 14
42	Bt42 8
43	Bt43 9
44	Bt44 6
45	Bt45 11
46	Bt46 4
47	Bt47 5
48	Bt48 7
49	Bt49 2
50	Bt50 7
51	Bt51 6
52	Bt52 1
53	Bt53 13
54	Bt54 15
55	Bt55 4
56	Bt56 5
57	Bt57 6
58	Bt58 12
59	Bt59 12
60	Bt60 12
61	Bt61 13
62	Bt62 11
63	Bt63 14
64	Bt64 11
65	Bt65 6
66	Bt66 13
67	Bt67 13
68	Bt68 10
69	Bt69 13
70	Bt70 4
71	Bt71 5
72	Bt72 14
73	Bt73 14
74	Bt74 1
75	Bt75 3
