Name				Inst_50_3_7
Number_of_Customers		50
Number_of_Items			274
Number_of_ItemTypes		50
Number_of_Vehicles		50
TimeWindows			0

VEHICLE
Mass_Capacity			32200
CargoSpace_Length		912
CargoSpace_Width		244
CargoSpace_Height		244
Wheelbase			550
Max_Mass_FrontAxle		11600
Max_Mass_RearAxle		21000
Distance_FrontAxle_CargoSpace	-100

CUSTOMERS
i		x	y	Demand		ReadyTime	DueDate		ServiceTime	DemandedMass	DemandedVolume
0		5.0	5.0	0		0		0		0		0		0
1		4.0	7.0	4		0		0		0		5876		38400
2		9.0	3.0	4		0		0		0		5116		38400
3		7.0	7.0	5		0		0		0		6760		48000
4		2.0	3.0	6		0		0		0		6288		57600
5		6.0	0.0	4		0		0		0		5268		38400
6		8.0	6.0	6		0		0		0		8718		57600
7		5.0	9.0	6		0		0		0		7764		57600
8		4.0	2.0	4		0		0		0		4720		38400
9		8.0	5.0	5		0		0		0		6250		48000
10		3.0	2.0	4		0		0		0		4292		38400
11		6.0	0.0	5		0		0		0		7460		48000
12		1.0	4.0	4		0		0		0		4232		38400
13		10.0	4.0	6		0		0		0		6540		57600
14		4.0	5.0	7		0		0		0		8057		67200
15		3.0	7.0	5		0		0		0		7360		48000
16		5.0	7.0	7		0		0		0		9205		67200
17		10.0	0.0	6		0		0		0		8484		57600
18		6.0	10.0	4		0		0		0		4768		38400
19		0.0	10.0	5		0		0		0		5245		48000
20		3.0	10.0	5		0		0		0		5255		48000
21		0.0	2.0	4		0		0		0		4344		38400
22		5.0	1.0	6		0		0		0		8304		57600
23		10.0	5.0	7		0		0		0		9947		67200
24		7.0	8.0	6		0		0		0		7374		57600
25		1.0	10.0	5		0		0		0		1455		48000
26		9.0	8.0	4		0		0		0		660		38400
27		10.0	0.0	7		0		0		0		3192		67200
28		1.0	6.0	7		0		0		0		1008		67200
29		6.0	9.0	5		0		0		0		1840		48000
30		1.0	3.0	7		0		0		0		1344		67200
31		6.0	0.0	7		0		0		0		3360		67200
32		8.0	4.0	6		0		0		0		2238		57600
33		5.0	4.0	4		0		0		0		1900		38400
34		5.0	5.0	5		0		0		0		2245		48000
35		3.0	2.0	4		0		0		0		1324		38400
36		0.0	9.0	5		0		0		0		530		48000
37		8.0	2.0	6		0		0		0		2580		57600
38		7.0	7.0	7		0		0		0		1792		67200
39		6.0	2.0	5		0		0		0		1110		48000
40		3.0	3.0	6		0		0		0		1332		57600
41		10.0	9.0	6		0		0		0		930		57600
42		8.0	3.0	5		0		0		0		2100		48000
43		0.0	5.0	6		0		0		0		792		57600
44		1.0	3.0	6		0		0		0		2232		57600
45		7.0	5.0	5		0		0		0		690		48000
46		1.0	0.0	7		0		0		0		1470		67200
47		3.0	6.0	7		0		0		0		1456		67200
48		10.0	7.0	4		0		0		0		1356		38400
49		4.0	0.0	6		0		0		0		786		57600
50		4.0	0.0	7		0		0		0		1015		67200

ITEMS
Type	Length	Width	Height	Mass	Fragility	LoadBearingStrength
Bt1	80	120	244	1469	0		0
Bt2	80	120	244	1279	0		0
Bt3	80	120	244	1352	0		0
Bt4	80	120	244	1048	0		0
Bt5	80	120	244	1317	0		0
Bt6	80	120	244	1453	0		0
Bt7	80	120	244	1294	0		0
Bt8	80	120	244	1180	0		0
Bt9	80	120	244	1250	0		0
Bt10	80	120	244	1073	0		0
Bt11	80	120	244	1492	0		0
Bt12	80	120	244	1058	0		0
Bt13	80	120	244	1090	0		0
Bt14	80	120	244	1151	0		0
Bt15	80	120	244	1472	0		0
Bt16	80	120	244	1315	0		0
Bt17	80	120	244	1414	0		0
Bt18	80	120	244	1192	0		0
Bt19	80	120	244	1049	0		0
Bt20	80	120	244	1051	0		0
Bt21	80	120	244	1086	0		0
Bt22	80	120	244	1384	0		0
Bt23	80	120	244	1421	0		0
Bt24	80	120	244	1229	0		0
Bt25	80	120	244	291	0		0
Bt26	80	120	244	165	0		0
Bt27	80	120	244	456	0		0
Bt28	80	120	244	144	0		0
Bt29	80	120	244	368	0		0
Bt30	80	120	244	192	0		0
Bt31	80	120	244	480	0		0
Bt32	80	120	244	373	0		0
Bt33	80	120	244	475	0		0
Bt34	80	120	244	449	0		0
Bt35	80	120	244	331	0		0
Bt36	80	120	244	106	0		0
Bt37	80	120	244	430	0		0
Bt38	80	120	244	256	0		0
Bt39	80	120	244	222	0		0
Bt40	80	120	244	222	0		0
Bt41	80	120	244	155	0		0
Bt42	80	120	244	420	0		0
Bt43	80	120	244	132	0		0
Bt44	80	120	244	372	0		0
Bt45	80	120	244	138	0		0
Bt46	80	120	244	210	0		0
Bt47	80	120	244	208	0		0
Bt48	80	120	244	339	0		0
Bt49	80	120	244	131	0		0
Bt50	80	120	244	145	0		0

DEMANDS PER CUSTOMER
i	Type Quantity
1	Bt1 4
2	Bt2 4
3	Bt3 5
4	Bt4 6
5	Bt5 4
6	Bt6 6
7	Bt7 6
8	Bt8 4
9	Bt9 5
10	Bt10 4
11	Bt11 5
12	Bt12 4
13	Bt13 6
14	Bt14 7
15	Bt15 5
16	Bt16 7
17	Bt17 6
18	Bt18 4
19	Bt19 5
20	Bt20 5
21	Bt21 4
22	Bt22 6
23	Bt23 7
24	Bt24 6
25	Bt25 5
26	Bt26 4
27	Bt27 7
28	Bt28 7
29	Bt29 5
30	Bt30 7
31	Bt31 7
32	Bt32 6
33	Bt33 4
34	Bt34 5
35	Bt35 4
36	Bt36 5
37	Bt37 6
38	Bt38 7
39	Bt39 5
40	Bt40 6
41	Bt41 6
42	Bt42 5
43	Bt43 6
44	Bt44 6
45	Bt45 5
46	Bt46 7
47	Bt47 7
48	Bt48 4
49	Bt49 6
50	Bt50 7
