Name				Inst_50_4_1
Number_of_Customers		50
Number_of_Items			372
Number_of_ItemTypes		50
Number_of_Vehicles		50
TimeWindows			0

VEHICLE
Mass_Capacity			32200
CargoSpace_Length		912
CargoSpace_Width		244
CargoSpace_Height		244
Wheelbase			550
Max_Mass_FrontAxle		11600
Max_Mass_RearAxle		21000
Distance_FrontAxle_CargoSpace	-100

CUSTOMERS
i		x	y	Demand		ReadyTime	DueDate		ServiceTime	DemandedMass	DemandedVolume
0		5.0	5.0	0		0		0		0		0		0
1		5.0	7.0	10		0		0		0		13350		96000
2		2.0	3.0	2		0		0		0		2408		19200
3		9.0	9.0	9		0		0		0		13392		86400
4		8.0	9.0	1		0		0		0		1021		9600
5		9.0	2.0	6		0		0		0		7116		57600
6		3.0	8.0	8		0		0		0		11720		76800
7		4.0	9.0	7		0		0		0		10220		67200
8		2.0	4.0	8		0		0		0		9128		76800
9		10.0	9.0	1		0		0		0		1090		9600
10		10.0	4.0	10		0		0		0		11020		96000
11		3.0	4.0	14		0		0		0		20062		134400
12		3.0	0.0	14		0		0		0		15708		134400
13		7.0	3.0	13		0		0		0		14417		124800
14		3.0	9.0	1		0		0		0		1011		9600
15		4.0	8.0	8		0		0		0		11656		76800
16		3.0	10.0	13		0		0		0		17498		124800
17		7.0	7.0	13		0		0		0		16562		124800
18		2.0	5.0	10		0		0		0		14730		96000
19		1.0	1.0	6		0		0		0		7848		57600
20		3.0	6.0	5		0		0		0		7345		48000
21		0.0	1.0	15		0		0		0		21105		144000
22		8.0	1.0	8		0		0		0		10144		76800
23		1.0	7.0	12		0		0		0		17916		115200
24		6.0	3.0	1		0		0		0		1043		9600
25		3.0	4.0	2		0		0		0		658		19200
26		8.0	1.0	15		0		0		0		3195		144000
27		7.0	10.0	2		0		0		0		570		19200
28		9.0	2.0	10		0		0		0		4130		96000
29		2.0	0.0	6		0		0		0		852		57600
30		5.0	5.0	3		0		0		0		1098		28800
31		0.0	10.0	8		0		0		0		2096		76800
32		4.0	5.0	8		0		0		0		1232		76800
33		5.0	5.0	6		0		0		0		990		57600
34		5.0	5.0	7		0		0		0		1267		67200
35		6.0	2.0	4		0		0		0		476		38400
36		2.0	6.0	4		0		0		0		696		38400
37		10.0	6.0	5		0		0		0		1470		48000
38		10.0	0.0	6		0		0		0		798		57600
39		3.0	2.0	5		0		0		0		1290		48000
40		0.0	9.0	5		0		0		0		1340		48000
41		2.0	0.0	4		0		0		0		808		38400
42		7.0	2.0	13		0		0		0		4186		124800
43		4.0	4.0	13		0		0		0		1521		124800
44		1.0	3.0	2		0		0		0		654		19200
45		3.0	8.0	12		0		0		0		2160		115200
46		3.0	2.0	2		0		0		0		682		19200
47		9.0	5.0	15		0		0		0		3600		144000
48		6.0	2.0	5		0		0		0		1870		48000
49		8.0	3.0	13		0		0		0		3991		124800
50		8.0	8.0	2		0		0		0		882		19200

ITEMS
Type	Length	Width	Height	Mass	Fragility	LoadBearingStrength
Bt1	80	120	244	1335	0		0
Bt2	80	120	244	1204	0		0
Bt3	80	120	244	1488	0		0
Bt4	80	120	244	1021	0		0
Bt5	80	120	244	1186	0		0
Bt6	80	120	244	1465	0		0
Bt7	80	120	244	1460	0		0
Bt8	80	120	244	1141	0		0
Bt9	80	120	244	1090	0		0
Bt10	80	120	244	1102	0		0
Bt11	80	120	244	1433	0		0
Bt12	80	120	244	1122	0		0
Bt13	80	120	244	1109	0		0
Bt14	80	120	244	1011	0		0
Bt15	80	120	244	1457	0		0
Bt16	80	120	244	1346	0		0
Bt17	80	120	244	1274	0		0
Bt18	80	120	244	1473	0		0
Bt19	80	120	244	1308	0		0
Bt20	80	120	244	1469	0		0
Bt21	80	120	244	1407	0		0
Bt22	80	120	244	1268	0		0
Bt23	80	120	244	1493	0		0
Bt24	80	120	244	1043	0		0
Bt25	80	120	244	329	0		0
Bt26	80	120	244	213	0		0
Bt27	80	120	244	285	0		0
Bt28	80	120	244	413	0		0
Bt29	80	120	244	142	0		0
Bt30	80	120	244	366	0		0
Bt31	80	120	244	262	0		0
Bt32	80	120	244	154	0		0
Bt33	80	120	244	165	0		0
Bt34	80	120	244	181	0		0
Bt35	80	120	244	119	0		0
Bt36	80	120	244	174	0		0
Bt37	80	120	244	294	0		0
Bt38	80	120	244	133	0		0
Bt39	80	120	244	258	0		0
Bt40	80	120	244	268	0		0
Bt41	80	120	244	202	0		0
Bt42	80	120	244	322	0		0
Bt43	80	120	244	117	0		0
Bt44	80	120	244	327	0		0
Bt45	80	120	244	180	0		0
Bt46	80	120	244	341	0		0
Bt47	80	120	244	240	0		0
Bt48	80	120	244	374	0		0
Bt49	80	120	244	307	0		0
Bt50	80	120	244	441	0		0

DEMANDS PER CUSTOMER
i	Type Quantity
1	Bt1 10
2	Bt2 2
3	Bt3 9
4	Bt4 1
5	Bt5 6
6	Bt6 8
7	Bt7 7
8	Bt8 8
9	Bt9 1
10	Bt10 10
11	Bt11 14
12	Bt12 14
13	Bt13 13
14	Bt14 1
15	Bt15 8
16	Bt16 13
17	Bt17 13
18	Bt18 10
19	Bt19 6
20	Bt20 5
21	Bt21 15
22	Bt22 8
23	Bt23 12
24	Bt24 1
25	Bt25 2
26	Bt26 15
27	Bt27 2
28	Bt28 10
29	Bt29 6
30	Bt30 3
31	Bt31 8
32	Bt32 8
33	Bt33 6
34	Bt34 7
35	Bt35 4
36	Bt36 4
37	Bt37 5
38	Bt38 6
39	Bt39 5
40	Bt40 5
41	Bt41 4
42	Bt42 13
43	Bt43 13
44	Bt44 2
45	Bt45 12
46	Bt46 2
47	Bt47 15
48	Bt48 5
49	Bt49 13
50	Bt50 2
