Name				Inst_50_2_4
Number_of_Customers		50
Number_of_Items			413
Number_of_ItemTypes		50
Number_of_Vehicles		50
TimeWindows			0

VEHICLE
Mass_Capacity			32200
CargoSpace_Length		912
CargoSpace_Width		244
CargoSpace_Height		244
Wheelbase			550
Max_Mass_FrontAxle		11600
Max_Mass_RearAxle		21000
Distance_FrontAxle_CargoSpace	-100

CUSTOMERS
i		x	y	Demand		ReadyTime	DueDate		ServiceTime	DemandedMass	DemandedVolume
0		5.0	5.0	0		0		0		0		0		0
1		1.0	4.0	2		0		0		0		2302		19200
2		6.0	9.0	2		0		0		0		2078		19200
3		8.0	9.0	9		0		0		0		12420		86400
4		5.0	6.0	13		0		0		0		18720		124800
5		1.0	7.0	14		0		0		0		19054		134400
6		2.0	5.0	14		0		0		0		19894		134400
7		4.0	8.0	13		0		0		0		15509		124800
8		9.0	10.0	3		0		0		0		4077		28800
9		9.0	1.0	5		0		0		0		7115		48000
10		6.0	7.0	12		0		0		0		13152		115200
11		6.0	2.0	5		0		0		0		6530		48000
12		7.0	3.0	9		0		0		0		10647		86400
13		0.0	1.0	3		0		0		0		3546		28800
14		5.0	8.0	11		0		0		0		11407		105600
15		3.0	4.0	15		0		0		0		16545		144000
16		0.0	6.0	7		0		0		0		7959		67200
17		5.0	10.0	3		0		0		0		3936		28800
18		7.0	5.0	10		0		0		0		12310		96000
19		8.0	1.0	12		0		0		0		12000		115200
20		7.0	1.0	3		0		0		0		3750		28800
21		5.0	3.0	12		0		0		0		14196		115200
22		9.0	4.0	10		0		0		0		14390		96000
23		8.0	1.0	3		0		0		0		3225		28800
24		4.0	5.0	1		0		0		0		1444		9600
25		8.0	1.0	5		0		0		0		5780		48000
26		5.0	5.0	10		0		0		0		12410		96000
27		10.0	5.0	12		0		0		0		15240		115200
28		2.0	9.0	5		0		0		0		5320		48000
29		2.0	7.0	3		0		0		0		3693		28800
30		2.0	4.0	4		0		0		0		5088		38400
31		7.0	5.0	15		0		0		0		16920		144000
32		0.0	9.0	10		0		0		0		12770		96000
33		1.0	1.0	9		0		0		0		11070		86400
34		5.0	8.0	15		0		0		0		15540		144000
35		1.0	4.0	15		0		0		0		18285		144000
36		3.0	4.0	8		0		0		0		10912		76800
37		2.0	0.0	13		0		0		0		15912		124800
38		8.0	6.0	7		0		0		0		8960		67200
39		1.0	7.0	14		0		0		0		20034		134400
40		0.0	5.0	7		0		0		0		7231		67200
41		4.0	8.0	13		0		0		0		13871		124800
42		4.0	5.0	5		0		0		0		6050		48000
43		7.0	6.0	1		0		0		0		1448		9600
44		5.0	2.0	6		0		0		0		7794		57600
45		7.0	7.0	4		0		0		0		4396		38400
46		2.0	2.0	7		0		0		0		8841		67200
47		5.0	9.0	12		0		0		0		15660		115200
48		5.0	8.0	8		0		0		0		10296		76800
49		9.0	4.0	1		0		0		0		1180		9600
50		5.0	4.0	13		0		0		0		19448		124800

ITEMS
Type	Length	Width	Height	Mass	Fragility	LoadBearingStrength
Bt1	80	120	244	1151	0		0
Bt2	80	120	244	1039	0		0
Bt3	80	120	244	1380	0		0
Bt4	80	120	244	1440	0		0
Bt5	80	120	244	1361	0		0
Bt6	80	120	244	1421	0		0
Bt7	80	120	244	1193	0		0
Bt8	80	120	244	1359	0		0
Bt9	80	120	244	1423	0		0
Bt10	80	120	244	1096	0		0
Bt11	80	120	244	1306	0		0
Bt12	80	120	244	1183	0		0
Bt13	80	120	244	1182	0		0
Bt14	80	120	244	1037	0		0
Bt15	80	120	244	1103	0		0
Bt16	80	120	244	1137	0		0
Bt17	80	120	244	1312	0		0
Bt18	80	120	244	1231	0		0
Bt19	80	120	244	1000	0		0
Bt20	80	120	244	1250	0		0
Bt21	80	120	244	1183	0		0
Bt22	80	120	244	1439	0		0
Bt23	80	120	244	1075	0		0
Bt24	80	120	244	1444	0		0
Bt25	80	120	244	1156	0		0
Bt26	80	120	244	1241	0		0
Bt27	80	120	244	1270	0		0
Bt28	80	120	244	1064	0		0
Bt29	80	120	244	1231	0		0
Bt30	80	120	244	1272	0		0
Bt31	80	120	244	1128	0		0
Bt32	80	120	244	1277	0		0
Bt33	80	120	244	1230	0		0
Bt34	80	120	244	1036	0		0
Bt35	80	120	244	1219	0		0
Bt36	80	120	244	1364	0		0
Bt37	80	120	244	1224	0		0
Bt38	80	120	244	1280	0		0
Bt39	80	120	244	1431	0		0
Bt40	80	120	244	1033	0		0
Bt41	80	120	244	1067	0		0
Bt42	80	120	244	1210	0		0
Bt43	80	120	244	1448	0		0
Bt44	80	120	244	1299	0		0
Bt45	80	120	244	1099	0		0
Bt46	80	120	244	1263	0		0
Bt47	80	120	244	1305	0		0
Bt48	80	120	244	1287	0		0
Bt49	80	120	244	1180	0		0
Bt50	80	120	244	1496	0		0

DEMANDS PER CUSTOMER
i	Type Quantity
1	Bt1 2
2	Bt2 2
3	Bt3 9
4	Bt4 13
5	Bt5 14
6	Bt6 14
7	Bt7 13
8	Bt8 3
9	Bt9 5
10	Bt10 12
11	Bt11 5
12	Bt12 9
13	Bt13 3
14	Bt14 11
15	Bt15 15
16	Bt16 7
17	Bt17 3
18	Bt18 10
19	Bt19 12
20	Bt20 3
21	Bt21 12
22	Bt22 10
23	Bt23 3
24	Bt24 1
25	Bt25 5
26	Bt26 10
27	Bt27 12
28	Bt28 5
29	Bt29 3
30	Bt30 4
31	Bt31 15
32	Bt32 10
33	Bt33 9
34	Bt34 15
35	Bt35 15
36	Bt36 8
37	Bt37 13
38	Bt38 7
39	Bt39 14
40	Bt40 7
41	Bt41 13
42	Bt42 5
43	Bt43 1
44	Bt44 6
45	Bt45 4
46	Bt46 7
47	Bt47 12
48	Bt48 8
49	Bt49 1
50	Bt50 13
