Name				Inst_100_1_2
Number_of_Customers		100
Number_of_Items			555
Number_of_ItemTypes		100
Number_of_Vehicles		100
TimeWindows			0

VEHICLE
Mass_Capacity			32200
CargoSpace_Length		912
CargoSpace_Width		244
CargoSpace_Height		244
Wheelbase			550
Max_Mass_FrontAxle		11600
Max_Mass_RearAxle		21000
Distance_FrontAxle_CargoSpace	-100

CUSTOMERS
i		x	y	Demand		ReadyTime	DueDate		ServiceTime	DemandedMass	DemandedVolume
0		5.0	5.0	0		0		0		0		0		0
1		1.0	9.0	4		0		0		0		5524		38400
2		2.0	7.0	7		0		0		0		9226		67200
3		7.0	8.0	7		0		0		0		9002		67200
4		4.0	8.0	7		0		0		0		10472		67200
5		7.0	10.0	4		0		0		0		4360		38400
6		1.0	7.0	5		0		0		0		5315		48000
7		1.0	5.0	5		0		0		0		6900		48000
8		0.0	1.0	5		0		0		0		7345		48000
9		10.0	4.0	5		0		0		0		5140		48000
10		1.0	8.0	6		0		0		0		6816		57600
11		9.0	9.0	6		0		0		0		7554		57600
12		10.0	6.0	5		0		0		0		5230		48000
13		9.0	6.0	5		0		0		0		6950		48000
14		2.0	9.0	6		0		0		0		8748		57600
15		5.0	2.0	6		0		0		0		6054		57600
16		7.0	8.0	7		0		0		0		7763		67200
17		5.0	1.0	6		0		0		0		7470		57600
18		1.0	6.0	7		0		0		0		7966		67200
19		10.0	4.0	7		0		0		0		7203		67200
20		9.0	2.0	6		0		0		0		8202		57600
21		2.0	3.0	4		0		0		0		4144		38400
22		6.0	2.0	4		0		0		0		4736		38400
23		2.0	5.0	5		0		0		0		7070		48000
24		1.0	0.0	4		0		0		0		4244		38400
25		0.0	6.0	6		0		0		0		8934		57600
26		0.0	7.0	7		0		0		0		9618		67200
27		3.0	9.0	5		0		0		0		6835		48000
28		2.0	7.0	7		0		0		0		8820		67200
29		1.0	5.0	4		0		0		0		4596		38400
30		9.0	1.0	6		0		0		0		8178		57600
31		0.0	4.0	4		0		0		0		5208		38400
32		10.0	2.0	7		0		0		0		9513		67200
33		8.0	4.0	6		0		0		0		6990		57600
34		8.0	7.0	4		0		0		0		4192		38400
35		0.0	6.0	4		0		0		0		5332		38400
36		9.0	3.0	5		0		0		0		7020		48000
37		9.0	5.0	5		0		0		0		6200		48000
38		4.0	2.0	4		0		0		0		5640		38400
39		2.0	5.0	7		0		0		0		7455		67200
40		0.0	5.0	6		0		0		0		7686		57600
41		7.0	9.0	7		0		0		0		8239		67200
42		7.0	9.0	5		0		0		0		5970		48000
43		7.0	8.0	7		0		0		0		7812		67200
44		1.0	8.0	7		0		0		0		8442		67200
45		6.0	0.0	4		0		0		0		4020		38400
46		3.0	2.0	4		0		0		0		4168		38400
47		0.0	8.0	6		0		0		0		6618		57600
48		5.0	8.0	7		0		0		0		7770		67200
49		7.0	8.0	7		0		0		0		7098		67200
50		5.0	8.0	6		0		0		0		7710		57600
51		7.0	8.0	5		0		0		0		7175		48000
52		8.0	9.0	6		0		0		0		7500		57600
53		5.0	9.0	4		0		0		0		4880		38400
54		1.0	5.0	7		0		0		0		9982		67200
55		9.0	5.0	6		0		0		0		7596		57600
56		10.0	8.0	7		0		0		0		9072		67200
57		6.0	8.0	6		0		0		0		6030		57600
58		0.0	1.0	6		0		0		0		6456		57600
59		7.0	2.0	6		0		0		0		7026		57600
60		8.0	1.0	7		0		0		0		7875		67200
61		1.0	0.0	6		0		0		0		8094		57600
62		5.0	9.0	7		0		0		0		10367		67200
63		2.0	0.0	4		0		0		0		4876		38400
64		9.0	8.0	6		0		0		0		6738		57600
65		10.0	10.0	6		0		0		0		7686		57600
66		7.0	10.0	5		0		0		0		6950		48000
67		7.0	4.0	6		0		0		0		7980		57600
68		2.0	2.0	5		0		0		0		6735		48000
69		10.0	3.0	6		0		0		0		6324		57600
70		1.0	5.0	4		0		0		0		5448		38400
71		10.0	10.0	7		0		0		0		10409		67200
72		6.0	0.0	5		0		0		0		6345		48000
73		6.0	3.0	6		0		0		0		6336		57600
74		10.0	0.0	7		0		0		0		10241		67200
75		9.0	4.0	6		0		0		0		8766		57600
76		8.0	1.0	4		0		0		0		5624		38400
77		2.0	0.0	7		0		0		0		9562		67200
78		4.0	10.0	4		0		0		0		4404		38400
79		4.0	4.0	7		0		0		0		8631		67200
80		10.0	0.0	5		0		0		0		6525		48000
81		7.0	7.0	4		0		0		0		5408		38400
82		1.0	4.0	5		0		0		0		6525		48000
83		7.0	2.0	5		0		0		0		5985		48000
84		1.0	7.0	5		0		0		0		6715		48000
85		1.0	5.0	5		0		0		0		6305		48000
86		9.0	3.0	4		0		0		0		5272		38400
87		1.0	5.0	7		0		0		0		9632		67200
88		6.0	7.0	6		0		0		0		8550		57600
89		1.0	10.0	4		0		0		0		5416		38400
90		0.0	0.0	4		0		0		0		4416		38400
91		9.0	1.0	4		0		0		0		5636		38400
92		3.0	10.0	5		0		0		0		5255		48000
93		3.0	2.0	4		0		0		0		4708		38400
94		3.0	3.0	4		0		0		0		5136		38400
95		1.0	9.0	6		0		0		0		7626		57600
96		6.0	4.0	4		0		0		0		5928		38400
97		7.0	5.0	7		0		0		0		7014		67200
98		8.0	4.0	7		0		0		0		9646		67200
99		4.0	10.0	6		0		0		0		7242		57600
100		3.0	8.0	6		0		0		0		6336		57600

ITEMS
Type	Length	Width	Height	Mass	Fragility	LoadBearingStrength
Bt1	80	120	244	1381	0		0
Bt2	80	120	244	1318	0		0
Bt3	80	120	244	1286	0		0
Bt4	80	120	244	1496	0		0
Bt5	80	120	244	1090	0		0
Bt6	80	120	244	1063	0		0
Bt7	80	120	244	1380	0		0
Bt8	80	120	244	1469	0		0
Bt9	80	120	244	1028	0		0
Bt10	80	120	244	1136	0		0
Bt11	80	120	244	1259	0		0
Bt12	80	120	244	1046	0		0
Bt13	80	120	244	1390	0		0
Bt14	80	120	244	1458	0		0
Bt15	80	120	244	1009	0		0
Bt16	80	120	244	1109	0		0
Bt17	80	120	244	1245	0		0
Bt18	80	120	244	1138	0		0
Bt19	80	120	244	1029	0		0
Bt20	80	120	244	1367	0		0
Bt21	80	120	244	1036	0		0
Bt22	80	120	244	1184	0		0
Bt23	80	120	244	1414	0		0
Bt24	80	120	244	1061	0		0
Bt25	80	120	244	1489	0		0
Bt26	80	120	244	1374	0		0
Bt27	80	120	244	1367	0		0
Bt28	80	120	244	1260	0		0
Bt29	80	120	244	1149	0		0
Bt30	80	120	244	1363	0		0
Bt31	80	120	244	1302	0		0
Bt32	80	120	244	1359	0		0
Bt33	80	120	244	1165	0		0
Bt34	80	120	244	1048	0		0
Bt35	80	120	244	1333	0		0
Bt36	80	120	244	1404	0		0
Bt37	80	120	244	1240	0		0
Bt38	80	120	244	1410	0		0
Bt39	80	120	244	1065	0		0
Bt40	80	120	244	1281	0		0
Bt41	80	120	244	1177	0		0
Bt42	80	120	244	1194	0		0
Bt43	80	120	244	1116	0		0
Bt44	80	120	244	1206	0		0
Bt45	80	120	244	1005	0		0
Bt46	80	120	244	1042	0		0
Bt47	80	120	244	1103	0		0
Bt48	80	120	244	1110	0		0
Bt49	80	120	244	1014	0		0
Bt50	80	120	244	1285	0		0
Bt51	80	120	244	1435	0		0
Bt52	80	120	244	1250	0		0
Bt53	80	120	244	1220	0		0
Bt54	80	120	244	1426	0		0
Bt55	80	120	244	1266	0		0
Bt56	80	120	244	1296	0		0
Bt57	80	120	244	1005	0		0
Bt58	80	120	244	1076	0		0
Bt59	80	120	244	1171	0		0
Bt60	80	120	244	1125	0		0
Bt61	80	120	244	1349	0		0
Bt62	80	120	244	1481	0		0
Bt63	80	120	244	1219	0		0
Bt64	80	120	244	1123	0		0
Bt65	80	120	244	1281	0		0
Bt66	80	120	244	1390	0		0
Bt67	80	120	244	1330	0		0
Bt68	80	120	244	1347	0		0
Bt69	80	120	244	1054	0		0
Bt70	80	120	244	1362	0		0
Bt71	80	120	244	1487	0		0
Bt72	80	120	244	1269	0		0
Bt73	80	120	244	1056	0		0
Bt74	80	120	244	1463	0		0
Bt75	80	120	244	1461	0		0
Bt76	80	120	244	1406	0		0
Bt77	80	120	244	1366	0		0
Bt78	80	120	244	1101	0		0
Bt79	80	120	244	1233	0		0
Bt80	80	120	244	1305	0		0
Bt81	80	120	244	1352	0		0
Bt82	80	120	244	1305	0		0
Bt83	80	120	244	1197	0		0
Bt84	80	120	244	1343	0		0
Bt85	80	120	244	1261	0		0
Bt86	80	120	244	1318	0		0
Bt87	80	120	244	1376	0		0
Bt88	80	120	244	1425	0		0
Bt89	80	120	244	1354	0		0
Bt90	80	120	244	1104	0		0
Bt91	80	120	244	1409	0		0
Bt92	80	120	244	1051	0		0
Bt93	80	120	244	1177	0		0
Bt94	80	120	244	1284	0		0
Bt95	80	120	244	1271	0		0
Bt96	80	120	244	1482	0		0
Bt97	80	120	244	1002	0		0
Bt98	80	120	244	1378	0		0
Bt99	80	120	244	1207	0		0
Bt100	80	120	244	1056	0		0

DEMANDS PER CUSTOMER
i	Type Quantity
1	Bt1 4
2	Bt2 7
3	Bt3 7
4	Bt4 7
5	Bt5 4
6	Bt6 5
7	Bt7 5
8	Bt8 5
9	Bt9 5
10	Bt10 6
11	Bt11 6
12	Bt12 5
13	Bt13 5
14	Bt14 6
15	Bt15 6
16	Bt16 7
17	Bt17 6
18	Bt18 7
19	Bt19 7
20	Bt20 6
21	Bt21 4
22	Bt22 4
23	Bt23 5
24	Bt24 4
25	Bt25 6
26	Bt26 7
27	Bt27 5
28	Bt28 7
29	Bt29 4
30	Bt30 6
31	Bt31 4
32	Bt32 7
33	Bt33 6
34	Bt34 4
35	Bt35 4
36	Bt36 5
37	Bt37 5
38	Bt38 4
39	Bt39 7
40	Bt40 6
41	Bt41 7
42	Bt42 5
43	Bt43 7
44	Bt44 7
45	Bt45 4
46	Bt46 4
47	Bt47 6
48	Bt48 7
49	Bt49 7
50	Bt50 6
51	Bt51 5
52	Bt52 6
53	Bt53 4
54	Bt54 7
55	Bt55 6
56	Bt56 7
57	Bt57 6
58	Bt58 6
59	Bt59 6
60	Bt60 7
61	Bt61 6
62	Bt62 7
63	Bt63 4
64	Bt64 6
65	Bt65 6
66	Bt66 5
67	Bt67 6
68	Bt68 5
69	Bt69 6
70	Bt70 4
71	Bt71 7
72	Bt72 5
73	Bt73 6
74	Bt74 7
75	Bt75 6
76	Bt76 4
77	Bt77 7
78	Bt78 4
79	Bt79 7
80	Bt80 5
81	Bt81 4
82	Bt82 5
83	Bt83 5
84	Bt84 5
85	Bt85 5
86	Bt86 4
87	Bt87 7
88	Bt88 6
89	Bt89 4
90	Bt90 4
91	Bt91 4
92	Bt92 5
93	Bt93 4
94	Bt94 4
95	Bt95 6
96	Bt96 4
97	Bt97 7
98	Bt98 7
99	Bt99 6
100	Bt100 6
