Name				Inst_50_3_6
Number_of_Customers		50
Number_of_Items			275
Number_of_ItemTypes		50
Number_of_Vehicles		50
TimeWindows			0

VEHICLE
Mass_Capacity			32200
CargoSpace_Length		912
CargoSpace_Width		244
CargoSpace_Height		244
Wheelbase			550
Max_Mass_FrontAxle		11600
Max_Mass_RearAxle		21000
Distance_FrontAxle_CargoSpace	-100

CUSTOMERS
i		x	y	Demand		ReadyTime	DueDate		ServiceTime	DemandedMass	DemandedVolume
0		5.0	5.0	0		0		0		0		0		0
1		8.0	2.0	5		0		0		0		5635		48000
2		2.0	4.0	7		0		0		0		7861		67200
3		0.0	4.0	4		0		0		0		4212		38400
4		8.0	4.0	7		0		0		0		8260		67200
5		1.0	10.0	4		0		0		0		4648		38400
6		5.0	7.0	5		0		0		0		7410		48000
7		0.0	10.0	5		0		0		0		6375		48000
8		8.0	9.0	7		0		0		0		9492		67200
9		9.0	1.0	7		0		0		0		7763		67200
10		4.0	0.0	6		0		0		0		6126		57600
11		6.0	6.0	4		0		0		0		5056		38400
12		2.0	10.0	6		0		0		0		8418		57600
13		9.0	8.0	6		0		0		0		8526		57600
14		1.0	1.0	4		0		0		0		4376		38400
15		0.0	1.0	5		0		0		0		5670		48000
16		3.0	6.0	4		0		0		0		4344		38400
17		3.0	10.0	4		0		0		0		4068		38400
18		0.0	2.0	4		0		0		0		5432		38400
19		2.0	4.0	7		0		0		0		7154		67200
20		4.0	5.0	7		0		0		0		8498		67200
21		1.0	6.0	5		0		0		0		5390		48000
22		3.0	3.0	4		0		0		0		4404		38400
23		10.0	2.0	7		0		0		0		7966		67200
24		4.0	2.0	7		0		0		0		8302		67200
25		7.0	4.0	5		0		0		0		610		48000
26		2.0	0.0	7		0		0		0		840		67200
27		5.0	6.0	7		0		0		0		2443		67200
28		4.0	6.0	7		0		0		0		1246		67200
29		1.0	10.0	7		0		0		0		2709		67200
30		8.0	2.0	5		0		0		0		905		48000
31		3.0	10.0	6		0		0		0		2184		57600
32		4.0	8.0	6		0		0		0		2442		57600
33		7.0	5.0	7		0		0		0		1029		67200
34		3.0	1.0	6		0		0		0		2316		57600
35		9.0	6.0	5		0		0		0		515		48000
36		9.0	0.0	4		0		0		0		1392		38400
37		9.0	2.0	4		0		0		0		708		38400
38		4.0	1.0	4		0		0		0		652		38400
39		6.0	6.0	6		0		0		0		990		57600
40		10.0	6.0	4		0		0		0		1792		38400
41		1.0	8.0	6		0		0		0		1152		57600
42		2.0	10.0	7		0		0		0		2268		67200
43		2.0	8.0	5		0		0		0		930		48000
44		2.0	5.0	4		0		0		0		512		38400
45		2.0	6.0	6		0		0		0		822		57600
46		8.0	6.0	6		0		0		0		2574		57600
47		2.0	6.0	6		0		0		0		1560		57600
48		9.0	7.0	4		0		0		0		1124		38400
49		1.0	8.0	6		0		0		0		2856		57600
50		9.0	1.0	4		0		0		0		1076		38400

ITEMS
Type	Length	Width	Height	Mass	Fragility	LoadBearingStrength
Bt1	80	120	244	1127	0		0
Bt2	80	120	244	1123	0		0
Bt3	80	120	244	1053	0		0
Bt4	80	120	244	1180	0		0
Bt5	80	120	244	1162	0		0
Bt6	80	120	244	1482	0		0
Bt7	80	120	244	1275	0		0
Bt8	80	120	244	1356	0		0
Bt9	80	120	244	1109	0		0
Bt10	80	120	244	1021	0		0
Bt11	80	120	244	1264	0		0
Bt12	80	120	244	1403	0		0
Bt13	80	120	244	1421	0		0
Bt14	80	120	244	1094	0		0
Bt15	80	120	244	1134	0		0
Bt16	80	120	244	1086	0		0
Bt17	80	120	244	1017	0		0
Bt18	80	120	244	1358	0		0
Bt19	80	120	244	1022	0		0
Bt20	80	120	244	1214	0		0
Bt21	80	120	244	1078	0		0
Bt22	80	120	244	1101	0		0
Bt23	80	120	244	1138	0		0
Bt24	80	120	244	1186	0		0
Bt25	80	120	244	122	0		0
Bt26	80	120	244	120	0		0
Bt27	80	120	244	349	0		0
Bt28	80	120	244	178	0		0
Bt29	80	120	244	387	0		0
Bt30	80	120	244	181	0		0
Bt31	80	120	244	364	0		0
Bt32	80	120	244	407	0		0
Bt33	80	120	244	147	0		0
Bt34	80	120	244	386	0		0
Bt35	80	120	244	103	0		0
Bt36	80	120	244	348	0		0
Bt37	80	120	244	177	0		0
Bt38	80	120	244	163	0		0
Bt39	80	120	244	165	0		0
Bt40	80	120	244	448	0		0
Bt41	80	120	244	192	0		0
Bt42	80	120	244	324	0		0
Bt43	80	120	244	186	0		0
Bt44	80	120	244	128	0		0
Bt45	80	120	244	137	0		0
Bt46	80	120	244	429	0		0
Bt47	80	120	244	260	0		0
Bt48	80	120	244	281	0		0
Bt49	80	120	244	476	0		0
Bt50	80	120	244	269	0		0

DEMANDS PER CUSTOMER
i	Type Quantity
1	Bt1 5
2	Bt2 7
3	Bt3 4
4	Bt4 7
5	Bt5 4
6	Bt6 5
7	Bt7 5
8	Bt8 7
9	Bt9 7
10	Bt10 6
11	Bt11 4
12	Bt12 6
13	Bt13 6
14	Bt14 4
15	Bt15 5
16	Bt16 4
17	Bt17 4
18	Bt18 4
19	Bt19 7
20	Bt20 7
21	Bt21 5
22	Bt22 4
23	Bt23 7
24	Bt24 7
25	Bt25 5
26	Bt26 7
27	Bt27 7
28	Bt28 7
29	Bt29 7
30	Bt30 5
31	Bt31 6
32	Bt32 6
33	Bt33 7
34	Bt34 6
35	Bt35 5
36	Bt36 4
37	Bt37 4
38	Bt38 4
39	Bt39 6
40	Bt40 4
41	Bt41 6
42	Bt42 7
43	Bt43 5
44	Bt44 4
45	Bt45 6
46	Bt46 6
47	Bt47 6
48	Bt48 4
49	Bt49 6
50	Bt50 4
