Name				Inst_100_3_2
Number_of_Customers		100
Number_of_Items			559
Number_of_ItemTypes		100
Number_of_Vehicles		100
TimeWindows			0

VEHICLE
Mass_Capacity			32200
CargoSpace_Length		912
CargoSpace_Width		244
CargoSpace_Height		244
Wheelbase			550
Max_Mass_FrontAxle		11600
Max_Mass_RearAxle		21000
Distance_FrontAxle_CargoSpace	-100

CUSTOMERS
i		x	y	Demand		ReadyTime	DueDate		ServiceTime	DemandedMass	DemandedVolume
0		5.0	5.0	0		0		0		0		0		0
1		4.0	8.0	4		0		0		0		5792		38400
2		6.0	2.0	7		0		0		0		7112		67200
3		3.0	3.0	5		0		0		0		7045		48000
4		8.0	9.0	6		0		0		0		6312		57600
5		5.0	5.0	6		0		0		0		6402		57600
6		2.0	2.0	5		0		0		0		5695		48000
7		8.0	9.0	7		0		0		0		8288		67200
8		0.0	4.0	7		0		0		0		7735		67200
9		6.0	3.0	5		0		0		0		5430		48000
10		10.0	2.0	4		0		0		0		4836		38400
11		4.0	8.0	4		0		0		0		5304		38400
12		8.0	7.0	7		0		0		0		8953		67200
13		8.0	6.0	7		0		0		0		10262		67200
14		0.0	10.0	7		0		0		0		7644		67200
15		3.0	0.0	4		0		0		0		5284		38400
16		5.0	2.0	7		0		0		0		7133		67200
17		0.0	6.0	5		0		0		0		7070		48000
18		5.0	6.0	6		0		0		0		7722		57600
19		9.0	9.0	6		0		0		0		8172		57600
20		7.0	8.0	4		0		0		0		4216		38400
21		0.0	3.0	7		0		0		0		9968		67200
22		7.0	4.0	6		0		0		0		7080		57600
23		8.0	9.0	5		0		0		0		6290		48000
24		7.0	7.0	5		0		0		0		5735		48000
25		9.0	9.0	4		0		0		0		5080		38400
26		0.0	9.0	6		0		0		0		8856		57600
27		9.0	10.0	5		0		0		0		6020		48000
28		9.0	5.0	5		0		0		0		5535		48000
29		9.0	7.0	7		0		0		0		9002		67200
30		5.0	0.0	7		0		0		0		10360		67200
31		7.0	10.0	7		0		0		0		8309		67200
32		1.0	0.0	4		0		0		0		4384		38400
33		1.0	8.0	7		0		0		0		7903		67200
34		0.0	4.0	4		0		0		0		4652		38400
35		3.0	6.0	4		0		0		0		4712		38400
36		2.0	0.0	6		0		0		0		7398		57600
37		6.0	4.0	7		0		0		0		9114		67200
38		4.0	10.0	7		0		0		0		9233		67200
39		9.0	3.0	6		0		0		0		7992		57600
40		1.0	4.0	7		0		0		0		8113		67200
41		6.0	3.0	6		0		0		0		6930		57600
42		10.0	3.0	4		0		0		0		4904		38400
43		5.0	3.0	6		0		0		0		7548		57600
44		9.0	4.0	6		0		0		0		7038		57600
45		8.0	4.0	4		0		0		0		5776		38400
46		9.0	3.0	4		0		0		0		5744		38400
47		0.0	9.0	7		0		0		0		7084		67200
48		10.0	3.0	4		0		0		0		5460		38400
49		1.0	9.0	5		0		0		0		5725		48000
50		10.0	6.0	5		0		0		0		1050		48000
51		8.0	6.0	5		0		0		0		1470		48000
52		5.0	4.0	6		0		0		0		1410		57600
53		7.0	6.0	6		0		0		0		2532		57600
54		2.0	4.0	6		0		0		0		942		57600
55		2.0	10.0	7		0		0		0		3171		67200
56		6.0	6.0	6		0		0		0		1494		57600
57		10.0	3.0	7		0		0		0		1414		67200
58		9.0	3.0	4		0		0		0		600		38400
59		0.0	3.0	5		0		0		0		680		48000
60		7.0	4.0	4		0		0		0		548		38400
61		8.0	0.0	7		0		0		0		1316		67200
62		9.0	2.0	4		0		0		0		1424		38400
63		1.0	2.0	7		0		0		0		1442		67200
64		8.0	10.0	7		0		0		0		777		67200
65		5.0	6.0	4		0		0		0		1128		38400
66		1.0	7.0	4		0		0		0		1436		38400
67		8.0	4.0	4		0		0		0		460		38400
68		6.0	10.0	6		0		0		0		2448		57600
69		6.0	1.0	4		0		0		0		936		38400
70		10.0	7.0	6		0		0		0		846		57600
71		9.0	10.0	4		0		0		0		980		38400
72		4.0	6.0	7		0		0		0		2779		67200
73		8.0	6.0	6		0		0		0		720		57600
74		9.0	2.0	4		0		0		0		884		38400
75		3.0	7.0	5		0		0		0		2220		48000
76		7.0	8.0	7		0		0		0		1911		67200
77		9.0	5.0	7		0		0		0		2058		67200
78		7.0	5.0	6		0		0		0		1350		57600
79		10.0	10.0	5		0		0		0		1610		48000
80		7.0	7.0	5		0		0		0		1115		48000
81		3.0	9.0	7		0		0		0		1288		67200
82		2.0	1.0	5		0		0		0		555		48000
83		9.0	7.0	5		0		0		0		1165		48000
84		4.0	7.0	4		0		0		0		1952		38400
85		7.0	4.0	7		0		0		0		2695		67200
86		5.0	8.0	7		0		0		0		931		67200
87		2.0	9.0	4		0		0		0		772		38400
88		3.0	2.0	6		0		0		0		2604		57600
89		6.0	10.0	6		0		0		0		1638		57600
90		7.0	0.0	6		0		0		0		2046		57600
91		1.0	5.0	4		0		0		0		696		38400
92		6.0	1.0	5		0		0		0		2500		48000
93		10.0	7.0	7		0		0		0		3101		67200
94		3.0	1.0	5		0		0		0		650		48000
95		5.0	4.0	7		0		0		0		1365		67200
96		5.0	6.0	7		0		0		0		2345		67200
97		4.0	2.0	4		0		0		0		1308		38400
98		2.0	8.0	6		0		0		0		1230		57600
99		2.0	2.0	7		0		0		0		1890		67200
100		2.0	6.0	5		0		0		0		1485		48000

ITEMS
Type	Length	Width	Height	Mass	Fragility	LoadBearingStrength
Bt1	80	120	244	1448	0		0
Bt2	80	120	244	1016	0		0
Bt3	80	120	244	1409	0		0
Bt4	80	120	244	1052	0		0
Bt5	80	120	244	1067	0		0
Bt6	80	120	244	1139	0		0
Bt7	80	120	244	1184	0		0
Bt8	80	120	244	1105	0		0
Bt9	80	120	244	1086	0		0
Bt10	80	120	244	1209	0		0
Bt11	80	120	244	1326	0		0
Bt12	80	120	244	1279	0		0
Bt13	80	120	244	1466	0		0
Bt14	80	120	244	1092	0		0
Bt15	80	120	244	1321	0		0
Bt16	80	120	244	1019	0		0
Bt17	80	120	244	1414	0		0
Bt18	80	120	244	1287	0		0
Bt19	80	120	244	1362	0		0
Bt20	80	120	244	1054	0		0
Bt21	80	120	244	1424	0		0
Bt22	80	120	244	1180	0		0
Bt23	80	120	244	1258	0		0
Bt24	80	120	244	1147	0		0
Bt25	80	120	244	1270	0		0
Bt26	80	120	244	1476	0		0
Bt27	80	120	244	1204	0		0
Bt28	80	120	244	1107	0		0
Bt29	80	120	244	1286	0		0
Bt30	80	120	244	1480	0		0
Bt31	80	120	244	1187	0		0
Bt32	80	120	244	1096	0		0
Bt33	80	120	244	1129	0		0
Bt34	80	120	244	1163	0		0
Bt35	80	120	244	1178	0		0
Bt36	80	120	244	1233	0		0
Bt37	80	120	244	1302	0		0
Bt38	80	120	244	1319	0		0
Bt39	80	120	244	1332	0		0
Bt40	80	120	244	1159	0		0
Bt41	80	120	244	1155	0		0
Bt42	80	120	244	1226	0		0
Bt43	80	120	244	1258	0		0
Bt44	80	120	244	1173	0		0
Bt45	80	120	244	1444	0		0
Bt46	80	120	244	1436	0		0
Bt47	80	120	244	1012	0		0
Bt48	80	120	244	1365	0		0
Bt49	80	120	244	1145	0		0
Bt50	80	120	244	210	0		0
Bt51	80	120	244	294	0		0
Bt52	80	120	244	235	0		0
Bt53	80	120	244	422	0		0
Bt54	80	120	244	157	0		0
Bt55	80	120	244	453	0		0
Bt56	80	120	244	249	0		0
Bt57	80	120	244	202	0		0
Bt58	80	120	244	150	0		0
Bt59	80	120	244	136	0		0
Bt60	80	120	244	137	0		0
Bt61	80	120	244	188	0		0
Bt62	80	120	244	356	0		0
Bt63	80	120	244	206	0		0
Bt64	80	120	244	111	0		0
Bt65	80	120	244	282	0		0
Bt66	80	120	244	359	0		0
Bt67	80	120	244	115	0		0
Bt68	80	120	244	408	0		0
Bt69	80	120	244	234	0		0
Bt70	80	120	244	141	0		0
Bt71	80	120	244	245	0		0
Bt72	80	120	244	397	0		0
Bt73	80	120	244	120	0		0
Bt74	80	120	244	221	0		0
Bt75	80	120	244	444	0		0
Bt76	80	120	244	273	0		0
Bt77	80	120	244	294	0		0
Bt78	80	120	244	225	0		0
Bt79	80	120	244	322	0		0
Bt80	80	120	244	223	0		0
Bt81	80	120	244	184	0		0
Bt82	80	120	244	111	0		0
Bt83	80	120	244	233	0		0
Bt84	80	120	244	488	0		0
Bt85	80	120	244	385	0		0
Bt86	80	120	244	133	0		0
Bt87	80	120	244	193	0		0
Bt88	80	120	244	434	0		0
Bt89	80	120	244	273	0		0
Bt90	80	120	244	341	0		0
Bt91	80	120	244	174	0		0
Bt92	80	120	244	500	0		0
Bt93	80	120	244	443	0		0
Bt94	80	120	244	130	0		0
Bt95	80	120	244	195	0		0
Bt96	80	120	244	335	0		0
Bt97	80	120	244	327	0		0
Bt98	80	120	244	205	0		0
Bt99	80	120	244	270	0		0
Bt100	80	120	244	297	0		0

DEMANDS PER CUSTOMER
i	Type Quantity
1	Bt1 4
2	Bt2 7
3	Bt3 5
4	Bt4 6
5	Bt5 6
6	Bt6 5
7	Bt7 7
8	Bt8 7
9	Bt9 5
10	Bt10 4
11	Bt11 4
12	Bt12 7
13	Bt13 7
14	Bt14 7
15	Bt15 4
16	Bt16 7
17	Bt17 5
18	Bt18 6
19	Bt19 6
20	Bt20 4
21	Bt21 7
22	Bt22 6
23	Bt23 5
24	Bt24 5
25	Bt25 4
26	Bt26 6
27	Bt27 5
28	Bt28 5
29	Bt29 7
30	Bt30 7
31	Bt31 7
32	Bt32 4
33	Bt33 7
34	Bt34 4
35	Bt35 4
36	Bt36 6
37	Bt37 7
38	Bt38 7
39	Bt39 6
40	Bt40 7
41	Bt41 6
42	Bt42 4
43	Bt43 6
44	Bt44 6
45	Bt45 4
46	Bt46 4
47	Bt47 7
48	Bt48 4
49	Bt49 5
50	Bt50 5
51	Bt51 5
52	Bt52 6
53	Bt53 6
54	Bt54 6
55	Bt55 7
56	Bt56 6
57	Bt57 7
58	Bt58 4
59	Bt59 5
60	Bt60 4
61	Bt61 7
62	Bt62 4
63	Bt63 7
64	Bt64 7
65	Bt65 4
66	Bt66 4
67	Bt67 4
68	Bt68 6
69	Bt69 4
70	Bt70 6
71	Bt71 4
72	Bt72 7
73	Bt73 6
74	Bt74 4
75	Bt75 5
76	Bt76 7
77	Bt77 7
78	Bt78 6
79	Bt79 5
80	Bt80 5
81	Bt81 7
82	Bt82 5
83	Bt83 5
84	Bt84 4
85	Bt85 7
86	Bt86 7
87	Bt87 4
88	Bt88 6
89	Bt89 6
90	Bt90 6
91	Bt91 4
92	Bt92 5
93	Bt93 7
94	Bt94 5
95	Bt95 7
96	Bt96 7
97	Bt97 4
98	Bt98 6
99	Bt99 7
100	Bt100 5
