Name				Inst_100_4_2
Number_of_Customers		100
Number_of_Items			849
Number_of_ItemTypes		100
Number_of_Vehicles		100
TimeWindows			0

VEHICLE
Mass_Capacity			32200
CargoSpace_Length		912
CargoSpace_Width		244
CargoSpace_Height		244
Wheelbase			550
Max_Mass_FrontAxle		11600
Max_Mass_RearAxle		21000
Distance_FrontAxle_CargoSpace	-100

CUSTOMERS
i		x	y	Demand		ReadyTime	DueDate		ServiceTime	DemandedMass	DemandedVolume
0		5.0	5.0	0		0		0		0		0		0
1		2.0	2.0	8		0		0		0		9568		76800
2		8.0	9.0	13		0		0		0		18772		124800
3		6.0	3.0	3		0		0		0		3297		28800
4		8.0	1.0	7		0		0		0		8029		67200
5		10.0	6.0	13		0		0		0		13013		124800
6		2.0	2.0	6		0		0		0		7722		57600
7		10.0	10.0	2		0		0		0		2134		19200
8		10.0	4.0	11		0		0		0		14377		105600
9		2.0	10.0	14		0		0		0		18242		134400
10		6.0	8.0	3		0		0		0		3477		28800
11		3.0	1.0	11		0		0		0		13464		105600
12		3.0	2.0	13		0		0		0		13741		124800
13		9.0	8.0	2		0		0		0		2664		19200
14		6.0	7.0	11		0		0		0		13167		105600
15		8.0	4.0	14		0		0		0		16996		134400
16		10.0	2.0	5		0		0		0		5210		48000
17		10.0	1.0	10		0		0		0		12070		96000
18		8.0	2.0	11		0		0		0		13761		105600
19		0.0	6.0	2		0		0		0		2122		19200
20		8.0	5.0	12		0		0		0		15840		115200
21		9.0	5.0	14		0		0		0		19992		134400
22		9.0	2.0	8		0		0		0		11800		76800
23		10.0	10.0	15		0		0		0		15045		144000
24		9.0	2.0	3		0		0		0		3327		28800
25		9.0	5.0	4		0		0		0		5252		38400
26		0.0	4.0	8		0		0		0		8000		76800
27		10.0	9.0	3		0		0		0		4224		28800
28		9.0	1.0	1		0		0		0		1079		9600
29		2.0	0.0	15		0		0		0		19455		144000
30		8.0	9.0	5		0		0		0		6195		48000
31		9.0	8.0	14		0		0		0		15708		134400
32		7.0	2.0	9		0		0		0		12501		86400
33		3.0	1.0	8		0		0		0		8592		76800
34		1.0	1.0	1		0		0		0		1328		9600
35		7.0	8.0	3		0		0		0		4467		28800
36		7.0	8.0	4		0		0		0		5732		38400
37		9.0	8.0	14		0		0		0		15288		134400
38		0.0	9.0	14		0		0		0		14994		134400
39		10.0	9.0	14		0		0		0		15862		134400
40		10.0	10.0	13		0		0		0		16302		124800
41		5.0	10.0	9		0		0		0		10782		86400
42		1.0	5.0	2		0		0		0		2716		19200
43		1.0	3.0	2		0		0		0		2586		19200
44		3.0	3.0	14		0		0		0		14924		134400
45		10.0	2.0	12		0		0		0		17544		115200
46		7.0	10.0	8		0		0		0		8384		76800
47		8.0	3.0	5		0		0		0		6635		48000
48		8.0	1.0	6		0		0		0		8646		57600
49		3.0	5.0	2		0		0		0		2886		19200
50		3.0	9.0	5		0		0		0		865		48000
51		0.0	9.0	11		0		0		0		4257		105600
52		6.0	8.0	11		0		0		0		1782		105600
53		1.0	3.0	3		0		0		0		714		28800
54		3.0	2.0	13		0		0		0		5135		124800
55		9.0	9.0	5		0		0		0		1600		48000
56		8.0	9.0	7		0		0		0		910		67200
57		9.0	0.0	5		0		0		0		1520		48000
58		9.0	4.0	8		0		0		0		2672		76800
59		5.0	8.0	10		0		0		0		4280		96000
60		2.0	4.0	14		0		0		0		4256		134400
61		8.0	7.0	14		0		0		0		2604		134400
62		6.0	10.0	7		0		0		0		3248		67200
63		5.0	0.0	15		0		0		0		5400		144000
64		1.0	4.0	12		0		0		0		2820		115200
65		8.0	5.0	10		0		0		0		1980		96000
66		0.0	0.0	13		0		0		0		3159		124800
67		7.0	3.0	7		0		0		0		3276		67200
68		4.0	9.0	15		0		0		0		6555		144000
69		5.0	2.0	8		0		0		0		2368		76800
70		0.0	7.0	6		0		0		0		1884		57600
71		4.0	8.0	11		0		0		0		5082		105600
72		7.0	6.0	8		0		0		0		3152		76800
73		0.0	5.0	2		0		0		0		498		19200
74		5.0	7.0	14		0		0		0		2548		134400
75		10.0	3.0	14		0		0		0		3486		134400
76		3.0	10.0	13		0		0		0		1482		124800
77		0.0	1.0	2		0		0		0		532		19200
78		7.0	1.0	13		0		0		0		3692		124800
79		6.0	4.0	3		0		0		0		399		28800
80		0.0	9.0	11		0		0		0		1529		105600
81		7.0	3.0	11		0		0		0		2002		105600
82		6.0	5.0	1		0		0		0		199		9600
83		6.0	8.0	2		0		0		0		784		19200
84		2.0	5.0	4		0		0		0		1424		38400
85		4.0	6.0	4		0		0		0		1480		38400
86		10.0	8.0	13		0		0		0		2418		124800
87		5.0	5.0	9		0		0		0		3231		86400
88		4.0	9.0	12		0		0		0		5940		115200
89		4.0	4.0	10		0		0		0		4120		96000
90		8.0	2.0	8		0		0		0		3880		76800
91		0.0	9.0	8		0		0		0		1616		76800
92		7.0	8.0	9		0		0		0		1899		86400
93		4.0	9.0	8		0		0		0		3088		76800
94		10.0	2.0	13		0		0		0		4966		124800
95		5.0	8.0	3		0		0		0		1074		28800
96		2.0	4.0	8		0		0		0		3344		76800
97		7.0	0.0	15		0		0		0		7155		144000
98		6.0	3.0	2		0		0		0		582		19200
99		4.0	6.0	9		0		0		0		3204		86400
100		6.0	9.0	9		0		0		0		3438		86400

ITEMS
Type	Length	Width	Height	Mass	Fragility	LoadBearingStrength
Bt1	80	120	244	1196	0		0
Bt2	80	120	244	1444	0		0
Bt3	80	120	244	1099	0		0
Bt4	80	120	244	1147	0		0
Bt5	80	120	244	1001	0		0
Bt6	80	120	244	1287	0		0
Bt7	80	120	244	1067	0		0
Bt8	80	120	244	1307	0		0
Bt9	80	120	244	1303	0		0
Bt10	80	120	244	1159	0		0
Bt11	80	120	244	1224	0		0
Bt12	80	120	244	1057	0		0
Bt13	80	120	244	1332	0		0
Bt14	80	120	244	1197	0		0
Bt15	80	120	244	1214	0		0
Bt16	80	120	244	1042	0		0
Bt17	80	120	244	1207	0		0
Bt18	80	120	244	1251	0		0
Bt19	80	120	244	1061	0		0
Bt20	80	120	244	1320	0		0
Bt21	80	120	244	1428	0		0
Bt22	80	120	244	1475	0		0
Bt23	80	120	244	1003	0		0
Bt24	80	120	244	1109	0		0
Bt25	80	120	244	1313	0		0
Bt26	80	120	244	1000	0		0
Bt27	80	120	244	1408	0		0
Bt28	80	120	244	1079	0		0
Bt29	80	120	244	1297	0		0
Bt30	80	120	244	1239	0		0
Bt31	80	120	244	1122	0		0
Bt32	80	120	244	1389	0		0
Bt33	80	120	244	1074	0		0
Bt34	80	120	244	1328	0		0
Bt35	80	120	244	1489	0		0
Bt36	80	120	244	1433	0		0
Bt37	80	120	244	1092	0		0
Bt38	80	120	244	1071	0		0
Bt39	80	120	244	1133	0		0
Bt40	80	120	244	1254	0		0
Bt41	80	120	244	1198	0		0
Bt42	80	120	244	1358	0		0
Bt43	80	120	244	1293	0		0
Bt44	80	120	244	1066	0		0
Bt45	80	120	244	1462	0		0
Bt46	80	120	244	1048	0		0
Bt47	80	120	244	1327	0		0
Bt48	80	120	244	1441	0		0
Bt49	80	120	244	1443	0		0
Bt50	80	120	244	173	0		0
Bt51	80	120	244	387	0		0
Bt52	80	120	244	162	0		0
Bt53	80	120	244	238	0		0
Bt54	80	120	244	395	0		0
Bt55	80	120	244	320	0		0
Bt56	80	120	244	130	0		0
Bt57	80	120	244	304	0		0
Bt58	80	120	244	334	0		0
Bt59	80	120	244	428	0		0
Bt60	80	120	244	304	0		0
Bt61	80	120	244	186	0		0
Bt62	80	120	244	464	0		0
Bt63	80	120	244	360	0		0
Bt64	80	120	244	235	0		0
Bt65	80	120	244	198	0		0
Bt66	80	120	244	243	0		0
Bt67	80	120	244	468	0		0
Bt68	80	120	244	437	0		0
Bt69	80	120	244	296	0		0
Bt70	80	120	244	314	0		0
Bt71	80	120	244	462	0		0
Bt72	80	120	244	394	0		0
Bt73	80	120	244	249	0		0
Bt74	80	120	244	182	0		0
Bt75	80	120	244	249	0		0
Bt76	80	120	244	114	0		0
Bt77	80	120	244	266	0		0
Bt78	80	120	244	284	0		0
Bt79	80	120	244	133	0		0
Bt80	80	120	244	139	0		0
Bt81	80	120	244	182	0		0
Bt82	80	120	244	199	0		0
Bt83	80	120	244	392	0		0
Bt84	80	120	244	356	0		0
Bt85	80	120	244	370	0		0
Bt86	80	120	244	186	0		0
Bt87	80	120	244	359	0		0
Bt88	80	120	244	495	0		0
Bt89	80	120	244	412	0		0
Bt90	80	120	244	485	0		0
Bt91	80	120	244	202	0		0
Bt92	80	120	244	211	0		0
Bt93	80	120	244	386	0		0
Bt94	80	120	244	382	0		0
Bt95	80	120	244	358	0		0
Bt96	80	120	244	418	0		0
Bt97	80	120	244	477	0		0
Bt98	80	120	244	291	0		0
Bt99	80	120	244	356	0		0
Bt100	80	120	244	382	0		0

DEMANDS PER CUSTOMER
i	Type Quantity
1	Bt1 8
2	Bt2 13
3	Bt3 3
4	Bt4 7
5	Bt5 13
6	Bt6 6
7	Bt7 2
8	Bt8 11
9	Bt9 14
10	Bt10 3
11	Bt11 11
12	Bt12 13
13	Bt13 2
14	Bt14 11
15	Bt15 14
16	Bt16 5
17	Bt17 10
18	Bt18 11
19	Bt19 2
20	Bt20 12
21	Bt21 14
22	Bt22 8
23	Bt23 15
24	Bt24 3
25	Bt25 4
26	Bt26 8
27	Bt27 3
28	Bt28 1
29	Bt29 15
30	Bt30 5
31	Bt31 14
32	Bt32 9
33	Bt33 8
34	Bt34 1
35	Bt35 3
36	Bt36 4
37	Bt37 14
38	Bt38 14
39	Bt39 14
40	Bt40 13
41	Bt41 9
42	Bt42 2
43	Bt43 2
44	Bt44 14
45	Bt45 12
46	Bt46 8
47	Bt47 5
48	Bt48 6
49	Bt49 2
50	Bt50 5
51	Bt51 11
52	Bt52 11
53	Bt53 3
54	Bt54 13
55	Bt55 5
56	Bt56 7
57	Bt57 5
58	Bt58 8
59	Bt59 10
60	Bt60 14
61	Bt61 14
62	Bt62 7
63	Bt63 15
64	Bt64 12
65	Bt65 10
66	Bt66 13
67	Bt67 7
68	Bt68 15
69	Bt69 8
70	Bt70 6
71	Bt71 11
72	Bt72 8
73	Bt73 2
74	Bt74 14
75	Bt75 14
76	Bt76 13
77	Bt77 2
78	Bt78 13
79	Bt79 3
80	Bt80 11
81	Bt81 11
82	Bt82 1
83	Bt83 2
84	Bt84 4
85	Bt85 4
86	Bt86 13
87	Bt87 9
88	Bt88 12
89	Bt89 10
90	Bt90 8
91	Bt91 8
92	Bt92 9
93	Bt93 8
94	Bt94 13
95	Bt95 3
96	Bt96 8
97	Bt97 15
98	Bt98 2
99	Bt99 9
100	Bt100 9
