Name				Inst_50_2_5
Number_of_Customers		50
Number_of_Items			415
Number_of_ItemTypes		50
Number_of_Vehicles		50
TimeWindows			0

VEHICLE
Mass_Capacity			32200
CargoSpace_Length		912
CargoSpace_Width		244
CargoSpace_Height		244
Wheelbase			550
Max_Mass_FrontAxle		11600
Max_Mass_RearAxle		21000
Distance_FrontAxle_CargoSpace	-100

CUSTOMERS
i		x	y	Demand		ReadyTime	DueDate		ServiceTime	DemandedMass	DemandedVolume
0		5.0	5.0	0		0		0		0		0		0
1		1.0	3.0	11		0		0		0		14916		105600
2		5.0	5.0	8		0		0		0		10104		76800
3		9.0	6.0	7		0		0		0		7742		67200
4		6.0	7.0	7		0		0		0		7518		67200
5		4.0	9.0	11		0		0		0		11605		105600
6		0.0	0.0	7		0		0		0		10122		67200
7		0.0	8.0	5		0		0		0		6365		48000
8		1.0	4.0	4		0		0		0		4164		38400
9		5.0	0.0	10		0		0		0		12620		96000
10		0.0	8.0	1		0		0		0		1024		9600
11		7.0	0.0	4		0		0		0		4916		38400
12		10.0	9.0	5		0		0		0		6220		48000
13		0.0	4.0	3		0		0		0		4092		28800
14		0.0	3.0	12		0		0		0		12720		115200
15		2.0	9.0	9		0		0		0		10503		86400
16		6.0	6.0	11		0		0		0		11803		105600
17		4.0	4.0	8		0		0		0		10416		76800
18		6.0	4.0	14		0		0		0		18550		134400
19		5.0	10.0	5		0		0		0		6765		48000
20		5.0	0.0	11		0		0		0		12815		105600
21		3.0	1.0	14		0		0		0		16156		134400
22		4.0	6.0	13		0		0		0		18655		124800
23		3.0	5.0	13		0		0		0		13364		124800
24		1.0	7.0	13		0		0		0		18772		124800
25		4.0	8.0	14		0		0		0		17850		134400
26		4.0	5.0	5		0		0		0		5800		48000
27		3.0	5.0	7		0		0		0		9219		67200
28		6.0	5.0	6		0		0		0		6042		57600
29		5.0	2.0	2		0		0		0		2796		19200
30		9.0	2.0	9		0		0		0		12771		86400
31		5.0	10.0	8		0		0		0		9488		76800
32		7.0	7.0	6		0		0		0		7794		57600
33		6.0	8.0	12		0		0		0		13728		115200
34		9.0	1.0	2		0		0		0		2974		19200
35		6.0	1.0	13		0		0		0		18733		124800
36		7.0	9.0	6		0		0		0		8970		57600
37		0.0	5.0	7		0		0		0		9268		67200
38		3.0	7.0	2		0		0		0		2570		19200
39		8.0	6.0	5		0		0		0		6470		48000
40		5.0	6.0	12		0		0		0		17856		115200
41		1.0	6.0	12		0		0		0		13740		115200
42		9.0	3.0	14		0		0		0		16198		134400
43		7.0	6.0	1		0		0		0		1182		9600
44		3.0	10.0	7		0		0		0		9639		67200
45		9.0	5.0	13		0		0		0		17966		124800
46		1.0	4.0	6		0		0		0		7716		57600
47		6.0	2.0	11		0		0		0		13013		105600
48		0.0	10.0	9		0		0		0		11718		86400
49		5.0	2.0	12		0		0		0		12804		115200
50		9.0	6.0	8		0		0		0		10888		76800

ITEMS
Type	Length	Width	Height	Mass	Fragility	LoadBearingStrength
Bt1	80	120	244	1356	0		0
Bt2	80	120	244	1263	0		0
Bt3	80	120	244	1106	0		0
Bt4	80	120	244	1074	0		0
Bt5	80	120	244	1055	0		0
Bt6	80	120	244	1446	0		0
Bt7	80	120	244	1273	0		0
Bt8	80	120	244	1041	0		0
Bt9	80	120	244	1262	0		0
Bt10	80	120	244	1024	0		0
Bt11	80	120	244	1229	0		0
Bt12	80	120	244	1244	0		0
Bt13	80	120	244	1364	0		0
Bt14	80	120	244	1060	0		0
Bt15	80	120	244	1167	0		0
Bt16	80	120	244	1073	0		0
Bt17	80	120	244	1302	0		0
Bt18	80	120	244	1325	0		0
Bt19	80	120	244	1353	0		0
Bt20	80	120	244	1165	0		0
Bt21	80	120	244	1154	0		0
Bt22	80	120	244	1435	0		0
Bt23	80	120	244	1028	0		0
Bt24	80	120	244	1444	0		0
Bt25	80	120	244	1275	0		0
Bt26	80	120	244	1160	0		0
Bt27	80	120	244	1317	0		0
Bt28	80	120	244	1007	0		0
Bt29	80	120	244	1398	0		0
Bt30	80	120	244	1419	0		0
Bt31	80	120	244	1186	0		0
Bt32	80	120	244	1299	0		0
Bt33	80	120	244	1144	0		0
Bt34	80	120	244	1487	0		0
Bt35	80	120	244	1441	0		0
Bt36	80	120	244	1495	0		0
Bt37	80	120	244	1324	0		0
Bt38	80	120	244	1285	0		0
Bt39	80	120	244	1294	0		0
Bt40	80	120	244	1488	0		0
Bt41	80	120	244	1145	0		0
Bt42	80	120	244	1157	0		0
Bt43	80	120	244	1182	0		0
Bt44	80	120	244	1377	0		0
Bt45	80	120	244	1382	0		0
Bt46	80	120	244	1286	0		0
Bt47	80	120	244	1183	0		0
Bt48	80	120	244	1302	0		0
Bt49	80	120	244	1067	0		0
Bt50	80	120	244	1361	0		0

DEMANDS PER CUSTOMER
i	Type Quantity
1	Bt1 11
2	Bt2 8
3	Bt3 7
4	Bt4 7
5	Bt5 11
6	Bt6 7
7	Bt7 5
8	Bt8 4
9	Bt9 10
10	Bt10 1
11	Bt11 4
12	Bt12 5
13	Bt13 3
14	Bt14 12
15	Bt15 9
16	Bt16 11
17	Bt17 8
18	Bt18 14
19	Bt19 5
20	Bt20 11
21	Bt21 14
22	Bt22 13
23	Bt23 13
24	Bt24 13
25	Bt25 14
26	Bt26 5
27	Bt27 7
28	Bt28 6
29	Bt29 2
30	Bt30 9
31	Bt31 8
32	Bt32 6
33	Bt33 12
34	Bt34 2
35	Bt35 13
36	Bt36 6
37	Bt37 7
38	Bt38 2
39	Bt39 5
40	Bt40 12
41	Bt41 12
42	Bt42 14
43	Bt43 1
44	Bt44 7
45	Bt45 13
46	Bt46 6
47	Bt47 11
48	Bt48 9
49	Bt49 12
50	Bt50 8
