Name				Inst_100_4_5
Number_of_Customers		100
Number_of_Items			791
Number_of_ItemTypes		100
Number_of_Vehicles		100
TimeWindows			0

VEHICLE
Mass_Capacity			32200
CargoSpace_Length		912
CargoSpace_Width		244
CargoSpace_Height		244
Wheelbase			550
Max_Mass_FrontAxle		11600
Max_Mass_RearAxle		21000
Distance_FrontAxle_CargoSpace	-100

CUSTOMERS
i		x	y	Demand		ReadyTime	DueDate		ServiceTime	DemandedMass	DemandedVolume
0		5.0	5.0	0		0		0		0		0		0
1		6.0	10.0	11		0		0		0		16368		105600
2		8.0	10.0	1		0		0		0		1389		9600
3		0.0	10.0	6		0		0		0		6066		57600
4		8.0	8.0	15		0		0		0		16575		144000
5		2.0	7.0	10		0		0		0		10140		96000
6		10.0	3.0	3		0		0		0		4488		28800
7		6.0	3.0	4		0		0		0		5744		38400
8		1.0	9.0	1		0		0		0		1434		9600
9		10.0	8.0	9		0		0		0		10800		86400
10		8.0	0.0	2		0		0		0		2660		19200
11		8.0	8.0	5		0		0		0		6375		48000
12		7.0	4.0	6		0		0		0		8490		57600
13		5.0	2.0	6		0		0		0		8424		57600
14		9.0	3.0	15		0		0		0		15120		144000
15		9.0	3.0	10		0		0		0		14980		96000
16		1.0	10.0	6		0		0		0		8178		57600
17		3.0	0.0	7		0		0		0		10486		67200
18		9.0	9.0	2		0		0		0		2496		19200
19		10.0	7.0	7		0		0		0		8232		67200
20		0.0	9.0	8		0		0		0		8680		76800
21		2.0	0.0	8		0		0		0		9896		76800
22		6.0	1.0	15		0		0		0		19950		144000
23		1.0	10.0	5		0		0		0		7090		48000
24		7.0	6.0	11		0		0		0		15125		105600
25		7.0	6.0	8		0		0		0		8776		76800
26		8.0	0.0	8		0		0		0		9232		76800
27		10.0	9.0	14		0		0		0		15960		134400
28		8.0	4.0	15		0		0		0		17955		144000
29		6.0	0.0	1		0		0		0		1149		9600
30		10.0	4.0	10		0		0		0		14000		96000
31		4.0	2.0	11		0		0		0		15895		105600
32		9.0	7.0	7		0		0		0		8722		67200
33		4.0	8.0	8		0		0		0		11584		76800
34		0.0	7.0	2		0		0		0		2200		19200
35		2.0	0.0	3		0		0		0		3792		28800
36		4.0	8.0	7		0		0		0		7903		67200
37		2.0	3.0	10		0		0		0		12600		96000
38		8.0	5.0	11		0		0		0		12958		105600
39		0.0	10.0	1		0		0		0		1421		9600
40		3.0	8.0	12		0		0		0		12996		115200
41		5.0	2.0	2		0		0		0		2258		19200
42		6.0	6.0	12		0		0		0		16296		115200
43		9.0	2.0	9		0		0		0		10692		86400
44		5.0	8.0	14		0		0		0		17976		134400
45		0.0	3.0	9		0		0		0		12879		86400
46		2.0	4.0	13		0		0		0		13234		124800
47		0.0	9.0	14		0		0		0		19656		134400
48		5.0	2.0	12		0		0		0		16272		115200
49		2.0	8.0	3		0		0		0		3684		28800
50		4.0	6.0	8		0		0		0		2888		76800
51		6.0	1.0	15		0		0		0		5160		144000
52		4.0	9.0	3		0		0		0		1155		28800
53		10.0	2.0	3		0		0		0		528		28800
54		0.0	6.0	1		0		0		0		279		9600
55		4.0	8.0	6		0		0		0		2538		57600
56		6.0	2.0	1		0		0		0		370		9600
57		0.0	3.0	7		0		0		0		903		67200
58		5.0	0.0	11		0		0		0		1573		105600
59		7.0	1.0	12		0		0		0		1332		115200
60		0.0	5.0	5		0		0		0		785		48000
61		3.0	10.0	3		0		0		0		1023		28800
62		2.0	7.0	7		0		0		0		3031		67200
63		4.0	8.0	8		0		0		0		2184		76800
64		2.0	1.0	14		0		0		0		3668		134400
65		6.0	8.0	15		0		0		0		2430		144000
66		6.0	4.0	14		0		0		0		2366		134400
67		3.0	4.0	14		0		0		0		1876		134400
68		5.0	4.0	10		0		0		0		1440		96000
69		3.0	8.0	9		0		0		0		1953		86400
70		5.0	0.0	5		0		0		0		1575		48000
71		10.0	6.0	14		0		0		0		6426		134400
72		1.0	7.0	9		0		0		0		2394		86400
73		1.0	2.0	7		0		0		0		3283		67200
74		6.0	7.0	9		0		0		0		909		86400
75		7.0	2.0	2		0		0		0		422		19200
76		2.0	1.0	11		0		0		0		3377		105600
77		3.0	10.0	15		0		0		0		6735		144000
78		2.0	0.0	1		0		0		0		253		9600
79		3.0	5.0	14		0		0		0		4872		134400
80		3.0	4.0	1		0		0		0		255		9600
81		10.0	8.0	5		0		0		0		2475		48000
82		9.0	8.0	10		0		0		0		4290		96000
83		3.0	5.0	6		0		0		0		2406		57600
84		3.0	0.0	3		0		0		0		1290		28800
85		5.0	8.0	14		0		0		0		2968		134400
86		4.0	5.0	2		0		0		0		606		19200
87		1.0	5.0	8		0		0		0		1160		76800
88		3.0	4.0	13		0		0		0		2522		124800
89		1.0	5.0	8		0		0		0		1568		76800
90		3.0	6.0	6		0		0		0		1296		57600
91		2.0	10.0	3		0		0		0		912		28800
92		6.0	8.0	10		0		0		0		4020		96000
93		9.0	5.0	8		0		0		0		3056		76800
94		5.0	1.0	12		0		0		0		3600		115200
95		6.0	3.0	9		0		0		0		1188		86400
96		1.0	1.0	1		0		0		0		116		9600
97		3.0	10.0	5		0		0		0		750		48000
98		3.0	7.0	12		0		0		0		5616		115200
99		8.0	9.0	4		0		0		0		1096		38400
100		4.0	10.0	9		0		0		0		2808		86400

ITEMS
Type	Length	Width	Height	Mass	Fragility	LoadBearingStrength
Bt1	80	120	244	1488	0		0
Bt2	80	120	244	1389	0		0
Bt3	80	120	244	1011	0		0
Bt4	80	120	244	1105	0		0
Bt5	80	120	244	1014	0		0
Bt6	80	120	244	1496	0		0
Bt7	80	120	244	1436	0		0
Bt8	80	120	244	1434	0		0
Bt9	80	120	244	1200	0		0
Bt10	80	120	244	1330	0		0
Bt11	80	120	244	1275	0		0
Bt12	80	120	244	1415	0		0
Bt13	80	120	244	1404	0		0
Bt14	80	120	244	1008	0		0
Bt15	80	120	244	1498	0		0
Bt16	80	120	244	1363	0		0
Bt17	80	120	244	1498	0		0
Bt18	80	120	244	1248	0		0
Bt19	80	120	244	1176	0		0
Bt20	80	120	244	1085	0		0
Bt21	80	120	244	1237	0		0
Bt22	80	120	244	1330	0		0
Bt23	80	120	244	1418	0		0
Bt24	80	120	244	1375	0		0
Bt25	80	120	244	1097	0		0
Bt26	80	120	244	1154	0		0
Bt27	80	120	244	1140	0		0
Bt28	80	120	244	1197	0		0
Bt29	80	120	244	1149	0		0
Bt30	80	120	244	1400	0		0
Bt31	80	120	244	1445	0		0
Bt32	80	120	244	1246	0		0
Bt33	80	120	244	1448	0		0
Bt34	80	120	244	1100	0		0
Bt35	80	120	244	1264	0		0
Bt36	80	120	244	1129	0		0
Bt37	80	120	244	1260	0		0
Bt38	80	120	244	1178	0		0
Bt39	80	120	244	1421	0		0
Bt40	80	120	244	1083	0		0
Bt41	80	120	244	1129	0		0
Bt42	80	120	244	1358	0		0
Bt43	80	120	244	1188	0		0
Bt44	80	120	244	1284	0		0
Bt45	80	120	244	1431	0		0
Bt46	80	120	244	1018	0		0
Bt47	80	120	244	1404	0		0
Bt48	80	120	244	1356	0		0
Bt49	80	120	244	1228	0		0
Bt50	80	120	244	361	0		0
Bt51	80	120	244	344	0		0
Bt52	80	120	244	385	0		0
Bt53	80	120	244	176	0		0
Bt54	80	120	244	279	0		0
Bt55	80	120	244	423	0		0
Bt56	80	120	244	370	0		0
Bt57	80	120	244	129	0		0
Bt58	80	120	244	143	0		0
Bt59	80	120	244	111	0		0
Bt60	80	120	244	157	0		0
Bt61	80	120	244	341	0		0
Bt62	80	120	244	433	0		0
Bt63	80	120	244	273	0		0
Bt64	80	120	244	262	0		0
Bt65	80	120	244	162	0		0
Bt66	80	120	244	169	0		0
Bt67	80	120	244	134	0		0
Bt68	80	120	244	144	0		0
Bt69	80	120	244	217	0		0
Bt70	80	120	244	315	0		0
Bt71	80	120	244	459	0		0
Bt72	80	120	244	266	0		0
Bt73	80	120	244	469	0		0
Bt74	80	120	244	101	0		0
Bt75	80	120	244	211	0		0
Bt76	80	120	244	307	0		0
Bt77	80	120	244	449	0		0
Bt78	80	120	244	253	0		0
Bt79	80	120	244	348	0		0
Bt80	80	120	244	255	0		0
Bt81	80	120	244	495	0		0
Bt82	80	120	244	429	0		0
Bt83	80	120	244	401	0		0
Bt84	80	120	244	430	0		0
Bt85	80	120	244	212	0		0
Bt86	80	120	244	303	0		0
Bt87	80	120	244	145	0		0
Bt88	80	120	244	194	0		0
Bt89	80	120	244	196	0		0
Bt90	80	120	244	216	0		0
Bt91	80	120	244	304	0		0
Bt92	80	120	244	402	0		0
Bt93	80	120	244	382	0		0
Bt94	80	120	244	300	0		0
Bt95	80	120	244	132	0		0
Bt96	80	120	244	116	0		0
Bt97	80	120	244	150	0		0
Bt98	80	120	244	468	0		0
Bt99	80	120	244	274	0		0
Bt100	80	120	244	312	0		0

DEMANDS PER CUSTOMER
i	Type Quantity
1	Bt1 11
2	Bt2 1
3	Bt3 6
4	Bt4 15
5	Bt5 10
6	Bt6 3
7	Bt7 4
8	Bt8 1
9	Bt9 9
10	Bt10 2
11	Bt11 5
12	Bt12 6
13	Bt13 6
14	Bt14 15
15	Bt15 10
16	Bt16 6
17	Bt17 7
18	Bt18 2
19	Bt19 7
20	Bt20 8
21	Bt21 8
22	Bt22 15
23	Bt23 5
24	Bt24 11
25	Bt25 8
26	Bt26 8
27	Bt27 14
28	Bt28 15
29	Bt29 1
30	Bt30 10
31	Bt31 11
32	Bt32 7
33	Bt33 8
34	Bt34 2
35	Bt35 3
36	Bt36 7
37	Bt37 10
38	Bt38 11
39	Bt39 1
40	Bt40 12
41	Bt41 2
42	Bt42 12
43	Bt43 9
44	Bt44 14
45	Bt45 9
46	Bt46 13
47	Bt47 14
48	Bt48 12
49	Bt49 3
50	Bt50 8
51	Bt51 15
52	Bt52 3
53	Bt53 3
54	Bt54 1
55	Bt55 6
56	Bt56 1
57	Bt57 7
58	Bt58 11
59	Bt59 12
60	Bt60 5
61	Bt61 3
62	Bt62 7
63	Bt63 8
64	Bt64 14
65	Bt65 15
66	Bt66 14
67	Bt67 14
68	Bt68 10
69	Bt69 9
70	Bt70 5
71	Bt71 14
72	Bt72 9
73	Bt73 7
74	Bt74 9
75	Bt75 2
76	Bt76 11
77	Bt77 15
78	Bt78 1
79	Bt79 14
80	Bt80 1
81	Bt81 5
82	Bt82 10
83	Bt83 6
84	Bt84 3
85	Bt85 14
86	Bt86 2
87	Bt87 8
88	Bt88 13
89	Bt89 8
90	Bt90 6
91	Bt91 3
92	Bt92 10
93	Bt93 8
94	Bt94 12
95	Bt95 9
96	Bt96 1
97	Bt97 5
98	Bt98 12
99	Bt99 4
100	Bt100 9
