Name				Inst_100_1_7
Number_of_Customers		100
Number_of_Items			549
Number_of_ItemTypes		100
Number_of_Vehicles		100
TimeWindows			0

VEHICLE
Mass_Capacity			32200
CargoSpace_Length		912
CargoSpace_Width		244
CargoSpace_Height		244
Wheelbase			550
Max_Mass_FrontAxle		11600
Max_Mass_RearAxle		21000
Distance_FrontAxle_CargoSpace	-100

CUSTOMERS
i		x	y	Demand		ReadyTime	DueDate		ServiceTime	DemandedMass	DemandedVolume
0		5.0	5.0	0		0		0		0		0		0
1		10.0	6.0	5		0		0		0		7265		48000
2		8.0	10.0	4		0		0		0		5196		38400
3		0.0	5.0	4		0		0		0		4640		38400
4		8.0	0.0	7		0		0		0		9030		67200
5		2.0	1.0	4		0		0		0		5060		38400
6		8.0	3.0	7		0		0		0		8134		67200
7		4.0	0.0	4		0		0		0		4948		38400
8		9.0	9.0	7		0		0		0		9478		67200
9		8.0	3.0	4		0		0		0		4672		38400
10		10.0	3.0	7		0		0		0		10451		67200
11		6.0	0.0	6		0		0		0		8928		57600
12		9.0	8.0	6		0		0		0		7278		57600
13		7.0	8.0	6		0		0		0		7470		57600
14		8.0	4.0	4		0		0		0		4884		38400
15		0.0	5.0	6		0		0		0		6324		57600
16		6.0	4.0	6		0		0		0		6486		57600
17		1.0	0.0	4		0		0		0		4116		38400
18		1.0	6.0	6		0		0		0		6510		57600
19		10.0	8.0	7		0		0		0		9450		67200
20		1.0	7.0	7		0		0		0		7553		67200
21		8.0	0.0	7		0		0		0		8617		67200
22		8.0	9.0	7		0		0		0		8162		67200
23		9.0	6.0	6		0		0		0		7632		57600
24		5.0	1.0	4		0		0		0		4672		38400
25		0.0	1.0	6		0		0		0		8976		57600
26		1.0	0.0	6		0		0		0		7914		57600
27		5.0	5.0	4		0		0		0		5244		38400
28		7.0	4.0	6		0		0		0		7686		57600
29		1.0	10.0	5		0		0		0		7295		48000
30		3.0	2.0	4		0		0		0		5652		38400
31		6.0	6.0	6		0		0		0		8724		57600
32		0.0	4.0	7		0		0		0		10500		67200
33		5.0	9.0	5		0		0		0		5250		48000
34		6.0	2.0	5		0		0		0		6170		48000
35		6.0	3.0	6		0		0		0		7698		57600
36		10.0	5.0	6		0		0		0		7200		57600
37		6.0	5.0	4		0		0		0		4652		38400
38		2.0	8.0	4		0		0		0		4952		38400
39		5.0	3.0	4		0		0		0		4304		38400
40		5.0	1.0	5		0		0		0		7460		48000
41		5.0	1.0	7		0		0		0		7938		67200
42		8.0	4.0	4		0		0		0		4260		38400
43		3.0	7.0	6		0		0		0		7194		57600
44		9.0	0.0	5		0		0		0		6050		48000
45		2.0	4.0	6		0		0		0		6966		57600
46		7.0	9.0	5		0		0		0		6185		48000
47		0.0	1.0	4		0		0		0		4656		38400
48		6.0	1.0	5		0		0		0		6605		48000
49		1.0	5.0	5		0		0		0		6125		48000
50		0.0	5.0	4		0		0		0		5628		38400
51		5.0	7.0	6		0		0		0		8070		57600
52		0.0	8.0	5		0		0		0		6240		48000
53		6.0	5.0	5		0		0		0		6100		48000
54		3.0	8.0	7		0		0		0		8617		67200
55		9.0	7.0	6		0		0		0		8466		57600
56		3.0	7.0	5		0		0		0		7130		48000
57		6.0	9.0	5		0		0		0		6990		48000
58		10.0	1.0	4		0		0		0		4972		38400
59		4.0	9.0	4		0		0		0		4372		38400
60		2.0	7.0	5		0		0		0		7330		48000
61		7.0	8.0	5		0		0		0		5810		48000
62		4.0	4.0	5		0		0		0		7290		48000
63		5.0	3.0	6		0		0		0		8688		57600
64		6.0	10.0	4		0		0		0		4964		38400
65		0.0	6.0	6		0		0		0		8640		57600
66		8.0	1.0	6		0		0		0		6744		57600
67		1.0	4.0	6		0		0		0		7512		57600
68		3.0	7.0	6		0		0		0		8652		57600
69		9.0	10.0	4		0		0		0		5176		38400
70		9.0	0.0	6		0		0		0		6204		57600
71		0.0	2.0	6		0		0		0		7446		57600
72		4.0	6.0	6		0		0		0		6552		57600
73		3.0	0.0	5		0		0		0		6815		48000
74		1.0	6.0	6		0		0		0		8088		57600
75		10.0	9.0	4		0		0		0		4984		38400
76		10.0	6.0	4		0		0		0		4240		38400
77		6.0	10.0	4		0		0		0		5832		38400
78		8.0	0.0	5		0		0		0		7115		48000
79		2.0	4.0	7		0		0		0		7889		67200
80		1.0	4.0	7		0		0		0		7889		67200
81		9.0	8.0	4		0		0		0		5340		38400
82		8.0	8.0	6		0		0		0		7758		57600
83		7.0	5.0	7		0		0		0		10150		67200
84		10.0	4.0	6		0		0		0		7566		57600
85		4.0	0.0	7		0		0		0		8708		67200
86		7.0	5.0	6		0		0		0		6372		57600
87		5.0	3.0	6		0		0		0		7734		57600
88		0.0	10.0	7		0		0		0		7917		67200
89		0.0	1.0	5		0		0		0		5340		48000
90		3.0	7.0	7		0		0		0		10115		67200
91		1.0	10.0	7		0		0		0		7217		67200
92		7.0	3.0	6		0		0		0		7536		57600
93		7.0	1.0	5		0		0		0		6085		48000
94		10.0	0.0	7		0		0		0		9968		67200
95		8.0	1.0	5		0		0		0		7480		48000
96		0.0	9.0	7		0		0		0		7798		67200
97		9.0	2.0	4		0		0		0		4668		38400
98		2.0	9.0	5		0		0		0		7500		48000
99		1.0	2.0	7		0		0		0		9891		67200
100		3.0	1.0	6		0		0		0		8406		57600

ITEMS
Type	Length	Width	Height	Mass	Fragility	LoadBearingStrength
Bt1	80	120	244	1453	0		0
Bt2	80	120	244	1299	0		0
Bt3	80	120	244	1160	0		0
Bt4	80	120	244	1290	0		0
Bt5	80	120	244	1265	0		0
Bt6	80	120	244	1162	0		0
Bt7	80	120	244	1237	0		0
Bt8	80	120	244	1354	0		0
Bt9	80	120	244	1168	0		0
Bt10	80	120	244	1493	0		0
Bt11	80	120	244	1488	0		0
Bt12	80	120	244	1213	0		0
Bt13	80	120	244	1245	0		0
Bt14	80	120	244	1221	0		0
Bt15	80	120	244	1054	0		0
Bt16	80	120	244	1081	0		0
Bt17	80	120	244	1029	0		0
Bt18	80	120	244	1085	0		0
Bt19	80	120	244	1350	0		0
Bt20	80	120	244	1079	0		0
Bt21	80	120	244	1231	0		0
Bt22	80	120	244	1166	0		0
Bt23	80	120	244	1272	0		0
Bt24	80	120	244	1168	0		0
Bt25	80	120	244	1496	0		0
Bt26	80	120	244	1319	0		0
Bt27	80	120	244	1311	0		0
Bt28	80	120	244	1281	0		0
Bt29	80	120	244	1459	0		0
Bt30	80	120	244	1413	0		0
Bt31	80	120	244	1454	0		0
Bt32	80	120	244	1500	0		0
Bt33	80	120	244	1050	0		0
Bt34	80	120	244	1234	0		0
Bt35	80	120	244	1283	0		0
Bt36	80	120	244	1200	0		0
Bt37	80	120	244	1163	0		0
Bt38	80	120	244	1238	0		0
Bt39	80	120	244	1076	0		0
Bt40	80	120	244	1492	0		0
Bt41	80	120	244	1134	0		0
Bt42	80	120	244	1065	0		0
Bt43	80	120	244	1199	0		0
Bt44	80	120	244	1210	0		0
Bt45	80	120	244	1161	0		0
Bt46	80	120	244	1237	0		0
Bt47	80	120	244	1164	0		0
Bt48	80	120	244	1321	0		0
Bt49	80	120	244	1225	0		0
Bt50	80	120	244	1407	0		0
Bt51	80	120	244	1345	0		0
Bt52	80	120	244	1248	0		0
Bt53	80	120	244	1220	0		0
Bt54	80	120	244	1231	0		0
Bt55	80	120	244	1411	0		0
Bt56	80	120	244	1426	0		0
Bt57	80	120	244	1398	0		0
Bt58	80	120	244	1243	0		0
Bt59	80	120	244	1093	0		0
Bt60	80	120	244	1466	0		0
Bt61	80	120	244	1162	0		0
Bt62	80	120	244	1458	0		0
Bt63	80	120	244	1448	0		0
Bt64	80	120	244	1241	0		0
Bt65	80	120	244	1440	0		0
Bt66	80	120	244	1124	0		0
Bt67	80	120	244	1252	0		0
Bt68	80	120	244	1442	0		0
Bt69	80	120	244	1294	0		0
Bt70	80	120	244	1034	0		0
Bt71	80	120	244	1241	0		0
Bt72	80	120	244	1092	0		0
Bt73	80	120	244	1363	0		0
Bt74	80	120	244	1348	0		0
Bt75	80	120	244	1246	0		0
Bt76	80	120	244	1060	0		0
Bt77	80	120	244	1458	0		0
Bt78	80	120	244	1423	0		0
Bt79	80	120	244	1127	0		0
Bt80	80	120	244	1127	0		0
Bt81	80	120	244	1335	0		0
Bt82	80	120	244	1293	0		0
Bt83	80	120	244	1450	0		0
Bt84	80	120	244	1261	0		0
Bt85	80	120	244	1244	0		0
Bt86	80	120	244	1062	0		0
Bt87	80	120	244	1289	0		0
Bt88	80	120	244	1131	0		0
Bt89	80	120	244	1068	0		0
Bt90	80	120	244	1445	0		0
Bt91	80	120	244	1031	0		0
Bt92	80	120	244	1256	0		0
Bt93	80	120	244	1217	0		0
Bt94	80	120	244	1424	0		0
Bt95	80	120	244	1496	0		0
Bt96	80	120	244	1114	0		0
Bt97	80	120	244	1167	0		0
Bt98	80	120	244	1500	0		0
Bt99	80	120	244	1413	0		0
Bt100	80	120	244	1401	0		0

DEMANDS PER CUSTOMER
i	Type Quantity
1	Bt1 5
2	Bt2 4
3	Bt3 4
4	Bt4 7
5	Bt5 4
6	Bt6 7
7	Bt7 4
8	Bt8 7
9	Bt9 4
10	Bt10 7
11	Bt11 6
12	Bt12 6
13	Bt13 6
14	Bt14 4
15	Bt15 6
16	Bt16 6
17	Bt17 4
18	Bt18 6
19	Bt19 7
20	Bt20 7
21	Bt21 7
22	Bt22 7
23	Bt23 6
24	Bt24 4
25	Bt25 6
26	Bt26 6
27	Bt27 4
28	Bt28 6
29	Bt29 5
30	Bt30 4
31	Bt31 6
32	Bt32 7
33	Bt33 5
34	Bt34 5
35	Bt35 6
36	Bt36 6
37	Bt37 4
38	Bt38 4
39	Bt39 4
40	Bt40 5
41	Bt41 7
42	Bt42 4
43	Bt43 6
44	Bt44 5
45	Bt45 6
46	Bt46 5
47	Bt47 4
48	Bt48 5
49	Bt49 5
50	Bt50 4
51	Bt51 6
52	Bt52 5
53	Bt53 5
54	Bt54 7
55	Bt55 6
56	Bt56 5
57	Bt57 5
58	Bt58 4
59	Bt59 4
60	Bt60 5
61	Bt61 5
62	Bt62 5
63	Bt63 6
64	Bt64 4
65	Bt65 6
66	Bt66 6
67	Bt67 6
68	Bt68 6
69	Bt69 4
70	Bt70 6
71	Bt71 6
72	Bt72 6
73	Bt73 5
74	Bt74 6
75	Bt75 4
76	Bt76 4
77	Bt77 4
78	Bt78 5
79	Bt79 7
80	Bt80 7
81	Bt81 4
82	Bt82 6
83	Bt83 7
84	Bt84 6
85	Bt85 7
86	Bt86 6
87	Bt87 6
88	Bt88 7
89	Bt89 5
90	Bt90 7
91	Bt91 7
92	Bt92 6
93	Bt93 5
94	Bt94 7
95	Bt95 5
96	Bt96 7
97	Bt97 4
98	Bt98 5
99	Bt99 7
100	Bt100 6
