Name				Inst_75_1_5
Number_of_Customers		75
Number_of_Items			404
Number_of_ItemTypes		75
Number_of_Vehicles		75
TimeWindows			0

VEHICLE
Mass_Capacity			32200
CargoSpace_Length		912
CargoSpace_Width		244
CargoSpace_Height		244
Wheelbase			550
Max_Mass_FrontAxle		11600
Max_Mass_RearAxle		21000
Distance_FrontAxle_CargoSpace	-100

CUSTOMERS
i		x	y	Demand		ReadyTime	DueDate		ServiceTime	DemandedMass	DemandedVolume
0		5.0	5.0	0		0		0		0		0		0
1		10.0	10.0	7		0		0		0		8267		67200
2		3.0	4.0	5		0		0		0		5810		48000
3		2.0	8.0	5		0		0		0		5980		48000
4		9.0	4.0	6		0		0		0		7644		57600
5		5.0	6.0	5		0		0		0		5875		48000
6		6.0	9.0	5		0		0		0		7285		48000
7		3.0	5.0	5		0		0		0		6415		48000
8		9.0	0.0	5		0		0		0		7390		48000
9		9.0	6.0	7		0		0		0		8148		67200
10		7.0	7.0	4		0		0		0		4052		38400
11		10.0	2.0	7		0		0		0		9247		67200
12		8.0	9.0	6		0		0		0		7122		57600
13		6.0	4.0	4		0		0		0		4568		38400
14		5.0	1.0	6		0		0		0		8202		57600
15		9.0	1.0	7		0		0		0		10269		67200
16		9.0	0.0	4		0		0		0		5704		38400
17		2.0	9.0	5		0		0		0		7265		48000
18		4.0	6.0	7		0		0		0		7497		67200
19		5.0	7.0	5		0		0		0		6985		48000
20		0.0	6.0	4		0		0		0		5164		38400
21		6.0	2.0	5		0		0		0		5710		48000
22		10.0	10.0	6		0		0		0		6216		57600
23		0.0	8.0	5		0		0		0		6975		48000
24		0.0	2.0	5		0		0		0		6080		48000
25		3.0	6.0	7		0		0		0		8330		67200
26		10.0	8.0	7		0		0		0		9926		67200
27		6.0	1.0	7		0		0		0		8757		67200
28		8.0	5.0	7		0		0		0		7112		67200
29		5.0	4.0	5		0		0		0		5770		48000
30		4.0	0.0	6		0		0		0		7326		57600
31		5.0	6.0	6		0		0		0		6264		57600
32		1.0	4.0	4		0		0		0		4636		38400
33		3.0	9.0	7		0		0		0		7945		67200
34		5.0	6.0	6		0		0		0		7764		57600
35		0.0	6.0	7		0		0		0		8148		67200
36		8.0	2.0	4		0		0		0		4704		38400
37		6.0	8.0	6		0		0		0		6084		57600
38		10.0	8.0	6		0		0		0		8808		57600
39		9.0	2.0	6		0		0		0		7524		57600
40		1.0	9.0	6		0		0		0		7098		57600
41		3.0	5.0	4		0		0		0		5320		38400
42		6.0	2.0	6		0		0		0		6450		57600
43		4.0	7.0	5		0		0		0		7085		48000
44		2.0	0.0	4		0		0		0		5752		38400
45		9.0	8.0	5		0		0		0		5910		48000
46		3.0	8.0	4		0		0		0		5120		38400
47		8.0	6.0	6		0		0		0		7512		57600
48		8.0	3.0	7		0		0		0		7329		67200
49		0.0	10.0	4		0		0		0		4920		38400
50		2.0	2.0	7		0		0		0		7287		67200
51		5.0	5.0	6		0		0		0		7602		57600
52		1.0	4.0	4		0		0		0		5928		38400
53		6.0	1.0	5		0		0		0		5110		48000
54		5.0	2.0	4		0		0		0		4364		38400
55		8.0	6.0	4		0		0		0		5792		38400
56		0.0	9.0	7		0		0		0		8113		67200
57		7.0	7.0	4		0		0		0		5100		38400
58		3.0	0.0	5		0		0		0		6260		48000
59		0.0	6.0	5		0		0		0		5345		48000
60		7.0	0.0	5		0		0		0		5750		48000
61		5.0	3.0	7		0		0		0		7588		67200
62		2.0	9.0	5		0		0		0		6910		48000
63		10.0	10.0	5		0		0		0		7015		48000
64		4.0	9.0	5		0		0		0		5595		48000
65		1.0	8.0	4		0		0		0		5036		38400
66		0.0	8.0	4		0		0		0		4864		38400
67		5.0	2.0	5		0		0		0		6845		48000
68		1.0	7.0	7		0		0		0		8911		67200
69		2.0	0.0	4		0		0		0		4380		38400
70		6.0	6.0	7		0		0		0		9331		67200
71		9.0	2.0	5		0		0		0		6325		48000
72		1.0	1.0	5		0		0		0		6840		48000
73		10.0	8.0	4		0		0		0		4836		38400
74		10.0	2.0	5		0		0		0		7290		48000
75		8.0	8.0	4		0		0		0		4428		38400

ITEMS
Type	Length	Width	Height	Mass	Fragility	LoadBearingStrength
Bt1	80	120	244	1181	0		0
Bt2	80	120	244	1162	0		0
Bt3	80	120	244	1196	0		0
Bt4	80	120	244	1274	0		0
Bt5	80	120	244	1175	0		0
Bt6	80	120	244	1457	0		0
Bt7	80	120	244	1283	0		0
Bt8	80	120	244	1478	0		0
Bt9	80	120	244	1164	0		0
Bt10	80	120	244	1013	0		0
Bt11	80	120	244	1321	0		0
Bt12	80	120	244	1187	0		0
Bt13	80	120	244	1142	0		0
Bt14	80	120	244	1367	0		0
Bt15	80	120	244	1467	0		0
Bt16	80	120	244	1426	0		0
Bt17	80	120	244	1453	0		0
Bt18	80	120	244	1071	0		0
Bt19	80	120	244	1397	0		0
Bt20	80	120	244	1291	0		0
Bt21	80	120	244	1142	0		0
Bt22	80	120	244	1036	0		0
Bt23	80	120	244	1395	0		0
Bt24	80	120	244	1216	0		0
Bt25	80	120	244	1190	0		0
Bt26	80	120	244	1418	0		0
Bt27	80	120	244	1251	0		0
Bt28	80	120	244	1016	0		0
Bt29	80	120	244	1154	0		0
Bt30	80	120	244	1221	0		0
Bt31	80	120	244	1044	0		0
Bt32	80	120	244	1159	0		0
Bt33	80	120	244	1135	0		0
Bt34	80	120	244	1294	0		0
Bt35	80	120	244	1164	0		0
Bt36	80	120	244	1176	0		0
Bt37	80	120	244	1014	0		0
Bt38	80	120	244	1468	0		0
Bt39	80	120	244	1254	0		0
Bt40	80	120	244	1183	0		0
Bt41	80	120	244	1330	0		0
Bt42	80	120	244	1075	0		0
Bt43	80	120	244	1417	0		0
Bt44	80	120	244	1438	0		0
Bt45	80	120	244	1182	0		0
Bt46	80	120	244	1280	0		0
Bt47	80	120	244	1252	0		0
Bt48	80	120	244	1047	0		0
Bt49	80	120	244	1230	0		0
Bt50	80	120	244	1041	0		0
Bt51	80	120	244	1267	0		0
Bt52	80	120	244	1482	0		0
Bt53	80	120	244	1022	0		0
Bt54	80	120	244	1091	0		0
Bt55	80	120	244	1448	0		0
Bt56	80	120	244	1159	0		0
Bt57	80	120	244	1275	0		0
Bt58	80	120	244	1252	0		0
Bt59	80	120	244	1069	0		0
Bt60	80	120	244	1150	0		0
Bt61	80	120	244	1084	0		0
Bt62	80	120	244	1382	0		0
Bt63	80	120	244	1403	0		0
Bt64	80	120	244	1119	0		0
Bt65	80	120	244	1259	0		0
Bt66	80	120	244	1216	0		0
Bt67	80	120	244	1369	0		0
Bt68	80	120	244	1273	0		0
Bt69	80	120	244	1095	0		0
Bt70	80	120	244	1333	0		0
Bt71	80	120	244	1265	0		0
Bt72	80	120	244	1368	0		0
Bt73	80	120	244	1209	0		0
Bt74	80	120	244	1458	0		0
Bt75	80	120	244	1107	0		0

DEMANDS PER CUSTOMER
i	Type Quantity
1	Bt1 7
2	Bt2 5
3	Bt3 5
4	Bt4 6
5	Bt5 5
6	Bt6 5
7	Bt7 5
8	Bt8 5
9	Bt9 7
10	Bt10 4
11	Bt11 7
12	Bt12 6
13	Bt13 4
14	Bt14 6
15	Bt15 7
16	Bt16 4
17	Bt17 5
18	Bt18 7
19	Bt19 5
20	Bt20 4
21	Bt21 5
22	Bt22 6
23	Bt23 5
24	Bt24 5
25	Bt25 7
26	Bt26 7
27	Bt27 7
28	Bt28 7
29	Bt29 5
30	Bt30 6
31	Bt31 6
32	Bt32 4
33	Bt33 7
34	Bt34 6
35	Bt35 7
36	Bt36 4
37	Bt37 6
38	Bt38 6
39	Bt39 6
40	Bt40 6
41	Bt41 4
42	Bt42 6
43	Bt43 5
44	Bt44 4
45	Bt45 5
46	Bt46 4
47	Bt47 6
48	Bt48 7
49	Bt49 4
50	Bt50 7
51	Bt51 6
52	Bt52 4
53	Bt53 5
54	Bt54 4
55	Bt55 4
56	Bt56 7
57	Bt57 4
58	Bt58 5
59	Bt59 5
60	Bt60 5
61	Bt61 7
62	Bt62 5
63	Bt63 5
64	Bt64 5
65	Bt65 4
66	Bt66 4
67	Bt67 5
68	Bt68 7
69	Bt69 4
70	Bt70 7
71	Bt71 5
72	Bt72 5
73	Bt73 4
74	Bt74 5
75	Bt75 4
