Name				Inst_100_2_4
Number_of_Customers		100
Number_of_Items			821
Number_of_ItemTypes		100
Number_of_Vehicles		100
TimeWindows			0

VEHICLE
Mass_Capacity			32200
CargoSpace_Length		912
CargoSpace_Width		244
CargoSpace_Height		244
Wheelbase			550
Max_Mass_FrontAxle		11600
Max_Mass_RearAxle		21000
Distance_FrontAxle_CargoSpace	-100

CUSTOMERS
i		x	y	Demand		ReadyTime	DueDate		ServiceTime	DemandedMass	DemandedVolume
0		5.0	5.0	0		0		0		0		0		0
1		6.0	7.0	3		0		0		0		4113		28800
2		3.0	3.0	12		0		0		0		14928		115200
3		6.0	9.0	8		0		0		0		11016		76800
4		7.0	10.0	6		0		0		0		6948		57600
5		7.0	5.0	2		0		0		0		2886		19200
6		5.0	9.0	9		0		0		0		10845		86400
7		4.0	0.0	3		0		0		0		3996		28800
8		4.0	4.0	9		0		0		0		12141		86400
9		6.0	4.0	2		0		0		0		2242		19200
10		1.0	4.0	12		0		0		0		17796		115200
11		8.0	10.0	3		0		0		0		4134		28800
12		0.0	0.0	7		0		0		0		8862		67200
13		5.0	2.0	13		0		0		0		16172		124800
14		2.0	9.0	13		0		0		0		16991		124800
15		5.0	1.0	6		0		0		0		8010		57600
16		3.0	9.0	9		0		0		0		11934		86400
17		2.0	7.0	3		0		0		0		3963		28800
18		7.0	2.0	15		0		0		0		21675		144000
19		10.0	8.0	3		0		0		0		3426		28800
20		2.0	8.0	11		0		0		0		13123		105600
21		9.0	2.0	9		0		0		0		13230		86400
22		8.0	7.0	1		0		0		0		1366		9600
23		2.0	9.0	9		0		0		0		10359		86400
24		2.0	1.0	9		0		0		0		10017		86400
25		5.0	4.0	13		0		0		0		19357		124800
26		4.0	2.0	8		0		0		0		8456		76800
27		8.0	10.0	8		0		0		0		10920		76800
28		10.0	8.0	3		0		0		0		4248		28800
29		10.0	9.0	3		0		0		0		4389		28800
30		3.0	0.0	11		0		0		0		16379		105600
31		7.0	6.0	10		0		0		0		12670		96000
32		5.0	0.0	14		0		0		0		20650		134400
33		0.0	1.0	15		0		0		0		21405		144000
34		4.0	9.0	12		0		0		0		14664		115200
35		3.0	4.0	6		0		0		0		8130		57600
36		5.0	2.0	12		0		0		0		16680		115200
37		7.0	1.0	5		0		0		0		6675		48000
38		4.0	4.0	2		0		0		0		2788		19200
39		3.0	1.0	13		0		0		0		17589		124800
40		3.0	4.0	10		0		0		0		13670		96000
41		0.0	1.0	15		0		0		0		15855		144000
42		5.0	7.0	6		0		0		0		6546		57600
43		6.0	1.0	3		0		0		0		4458		28800
44		4.0	3.0	9		0		0		0		12411		86400
45		6.0	10.0	15		0		0		0		18300		144000
46		1.0	6.0	3		0		0		0		4482		28800
47		0.0	9.0	14		0		0		0		15190		134400
48		7.0	5.0	13		0		0		0		19006		124800
49		2.0	8.0	14		0		0		0		15862		134400
50		3.0	6.0	1		0		0		0		1292		9600
51		2.0	6.0	4		0		0		0		5448		38400
52		6.0	8.0	3		0		0		0		4257		28800
53		6.0	1.0	9		0		0		0		10836		86400
54		0.0	2.0	3		0		0		0		3678		28800
55		1.0	6.0	15		0		0		0		15735		144000
56		3.0	9.0	12		0		0		0		17460		115200
57		5.0	2.0	12		0		0		0		14244		115200
58		8.0	4.0	4		0		0		0		4592		38400
59		7.0	2.0	6		0		0		0		8130		57600
60		1.0	9.0	15		0		0		0		15420		144000
61		9.0	4.0	14		0		0		0		15456		134400
62		1.0	6.0	14		0		0		0		19012		134400
63		6.0	9.0	1		0		0		0		1374		9600
64		10.0	0.0	2		0		0		0		2706		19200
65		8.0	1.0	13		0		0		0		13143		124800
66		10.0	0.0	10		0		0		0		14030		96000
67		4.0	5.0	8		0		0		0		9920		76800
68		2.0	4.0	15		0		0		0		18510		144000
69		2.0	0.0	2		0		0		0		2178		19200
70		9.0	3.0	10		0		0		0		10720		96000
71		1.0	2.0	11		0		0		0		13805		105600
72		4.0	1.0	15		0		0		0		19170		144000
73		7.0	10.0	3		0		0		0		4422		28800
74		6.0	4.0	14		0		0		0		19558		134400
75		4.0	10.0	13		0		0		0		19266		124800
76		6.0	8.0	11		0		0		0		14322		105600
77		2.0	10.0	15		0		0		0		15405		144000
78		5.0	0.0	5		0		0		0		7030		48000
79		7.0	0.0	2		0		0		0		2986		19200
80		0.0	4.0	2		0		0		0		2302		19200
81		10.0	5.0	10		0		0		0		11060		96000
82		6.0	0.0	8		0		0		0		10224		76800
83		9.0	2.0	3		0		0		0		4080		28800
84		1.0	9.0	13		0		0		0		16796		124800
85		0.0	7.0	1		0		0		0		1060		9600
86		7.0	5.0	12		0		0		0		15720		115200
87		10.0	6.0	3		0		0		0		3096		28800
88		6.0	0.0	5		0		0		0		5715		48000
89		5.0	4.0	7		0		0		0		9282		67200
90		2.0	5.0	12		0		0		0		15600		115200
91		2.0	9.0	7		0		0		0		9653		67200
92		0.0	6.0	10		0		0		0		13670		96000
93		4.0	1.0	7		0		0		0		7455		67200
94		6.0	4.0	7		0		0		0		8316		67200
95		0.0	4.0	1		0		0		0		1239		9600
96		7.0	1.0	10		0		0		0		12040		96000
97		2.0	5.0	12		0		0		0		17592		115200
98		10.0	7.0	1		0		0		0		1369		9600
99		10.0	8.0	7		0		0		0		7469		67200
100		4.0	1.0	7		0		0		0		7406		67200

ITEMS
Type	Length	Width	Height	Mass	Fragility	LoadBearingStrength
Bt1	80	120	244	1371	0		0
Bt2	80	120	244	1244	0		0
Bt3	80	120	244	1377	0		0
Bt4	80	120	244	1158	0		0
Bt5	80	120	244	1443	0		0
Bt6	80	120	244	1205	0		0
Bt7	80	120	244	1332	0		0
Bt8	80	120	244	1349	0		0
Bt9	80	120	244	1121	0		0
Bt10	80	120	244	1483	0		0
Bt11	80	120	244	1378	0		0
Bt12	80	120	244	1266	0		0
Bt13	80	120	244	1244	0		0
Bt14	80	120	244	1307	0		0
Bt15	80	120	244	1335	0		0
Bt16	80	120	244	1326	0		0
Bt17	80	120	244	1321	0		0
Bt18	80	120	244	1445	0		0
Bt19	80	120	244	1142	0		0
Bt20	80	120	244	1193	0		0
Bt21	80	120	244	1470	0		0
Bt22	80	120	244	1366	0		0
Bt23	80	120	244	1151	0		0
Bt24	80	120	244	1113	0		0
Bt25	80	120	244	1489	0		0
Bt26	80	120	244	1057	0		0
Bt27	80	120	244	1365	0		0
Bt28	80	120	244	1416	0		0
Bt29	80	120	244	1463	0		0
Bt30	80	120	244	1489	0		0
Bt31	80	120	244	1267	0		0
Bt32	80	120	244	1475	0		0
Bt33	80	120	244	1427	0		0
Bt34	80	120	244	1222	0		0
Bt35	80	120	244	1355	0		0
Bt36	80	120	244	1390	0		0
Bt37	80	120	244	1335	0		0
Bt38	80	120	244	1394	0		0
Bt39	80	120	244	1353	0		0
Bt40	80	120	244	1367	0		0
Bt41	80	120	244	1057	0		0
Bt42	80	120	244	1091	0		0
Bt43	80	120	244	1486	0		0
Bt44	80	120	244	1379	0		0
Bt45	80	120	244	1220	0		0
Bt46	80	120	244	1494	0		0
Bt47	80	120	244	1085	0		0
Bt48	80	120	244	1462	0		0
Bt49	80	120	244	1133	0		0
Bt50	80	120	244	1292	0		0
Bt51	80	120	244	1362	0		0
Bt52	80	120	244	1419	0		0
Bt53	80	120	244	1204	0		0
Bt54	80	120	244	1226	0		0
Bt55	80	120	244	1049	0		0
Bt56	80	120	244	1455	0		0
Bt57	80	120	244	1187	0		0
Bt58	80	120	244	1148	0		0
Bt59	80	120	244	1355	0		0
Bt60	80	120	244	1028	0		0
Bt61	80	120	244	1104	0		0
Bt62	80	120	244	1358	0		0
Bt63	80	120	244	1374	0		0
Bt64	80	120	244	1353	0		0
Bt65	80	120	244	1011	0		0
Bt66	80	120	244	1403	0		0
Bt67	80	120	244	1240	0		0
Bt68	80	120	244	1234	0		0
Bt69	80	120	244	1089	0		0
Bt70	80	120	244	1072	0		0
Bt71	80	120	244	1255	0		0
Bt72	80	120	244	1278	0		0
Bt73	80	120	244	1474	0		0
Bt74	80	120	244	1397	0		0
Bt75	80	120	244	1482	0		0
Bt76	80	120	244	1302	0		0
Bt77	80	120	244	1027	0		0
Bt78	80	120	244	1406	0		0
Bt79	80	120	244	1493	0		0
Bt80	80	120	244	1151	0		0
Bt81	80	120	244	1106	0		0
Bt82	80	120	244	1278	0		0
Bt83	80	120	244	1360	0		0
Bt84	80	120	244	1292	0		0
Bt85	80	120	244	1060	0		0
Bt86	80	120	244	1310	0		0
Bt87	80	120	244	1032	0		0
Bt88	80	120	244	1143	0		0
Bt89	80	120	244	1326	0		0
Bt90	80	120	244	1300	0		0
Bt91	80	120	244	1379	0		0
Bt92	80	120	244	1367	0		0
Bt93	80	120	244	1065	0		0
Bt94	80	120	244	1188	0		0
Bt95	80	120	244	1239	0		0
Bt96	80	120	244	1204	0		0
Bt97	80	120	244	1466	0		0
Bt98	80	120	244	1369	0		0
Bt99	80	120	244	1067	0		0
Bt100	80	120	244	1058	0		0

DEMANDS PER CUSTOMER
i	Type Quantity
1	Bt1 3
2	Bt2 12
3	Bt3 8
4	Bt4 6
5	Bt5 2
6	Bt6 9
7	Bt7 3
8	Bt8 9
9	Bt9 2
10	Bt10 12
11	Bt11 3
12	Bt12 7
13	Bt13 13
14	Bt14 13
15	Bt15 6
16	Bt16 9
17	Bt17 3
18	Bt18 15
19	Bt19 3
20	Bt20 11
21	Bt21 9
22	Bt22 1
23	Bt23 9
24	Bt24 9
25	Bt25 13
26	Bt26 8
27	Bt27 8
28	Bt28 3
29	Bt29 3
30	Bt30 11
31	Bt31 10
32	Bt32 14
33	Bt33 15
34	Bt34 12
35	Bt35 6
36	Bt36 12
37	Bt37 5
38	Bt38 2
39	Bt39 13
40	Bt40 10
41	Bt41 15
42	Bt42 6
43	Bt43 3
44	Bt44 9
45	Bt45 15
46	Bt46 3
47	Bt47 14
48	Bt48 13
49	Bt49 14
50	Bt50 1
51	Bt51 4
52	Bt52 3
53	Bt53 9
54	Bt54 3
55	Bt55 15
56	Bt56 12
57	Bt57 12
58	Bt58 4
59	Bt59 6
60	Bt60 15
61	Bt61 14
62	Bt62 14
63	Bt63 1
64	Bt64 2
65	Bt65 13
66	Bt66 10
67	Bt67 8
68	Bt68 15
69	Bt69 2
70	Bt70 10
71	Bt71 11
72	Bt72 15
73	Bt73 3
74	Bt74 14
75	Bt75 13
76	Bt76 11
77	Bt77 15
78	Bt78 5
79	Bt79 2
80	Bt80 2
81	Bt81 10
82	Bt82 8
83	Bt83 3
84	Bt84 13
85	Bt85 1
86	Bt86 12
87	Bt87 3
88	Bt88 5
89	Bt89 7
90	Bt90 12
91	Bt91 7
92	Bt92 10
93	Bt93 7
94	Bt94 7
95	Bt95 1
96	Bt96 10
97	Bt97 12
98	Bt98 1
99	Bt99 7
100	Bt100 7
