Name				Inst_100_3_4
Number_of_Customers		100
Number_of_Items			541
Number_of_ItemTypes		100
Number_of_Vehicles		100
TimeWindows			0

VEHICLE
Mass_Capacity			32200
CargoSpace_Length		912
CargoSpace_Width		244
CargoSpace_Height		244
Wheelbase			550
Max_Mass_FrontAxle		11600
Max_Mass_RearAxle		21000
Distance_FrontAxle_CargoSpace	-100

CUSTOMERS
i		x	y	Demand		ReadyTime	DueDate		ServiceTime	DemandedMass	DemandedVolume
0		5.0	5.0	0		0		0		0		0		0
1		0.0	7.0	4		0		0		0		4064		38400
2		3.0	6.0	5		0		0		0		7295		48000
3		6.0	3.0	4		0		0		0		4064		38400
4		3.0	4.0	4		0		0		0		4836		38400
5		3.0	7.0	5		0		0		0		7240		48000
6		6.0	6.0	5		0		0		0		5235		48000
7		5.0	4.0	4		0		0		0		4408		38400
8		10.0	0.0	6		0		0		0		7512		57600
9		2.0	1.0	5		0		0		0		6205		48000
10		4.0	3.0	5		0		0		0		6730		48000
11		4.0	9.0	6		0		0		0		8700		57600
12		10.0	5.0	6		0		0		0		8862		57600
13		6.0	1.0	5		0		0		0		7345		48000
14		6.0	4.0	5		0		0		0		5495		48000
15		10.0	2.0	6		0		0		0		8580		57600
16		10.0	6.0	7		0		0		0		9478		67200
17		7.0	7.0	6		0		0		0		8844		57600
18		8.0	2.0	4		0		0		0		5736		38400
19		2.0	3.0	7		0		0		0		10066		67200
20		8.0	6.0	4		0		0		0		5568		38400
21		2.0	2.0	6		0		0		0		6114		57600
22		9.0	0.0	6		0		0		0		8148		57600
23		5.0	5.0	5		0		0		0		6465		48000
24		7.0	10.0	7		0		0		0		9758		67200
25		5.0	3.0	4		0		0		0		4564		38400
26		0.0	2.0	5		0		0		0		7240		48000
27		10.0	6.0	5		0		0		0		5170		48000
28		2.0	2.0	7		0		0		0		8806		67200
29		0.0	5.0	4		0		0		0		4016		38400
30		7.0	4.0	4		0		0		0		5748		38400
31		5.0	10.0	4		0		0		0		5008		38400
32		8.0	7.0	4		0		0		0		4576		38400
33		0.0	5.0	5		0		0		0		5660		48000
34		7.0	5.0	4		0		0		0		5552		38400
35		4.0	5.0	5		0		0		0		6670		48000
36		8.0	8.0	5		0		0		0		6120		48000
37		8.0	6.0	5		0		0		0		5550		48000
38		0.0	10.0	7		0		0		0		7623		67200
39		2.0	3.0	6		0		0		0		6840		57600
40		4.0	3.0	7		0		0		0		7385		67200
41		6.0	2.0	7		0		0		0		10129		67200
42		7.0	6.0	5		0		0		0		6255		48000
43		8.0	10.0	6		0		0		0		7764		57600
44		2.0	10.0	6		0		0		0		8970		57600
45		5.0	7.0	5		0		0		0		6665		48000
46		7.0	8.0	5		0		0		0		6925		48000
47		7.0	9.0	4		0		0		0		4024		38400
48		1.0	7.0	7		0		0		0		8547		67200
49		6.0	6.0	6		0		0		0		8106		57600
50		3.0	0.0	7		0		0		0		2667		67200
51		1.0	0.0	7		0		0		0		1540		67200
52		5.0	9.0	7		0		0		0		1715		67200
53		10.0	8.0	4		0		0		0		1424		38400
54		5.0	7.0	6		0		0		0		2652		57600
55		8.0	4.0	5		0		0		0		1790		48000
56		2.0	0.0	5		0		0		0		860		48000
57		10.0	9.0	7		0		0		0		1309		67200
58		9.0	1.0	5		0		0		0		1980		48000
59		7.0	0.0	5		0		0		0		1540		48000
60		4.0	9.0	4		0		0		0		1900		38400
61		5.0	5.0	5		0		0		0		1620		48000
62		10.0	5.0	4		0		0		0		824		38400
63		6.0	1.0	7		0		0		0		2422		67200
64		3.0	8.0	5		0		0		0		655		48000
65		5.0	9.0	4		0		0		0		520		38400
66		1.0	7.0	6		0		0		0		1650		57600
67		3.0	5.0	7		0		0		0		3416		67200
68		3.0	0.0	5		0		0		0		1135		48000
69		2.0	5.0	6		0		0		0		1812		57600
70		5.0	6.0	6		0		0		0		2670		57600
71		7.0	1.0	5		0		0		0		1895		48000
72		4.0	6.0	7		0		0		0		1225		67200
73		10.0	4.0	5		0		0		0		2270		48000
74		5.0	2.0	6		0		0		0		1746		57600
75		7.0	9.0	6		0		0		0		1950		57600
76		7.0	2.0	7		0		0		0		3220		67200
77		6.0	2.0	4		0		0		0		1048		38400
78		8.0	9.0	6		0		0		0		2112		57600
79		9.0	4.0	5		0		0		0		2065		48000
80		1.0	6.0	4		0		0		0		1144		38400
81		8.0	7.0	4		0		0		0		1484		38400
82		7.0	6.0	6		0		0		0		1728		57600
83		0.0	3.0	5		0		0		0		555		48000
84		2.0	7.0	6		0		0		0		600		57600
85		5.0	4.0	6		0		0		0		2016		57600
86		8.0	8.0	5		0		0		0		1890		48000
87		7.0	9.0	7		0		0		0		2590		67200
88		9.0	2.0	6		0		0		0		684		57600
89		0.0	10.0	5		0		0		0		645		48000
90		0.0	5.0	7		0		0		0		3031		67200
91		1.0	2.0	7		0		0		0		777		67200
92		7.0	6.0	6		0		0		0		714		57600
93		2.0	1.0	6		0		0		0		684		57600
94		1.0	9.0	6		0		0		0		1428		57600
95		6.0	0.0	4		0		0		0		1468		38400
96		2.0	8.0	4		0		0		0		1844		38400
97		9.0	10.0	5		0		0		0		2415		48000
98		3.0	4.0	4		0		0		0		1168		38400
99		2.0	7.0	4		0		0		0		856		38400
100		10.0	2.0	7		0		0		0		1120		67200

ITEMS
Type	Length	Width	Height	Mass	Fragility	LoadBearingStrength
Bt1	80	120	244	1016	0		0
Bt2	80	120	244	1459	0		0
Bt3	80	120	244	1016	0		0
Bt4	80	120	244	1209	0		0
Bt5	80	120	244	1448	0		0
Bt6	80	120	244	1047	0		0
Bt7	80	120	244	1102	0		0
Bt8	80	120	244	1252	0		0
Bt9	80	120	244	1241	0		0
Bt10	80	120	244	1346	0		0
Bt11	80	120	244	1450	0		0
Bt12	80	120	244	1477	0		0
Bt13	80	120	244	1469	0		0
Bt14	80	120	244	1099	0		0
Bt15	80	120	244	1430	0		0
Bt16	80	120	244	1354	0		0
Bt17	80	120	244	1474	0		0
Bt18	80	120	244	1434	0		0
Bt19	80	120	244	1438	0		0
Bt20	80	120	244	1392	0		0
Bt21	80	120	244	1019	0		0
Bt22	80	120	244	1358	0		0
Bt23	80	120	244	1293	0		0
Bt24	80	120	244	1394	0		0
Bt25	80	120	244	1141	0		0
Bt26	80	120	244	1448	0		0
Bt27	80	120	244	1034	0		0
Bt28	80	120	244	1258	0		0
Bt29	80	120	244	1004	0		0
Bt30	80	120	244	1437	0		0
Bt31	80	120	244	1252	0		0
Bt32	80	120	244	1144	0		0
Bt33	80	120	244	1132	0		0
Bt34	80	120	244	1388	0		0
Bt35	80	120	244	1334	0		0
Bt36	80	120	244	1224	0		0
Bt37	80	120	244	1110	0		0
Bt38	80	120	244	1089	0		0
Bt39	80	120	244	1140	0		0
Bt40	80	120	244	1055	0		0
Bt41	80	120	244	1447	0		0
Bt42	80	120	244	1251	0		0
Bt43	80	120	244	1294	0		0
Bt44	80	120	244	1495	0		0
Bt45	80	120	244	1333	0		0
Bt46	80	120	244	1385	0		0
Bt47	80	120	244	1006	0		0
Bt48	80	120	244	1221	0		0
Bt49	80	120	244	1351	0		0
Bt50	80	120	244	381	0		0
Bt51	80	120	244	220	0		0
Bt52	80	120	244	245	0		0
Bt53	80	120	244	356	0		0
Bt54	80	120	244	442	0		0
Bt55	80	120	244	358	0		0
Bt56	80	120	244	172	0		0
Bt57	80	120	244	187	0		0
Bt58	80	120	244	396	0		0
Bt59	80	120	244	308	0		0
Bt60	80	120	244	475	0		0
Bt61	80	120	244	324	0		0
Bt62	80	120	244	206	0		0
Bt63	80	120	244	346	0		0
Bt64	80	120	244	131	0		0
Bt65	80	120	244	130	0		0
Bt66	80	120	244	275	0		0
Bt67	80	120	244	488	0		0
Bt68	80	120	244	227	0		0
Bt69	80	120	244	302	0		0
Bt70	80	120	244	445	0		0
Bt71	80	120	244	379	0		0
Bt72	80	120	244	175	0		0
Bt73	80	120	244	454	0		0
Bt74	80	120	244	291	0		0
Bt75	80	120	244	325	0		0
Bt76	80	120	244	460	0		0
Bt77	80	120	244	262	0		0
Bt78	80	120	244	352	0		0
Bt79	80	120	244	413	0		0
Bt80	80	120	244	286	0		0
Bt81	80	120	244	371	0		0
Bt82	80	120	244	288	0		0
Bt83	80	120	244	111	0		0
Bt84	80	120	244	100	0		0
Bt85	80	120	244	336	0		0
Bt86	80	120	244	378	0		0
Bt87	80	120	244	370	0		0
Bt88	80	120	244	114	0		0
Bt89	80	120	244	129	0		0
Bt90	80	120	244	433	0		0
Bt91	80	120	244	111	0		0
Bt92	80	120	244	119	0		0
Bt93	80	120	244	114	0		0
Bt94	80	120	244	238	0		0
Bt95	80	120	244	367	0		0
Bt96	80	120	244	461	0		0
Bt97	80	120	244	483	0		0
Bt98	80	120	244	292	0		0
Bt99	80	120	244	214	0		0
Bt100	80	120	244	160	0		0

DEMANDS PER CUSTOMER
i	Type Quantity
1	Bt1 4
2	Bt2 5
3	Bt3 4
4	Bt4 4
5	Bt5 5
6	Bt6 5
7	Bt7 4
8	Bt8 6
9	Bt9 5
10	Bt10 5
11	Bt11 6
12	Bt12 6
13	Bt13 5
14	Bt14 5
15	Bt15 6
16	Bt16 7
17	Bt17 6
18	Bt18 4
19	Bt19 7
20	Bt20 4
21	Bt21 6
22	Bt22 6
23	Bt23 5
24	Bt24 7
25	Bt25 4
26	Bt26 5
27	Bt27 5
28	Bt28 7
29	Bt29 4
30	Bt30 4
31	Bt31 4
32	Bt32 4
33	Bt33 5
34	Bt34 4
35	Bt35 5
36	Bt36 5
37	Bt37 5
38	Bt38 7
39	Bt39 6
40	Bt40 7
41	Bt41 7
42	Bt42 5
43	Bt43 6
44	Bt44 6
45	Bt45 5
46	Bt46 5
47	Bt47 4
48	Bt48 7
49	Bt49 6
50	Bt50 7
51	Bt51 7
52	Bt52 7
53	Bt53 4
54	Bt54 6
55	Bt55 5
56	Bt56 5
57	Bt57 7
58	Bt58 5
59	Bt59 5
60	Bt60 4
61	Bt61 5
62	Bt62 4
63	Bt63 7
64	Bt64 5
65	Bt65 4
66	Bt66 6
67	Bt67 7
68	Bt68 5
69	Bt69 6
70	Bt70 6
71	Bt71 5
72	Bt72 7
73	Bt73 5
74	Bt74 6
75	Bt75 6
76	Bt76 7
77	Bt77 4
78	Bt78 6
79	Bt79 5
80	Bt80 4
81	Bt81 4
82	Bt82 6
83	Bt83 5
84	Bt84 6
85	Bt85 6
86	Bt86 5
87	Bt87 7
88	Bt88 6
89	Bt89 5
90	Bt90 7
91	Bt91 7
92	Bt92 6
93	Bt93 6
94	Bt94 6
95	Bt95 4
96	Bt96 4
97	Bt97 5
98	Bt98 4
99	Bt99 4
100	Bt100 7
