Name				Inst_50_3_4
Number_of_Customers		50
Number_of_Items			262
Number_of_ItemTypes		50
Number_of_Vehicles		50
TimeWindows			0

VEHICLE
Mass_Capacity			32200
CargoSpace_Length		912
CargoSpace_Width		244
CargoSpace_Height		244
Wheelbase			550
Max_Mass_FrontAxle		11600
Max_Mass_RearAxle		21000
Distance_FrontAxle_CargoSpace	-100

CUSTOMERS
i		x	y	Demand		ReadyTime	DueDate		ServiceTime	DemandedMass	DemandedVolume
0		5.0	5.0	0		0		0		0		0		0
1		3.0	2.0	7		0		0		0		9534		67200
2		8.0	0.0	7		0		0		0		10066		67200
3		9.0	1.0	5		0		0		0		6840		48000
4		8.0	9.0	6		0		0		0		8472		57600
5		7.0	0.0	6		0		0		0		8826		57600
6		7.0	7.0	7		0		0		0		9639		67200
7		8.0	0.0	4		0		0		0		4552		38400
8		4.0	5.0	5		0		0		0		7465		48000
9		1.0	8.0	4		0		0		0		5124		38400
10		1.0	7.0	4		0		0		0		4600		38400
11		3.0	4.0	6		0		0		0		8316		57600
12		5.0	9.0	4		0		0		0		5168		38400
13		4.0	9.0	4		0		0		0		5488		38400
14		10.0	10.0	4		0		0		0		5440		38400
15		9.0	9.0	6		0		0		0		7854		57600
16		2.0	10.0	4		0		0		0		4052		38400
17		6.0	0.0	4		0		0		0		5624		38400
18		1.0	10.0	7		0		0		0		9681		67200
19		7.0	7.0	5		0		0		0		6150		48000
20		2.0	0.0	7		0		0		0		8106		67200
21		7.0	1.0	5		0		0		0		5930		48000
22		0.0	10.0	4		0		0		0		4628		38400
23		5.0	7.0	4		0		0		0		4196		38400
24		8.0	1.0	5		0		0		0		5500		48000
25		9.0	10.0	7		0		0		0		3402		67200
26		4.0	1.0	4		0		0		0		1156		38400
27		3.0	4.0	5		0		0		0		1770		48000
28		2.0	8.0	5		0		0		0		1250		48000
29		9.0	1.0	5		0		0		0		1555		48000
30		7.0	2.0	6		0		0		0		1416		57600
31		2.0	7.0	6		0		0		0		2418		57600
32		10.0	7.0	6		0		0		0		2820		57600
33		0.0	2.0	5		0		0		0		1630		48000
34		2.0	10.0	4		0		0		0		1108		38400
35		6.0	7.0	4		0		0		0		708		38400
36		3.0	9.0	4		0		0		0		1076		38400
37		4.0	5.0	5		0		0		0		1520		48000
38		0.0	5.0	4		0		0		0		1836		38400
39		9.0	4.0	5		0		0		0		1255		48000
40		3.0	5.0	5		0		0		0		550		48000
41		10.0	3.0	4		0		0		0		1988		38400
42		4.0	4.0	6		0		0		0		1572		57600
43		10.0	0.0	5		0		0		0		1055		48000
44		5.0	6.0	7		0		0		0		3374		67200
45		6.0	9.0	6		0		0		0		1422		57600
46		1.0	3.0	5		0		0		0		1220		48000
47		0.0	7.0	5		0		0		0		950		48000
48		3.0	6.0	7		0		0		0		3101		67200
49		7.0	5.0	6		0		0		0		2166		57600
50		6.0	2.0	7		0		0		0		2555		67200

ITEMS
Type	Length	Width	Height	Mass	Fragility	LoadBearingStrength
Bt1	80	120	244	1362	0		0
Bt2	80	120	244	1438	0		0
Bt3	80	120	244	1368	0		0
Bt4	80	120	244	1412	0		0
Bt5	80	120	244	1471	0		0
Bt6	80	120	244	1377	0		0
Bt7	80	120	244	1138	0		0
Bt8	80	120	244	1493	0		0
Bt9	80	120	244	1281	0		0
Bt10	80	120	244	1150	0		0
Bt11	80	120	244	1386	0		0
Bt12	80	120	244	1292	0		0
Bt13	80	120	244	1372	0		0
Bt14	80	120	244	1360	0		0
Bt15	80	120	244	1309	0		0
Bt16	80	120	244	1013	0		0
Bt17	80	120	244	1406	0		0
Bt18	80	120	244	1383	0		0
Bt19	80	120	244	1230	0		0
Bt20	80	120	244	1158	0		0
Bt21	80	120	244	1186	0		0
Bt22	80	120	244	1157	0		0
Bt23	80	120	244	1049	0		0
Bt24	80	120	244	1100	0		0
Bt25	80	120	244	486	0		0
Bt26	80	120	244	289	0		0
Bt27	80	120	244	354	0		0
Bt28	80	120	244	250	0		0
Bt29	80	120	244	311	0		0
Bt30	80	120	244	236	0		0
Bt31	80	120	244	403	0		0
Bt32	80	120	244	470	0		0
Bt33	80	120	244	326	0		0
Bt34	80	120	244	277	0		0
Bt35	80	120	244	177	0		0
Bt36	80	120	244	269	0		0
Bt37	80	120	244	304	0		0
Bt38	80	120	244	459	0		0
Bt39	80	120	244	251	0		0
Bt40	80	120	244	110	0		0
Bt41	80	120	244	497	0		0
Bt42	80	120	244	262	0		0
Bt43	80	120	244	211	0		0
Bt44	80	120	244	482	0		0
Bt45	80	120	244	237	0		0
Bt46	80	120	244	244	0		0
Bt47	80	120	244	190	0		0
Bt48	80	120	244	443	0		0
Bt49	80	120	244	361	0		0
Bt50	80	120	244	365	0		0

DEMANDS PER CUSTOMER
i	Type Quantity
1	Bt1 7
2	Bt2 7
3	Bt3 5
4	Bt4 6
5	Bt5 6
6	Bt6 7
7	Bt7 4
8	Bt8 5
9	Bt9 4
10	Bt10 4
11	Bt11 6
12	Bt12 4
13	Bt13 4
14	Bt14 4
15	Bt15 6
16	Bt16 4
17	Bt17 4
18	Bt18 7
19	Bt19 5
20	Bt20 7
21	Bt21 5
22	Bt22 4
23	Bt23 4
24	Bt24 5
25	Bt25 7
26	Bt26 4
27	Bt27 5
28	Bt28 5
29	Bt29 5
30	Bt30 6
31	Bt31 6
32	Bt32 6
33	Bt33 5
34	Bt34 4
35	Bt35 4
36	Bt36 4
37	Bt37 5
38	Bt38 4
39	Bt39 5
40	Bt40 5
41	Bt41 4
42	Bt42 6
43	Bt43 5
44	Bt44 7
45	Bt45 6
46	Bt46 5
47	Bt47 5
48	Bt48 7
49	Bt49 6
50	Bt50 7
