Name				Inst_50_2_8
Number_of_Customers		50
Number_of_Items			392
Number_of_ItemTypes		50
Number_of_Vehicles		50
TimeWindows			0

VEHICLE
Mass_Capacity			32200
CargoSpace_Length		912
CargoSpace_Width		244
CargoSpace_Height		244
Wheelbase			550
Max_Mass_FrontAxle		11600
Max_Mass_RearAxle		21000
Distance_FrontAxle_CargoSpace	-100

CUSTOMERS
i		x	y	Demand		ReadyTime	DueDate		ServiceTime	DemandedMass	DemandedVolume
0		5.0	5.0	0		0		0		0		0		0
1		7.0	6.0	1		0		0		0		1459		9600
2		8.0	4.0	2		0		0		0		2558		19200
3		5.0	3.0	1		0		0		0		1145		9600
4		10.0	4.0	8		0		0		0		9112		76800
5		2.0	4.0	1		0		0		0		1353		9600
6		0.0	4.0	15		0		0		0		16545		144000
7		1.0	10.0	7		0		0		0		8820		67200
8		1.0	6.0	5		0		0		0		6820		48000
9		2.0	4.0	15		0		0		0		20280		144000
10		6.0	10.0	5		0		0		0		7075		48000
11		6.0	8.0	10		0		0		0		14760		96000
12		0.0	10.0	3		0		0		0		4473		28800
13		6.0	0.0	10		0		0		0		10630		96000
14		9.0	8.0	11		0		0		0		13167		105600
15		10.0	1.0	6		0		0		0		7038		57600
16		6.0	8.0	11		0		0		0		11154		105600
17		1.0	6.0	9		0		0		0		11952		86400
18		5.0	3.0	8		0		0		0		9288		76800
19		5.0	1.0	13		0		0		0		17433		124800
20		4.0	10.0	15		0		0		0		15360		144000
21		5.0	3.0	8		0		0		0		11952		76800
22		10.0	2.0	5		0		0		0		6640		48000
23		5.0	0.0	15		0		0		0		22005		144000
24		10.0	3.0	14		0		0		0		20412		134400
25		8.0	4.0	7		0		0		0		7735		67200
26		6.0	4.0	6		0		0		0		7116		57600
27		0.0	0.0	9		0		0		0		10908		86400
28		8.0	5.0	2		0		0		0		2414		19200
29		2.0	10.0	2		0		0		0		2596		19200
30		4.0	9.0	12		0		0		0		12600		115200
31		5.0	0.0	5		0		0		0		5675		48000
32		2.0	6.0	5		0		0		0		6380		48000
33		10.0	2.0	13		0		0		0		16263		124800
34		0.0	3.0	2		0		0		0		2482		19200
35		3.0	7.0	8		0		0		0		10488		76800
36		1.0	1.0	6		0		0		0		7248		57600
37		2.0	10.0	3		0		0		0		3963		28800
38		1.0	1.0	13		0		0		0		15795		124800
39		5.0	4.0	3		0		0		0		3129		28800
40		6.0	2.0	9		0		0		0		13266		86400
41		4.0	5.0	14		0		0		0		15498		134400
42		7.0	8.0	6		0		0		0		6168		57600
43		0.0	4.0	14		0		0		0		18592		134400
44		1.0	9.0	6		0		0		0		8304		57600
45		1.0	10.0	7		0		0		0		9149		67200
46		6.0	2.0	15		0		0		0		18045		144000
47		2.0	3.0	3		0		0		0		3279		28800
48		9.0	8.0	10		0		0		0		13460		96000
49		3.0	5.0	6		0		0		0		7986		57600
50		6.0	7.0	8		0		0		0		9312		76800

ITEMS
Type	Length	Width	Height	Mass	Fragility	LoadBearingStrength
Bt1	80	120	244	1459	0		0
Bt2	80	120	244	1279	0		0
Bt3	80	120	244	1145	0		0
Bt4	80	120	244	1139	0		0
Bt5	80	120	244	1353	0		0
Bt6	80	120	244	1103	0		0
Bt7	80	120	244	1260	0		0
Bt8	80	120	244	1364	0		0
Bt9	80	120	244	1352	0		0
Bt10	80	120	244	1415	0		0
Bt11	80	120	244	1476	0		0
Bt12	80	120	244	1491	0		0
Bt13	80	120	244	1063	0		0
Bt14	80	120	244	1197	0		0
Bt15	80	120	244	1173	0		0
Bt16	80	120	244	1014	0		0
Bt17	80	120	244	1328	0		0
Bt18	80	120	244	1161	0		0
Bt19	80	120	244	1341	0		0
Bt20	80	120	244	1024	0		0
Bt21	80	120	244	1494	0		0
Bt22	80	120	244	1328	0		0
Bt23	80	120	244	1467	0		0
Bt24	80	120	244	1458	0		0
Bt25	80	120	244	1105	0		0
Bt26	80	120	244	1186	0		0
Bt27	80	120	244	1212	0		0
Bt28	80	120	244	1207	0		0
Bt29	80	120	244	1298	0		0
Bt30	80	120	244	1050	0		0
Bt31	80	120	244	1135	0		0
Bt32	80	120	244	1276	0		0
Bt33	80	120	244	1251	0		0
Bt34	80	120	244	1241	0		0
Bt35	80	120	244	1311	0		0
Bt36	80	120	244	1208	0		0
Bt37	80	120	244	1321	0		0
Bt38	80	120	244	1215	0		0
Bt39	80	120	244	1043	0		0
Bt40	80	120	244	1474	0		0
Bt41	80	120	244	1107	0		0
Bt42	80	120	244	1028	0		0
Bt43	80	120	244	1328	0		0
Bt44	80	120	244	1384	0		0
Bt45	80	120	244	1307	0		0
Bt46	80	120	244	1203	0		0
Bt47	80	120	244	1093	0		0
Bt48	80	120	244	1346	0		0
Bt49	80	120	244	1331	0		0
Bt50	80	120	244	1164	0		0

DEMANDS PER CUSTOMER
i	Type Quantity
1	Bt1 1
2	Bt2 2
3	Bt3 1
4	Bt4 8
5	Bt5 1
6	Bt6 15
7	Bt7 7
8	Bt8 5
9	Bt9 15
10	Bt10 5
11	Bt11 10
12	Bt12 3
13	Bt13 10
14	Bt14 11
15	Bt15 6
16	Bt16 11
17	Bt17 9
18	Bt18 8
19	Bt19 13
20	Bt20 15
21	Bt21 8
22	Bt22 5
23	Bt23 15
24	Bt24 14
25	Bt25 7
26	Bt26 6
27	Bt27 9
28	Bt28 2
29	Bt29 2
30	Bt30 12
31	Bt31 5
32	Bt32 5
33	Bt33 13
34	Bt34 2
35	Bt35 8
36	Bt36 6
37	Bt37 3
38	Bt38 13
39	Bt39 3
40	Bt40 9
41	Bt41 14
42	Bt42 6
43	Bt43 14
44	Bt44 6
45	Bt45 7
46	Bt46 15
47	Bt47 3
48	Bt48 10
49	Bt49 6
50	Bt50 8
