Name				Inst_75_4_8
Number_of_Customers		75
Number_of_Items			575
Number_of_ItemTypes		75
Number_of_Vehicles		75
TimeWindows			0

VEHICLE
Mass_Capacity			32200
CargoSpace_Length		912
CargoSpace_Width		244
CargoSpace_Height		244
Wheelbase			550
Max_Mass_FrontAxle		11600
Max_Mass_RearAxle		21000
Distance_FrontAxle_CargoSpace	-100

CUSTOMERS
i		x	y	Demand		ReadyTime	DueDate		ServiceTime	DemandedMass	DemandedVolume
0		5.0	5.0	0		0		0		0		0		0
1		3.0	1.0	6		0		0		0		6708		57600
2		7.0	8.0	12		0		0		0		17832		115200
3		2.0	10.0	10		0		0		0		11190		96000
4		6.0	8.0	9		0		0		0		11034		86400
5		2.0	9.0	9		0		0		0		13149		86400
6		6.0	9.0	5		0		0		0		5460		48000
7		1.0	9.0	3		0		0		0		3513		28800
8		4.0	5.0	2		0		0		0		2718		19200
9		1.0	5.0	3		0		0		0		3141		28800
10		9.0	8.0	5		0		0		0		5500		48000
11		10.0	4.0	8		0		0		0		11112		76800
12		8.0	5.0	11		0		0		0		12947		105600
13		9.0	5.0	10		0		0		0		11350		96000
14		2.0	10.0	14		0		0		0		14448		134400
15		2.0	1.0	9		0		0		0		11187		86400
16		3.0	1.0	7		0		0		0		9485		67200
17		7.0	1.0	7		0		0		0		8092		67200
18		2.0	3.0	3		0		0		0		3369		28800
19		5.0	3.0	9		0		0		0		9531		86400
20		5.0	10.0	6		0		0		0		8274		57600
21		4.0	9.0	10		0		0		0		12130		96000
22		4.0	5.0	8		0		0		0		10200		76800
23		0.0	9.0	6		0		0		0		8760		57600
24		2.0	0.0	4		0		0		0		4628		38400
25		4.0	4.0	8		0		0		0		8424		76800
26		10.0	2.0	10		0		0		0		13120		96000
27		9.0	9.0	2		0		0		0		2366		19200
28		2.0	8.0	6		0		0		0		7650		57600
29		8.0	4.0	1		0		0		0		1324		9600
30		8.0	2.0	2		0		0		0		2650		19200
31		2.0	10.0	1		0		0		0		1391		9600
32		3.0	3.0	8		0		0		0		10744		76800
33		9.0	5.0	1		0		0		0		1037		9600
34		5.0	7.0	14		0		0		0		14700		134400
35		8.0	6.0	3		0		0		0		3072		28800
36		4.0	2.0	1		0		0		0		1365		9600
37		6.0	2.0	13		0		0		0		4589		124800
38		2.0	0.0	7		0		0		0		1827		67200
39		2.0	7.0	14		0		0		0		6118		134400
40		1.0	0.0	14		0		0		0		2842		134400
41		5.0	7.0	9		0		0		0		1467		86400
42		3.0	1.0	10		0		0		0		4260		96000
43		3.0	1.0	10		0		0		0		4220		96000
44		8.0	1.0	6		0		0		0		1710		57600
45		8.0	9.0	4		0		0		0		760		38400
46		1.0	0.0	5		0		0		0		2195		48000
47		1.0	3.0	11		0		0		0		2387		105600
48		6.0	5.0	12		0		0		0		1920		115200
49		2.0	4.0	10		0		0		0		4490		96000
50		3.0	9.0	13		0		0		0		2795		124800
51		8.0	1.0	13		0		0		0		1365		124800
52		6.0	7.0	9		0		0		0		3087		86400
53		0.0	1.0	1		0		0		0		434		9600
54		1.0	10.0	6		0		0		0		2964		57600
55		1.0	2.0	14		0		0		0		4872		134400
56		1.0	7.0	9		0		0		0		3402		86400
57		8.0	4.0	3		0		0		0		684		28800
58		8.0	8.0	11		0		0		0		3861		105600
59		2.0	5.0	6		0		0		0		1362		57600
60		9.0	2.0	14		0		0		0		2660		134400
61		6.0	8.0	7		0		0		0		3024		67200
62		5.0	0.0	2		0		0		0		946		19200
63		9.0	1.0	11		0		0		0		5269		105600
64		3.0	3.0	3		0		0		0		891		28800
65		4.0	7.0	2		0		0		0		226		19200
66		3.0	5.0	7		0		0		0		3122		67200
67		8.0	7.0	14		0		0		0		5194		134400
68		3.0	6.0	10		0		0		0		4340		96000
69		1.0	5.0	2		0		0		0		834		19200
70		7.0	0.0	11		0		0		0		2464		105600
71		2.0	6.0	13		0		0		0		5642		124800
72		9.0	10.0	15		0		0		0		6135		144000
73		4.0	7.0	9		0		0		0		2025		86400
74		9.0	8.0	9		0		0		0		3150		86400
75		4.0	9.0	3		0		0		0		816		28800

ITEMS
Type	Length	Width	Height	Mass	Fragility	LoadBearingStrength
Bt1	80	120	244	1118	0		0
Bt2	80	120	244	1486	0		0
Bt3	80	120	244	1119	0		0
Bt4	80	120	244	1226	0		0
Bt5	80	120	244	1461	0		0
Bt6	80	120	244	1092	0		0
Bt7	80	120	244	1171	0		0
Bt8	80	120	244	1359	0		0
Bt9	80	120	244	1047	0		0
Bt10	80	120	244	1100	0		0
Bt11	80	120	244	1389	0		0
Bt12	80	120	244	1177	0		0
Bt13	80	120	244	1135	0		0
Bt14	80	120	244	1032	0		0
Bt15	80	120	244	1243	0		0
Bt16	80	120	244	1355	0		0
Bt17	80	120	244	1156	0		0
Bt18	80	120	244	1123	0		0
Bt19	80	120	244	1059	0		0
Bt20	80	120	244	1379	0		0
Bt21	80	120	244	1213	0		0
Bt22	80	120	244	1275	0		0
Bt23	80	120	244	1460	0		0
Bt24	80	120	244	1157	0		0
Bt25	80	120	244	1053	0		0
Bt26	80	120	244	1312	0		0
Bt27	80	120	244	1183	0		0
Bt28	80	120	244	1275	0		0
Bt29	80	120	244	1324	0		0
Bt30	80	120	244	1325	0		0
Bt31	80	120	244	1391	0		0
Bt32	80	120	244	1343	0		0
Bt33	80	120	244	1037	0		0
Bt34	80	120	244	1050	0		0
Bt35	80	120	244	1024	0		0
Bt36	80	120	244	1365	0		0
Bt37	80	120	244	353	0		0
Bt38	80	120	244	261	0		0
Bt39	80	120	244	437	0		0
Bt40	80	120	244	203	0		0
Bt41	80	120	244	163	0		0
Bt42	80	120	244	426	0		0
Bt43	80	120	244	422	0		0
Bt44	80	120	244	285	0		0
Bt45	80	120	244	190	0		0
Bt46	80	120	244	439	0		0
Bt47	80	120	244	217	0		0
Bt48	80	120	244	160	0		0
Bt49	80	120	244	449	0		0
Bt50	80	120	244	215	0		0
Bt51	80	120	244	105	0		0
Bt52	80	120	244	343	0		0
Bt53	80	120	244	434	0		0
Bt54	80	120	244	494	0		0
Bt55	80	120	244	348	0		0
Bt56	80	120	244	378	0		0
Bt57	80	120	244	228	0		0
Bt58	80	120	244	351	0		0
Bt59	80	120	244	227	0		0
Bt60	80	120	244	190	0		0
Bt61	80	120	244	432	0		0
Bt62	80	120	244	473	0		0
Bt63	80	120	244	479	0		0
Bt64	80	120	244	297	0		0
Bt65	80	120	244	113	0		0
Bt66	80	120	244	446	0		0
Bt67	80	120	244	371	0		0
Bt68	80	120	244	434	0		0
Bt69	80	120	244	417	0		0
Bt70	80	120	244	224	0		0
Bt71	80	120	244	434	0		0
Bt72	80	120	244	409	0		0
Bt73	80	120	244	225	0		0
Bt74	80	120	244	350	0		0
Bt75	80	120	244	272	0		0

DEMANDS PER CUSTOMER
i	Type Quantity
1	Bt1 6
2	Bt2 12
3	Bt3 10
4	Bt4 9
5	Bt5 9
6	Bt6 5
7	Bt7 3
8	Bt8 2
9	Bt9 3
10	Bt10 5
11	Bt11 8
12	Bt12 11
13	Bt13 10
14	Bt14 14
15	Bt15 9
16	Bt16 7
17	Bt17 7
18	Bt18 3
19	Bt19 9
20	Bt20 6
21	Bt21 10
22	Bt22 8
23	Bt23 6
24	Bt24 4
25	Bt25 8
26	Bt26 10
27	Bt27 2
28	Bt28 6
29	Bt29 1
30	Bt30 2
31	Bt31 1
32	Bt32 8
33	Bt33 1
34	Bt34 14
35	Bt35 3
36	Bt36 1
37	Bt37 13
38	Bt38 7
39	Bt39 14
40	Bt40 14
41	Bt41 9
42	Bt42 10
43	Bt43 10
44	Bt44 6
45	Bt45 4
46	Bt46 5
47	Bt47 11
48	Bt48 12
49	Bt49 10
50	Bt50 13
51	Bt51 13
52	Bt52 9
53	Bt53 1
54	Bt54 6
55	Bt55 14
56	Bt56 9
57	Bt57 3
58	Bt58 11
59	Bt59 6
60	Bt60 14
61	Bt61 7
62	Bt62 2
63	Bt63 11
64	Bt64 3
65	Bt65 2
66	Bt66 7
67	Bt67 14
68	Bt68 10
69	Bt69 2
70	Bt70 11
71	Bt71 13
72	Bt72 15
73	Bt73 9
74	Bt74 9
75	Bt75 3
