Name				Inst_75_4_4
Number_of_Customers		75
Number_of_Items			610
Number_of_ItemTypes		75
Number_of_Vehicles		75
TimeWindows			0

VEHICLE
Mass_Capacity			32200
CargoSpace_Length		912
CargoSpace_Width		244
CargoSpace_Height		244
Wheelbase			550
Max_Mass_FrontAxle		11600
Max_Mass_RearAxle		21000
Distance_FrontAxle_CargoSpace	-100

CUSTOMERS
i		x	y	Demand		ReadyTime	DueDate		ServiceTime	DemandedMass	DemandedVolume
0		5.0	5.0	0		0		0		0		0		0
1		6.0	2.0	7		0		0		0		9625		67200
2		0.0	1.0	15		0		0		0		15435		144000
3		9.0	4.0	14		0		0		0		16184		134400
4		3.0	8.0	14		0		0		0		16940		134400
5		9.0	1.0	10		0		0		0		10070		96000
6		2.0	3.0	2		0		0		0		2062		19200
7		6.0	8.0	9		0		0		0		10647		86400
8		0.0	4.0	13		0		0		0		18694		124800
9		4.0	9.0	1		0		0		0		1067		9600
10		0.0	3.0	4		0		0		0		4940		38400
11		1.0	10.0	13		0		0		0		14495		124800
12		0.0	8.0	5		0		0		0		5955		48000
13		2.0	0.0	1		0		0		0		1142		9600
14		10.0	10.0	6		0		0		0		6954		57600
15		4.0	10.0	13		0		0		0		17563		124800
16		7.0	7.0	15		0		0		0		21360		144000
17		1.0	0.0	15		0		0		0		20160		144000
18		0.0	1.0	7		0		0		0		10199		67200
19		7.0	8.0	4		0		0		0		4516		38400
20		9.0	3.0	9		0		0		0		13086		86400
21		1.0	7.0	8		0		0		0		9880		76800
22		3.0	7.0	8		0		0		0		11240		76800
23		5.0	1.0	2		0		0		0		2302		19200
24		6.0	10.0	12		0		0		0		16608		115200
25		5.0	3.0	15		0		0		0		16320		144000
26		0.0	1.0	13		0		0		0		16237		124800
27		1.0	2.0	9		0		0		0		11358		86400
28		2.0	9.0	9		0		0		0		12483		86400
29		8.0	6.0	1		0		0		0		1094		9600
30		0.0	3.0	4		0		0		0		5436		38400
31		6.0	10.0	13		0		0		0		18239		124800
32		1.0	2.0	12		0		0		0		14700		115200
33		0.0	7.0	8		0		0		0		11832		76800
34		1.0	9.0	11		0		0		0		11737		105600
35		6.0	7.0	6		0		0		0		8730		57600
36		2.0	0.0	6		0		0		0		6408		57600
37		4.0	6.0	8		0		0		0		1512		76800
38		1.0	4.0	8		0		0		0		3640		76800
39		0.0	9.0	10		0		0		0		4650		96000
40		6.0	10.0	14		0		0		0		6174		134400
41		8.0	6.0	10		0		0		0		2670		96000
42		1.0	2.0	2		0		0		0		528		19200
43		0.0	2.0	11		0		0		0		4279		105600
44		10.0	10.0	1		0		0		0		145		9600
45		10.0	7.0	3		0		0		0		1488		28800
46		7.0	1.0	5		0		0		0		930		48000
47		0.0	0.0	3		0		0		0		456		28800
48		3.0	2.0	6		0		0		0		1668		57600
49		0.0	9.0	3		0		0		0		300		28800
50		6.0	3.0	11		0		0		0		1980		105600
51		4.0	3.0	5		0		0		0		740		48000
52		0.0	7.0	9		0		0		0		3708		86400
53		0.0	10.0	14		0		0		0		6930		134400
54		1.0	1.0	3		0		0		0		1176		28800
55		6.0	0.0	11		0		0		0		4334		105600
56		1.0	4.0	12		0		0		0		5736		115200
57		5.0	1.0	1		0		0		0		456		9600
58		1.0	7.0	5		0		0		0		1955		48000
59		3.0	1.0	5		0		0		0		505		48000
60		7.0	7.0	10		0		0		0		2210		96000
61		6.0	1.0	5		0		0		0		1925		48000
62		3.0	6.0	13		0		0		0		4160		124800
63		10.0	6.0	8		0		0		0		952		76800
64		0.0	4.0	1		0		0		0		456		9600
65		1.0	7.0	10		0		0		0		3570		96000
66		8.0	10.0	2		0		0		0		920		19200
67		10.0	10.0	8		0		0		0		2784		76800
68		8.0	4.0	12		0		0		0		1476		115200
69		0.0	9.0	7		0		0		0		2149		67200
70		8.0	0.0	11		0		0		0		4664		105600
71		9.0	6.0	9		0		0		0		3636		86400
72		8.0	9.0	11		0		0		0		1969		105600
73		2.0	0.0	6		0		0		0		2862		57600
74		10.0	1.0	15		0		0		0		4560		144000
75		8.0	0.0	8		0		0		0		3200		76800

ITEMS
Type	Length	Width	Height	Mass	Fragility	LoadBearingStrength
Bt1	80	120	244	1375	0		0
Bt2	80	120	244	1029	0		0
Bt3	80	120	244	1156	0		0
Bt4	80	120	244	1210	0		0
Bt5	80	120	244	1007	0		0
Bt6	80	120	244	1031	0		0
Bt7	80	120	244	1183	0		0
Bt8	80	120	244	1438	0		0
Bt9	80	120	244	1067	0		0
Bt10	80	120	244	1235	0		0
Bt11	80	120	244	1115	0		0
Bt12	80	120	244	1191	0		0
Bt13	80	120	244	1142	0		0
Bt14	80	120	244	1159	0		0
Bt15	80	120	244	1351	0		0
Bt16	80	120	244	1424	0		0
Bt17	80	120	244	1344	0		0
Bt18	80	120	244	1457	0		0
Bt19	80	120	244	1129	0		0
Bt20	80	120	244	1454	0		0
Bt21	80	120	244	1235	0		0
Bt22	80	120	244	1405	0		0
Bt23	80	120	244	1151	0		0
Bt24	80	120	244	1384	0		0
Bt25	80	120	244	1088	0		0
Bt26	80	120	244	1249	0		0
Bt27	80	120	244	1262	0		0
Bt28	80	120	244	1387	0		0
Bt29	80	120	244	1094	0		0
Bt30	80	120	244	1359	0		0
Bt31	80	120	244	1403	0		0
Bt32	80	120	244	1225	0		0
Bt33	80	120	244	1479	0		0
Bt34	80	120	244	1067	0		0
Bt35	80	120	244	1455	0		0
Bt36	80	120	244	1068	0		0
Bt37	80	120	244	189	0		0
Bt38	80	120	244	455	0		0
Bt39	80	120	244	465	0		0
Bt40	80	120	244	441	0		0
Bt41	80	120	244	267	0		0
Bt42	80	120	244	264	0		0
Bt43	80	120	244	389	0		0
Bt44	80	120	244	145	0		0
Bt45	80	120	244	496	0		0
Bt46	80	120	244	186	0		0
Bt47	80	120	244	152	0		0
Bt48	80	120	244	278	0		0
Bt49	80	120	244	100	0		0
Bt50	80	120	244	180	0		0
Bt51	80	120	244	148	0		0
Bt52	80	120	244	412	0		0
Bt53	80	120	244	495	0		0
Bt54	80	120	244	392	0		0
Bt55	80	120	244	394	0		0
Bt56	80	120	244	478	0		0
Bt57	80	120	244	456	0		0
Bt58	80	120	244	391	0		0
Bt59	80	120	244	101	0		0
Bt60	80	120	244	221	0		0
Bt61	80	120	244	385	0		0
Bt62	80	120	244	320	0		0
Bt63	80	120	244	119	0		0
Bt64	80	120	244	456	0		0
Bt65	80	120	244	357	0		0
Bt66	80	120	244	460	0		0
Bt67	80	120	244	348	0		0
Bt68	80	120	244	123	0		0
Bt69	80	120	244	307	0		0
Bt70	80	120	244	424	0		0
Bt71	80	120	244	404	0		0
Bt72	80	120	244	179	0		0
Bt73	80	120	244	477	0		0
Bt74	80	120	244	304	0		0
Bt75	80	120	244	400	0		0

DEMANDS PER CUSTOMER
i	Type Quantity
1	Bt1 7
2	Bt2 15
3	Bt3 14
4	Bt4 14
5	Bt5 10
6	Bt6 2
7	Bt7 9
8	Bt8 13
9	Bt9 1
10	Bt10 4
11	Bt11 13
12	Bt12 5
13	Bt13 1
14	Bt14 6
15	Bt15 13
16	Bt16 15
17	Bt17 15
18	Bt18 7
19	Bt19 4
20	Bt20 9
21	Bt21 8
22	Bt22 8
23	Bt23 2
24	Bt24 12
25	Bt25 15
26	Bt26 13
27	Bt27 9
28	Bt28 9
29	Bt29 1
30	Bt30 4
31	Bt31 13
32	Bt32 12
33	Bt33 8
34	Bt34 11
35	Bt35 6
36	Bt36 6
37	Bt37 8
38	Bt38 8
39	Bt39 10
40	Bt40 14
41	Bt41 10
42	Bt42 2
43	Bt43 11
44	Bt44 1
45	Bt45 3
46	Bt46 5
47	Bt47 3
48	Bt48 6
49	Bt49 3
50	Bt50 11
51	Bt51 5
52	Bt52 9
53	Bt53 14
54	Bt54 3
55	Bt55 11
56	Bt56 12
57	Bt57 1
58	Bt58 5
59	Bt59 5
60	Bt60 10
61	Bt61 5
62	Bt62 13
63	Bt63 8
64	Bt64 1
65	Bt65 10
66	Bt66 2
67	Bt67 8
68	Bt68 12
69	Bt69 7
70	Bt70 11
71	Bt71 9
72	Bt72 11
73	Bt73 6
74	Bt74 15
75	Bt75 8
