Name				Inst_50_4_5
Number_of_Customers		50
Number_of_Items			424
Number_of_ItemTypes		50
Number_of_Vehicles		50
TimeWindows			0

VEHICLE
Mass_Capacity			32200
CargoSpace_Length		912
CargoSpace_Width		244
CargoSpace_Height		244
Wheelbase			550
Max_Mass_FrontAxle		11600
Max_Mass_RearAxle		21000
Distance_FrontAxle_CargoSpace	-100

CUSTOMERS
i		x	y	Demand		ReadyTime	DueDate		ServiceTime	DemandedMass	DemandedVolume
0		5.0	5.0	0		0		0		0		0		0
1		6.0	6.0	15		0		0		0		21465		144000
2		7.0	5.0	9		0		0		0		13491		86400
3		10.0	10.0	6		0		0		0		8676		57600
4		0.0	4.0	6		0		0		0		8538		57600
5		10.0	2.0	8		0		0		0		9720		76800
6		4.0	5.0	6		0		0		0		6990		57600
7		6.0	3.0	6		0		0		0		7806		57600
8		6.0	1.0	11		0		0		0		11671		105600
9		2.0	6.0	7		0		0		0		8701		67200
10		3.0	7.0	4		0		0		0		4452		38400
11		8.0	1.0	9		0		0		0		12330		86400
12		3.0	4.0	7		0		0		0		10024		67200
13		7.0	5.0	11		0		0		0		14003		105600
14		4.0	10.0	14		0		0		0		18550		134400
15		2.0	4.0	5		0		0		0		7100		48000
16		2.0	5.0	5		0		0		0		7410		48000
17		7.0	10.0	14		0		0		0		18942		134400
18		7.0	7.0	13		0		0		0		19305		124800
19		10.0	5.0	3		0		0		0		3312		28800
20		3.0	5.0	11		0		0		0		13244		105600
21		0.0	5.0	13		0		0		0		16250		124800
22		4.0	4.0	10		0		0		0		10050		96000
23		8.0	5.0	8		0		0		0		11392		76800
24		4.0	4.0	5		0		0		0		6090		48000
25		10.0	9.0	12		0		0		0		2892		115200
26		0.0	7.0	1		0		0		0		450		9600
27		6.0	6.0	12		0		0		0		3816		115200
28		2.0	0.0	12		0		0		0		4620		115200
29		9.0	0.0	14		0		0		0		2254		134400
30		7.0	9.0	5		0		0		0		610		48000
31		2.0	6.0	14		0		0		0		2814		134400
32		10.0	2.0	4		0		0		0		1388		38400
33		6.0	1.0	7		0		0		0		1169		67200
34		8.0	9.0	7		0		0		0		924		67200
35		9.0	1.0	1		0		0		0		112		9600
36		10.0	9.0	8		0		0		0		1512		76800
37		0.0	6.0	2		0		0		0		564		19200
38		8.0	8.0	12		0		0		0		4440		115200
39		6.0	9.0	13		0		0		0		5824		124800
40		4.0	5.0	13		0		0		0		3302		124800
41		10.0	3.0	6		0		0		0		2364		57600
42		1.0	5.0	15		0		0		0		2190		144000
43		2.0	8.0	15		0		0		0		5310		144000
44		2.0	1.0	8		0		0		0		3424		76800
45		2.0	2.0	9		0		0		0		2187		86400
46		10.0	2.0	3		0		0		0		1356		28800
47		0.0	1.0	2		0		0		0		484		19200
48		5.0	8.0	4		0		0		0		608		38400
49		4.0	1.0	9		0		0		0		2601		86400
50		8.0	9.0	10		0		0		0		4900		96000

ITEMS
Type	Length	Width	Height	Mass	Fragility	LoadBearingStrength
Bt1	80	120	244	1431	0		0
Bt2	80	120	244	1499	0		0
Bt3	80	120	244	1446	0		0
Bt4	80	120	244	1423	0		0
Bt5	80	120	244	1215	0		0
Bt6	80	120	244	1165	0		0
Bt7	80	120	244	1301	0		0
Bt8	80	120	244	1061	0		0
Bt9	80	120	244	1243	0		0
Bt10	80	120	244	1113	0		0
Bt11	80	120	244	1370	0		0
Bt12	80	120	244	1432	0		0
Bt13	80	120	244	1273	0		0
Bt14	80	120	244	1325	0		0
Bt15	80	120	244	1420	0		0
Bt16	80	120	244	1482	0		0
Bt17	80	120	244	1353	0		0
Bt18	80	120	244	1485	0		0
Bt19	80	120	244	1104	0		0
Bt20	80	120	244	1204	0		0
Bt21	80	120	244	1250	0		0
Bt22	80	120	244	1005	0		0
Bt23	80	120	244	1424	0		0
Bt24	80	120	244	1218	0		0
Bt25	80	120	244	241	0		0
Bt26	80	120	244	450	0		0
Bt27	80	120	244	318	0		0
Bt28	80	120	244	385	0		0
Bt29	80	120	244	161	0		0
Bt30	80	120	244	122	0		0
Bt31	80	120	244	201	0		0
Bt32	80	120	244	347	0		0
Bt33	80	120	244	167	0		0
Bt34	80	120	244	132	0		0
Bt35	80	120	244	112	0		0
Bt36	80	120	244	189	0		0
Bt37	80	120	244	282	0		0
Bt38	80	120	244	370	0		0
Bt39	80	120	244	448	0		0
Bt40	80	120	244	254	0		0
Bt41	80	120	244	394	0		0
Bt42	80	120	244	146	0		0
Bt43	80	120	244	354	0		0
Bt44	80	120	244	428	0		0
Bt45	80	120	244	243	0		0
Bt46	80	120	244	452	0		0
Bt47	80	120	244	242	0		0
Bt48	80	120	244	152	0		0
Bt49	80	120	244	289	0		0
Bt50	80	120	244	490	0		0

DEMANDS PER CUSTOMER
i	Type Quantity
1	Bt1 15
2	Bt2 9
3	Bt3 6
4	Bt4 6
5	Bt5 8
6	Bt6 6
7	Bt7 6
8	Bt8 11
9	Bt9 7
10	Bt10 4
11	Bt11 9
12	Bt12 7
13	Bt13 11
14	Bt14 14
15	Bt15 5
16	Bt16 5
17	Bt17 14
18	Bt18 13
19	Bt19 3
20	Bt20 11
21	Bt21 13
22	Bt22 10
23	Bt23 8
24	Bt24 5
25	Bt25 12
26	Bt26 1
27	Bt27 12
28	Bt28 12
29	Bt29 14
30	Bt30 5
31	Bt31 14
32	Bt32 4
33	Bt33 7
34	Bt34 7
35	Bt35 1
36	Bt36 8
37	Bt37 2
38	Bt38 12
39	Bt39 13
40	Bt40 13
41	Bt41 6
42	Bt42 15
43	Bt43 15
44	Bt44 8
45	Bt45 9
46	Bt46 3
47	Bt47 2
48	Bt48 4
49	Bt49 9
50	Bt50 10
