Name				Inst_75_4_7
Number_of_Customers		75
Number_of_Items			639
Number_of_ItemTypes		75
Number_of_Vehicles		75
TimeWindows			0

VEHICLE
Mass_Capacity			32200
CargoSpace_Length		912
CargoSpace_Width		244
CargoSpace_Height		244
Wheelbase			550
Max_Mass_FrontAxle		11600
Max_Mass_RearAxle		21000
Distance_FrontAxle_CargoSpace	-100

CUSTOMERS
i		x	y	Demand		ReadyTime	DueDate		ServiceTime	DemandedMass	DemandedVolume
0		5.0	5.0	0		0		0		0		0		0
1		7.0	9.0	3		0		0		0		3381		28800
2		9.0	10.0	6		0		0		0		7104		57600
3		10.0	9.0	9		0		0		0		12744		86400
4		1.0	3.0	5		0		0		0		7195		48000
5		2.0	10.0	9		0		0		0		10071		86400
6		2.0	6.0	13		0		0		0		13845		124800
7		9.0	5.0	1		0		0		0		1349		9600
8		9.0	6.0	14		0		0		0		15974		134400
9		3.0	5.0	7		0		0		0		9198		67200
10		10.0	5.0	5		0		0		0		6060		48000
11		4.0	3.0	11		0		0		0		15829		105600
12		5.0	3.0	13		0		0		0		13325		124800
13		9.0	0.0	9		0		0		0		11907		86400
14		7.0	1.0	8		0		0		0		8328		76800
15		1.0	1.0	4		0		0		0		4388		38400
16		0.0	0.0	12		0		0		0		14292		115200
17		0.0	4.0	13		0		0		0		17732		124800
18		4.0	7.0	9		0		0		0		9018		86400
19		6.0	0.0	5		0		0		0		5495		48000
20		6.0	7.0	12		0		0		0		12924		115200
21		0.0	4.0	8		0		0		0		9264		76800
22		2.0	3.0	10		0		0		0		14120		96000
23		3.0	6.0	4		0		0		0		4008		38400
24		10.0	8.0	5		0		0		0		6905		48000
25		10.0	3.0	6		0		0		0		6984		57600
26		2.0	0.0	1		0		0		0		1002		9600
27		3.0	4.0	7		0		0		0		9338		67200
28		7.0	9.0	3		0		0		0		3672		28800
29		9.0	3.0	4		0		0		0		5948		38400
30		10.0	4.0	7		0		0		0		10304		67200
31		4.0	9.0	15		0		0		0		20385		144000
32		4.0	6.0	12		0		0		0		17196		115200
33		1.0	9.0	14		0		0		0		15442		134400
34		4.0	10.0	12		0		0		0		13980		115200
35		1.0	8.0	14		0		0		0		17458		134400
36		9.0	0.0	8		0		0		0		11576		76800
37		2.0	3.0	14		0		0		0		6818		134400
38		9.0	7.0	13		0		0		0		3445		124800
39		8.0	5.0	5		0		0		0		2385		48000
40		3.0	9.0	14		0		0		0		3052		134400
41		6.0	7.0	6		0		0		0		2718		57600
42		1.0	0.0	7		0		0		0		1631		67200
43		4.0	6.0	9		0		0		0		3321		86400
44		4.0	3.0	10		0		0		0		1170		96000
45		4.0	2.0	9		0		0		0		1908		86400
46		3.0	7.0	1		0		0		0		114		9600
47		3.0	4.0	10		0		0		0		4950		96000
48		6.0	0.0	8		0		0		0		3416		76800
49		0.0	4.0	13		0		0		0		1521		124800
50		5.0	3.0	4		0		0		0		516		38400
51		3.0	5.0	3		0		0		0		450		28800
52		3.0	4.0	15		0		0		0		7305		144000
53		4.0	8.0	14		0		0		0		3276		134400
54		4.0	0.0	3		0		0		0		1419		28800
55		6.0	3.0	13		0		0		0		3952		124800
56		10.0	5.0	15		0		0		0		2040		144000
57		0.0	4.0	10		0		0		0		2120		96000
58		3.0	10.0	8		0		0		0		3096		76800
59		2.0	5.0	3		0		0		0		972		28800
60		1.0	9.0	4		0		0		0		1828		38400
61		7.0	3.0	12		0		0		0		4764		115200
62		1.0	4.0	11		0		0		0		4125		105600
63		2.0	6.0	6		0		0		0		1890		57600
64		2.0	7.0	12		0		0		0		4008		115200
65		4.0	2.0	14		0		0		0		3094		134400
66		7.0	4.0	13		0		0		0		1430		124800
67		7.0	6.0	3		0		0		0		477		28800
68		8.0	1.0	10		0		0		0		2730		96000
69		5.0	0.0	8		0		0		0		2816		76800
70		3.0	5.0	12		0		0		0		5904		115200
71		2.0	4.0	7		0		0		0		2534		67200
72		9.0	3.0	4		0		0		0		1332		38400
73		5.0	1.0	2		0		0		0		474		19200
74		6.0	0.0	9		0		0		0		1125		86400
75		0.0	3.0	7		0		0		0		1680		67200

ITEMS
Type	Length	Width	Height	Mass	Fragility	LoadBearingStrength
Bt1	80	120	244	1127	0		0
Bt2	80	120	244	1184	0		0
Bt3	80	120	244	1416	0		0
Bt4	80	120	244	1439	0		0
Bt5	80	120	244	1119	0		0
Bt6	80	120	244	1065	0		0
Bt7	80	120	244	1349	0		0
Bt8	80	120	244	1141	0		0
Bt9	80	120	244	1314	0		0
Bt10	80	120	244	1212	0		0
Bt11	80	120	244	1439	0		0
Bt12	80	120	244	1025	0		0
Bt13	80	120	244	1323	0		0
Bt14	80	120	244	1041	0		0
Bt15	80	120	244	1097	0		0
Bt16	80	120	244	1191	0		0
Bt17	80	120	244	1364	0		0
Bt18	80	120	244	1002	0		0
Bt19	80	120	244	1099	0		0
Bt20	80	120	244	1077	0		0
Bt21	80	120	244	1158	0		0
Bt22	80	120	244	1412	0		0
Bt23	80	120	244	1002	0		0
Bt24	80	120	244	1381	0		0
Bt25	80	120	244	1164	0		0
Bt26	80	120	244	1002	0		0
Bt27	80	120	244	1334	0		0
Bt28	80	120	244	1224	0		0
Bt29	80	120	244	1487	0		0
Bt30	80	120	244	1472	0		0
Bt31	80	120	244	1359	0		0
Bt32	80	120	244	1433	0		0
Bt33	80	120	244	1103	0		0
Bt34	80	120	244	1165	0		0
Bt35	80	120	244	1247	0		0
Bt36	80	120	244	1447	0		0
Bt37	80	120	244	487	0		0
Bt38	80	120	244	265	0		0
Bt39	80	120	244	477	0		0
Bt40	80	120	244	218	0		0
Bt41	80	120	244	453	0		0
Bt42	80	120	244	233	0		0
Bt43	80	120	244	369	0		0
Bt44	80	120	244	117	0		0
Bt45	80	120	244	212	0		0
Bt46	80	120	244	114	0		0
Bt47	80	120	244	495	0		0
Bt48	80	120	244	427	0		0
Bt49	80	120	244	117	0		0
Bt50	80	120	244	129	0		0
Bt51	80	120	244	150	0		0
Bt52	80	120	244	487	0		0
Bt53	80	120	244	234	0		0
Bt54	80	120	244	473	0		0
Bt55	80	120	244	304	0		0
Bt56	80	120	244	136	0		0
Bt57	80	120	244	212	0		0
Bt58	80	120	244	387	0		0
Bt59	80	120	244	324	0		0
Bt60	80	120	244	457	0		0
Bt61	80	120	244	397	0		0
Bt62	80	120	244	375	0		0
Bt63	80	120	244	315	0		0
Bt64	80	120	244	334	0		0
Bt65	80	120	244	221	0		0
Bt66	80	120	244	110	0		0
Bt67	80	120	244	159	0		0
Bt68	80	120	244	273	0		0
Bt69	80	120	244	352	0		0
Bt70	80	120	244	492	0		0
Bt71	80	120	244	362	0		0
Bt72	80	120	244	333	0		0
Bt73	80	120	244	237	0		0
Bt74	80	120	244	125	0		0
Bt75	80	120	244	240	0		0

DEMANDS PER CUSTOMER
i	Type Quantity
1	Bt1 3
2	Bt2 6
3	Bt3 9
4	Bt4 5
5	Bt5 9
6	Bt6 13
7	Bt7 1
8	Bt8 14
9	Bt9 7
10	Bt10 5
11	Bt11 11
12	Bt12 13
13	Bt13 9
14	Bt14 8
15	Bt15 4
16	Bt16 12
17	Bt17 13
18	Bt18 9
19	Bt19 5
20	Bt20 12
21	Bt21 8
22	Bt22 10
23	Bt23 4
24	Bt24 5
25	Bt25 6
26	Bt26 1
27	Bt27 7
28	Bt28 3
29	Bt29 4
30	Bt30 7
31	Bt31 15
32	Bt32 12
33	Bt33 14
34	Bt34 12
35	Bt35 14
36	Bt36 8
37	Bt37 14
38	Bt38 13
39	Bt39 5
40	Bt40 14
41	Bt41 6
42	Bt42 7
43	Bt43 9
44	Bt44 10
45	Bt45 9
46	Bt46 1
47	Bt47 10
48	Bt48 8
49	Bt49 13
50	Bt50 4
51	Bt51 3
52	Bt52 15
53	Bt53 14
54	Bt54 3
55	Bt55 13
56	Bt56 15
57	Bt57 10
58	Bt58 8
59	Bt59 3
60	Bt60 4
61	Bt61 12
62	Bt62 11
63	Bt63 6
64	Bt64 12
65	Bt65 14
66	Bt66 13
67	Bt67 3
68	Bt68 10
69	Bt69 8
70	Bt70 12
71	Bt71 7
72	Bt72 4
73	Bt73 2
74	Bt74 9
75	Bt75 7
