Name				Inst_100_2_3
Number_of_Customers		100
Number_of_Items			779
Number_of_ItemTypes		100
Number_of_Vehicles		100
TimeWindows			0

VEHICLE
Mass_Capacity			32200
CargoSpace_Length		912
CargoSpace_Width		244
CargoSpace_Height		244
Wheelbase			550
Max_Mass_FrontAxle		11600
Max_Mass_RearAxle		21000
Distance_FrontAxle_CargoSpace	-100

CUSTOMERS
i		x	y	Demand		ReadyTime	DueDate		ServiceTime	DemandedMass	DemandedVolume
0		5.0	5.0	0		0		0		0		0		0
1		1.0	5.0	6		0		0		0		6972		57600
2		3.0	2.0	3		0		0		0		4251		28800
3		8.0	0.0	3		0		0		0		4389		28800
4		4.0	5.0	1		0		0		0		1394		9600
5		2.0	10.0	6		0		0		0		7614		57600
6		9.0	1.0	12		0		0		0		12036		115200
7		0.0	2.0	2		0		0		0		2010		19200
8		8.0	5.0	5		0		0		0		5945		48000
9		2.0	5.0	1		0		0		0		1315		9600
10		9.0	4.0	14		0		0		0		15862		134400
11		6.0	4.0	5		0		0		0		7310		48000
12		4.0	4.0	4		0		0		0		4272		38400
13		5.0	4.0	14		0		0		0		19138		134400
14		10.0	2.0	4		0		0		0		4180		38400
15		6.0	4.0	1		0		0		0		1171		9600
16		0.0	9.0	3		0		0		0		4035		28800
17		5.0	10.0	13		0		0		0		13377		124800
18		10.0	5.0	13		0		0		0		18772		124800
19		5.0	9.0	12		0		0		0		15912		115200
20		6.0	7.0	12		0		0		0		13884		115200
21		0.0	2.0	2		0		0		0		3000		19200
22		8.0	0.0	8		0		0		0		9312		76800
23		1.0	2.0	2		0		0		0		2360		19200
24		1.0	5.0	13		0		0		0		17121		124800
25		10.0	4.0	15		0		0		0		15615		144000
26		4.0	0.0	13		0		0		0		19097		124800
27		0.0	1.0	5		0		0		0		6835		48000
28		7.0	1.0	15		0		0		0		19575		144000
29		8.0	5.0	12		0		0		0		13740		115200
30		8.0	9.0	5		0		0		0		6715		48000
31		3.0	0.0	4		0		0		0		4520		38400
32		4.0	6.0	6		0		0		0		8010		57600
33		9.0	9.0	13		0		0		0		15496		124800
34		8.0	7.0	12		0		0		0		16572		115200
35		6.0	6.0	11		0		0		0		13145		105600
36		7.0	3.0	9		0		0		0		9549		86400
37		0.0	9.0	10		0		0		0		15000		96000
38		1.0	8.0	6		0		0		0		7884		57600
39		5.0	5.0	5		0		0		0		5530		48000
40		9.0	7.0	4		0		0		0		5164		38400
41		4.0	2.0	4		0		0		0		4316		38400
42		10.0	8.0	5		0		0		0		5225		48000
43		5.0	10.0	8		0		0		0		9496		76800
44		5.0	6.0	6		0		0		0		6078		57600
45		10.0	1.0	13		0		0		0		14612		124800
46		4.0	4.0	2		0		0		0		2622		19200
47		8.0	7.0	10		0		0		0		10220		96000
48		10.0	1.0	6		0		0		0		7140		57600
49		1.0	4.0	13		0		0		0		14014		124800
50		0.0	2.0	9		0		0		0		10935		86400
51		2.0	1.0	15		0		0		0		20205		144000
52		7.0	5.0	12		0		0		0		16032		115200
53		8.0	2.0	2		0		0		0		2386		19200
54		10.0	7.0	13		0		0		0		14859		124800
55		0.0	8.0	5		0		0		0		6130		48000
56		2.0	4.0	13		0		0		0		14586		124800
57		0.0	4.0	1		0		0		0		1193		9600
58		10.0	7.0	2		0		0		0		2444		19200
59		9.0	9.0	15		0		0		0		18930		144000
60		10.0	5.0	13		0		0		0		18382		124800
61		8.0	2.0	3		0		0		0		3744		28800
62		10.0	9.0	2		0		0		0		2470		19200
63		4.0	2.0	13		0		0		0		17485		124800
64		4.0	9.0	5		0		0		0		6675		48000
65		8.0	6.0	14		0		0		0		19166		134400
66		9.0	6.0	3		0		0		0		3978		28800
67		1.0	6.0	1		0		0		0		1141		9600
68		6.0	9.0	1		0		0		0		1286		9600
69		6.0	6.0	14		0		0		0		16534		134400
70		5.0	8.0	6		0		0		0		8904		57600
71		9.0	8.0	12		0		0		0		16080		115200
72		6.0	10.0	9		0		0		0		10026		86400
73		4.0	6.0	12		0		0		0		15348		115200
74		8.0	8.0	15		0		0		0		20235		144000
75		2.0	1.0	3		0		0		0		3450		28800
76		5.0	9.0	5		0		0		0		5985		48000
77		8.0	3.0	7		0		0		0		9548		67200
78		1.0	9.0	14		0		0		0		19796		134400
79		2.0	6.0	8		0		0		0		11680		76800
80		2.0	3.0	8		0		0		0		8224		76800
81		7.0	10.0	1		0		0		0		1243		9600
82		0.0	4.0	3		0		0		0		3969		28800
83		7.0	2.0	4		0		0		0		4284		38400
84		0.0	7.0	2		0		0		0		2128		19200
85		1.0	9.0	12		0		0		0		13752		115200
86		9.0	1.0	12		0		0		0		17184		115200
87		6.0	8.0	10		0		0		0		14750		96000
88		1.0	10.0	8		0		0		0		10616		76800
89		1.0	9.0	9		0		0		0		10107		86400
90		10.0	2.0	3		0		0		0		3474		28800
91		3.0	5.0	6		0		0		0		8916		57600
92		5.0	7.0	13		0		0		0		13533		124800
93		3.0	10.0	1		0		0		0		1061		9600
94		4.0	4.0	14		0		0		0		14952		134400
95		3.0	3.0	8		0		0		0		11320		76800
96		9.0	7.0	5		0		0		0		5465		48000
97		6.0	6.0	9		0		0		0		11133		86400
98		8.0	7.0	13		0		0		0		19422		124800
99		6.0	10.0	14		0		0		0		16310		134400
100		9.0	5.0	6		0		0		0		8004		57600

ITEMS
Type	Length	Width	Height	Mass	Fragility	LoadBearingStrength
Bt1	80	120	244	1162	0		0
Bt2	80	120	244	1417	0		0
Bt3	80	120	244	1463	0		0
Bt4	80	120	244	1394	0		0
Bt5	80	120	244	1269	0		0
Bt6	80	120	244	1003	0		0
Bt7	80	120	244	1005	0		0
Bt8	80	120	244	1189	0		0
Bt9	80	120	244	1315	0		0
Bt10	80	120	244	1133	0		0
Bt11	80	120	244	1462	0		0
Bt12	80	120	244	1068	0		0
Bt13	80	120	244	1367	0		0
Bt14	80	120	244	1045	0		0
Bt15	80	120	244	1171	0		0
Bt16	80	120	244	1345	0		0
Bt17	80	120	244	1029	0		0
Bt18	80	120	244	1444	0		0
Bt19	80	120	244	1326	0		0
Bt20	80	120	244	1157	0		0
Bt21	80	120	244	1500	0		0
Bt22	80	120	244	1164	0		0
Bt23	80	120	244	1180	0		0
Bt24	80	120	244	1317	0		0
Bt25	80	120	244	1041	0		0
Bt26	80	120	244	1469	0		0
Bt27	80	120	244	1367	0		0
Bt28	80	120	244	1305	0		0
Bt29	80	120	244	1145	0		0
Bt30	80	120	244	1343	0		0
Bt31	80	120	244	1130	0		0
Bt32	80	120	244	1335	0		0
Bt33	80	120	244	1192	0		0
Bt34	80	120	244	1381	0		0
Bt35	80	120	244	1195	0		0
Bt36	80	120	244	1061	0		0
Bt37	80	120	244	1500	0		0
Bt38	80	120	244	1314	0		0
Bt39	80	120	244	1106	0		0
Bt40	80	120	244	1291	0		0
Bt41	80	120	244	1079	0		0
Bt42	80	120	244	1045	0		0
Bt43	80	120	244	1187	0		0
Bt44	80	120	244	1013	0		0
Bt45	80	120	244	1124	0		0
Bt46	80	120	244	1311	0		0
Bt47	80	120	244	1022	0		0
Bt48	80	120	244	1190	0		0
Bt49	80	120	244	1078	0		0
Bt50	80	120	244	1215	0		0
Bt51	80	120	244	1347	0		0
Bt52	80	120	244	1336	0		0
Bt53	80	120	244	1193	0		0
Bt54	80	120	244	1143	0		0
Bt55	80	120	244	1226	0		0
Bt56	80	120	244	1122	0		0
Bt57	80	120	244	1193	0		0
Bt58	80	120	244	1222	0		0
Bt59	80	120	244	1262	0		0
Bt60	80	120	244	1414	0		0
Bt61	80	120	244	1248	0		0
Bt62	80	120	244	1235	0		0
Bt63	80	120	244	1345	0		0
Bt64	80	120	244	1335	0		0
Bt65	80	120	244	1369	0		0
Bt66	80	120	244	1326	0		0
Bt67	80	120	244	1141	0		0
Bt68	80	120	244	1286	0		0
Bt69	80	120	244	1181	0		0
Bt70	80	120	244	1484	0		0
Bt71	80	120	244	1340	0		0
Bt72	80	120	244	1114	0		0
Bt73	80	120	244	1279	0		0
Bt74	80	120	244	1349	0		0
Bt75	80	120	244	1150	0		0
Bt76	80	120	244	1197	0		0
Bt77	80	120	244	1364	0		0
Bt78	80	120	244	1414	0		0
Bt79	80	120	244	1460	0		0
Bt80	80	120	244	1028	0		0
Bt81	80	120	244	1243	0		0
Bt82	80	120	244	1323	0		0
Bt83	80	120	244	1071	0		0
Bt84	80	120	244	1064	0		0
Bt85	80	120	244	1146	0		0
Bt86	80	120	244	1432	0		0
Bt87	80	120	244	1475	0		0
Bt88	80	120	244	1327	0		0
Bt89	80	120	244	1123	0		0
Bt90	80	120	244	1158	0		0
Bt91	80	120	244	1486	0		0
Bt92	80	120	244	1041	0		0
Bt93	80	120	244	1061	0		0
Bt94	80	120	244	1068	0		0
Bt95	80	120	244	1415	0		0
Bt96	80	120	244	1093	0		0
Bt97	80	120	244	1237	0		0
Bt98	80	120	244	1494	0		0
Bt99	80	120	244	1165	0		0
Bt100	80	120	244	1334	0		0

DEMANDS PER CUSTOMER
i	Type Quantity
1	Bt1 6
2	Bt2 3
3	Bt3 3
4	Bt4 1
5	Bt5 6
6	Bt6 12
7	Bt7 2
8	Bt8 5
9	Bt9 1
10	Bt10 14
11	Bt11 5
12	Bt12 4
13	Bt13 14
14	Bt14 4
15	Bt15 1
16	Bt16 3
17	Bt17 13
18	Bt18 13
19	Bt19 12
20	Bt20 12
21	Bt21 2
22	Bt22 8
23	Bt23 2
24	Bt24 13
25	Bt25 15
26	Bt26 13
27	Bt27 5
28	Bt28 15
29	Bt29 12
30	Bt30 5
31	Bt31 4
32	Bt32 6
33	Bt33 13
34	Bt34 12
35	Bt35 11
36	Bt36 9
37	Bt37 10
38	Bt38 6
39	Bt39 5
40	Bt40 4
41	Bt41 4
42	Bt42 5
43	Bt43 8
44	Bt44 6
45	Bt45 13
46	Bt46 2
47	Bt47 10
48	Bt48 6
49	Bt49 13
50	Bt50 9
51	Bt51 15
52	Bt52 12
53	Bt53 2
54	Bt54 13
55	Bt55 5
56	Bt56 13
57	Bt57 1
58	Bt58 2
59	Bt59 15
60	Bt60 13
61	Bt61 3
62	Bt62 2
63	Bt63 13
64	Bt64 5
65	Bt65 14
66	Bt66 3
67	Bt67 1
68	Bt68 1
69	Bt69 14
70	Bt70 6
71	Bt71 12
72	Bt72 9
73	Bt73 12
74	Bt74 15
75	Bt75 3
76	Bt76 5
77	Bt77 7
78	Bt78 14
79	Bt79 8
80	Bt80 8
81	Bt81 1
82	Bt82 3
83	Bt83 4
84	Bt84 2
85	Bt85 12
86	Bt86 12
87	Bt87 10
88	Bt88 8
89	Bt89 9
90	Bt90 3
91	Bt91 6
92	Bt92 13
93	Bt93 1
94	Bt94 14
95	Bt95 8
96	Bt96 5
97	Bt97 9
98	Bt98 13
99	Bt99 14
100	Bt100 6
