Name				Inst_50_1_2
Number_of_Customers		50
Number_of_Items			264
Number_of_ItemTypes		50
Number_of_Vehicles		50
TimeWindows			0

VEHICLE
Mass_Capacity			32200
CargoSpace_Length		912
CargoSpace_Width		244
CargoSpace_Height		244
Wheelbase			550
Max_Mass_FrontAxle		11600
Max_Mass_RearAxle		21000
Distance_FrontAxle_CargoSpace	-100

CUSTOMERS
i		x	y	Demand		ReadyTime	DueDate		ServiceTime	DemandedMass	DemandedVolume
0		5.0	5.0	0		0		0		0		0		0
1		9.0	10.0	4		0		0		0		4724		38400
2		1.0	7.0	5		0		0		0		7405		48000
3		5.0	7.0	4		0		0		0		5500		38400
4		5.0	9.0	5		0		0		0		6715		48000
5		6.0	2.0	6		0		0		0		6816		57600
6		2.0	3.0	7		0		0		0		10066		67200
7		1.0	0.0	6		0		0		0		7536		57600
8		6.0	5.0	4		0		0		0		5360		38400
9		8.0	9.0	4		0		0		0		4320		38400
10		2.0	3.0	4		0		0		0		5408		38400
11		6.0	1.0	4		0		0		0		4556		38400
12		5.0	3.0	4		0		0		0		5528		38400
13		3.0	2.0	6		0		0		0		8700		57600
14		6.0	9.0	5		0		0		0		7065		48000
15		9.0	2.0	4		0		0		0		4900		38400
16		0.0	2.0	6		0		0		0		6528		57600
17		4.0	4.0	7		0		0		0		8596		67200
18		10.0	0.0	6		0		0		0		6930		57600
19		6.0	6.0	7		0		0		0		9471		67200
20		4.0	4.0	7		0		0		0		8281		67200
21		7.0	2.0	4		0		0		0		4316		38400
22		6.0	0.0	4		0		0		0		4724		38400
23		4.0	7.0	7		0		0		0		8393		67200
24		8.0	0.0	5		0		0		0		7030		48000
25		5.0	9.0	4		0		0		0		5912		38400
26		0.0	3.0	5		0		0		0		7220		48000
27		0.0	2.0	6		0		0		0		7866		57600
28		0.0	4.0	7		0		0		0		7658		67200
29		9.0	8.0	4		0		0		0		4604		38400
30		4.0	2.0	7		0		0		0		10409		67200
31		1.0	6.0	7		0		0		0		9807		67200
32		3.0	9.0	4		0		0		0		5508		38400
33		6.0	4.0	4		0		0		0		5748		38400
34		1.0	5.0	4		0		0		0		4400		38400
35		9.0	9.0	7		0		0		0		10388		67200
36		4.0	2.0	5		0		0		0		6800		48000
37		1.0	2.0	4		0		0		0		5548		38400
38		6.0	8.0	6		0		0		0		8202		57600
39		2.0	2.0	5		0		0		0		5090		48000
40		1.0	7.0	7		0		0		0		8155		67200
41		4.0	2.0	6		0		0		0		8796		57600
42		2.0	5.0	4		0		0		0		5408		38400
43		10.0	5.0	5		0		0		0		5075		48000
44		8.0	8.0	5		0		0		0		5915		48000
45		3.0	5.0	7		0		0		0		7595		67200
46		3.0	5.0	4		0		0		0		4372		38400
47		3.0	2.0	7		0		0		0		9317		67200
48		8.0	3.0	4		0		0		0		5336		38400
49		4.0	5.0	6		0		0		0		8790		57600
50		2.0	8.0	5		0		0		0		5825		48000

ITEMS
Type	Length	Width	Height	Mass	Fragility	LoadBearingStrength
Bt1	80	120	244	1181	0		0
Bt2	80	120	244	1481	0		0
Bt3	80	120	244	1375	0		0
Bt4	80	120	244	1343	0		0
Bt5	80	120	244	1136	0		0
Bt6	80	120	244	1438	0		0
Bt7	80	120	244	1256	0		0
Bt8	80	120	244	1340	0		0
Bt9	80	120	244	1080	0		0
Bt10	80	120	244	1352	0		0
Bt11	80	120	244	1139	0		0
Bt12	80	120	244	1382	0		0
Bt13	80	120	244	1450	0		0
Bt14	80	120	244	1413	0		0
Bt15	80	120	244	1225	0		0
Bt16	80	120	244	1088	0		0
Bt17	80	120	244	1228	0		0
Bt18	80	120	244	1155	0		0
Bt19	80	120	244	1353	0		0
Bt20	80	120	244	1183	0		0
Bt21	80	120	244	1079	0		0
Bt22	80	120	244	1181	0		0
Bt23	80	120	244	1199	0		0
Bt24	80	120	244	1406	0		0
Bt25	80	120	244	1478	0		0
Bt26	80	120	244	1444	0		0
Bt27	80	120	244	1311	0		0
Bt28	80	120	244	1094	0		0
Bt29	80	120	244	1151	0		0
Bt30	80	120	244	1487	0		0
Bt31	80	120	244	1401	0		0
Bt32	80	120	244	1377	0		0
Bt33	80	120	244	1437	0		0
Bt34	80	120	244	1100	0		0
Bt35	80	120	244	1484	0		0
Bt36	80	120	244	1360	0		0
Bt37	80	120	244	1387	0		0
Bt38	80	120	244	1367	0		0
Bt39	80	120	244	1018	0		0
Bt40	80	120	244	1165	0		0
Bt41	80	120	244	1466	0		0
Bt42	80	120	244	1352	0		0
Bt43	80	120	244	1015	0		0
Bt44	80	120	244	1183	0		0
Bt45	80	120	244	1085	0		0
Bt46	80	120	244	1093	0		0
Bt47	80	120	244	1331	0		0
Bt48	80	120	244	1334	0		0
Bt49	80	120	244	1465	0		0
Bt50	80	120	244	1165	0		0

DEMANDS PER CUSTOMER
i	Type Quantity
1	Bt1 4
2	Bt2 5
3	Bt3 4
4	Bt4 5
5	Bt5 6
6	Bt6 7
7	Bt7 6
8	Bt8 4
9	Bt9 4
10	Bt10 4
11	Bt11 4
12	Bt12 4
13	Bt13 6
14	Bt14 5
15	Bt15 4
16	Bt16 6
17	Bt17 7
18	Bt18 6
19	Bt19 7
20	Bt20 7
21	Bt21 4
22	Bt22 4
23	Bt23 7
24	Bt24 5
25	Bt25 4
26	Bt26 5
27	Bt27 6
28	Bt28 7
29	Bt29 4
30	Bt30 7
31	Bt31 7
32	Bt32 4
33	Bt33 4
34	Bt34 4
35	Bt35 7
36	Bt36 5
37	Bt37 4
38	Bt38 6
39	Bt39 5
40	Bt40 7
41	Bt41 6
42	Bt42 4
43	Bt43 5
44	Bt44 5
45	Bt45 7
46	Bt46 4
47	Bt47 7
48	Bt48 4
49	Bt49 6
50	Bt50 5
