Name				Inst_100_3_7
Number_of_Customers		100
Number_of_Items			545
Number_of_ItemTypes		100
Number_of_Vehicles		100
TimeWindows			0

VEHICLE
Mass_Capacity			32200
CargoSpace_Length		912
CargoSpace_Width		244
CargoSpace_Height		244
Wheelbase			550
Max_Mass_FrontAxle		11600
Max_Mass_RearAxle		21000
Distance_FrontAxle_CargoSpace	-100

CUSTOMERS
i		x	y	Demand		ReadyTime	DueDate		ServiceTime	DemandedMass	DemandedVolume
0		5.0	5.0	0		0		0		0		0		0
1		8.0	1.0	6		0		0		0		8970		57600
2		8.0	5.0	7		0		0		0		7644		67200
3		8.0	8.0	7		0		0		0		8995		67200
4		4.0	9.0	7		0		0		0		9310		67200
5		7.0	7.0	5		0		0		0		7190		48000
6		3.0	4.0	7		0		0		0		10003		67200
7		7.0	10.0	6		0		0		0		6804		57600
8		3.0	9.0	5		0		0		0		6690		48000
9		2.0	5.0	4		0		0		0		4516		38400
10		2.0	2.0	7		0		0		0		7133		67200
11		1.0	9.0	6		0		0		0		8208		57600
12		8.0	7.0	6		0		0		0		8334		57600
13		10.0	5.0	6		0		0		0		6186		57600
14		3.0	10.0	4		0		0		0		5552		38400
15		8.0	3.0	7		0		0		0		10374		67200
16		1.0	0.0	5		0		0		0		5460		48000
17		1.0	5.0	6		0		0		0		7722		57600
18		4.0	6.0	5		0		0		0		5440		48000
19		0.0	5.0	5		0		0		0		7290		48000
20		5.0	7.0	7		0		0		0		9583		67200
21		4.0	1.0	7		0		0		0		10276		67200
22		3.0	3.0	4		0		0		0		4812		38400
23		3.0	3.0	5		0		0		0		6675		48000
24		1.0	5.0	4		0		0		0		5956		38400
25		6.0	4.0	4		0		0		0		4788		38400
26		6.0	1.0	6		0		0		0		6522		57600
27		9.0	0.0	6		0		0		0		8268		57600
28		9.0	10.0	5		0		0		0		6995		48000
29		10.0	9.0	6		0		0		0		6198		57600
30		1.0	3.0	4		0		0		0		4864		38400
31		4.0	6.0	6		0		0		0		7842		57600
32		6.0	5.0	7		0		0		0		9541		67200
33		10.0	9.0	7		0		0		0		8841		67200
34		2.0	5.0	6		0		0		0		8460		57600
35		0.0	1.0	4		0		0		0		4412		38400
36		3.0	6.0	4		0		0		0		5436		38400
37		5.0	2.0	4		0		0		0		4048		38400
38		8.0	8.0	4		0		0		0		5832		38400
39		2.0	8.0	5		0		0		0		6620		48000
40		5.0	4.0	7		0		0		0		8470		67200
41		7.0	4.0	4		0		0		0		5788		38400
42		7.0	7.0	5		0		0		0		5795		48000
43		1.0	4.0	4		0		0		0		5372		38400
44		6.0	0.0	5		0		0		0		6830		48000
45		6.0	3.0	6		0		0		0		7080		57600
46		3.0	6.0	7		0		0		0		9583		67200
47		10.0	4.0	5		0		0		0		6315		48000
48		8.0	10.0	4		0		0		0		5036		38400
49		10.0	1.0	6		0		0		0		8118		57600
50		2.0	9.0	6		0		0		0		2124		57600
51		4.0	10.0	7		0		0		0		1645		67200
52		1.0	7.0	4		0		0		0		524		38400
53		4.0	7.0	7		0		0		0		3367		67200
54		4.0	3.0	5		0		0		0		1445		48000
55		0.0	6.0	7		0		0		0		1764		67200
56		5.0	0.0	5		0		0		0		885		48000
57		3.0	2.0	6		0		0		0		1416		57600
58		2.0	9.0	4		0		0		0		768		38400
59		10.0	5.0	7		0		0		0		3010		67200
60		8.0	1.0	5		0		0		0		950		48000
61		10.0	2.0	7		0		0		0		2415		67200
62		3.0	2.0	5		0		0		0		1770		48000
63		0.0	0.0	4		0		0		0		1908		38400
64		0.0	4.0	7		0		0		0		2870		67200
65		9.0	2.0	7		0		0		0		3178		67200
66		10.0	9.0	4		0		0		0		572		38400
67		4.0	9.0	6		0		0		0		2268		57600
68		3.0	7.0	6		0		0		0		2862		57600
69		1.0	9.0	6		0		0		0		2154		57600
70		3.0	1.0	4		0		0		0		680		38400
71		4.0	0.0	4		0		0		0		1124		38400
72		10.0	2.0	6		0		0		0		2532		57600
73		4.0	2.0	4		0		0		0		1492		38400
74		9.0	2.0	7		0		0		0		1099		67200
75		10.0	1.0	6		0		0		0		1278		57600
76		5.0	0.0	5		0		0		0		2070		48000
77		3.0	9.0	4		0		0		0		1768		38400
78		3.0	3.0	6		0		0		0		942		57600
79		0.0	4.0	4		0		0		0		1648		38400
80		1.0	3.0	7		0		0		0		2408		67200
81		2.0	4.0	5		0		0		0		1695		48000
82		9.0	5.0	6		0		0		0		2910		57600
83		0.0	2.0	5		0		0		0		1765		48000
84		6.0	10.0	7		0		0		0		1736		67200
85		6.0	2.0	7		0		0		0		1806		67200
86		5.0	4.0	4		0		0		0		800		38400
87		1.0	7.0	4		0		0		0		456		38400
88		0.0	8.0	5		0		0		0		1910		48000
89		4.0	7.0	5		0		0		0		1255		48000
90		6.0	8.0	5		0		0		0		1535		48000
91		4.0	8.0	7		0		0		0		728		67200
92		1.0	9.0	4		0		0		0		680		38400
93		4.0	4.0	5		0		0		0		2180		48000
94		9.0	10.0	6		0		0		0		2580		57600
95		3.0	7.0	4		0		0		0		1996		38400
96		5.0	2.0	5		0		0		0		670		48000
97		2.0	3.0	7		0		0		0		3318		67200
98		8.0	4.0	4		0		0		0		644		38400
99		9.0	0.0	5		0		0		0		2010		48000
100		4.0	5.0	4		0		0		0		728		38400

ITEMS
Type	Length	Width	Height	Mass	Fragility	LoadBearingStrength
Bt1	80	120	244	1495	0		0
Bt2	80	120	244	1092	0		0
Bt3	80	120	244	1285	0		0
Bt4	80	120	244	1330	0		0
Bt5	80	120	244	1438	0		0
Bt6	80	120	244	1429	0		0
Bt7	80	120	244	1134	0		0
Bt8	80	120	244	1338	0		0
Bt9	80	120	244	1129	0		0
Bt10	80	120	244	1019	0		0
Bt11	80	120	244	1368	0		0
Bt12	80	120	244	1389	0		0
Bt13	80	120	244	1031	0		0
Bt14	80	120	244	1388	0		0
Bt15	80	120	244	1482	0		0
Bt16	80	120	244	1092	0		0
Bt17	80	120	244	1287	0		0
Bt18	80	120	244	1088	0		0
Bt19	80	120	244	1458	0		0
Bt20	80	120	244	1369	0		0
Bt21	80	120	244	1468	0		0
Bt22	80	120	244	1203	0		0
Bt23	80	120	244	1335	0		0
Bt24	80	120	244	1489	0		0
Bt25	80	120	244	1197	0		0
Bt26	80	120	244	1087	0		0
Bt27	80	120	244	1378	0		0
Bt28	80	120	244	1399	0		0
Bt29	80	120	244	1033	0		0
Bt30	80	120	244	1216	0		0
Bt31	80	120	244	1307	0		0
Bt32	80	120	244	1363	0		0
Bt33	80	120	244	1263	0		0
Bt34	80	120	244	1410	0		0
Bt35	80	120	244	1103	0		0
Bt36	80	120	244	1359	0		0
Bt37	80	120	244	1012	0		0
Bt38	80	120	244	1458	0		0
Bt39	80	120	244	1324	0		0
Bt40	80	120	244	1210	0		0
Bt41	80	120	244	1447	0		0
Bt42	80	120	244	1159	0		0
Bt43	80	120	244	1343	0		0
Bt44	80	120	244	1366	0		0
Bt45	80	120	244	1180	0		0
Bt46	80	120	244	1369	0		0
Bt47	80	120	244	1263	0		0
Bt48	80	120	244	1259	0		0
Bt49	80	120	244	1353	0		0
Bt50	80	120	244	354	0		0
Bt51	80	120	244	235	0		0
Bt52	80	120	244	131	0		0
Bt53	80	120	244	481	0		0
Bt54	80	120	244	289	0		0
Bt55	80	120	244	252	0		0
Bt56	80	120	244	177	0		0
Bt57	80	120	244	236	0		0
Bt58	80	120	244	192	0		0
Bt59	80	120	244	430	0		0
Bt60	80	120	244	190	0		0
Bt61	80	120	244	345	0		0
Bt62	80	120	244	354	0		0
Bt63	80	120	244	477	0		0
Bt64	80	120	244	410	0		0
Bt65	80	120	244	454	0		0
Bt66	80	120	244	143	0		0
Bt67	80	120	244	378	0		0
Bt68	80	120	244	477	0		0
Bt69	80	120	244	359	0		0
Bt70	80	120	244	170	0		0
Bt71	80	120	244	281	0		0
Bt72	80	120	244	422	0		0
Bt73	80	120	244	373	0		0
Bt74	80	120	244	157	0		0
Bt75	80	120	244	213	0		0
Bt76	80	120	244	414	0		0
Bt77	80	120	244	442	0		0
Bt78	80	120	244	157	0		0
Bt79	80	120	244	412	0		0
Bt80	80	120	244	344	0		0
Bt81	80	120	244	339	0		0
Bt82	80	120	244	485	0		0
Bt83	80	120	244	353	0		0
Bt84	80	120	244	248	0		0
Bt85	80	120	244	258	0		0
Bt86	80	120	244	200	0		0
Bt87	80	120	244	114	0		0
Bt88	80	120	244	382	0		0
Bt89	80	120	244	251	0		0
Bt90	80	120	244	307	0		0
Bt91	80	120	244	104	0		0
Bt92	80	120	244	170	0		0
Bt93	80	120	244	436	0		0
Bt94	80	120	244	430	0		0
Bt95	80	120	244	499	0		0
Bt96	80	120	244	134	0		0
Bt97	80	120	244	474	0		0
Bt98	80	120	244	161	0		0
Bt99	80	120	244	402	0		0
Bt100	80	120	244	182	0		0

DEMANDS PER CUSTOMER
i	Type Quantity
1	Bt1 6
2	Bt2 7
3	Bt3 7
4	Bt4 7
5	Bt5 5
6	Bt6 7
7	Bt7 6
8	Bt8 5
9	Bt9 4
10	Bt10 7
11	Bt11 6
12	Bt12 6
13	Bt13 6
14	Bt14 4
15	Bt15 7
16	Bt16 5
17	Bt17 6
18	Bt18 5
19	Bt19 5
20	Bt20 7
21	Bt21 7
22	Bt22 4
23	Bt23 5
24	Bt24 4
25	Bt25 4
26	Bt26 6
27	Bt27 6
28	Bt28 5
29	Bt29 6
30	Bt30 4
31	Bt31 6
32	Bt32 7
33	Bt33 7
34	Bt34 6
35	Bt35 4
36	Bt36 4
37	Bt37 4
38	Bt38 4
39	Bt39 5
40	Bt40 7
41	Bt41 4
42	Bt42 5
43	Bt43 4
44	Bt44 5
45	Bt45 6
46	Bt46 7
47	Bt47 5
48	Bt48 4
49	Bt49 6
50	Bt50 6
51	Bt51 7
52	Bt52 4
53	Bt53 7
54	Bt54 5
55	Bt55 7
56	Bt56 5
57	Bt57 6
58	Bt58 4
59	Bt59 7
60	Bt60 5
61	Bt61 7
62	Bt62 5
63	Bt63 4
64	Bt64 7
65	Bt65 7
66	Bt66 4
67	Bt67 6
68	Bt68 6
69	Bt69 6
70	Bt70 4
71	Bt71 4
72	Bt72 6
73	Bt73 4
74	Bt74 7
75	Bt75 6
76	Bt76 5
77	Bt77 4
78	Bt78 6
79	Bt79 4
80	Bt80 7
81	Bt81 5
82	Bt82 6
83	Bt83 5
84	Bt84 7
85	Bt85 7
86	Bt86 4
87	Bt87 4
88	Bt88 5
89	Bt89 5
90	Bt90 5
91	Bt91 7
92	Bt92 4
93	Bt93 5
94	Bt94 6
95	Bt95 4
96	Bt96 5
97	Bt97 7
98	Bt98 4
99	Bt99 5
100	Bt100 4
