Name				Inst_100_2_8
Number_of_Customers		100
Number_of_Items			789
Number_of_ItemTypes		100
Number_of_Vehicles		100
TimeWindows			0

VEHICLE
Mass_Capacity			32200
CargoSpace_Length		912
CargoSpace_Width		244
CargoSpace_Height		244
Wheelbase			550
Max_Mass_FrontAxle		11600
Max_Mass_RearAxle		21000
Distance_FrontAxle_CargoSpace	-100

CUSTOMERS
i		x	y	Demand		ReadyTime	DueDate		ServiceTime	DemandedMass	DemandedVolume
0		5.0	5.0	0		0		0		0		0		0
1		6.0	10.0	10		0		0		0		12290		96000
2		7.0	9.0	1		0		0		0		1335		9600
3		2.0	2.0	2		0		0		0		2116		19200
4		2.0	7.0	13		0		0		0		15093		124800
5		1.0	2.0	13		0		0		0		14560		124800
6		2.0	0.0	14		0		0		0		16590		134400
7		0.0	3.0	6		0		0		0		8820		57600
8		9.0	0.0	11		0		0		0		12650		105600
9		1.0	2.0	9		0		0		0		9135		86400
10		7.0	6.0	2		0		0		0		2910		19200
11		3.0	10.0	14		0		0		0		18410		134400
12		10.0	3.0	14		0		0		0		16562		134400
13		5.0	9.0	13		0		0		0		17043		124800
14		0.0	6.0	13		0		0		0		14651		124800
15		4.0	7.0	4		0		0		0		4604		38400
16		9.0	1.0	12		0		0		0		13524		115200
17		7.0	2.0	15		0		0		0		16440		144000
18		0.0	9.0	4		0		0		0		4820		38400
19		5.0	9.0	5		0		0		0		6515		48000
20		0.0	7.0	2		0		0		0		2500		19200
21		10.0	10.0	7		0		0		0		9702		67200
22		8.0	4.0	3		0		0		0		3339		28800
23		0.0	8.0	7		0		0		0		9716		67200
24		10.0	5.0	9		0		0		0		10944		86400
25		7.0	5.0	4		0		0		0		5040		38400
26		1.0	6.0	7		0		0		0		8428		67200
27		0.0	1.0	13		0		0		0		17160		124800
28		0.0	0.0	5		0		0		0		6605		48000
29		7.0	1.0	14		0		0		0		17458		134400
30		8.0	5.0	2		0		0		0		2380		19200
31		2.0	4.0	1		0		0		0		1138		9600
32		7.0	2.0	11		0		0		0		13827		105600
33		3.0	9.0	4		0		0		0		5632		38400
34		5.0	9.0	13		0		0		0		16874		124800
35		1.0	0.0	10		0		0		0		10180		96000
36		5.0	6.0	9		0		0		0		10854		86400
37		10.0	4.0	7		0		0		0		10052		67200
38		8.0	5.0	1		0		0		0		1236		9600
39		3.0	6.0	13		0		0		0		13858		124800
40		5.0	9.0	9		0		0		0		9423		86400
41		7.0	6.0	4		0		0		0		5456		38400
42		2.0	5.0	11		0		0		0		14916		105600
43		0.0	0.0	2		0		0		0		2256		19200
44		4.0	0.0	7		0		0		0		7175		67200
45		5.0	1.0	2		0		0		0		2004		19200
46		2.0	6.0	1		0		0		0		1087		9600
47		2.0	3.0	1		0		0		0		1355		9600
48		9.0	9.0	5		0		0		0		6805		48000
49		1.0	0.0	9		0		0		0		13185		86400
50		1.0	7.0	11		0		0		0		14003		105600
51		9.0	9.0	1		0		0		0		1246		9600
52		10.0	3.0	15		0		0		0		16350		144000
53		4.0	1.0	15		0		0		0		21495		144000
54		8.0	9.0	10		0		0		0		10830		96000
55		3.0	10.0	4		0		0		0		4008		38400
56		5.0	5.0	13		0		0		0		14040		124800
57		7.0	1.0	4		0		0		0		5400		38400
58		10.0	8.0	13		0		0		0		13871		124800
59		1.0	5.0	12		0		0		0		13464		115200
60		1.0	10.0	12		0		0		0		17676		115200
61		5.0	9.0	2		0		0		0		2142		19200
62		4.0	9.0	15		0		0		0		17550		144000
63		4.0	4.0	3		0		0		0		4170		28800
64		8.0	0.0	9		0		0		0		12384		86400
65		0.0	5.0	7		0		0		0		9471		67200
66		5.0	6.0	7		0		0		0		8995		67200
67		1.0	0.0	15		0		0		0		17595		144000
68		6.0	2.0	10		0		0		0		10340		96000
69		7.0	2.0	2		0		0		0		2516		19200
70		3.0	9.0	9		0		0		0		13437		86400
71		6.0	8.0	13		0		0		0		17628		124800
72		2.0	3.0	2		0		0		0		2332		19200
73		1.0	0.0	9		0		0		0		10053		86400
74		6.0	8.0	9		0		0		0		9567		86400
75		8.0	10.0	8		0		0		0		8000		76800
76		4.0	6.0	6		0		0		0		6672		57600
77		7.0	9.0	11		0		0		0		11231		105600
78		1.0	10.0	12		0		0		0		16932		115200
79		2.0	5.0	1		0		0		0		1315		9600
80		4.0	2.0	9		0		0		0		9981		86400
81		10.0	1.0	11		0		0		0		11990		105600
82		5.0	2.0	4		0		0		0		5864		38400
83		1.0	4.0	5		0		0		0		5805		48000
84		3.0	10.0	11		0		0		0		14047		105600
85		1.0	9.0	13		0		0		0		14079		124800
86		4.0	7.0	2		0		0		0		2806		19200
87		0.0	4.0	2		0		0		0		2332		19200
88		7.0	7.0	7		0		0		0		10164		67200
89		7.0	8.0	1		0		0		0		1188		9600
90		4.0	2.0	8		0		0		0		9536		76800
91		2.0	5.0	3		0		0		0		3684		28800
92		6.0	1.0	5		0		0		0		6780		48000
93		2.0	10.0	11		0		0		0		11924		105600
94		10.0	10.0	10		0		0		0		14550		96000
95		0.0	0.0	11		0		0		0		12331		105600
96		4.0	6.0	15		0		0		0		17970		144000
97		3.0	7.0	11		0		0		0		11847		105600
98		10.0	2.0	8		0		0		0		8312		76800
99		2.0	7.0	5		0		0		0		5935		48000
100		1.0	5.0	9		0		0		0		9009		86400

ITEMS
Type	Length	Width	Height	Mass	Fragility	LoadBearingStrength
Bt1	80	120	244	1229	0		0
Bt2	80	120	244	1335	0		0
Bt3	80	120	244	1058	0		0
Bt4	80	120	244	1161	0		0
Bt5	80	120	244	1120	0		0
Bt6	80	120	244	1185	0		0
Bt7	80	120	244	1470	0		0
Bt8	80	120	244	1150	0		0
Bt9	80	120	244	1015	0		0
Bt10	80	120	244	1455	0		0
Bt11	80	120	244	1315	0		0
Bt12	80	120	244	1183	0		0
Bt13	80	120	244	1311	0		0
Bt14	80	120	244	1127	0		0
Bt15	80	120	244	1151	0		0
Bt16	80	120	244	1127	0		0
Bt17	80	120	244	1096	0		0
Bt18	80	120	244	1205	0		0
Bt19	80	120	244	1303	0		0
Bt20	80	120	244	1250	0		0
Bt21	80	120	244	1386	0		0
Bt22	80	120	244	1113	0		0
Bt23	80	120	244	1388	0		0
Bt24	80	120	244	1216	0		0
Bt25	80	120	244	1260	0		0
Bt26	80	120	244	1204	0		0
Bt27	80	120	244	1320	0		0
Bt28	80	120	244	1321	0		0
Bt29	80	120	244	1247	0		0
Bt30	80	120	244	1190	0		0
Bt31	80	120	244	1138	0		0
Bt32	80	120	244	1257	0		0
Bt33	80	120	244	1408	0		0
Bt34	80	120	244	1298	0		0
Bt35	80	120	244	1018	0		0
Bt36	80	120	244	1206	0		0
Bt37	80	120	244	1436	0		0
Bt38	80	120	244	1236	0		0
Bt39	80	120	244	1066	0		0
Bt40	80	120	244	1047	0		0
Bt41	80	120	244	1364	0		0
Bt42	80	120	244	1356	0		0
Bt43	80	120	244	1128	0		0
Bt44	80	120	244	1025	0		0
Bt45	80	120	244	1002	0		0
Bt46	80	120	244	1087	0		0
Bt47	80	120	244	1355	0		0
Bt48	80	120	244	1361	0		0
Bt49	80	120	244	1465	0		0
Bt50	80	120	244	1273	0		0
Bt51	80	120	244	1246	0		0
Bt52	80	120	244	1090	0		0
Bt53	80	120	244	1433	0		0
Bt54	80	120	244	1083	0		0
Bt55	80	120	244	1002	0		0
Bt56	80	120	244	1080	0		0
Bt57	80	120	244	1350	0		0
Bt58	80	120	244	1067	0		0
Bt59	80	120	244	1122	0		0
Bt60	80	120	244	1473	0		0
Bt61	80	120	244	1071	0		0
Bt62	80	120	244	1170	0		0
Bt63	80	120	244	1390	0		0
Bt64	80	120	244	1376	0		0
Bt65	80	120	244	1353	0		0
Bt66	80	120	244	1285	0		0
Bt67	80	120	244	1173	0		0
Bt68	80	120	244	1034	0		0
Bt69	80	120	244	1258	0		0
Bt70	80	120	244	1493	0		0
Bt71	80	120	244	1356	0		0
Bt72	80	120	244	1166	0		0
Bt73	80	120	244	1117	0		0
Bt74	80	120	244	1063	0		0
Bt75	80	120	244	1000	0		0
Bt76	80	120	244	1112	0		0
Bt77	80	120	244	1021	0		0
Bt78	80	120	244	1411	0		0
Bt79	80	120	244	1315	0		0
Bt80	80	120	244	1109	0		0
Bt81	80	120	244	1090	0		0
Bt82	80	120	244	1466	0		0
Bt83	80	120	244	1161	0		0
Bt84	80	120	244	1277	0		0
Bt85	80	120	244	1083	0		0
Bt86	80	120	244	1403	0		0
Bt87	80	120	244	1166	0		0
Bt88	80	120	244	1452	0		0
Bt89	80	120	244	1188	0		0
Bt90	80	120	244	1192	0		0
Bt91	80	120	244	1228	0		0
Bt92	80	120	244	1356	0		0
Bt93	80	120	244	1084	0		0
Bt94	80	120	244	1455	0		0
Bt95	80	120	244	1121	0		0
Bt96	80	120	244	1198	0		0
Bt97	80	120	244	1077	0		0
Bt98	80	120	244	1039	0		0
Bt99	80	120	244	1187	0		0
Bt100	80	120	244	1001	0		0

DEMANDS PER CUSTOMER
i	Type Quantity
1	Bt1 10
2	Bt2 1
3	Bt3 2
4	Bt4 13
5	Bt5 13
6	Bt6 14
7	Bt7 6
8	Bt8 11
9	Bt9 9
10	Bt10 2
11	Bt11 14
12	Bt12 14
13	Bt13 13
14	Bt14 13
15	Bt15 4
16	Bt16 12
17	Bt17 15
18	Bt18 4
19	Bt19 5
20	Bt20 2
21	Bt21 7
22	Bt22 3
23	Bt23 7
24	Bt24 9
25	Bt25 4
26	Bt26 7
27	Bt27 13
28	Bt28 5
29	Bt29 14
30	Bt30 2
31	Bt31 1
32	Bt32 11
33	Bt33 4
34	Bt34 13
35	Bt35 10
36	Bt36 9
37	Bt37 7
38	Bt38 1
39	Bt39 13
40	Bt40 9
41	Bt41 4
42	Bt42 11
43	Bt43 2
44	Bt44 7
45	Bt45 2
46	Bt46 1
47	Bt47 1
48	Bt48 5
49	Bt49 9
50	Bt50 11
51	Bt51 1
52	Bt52 15
53	Bt53 15
54	Bt54 10
55	Bt55 4
56	Bt56 13
57	Bt57 4
58	Bt58 13
59	Bt59 12
60	Bt60 12
61	Bt61 2
62	Bt62 15
63	Bt63 3
64	Bt64 9
65	Bt65 7
66	Bt66 7
67	Bt67 15
68	Bt68 10
69	Bt69 2
70	Bt70 9
71	Bt71 13
72	Bt72 2
73	Bt73 9
74	Bt74 9
75	Bt75 8
76	Bt76 6
77	Bt77 11
78	Bt78 12
79	Bt79 1
80	Bt80 9
81	Bt81 11
82	Bt82 4
83	Bt83 5
84	Bt84 11
85	Bt85 13
86	Bt86 2
87	Bt87 2
88	Bt88 7
89	Bt89 1
90	Bt90 8
91	Bt91 3
92	Bt92 5
93	Bt93 11
94	Bt94 10
95	Bt95 11
96	Bt96 15
97	Bt97 11
98	Bt98 8
99	Bt99 5
100	Bt100 9
