Name				Inst_100_3_1
Number_of_Customers		100
Number_of_Items			539
Number_of_ItemTypes		100
Number_of_Vehicles		100
TimeWindows			0

VEHICLE
Mass_Capacity			32200
CargoSpace_Length		912
CargoSpace_Width		244
CargoSpace_Height		244
Wheelbase			550
Max_Mass_FrontAxle		11600
Max_Mass_RearAxle		21000
Distance_FrontAxle_CargoSpace	-100

CUSTOMERS
i		x	y	Demand		ReadyTime	DueDate		ServiceTime	DemandedMass	DemandedVolume
0		5.0	5.0	0		0		0		0		0		0
1		2.0	2.0	5		0		0		0		5405		48000
2		10.0	8.0	7		0		0		0		10248		67200
3		4.0	0.0	6		0		0		0		7638		57600
4		5.0	10.0	7		0		0		0		7938		67200
5		2.0	0.0	4		0		0		0		5100		38400
6		7.0	4.0	4		0		0		0		4636		38400
7		9.0	3.0	7		0		0		0		9926		67200
8		1.0	10.0	4		0		0		0		5928		38400
9		0.0	0.0	5		0		0		0		6280		48000
10		6.0	4.0	5		0		0		0		6885		48000
11		5.0	4.0	4		0		0		0		4760		38400
12		0.0	6.0	4		0		0		0		4272		38400
13		4.0	1.0	4		0		0		0		4656		38400
14		10.0	4.0	6		0		0		0		8406		57600
15		2.0	2.0	5		0		0		0		6495		48000
16		4.0	2.0	6		0		0		0		8634		57600
17		6.0	5.0	7		0		0		0		10206		67200
18		3.0	9.0	5		0		0		0		6160		48000
19		5.0	5.0	7		0		0		0		9646		67200
20		7.0	1.0	6		0		0		0		8196		57600
21		6.0	6.0	5		0		0		0		5875		48000
22		2.0	1.0	5		0		0		0		5590		48000
23		10.0	9.0	6		0		0		0		7674		57600
24		5.0	2.0	6		0		0		0		8886		57600
25		4.0	5.0	7		0		0		0		7504		67200
26		4.0	7.0	4		0		0		0		5120		38400
27		1.0	10.0	5		0		0		0		6975		48000
28		5.0	4.0	6		0		0		0		8424		57600
29		3.0	7.0	4		0		0		0		5816		38400
30		10.0	10.0	6		0		0		0		7764		57600
31		7.0	6.0	5		0		0		0		6830		48000
32		3.0	10.0	6		0		0		0		8388		57600
33		10.0	7.0	5		0		0		0		6205		48000
34		7.0	10.0	6		0		0		0		6510		57600
35		6.0	2.0	6		0		0		0		6510		57600
36		4.0	4.0	5		0		0		0		7430		48000
37		1.0	3.0	4		0		0		0		4992		38400
38		10.0	6.0	6		0		0		0		6594		57600
39		8.0	5.0	5		0		0		0		6850		48000
40		4.0	1.0	5		0		0		0		6220		48000
41		0.0	1.0	4		0		0		0		5240		38400
42		2.0	7.0	7		0		0		0		8211		67200
43		3.0	8.0	6		0		0		0		7554		57600
44		6.0	6.0	6		0		0		0		6288		57600
45		1.0	2.0	6		0		0		0		7368		57600
46		8.0	10.0	4		0		0		0		4112		38400
47		3.0	0.0	7		0		0		0		7294		67200
48		5.0	10.0	4		0		0		0		5492		38400
49		3.0	6.0	5		0		0		0		5410		48000
50		7.0	3.0	5		0		0		0		2110		48000
51		8.0	9.0	4		0		0		0		1416		38400
52		5.0	1.0	7		0		0		0		1036		67200
53		0.0	9.0	6		0		0		0		1866		57600
54		7.0	4.0	5		0		0		0		2140		48000
55		0.0	3.0	6		0		0		0		1470		57600
56		0.0	0.0	4		0		0		0		648		38400
57		6.0	7.0	4		0		0		0		1824		38400
58		8.0	5.0	4		0		0		0		1856		38400
59		6.0	1.0	6		0		0		0		1044		57600
60		10.0	10.0	6		0		0		0		816		57600
61		9.0	9.0	5		0		0		0		1970		48000
62		0.0	0.0	4		0		0		0		520		38400
63		3.0	1.0	6		0		0		0		2904		57600
64		7.0	5.0	6		0		0		0		2490		57600
65		6.0	4.0	5		0		0		0		780		48000
66		0.0	8.0	6		0		0		0		2766		57600
67		10.0	2.0	4		0		0		0		1428		38400
68		5.0	5.0	4		0		0		0		1504		38400
69		3.0	5.0	5		0		0		0		2305		48000
70		6.0	8.0	4		0		0		0		948		38400
71		1.0	10.0	5		0		0		0		2325		48000
72		3.0	7.0	4		0		0		0		692		38400
73		7.0	7.0	7		0		0		0		3290		67200
74		0.0	8.0	5		0		0		0		2255		48000
75		3.0	5.0	5		0		0		0		1185		48000
76		3.0	3.0	5		0		0		0		1950		48000
77		6.0	6.0	6		0		0		0		1068		57600
78		1.0	0.0	6		0		0		0		2082		57600
79		6.0	4.0	7		0		0		0		3430		67200
80		1.0	3.0	6		0		0		0		1944		57600
81		10.0	3.0	6		0		0		0		2718		57600
82		7.0	5.0	4		0		0		0		588		38400
83		7.0	10.0	7		0		0		0		1449		67200
84		2.0	4.0	5		0		0		0		2205		48000
85		10.0	0.0	5		0		0		0		2495		48000
86		3.0	1.0	5		0		0		0		535		48000
87		6.0	5.0	7		0		0		0		819		67200
88		5.0	5.0	7		0		0		0		2254		67200
89		4.0	4.0	4		0		0		0		1508		38400
90		2.0	5.0	6		0		0		0		2664		57600
91		5.0	9.0	6		0		0		0		894		57600
92		5.0	1.0	7		0		0		0		3486		67200
93		7.0	3.0	5		0		0		0		2355		48000
94		2.0	8.0	4		0		0		0		1828		38400
95		7.0	8.0	5		0		0		0		1655		48000
96		7.0	0.0	6		0		0		0		1308		57600
97		6.0	7.0	7		0		0		0		3486		67200
98		1.0	2.0	4		0		0		0		956		38400
99		4.0	2.0	6		0		0		0		1740		57600
100		8.0	2.0	7		0		0		0		1596		67200

ITEMS
Type	Length	Width	Height	Mass	Fragility	LoadBearingStrength
Bt1	80	120	244	1081	0		0
Bt2	80	120	244	1464	0		0
Bt3	80	120	244	1273	0		0
Bt4	80	120	244	1134	0		0
Bt5	80	120	244	1275	0		0
Bt6	80	120	244	1159	0		0
Bt7	80	120	244	1418	0		0
Bt8	80	120	244	1482	0		0
Bt9	80	120	244	1256	0		0
Bt10	80	120	244	1377	0		0
Bt11	80	120	244	1190	0		0
Bt12	80	120	244	1068	0		0
Bt13	80	120	244	1164	0		0
Bt14	80	120	244	1401	0		0
Bt15	80	120	244	1299	0		0
Bt16	80	120	244	1439	0		0
Bt17	80	120	244	1458	0		0
Bt18	80	120	244	1232	0		0
Bt19	80	120	244	1378	0		0
Bt20	80	120	244	1366	0		0
Bt21	80	120	244	1175	0		0
Bt22	80	120	244	1118	0		0
Bt23	80	120	244	1279	0		0
Bt24	80	120	244	1481	0		0
Bt25	80	120	244	1072	0		0
Bt26	80	120	244	1280	0		0
Bt27	80	120	244	1395	0		0
Bt28	80	120	244	1404	0		0
Bt29	80	120	244	1454	0		0
Bt30	80	120	244	1294	0		0
Bt31	80	120	244	1366	0		0
Bt32	80	120	244	1398	0		0
Bt33	80	120	244	1241	0		0
Bt34	80	120	244	1085	0		0
Bt35	80	120	244	1085	0		0
Bt36	80	120	244	1486	0		0
Bt37	80	120	244	1248	0		0
Bt38	80	120	244	1099	0		0
Bt39	80	120	244	1370	0		0
Bt40	80	120	244	1244	0		0
Bt41	80	120	244	1310	0		0
Bt42	80	120	244	1173	0		0
Bt43	80	120	244	1259	0		0
Bt44	80	120	244	1048	0		0
Bt45	80	120	244	1228	0		0
Bt46	80	120	244	1028	0		0
Bt47	80	120	244	1042	0		0
Bt48	80	120	244	1373	0		0
Bt49	80	120	244	1082	0		0
Bt50	80	120	244	422	0		0
Bt51	80	120	244	354	0		0
Bt52	80	120	244	148	0		0
Bt53	80	120	244	311	0		0
Bt54	80	120	244	428	0		0
Bt55	80	120	244	245	0		0
Bt56	80	120	244	162	0		0
Bt57	80	120	244	456	0		0
Bt58	80	120	244	464	0		0
Bt59	80	120	244	174	0		0
Bt60	80	120	244	136	0		0
Bt61	80	120	244	394	0		0
Bt62	80	120	244	130	0		0
Bt63	80	120	244	484	0		0
Bt64	80	120	244	415	0		0
Bt65	80	120	244	156	0		0
Bt66	80	120	244	461	0		0
Bt67	80	120	244	357	0		0
Bt68	80	120	244	376	0		0
Bt69	80	120	244	461	0		0
Bt70	80	120	244	237	0		0
Bt71	80	120	244	465	0		0
Bt72	80	120	244	173	0		0
Bt73	80	120	244	470	0		0
Bt74	80	120	244	451	0		0
Bt75	80	120	244	237	0		0
Bt76	80	120	244	390	0		0
Bt77	80	120	244	178	0		0
Bt78	80	120	244	347	0		0
Bt79	80	120	244	490	0		0
Bt80	80	120	244	324	0		0
Bt81	80	120	244	453	0		0
Bt82	80	120	244	147	0		0
Bt83	80	120	244	207	0		0
Bt84	80	120	244	441	0		0
Bt85	80	120	244	499	0		0
Bt86	80	120	244	107	0		0
Bt87	80	120	244	117	0		0
Bt88	80	120	244	322	0		0
Bt89	80	120	244	377	0		0
Bt90	80	120	244	444	0		0
Bt91	80	120	244	149	0		0
Bt92	80	120	244	498	0		0
Bt93	80	120	244	471	0		0
Bt94	80	120	244	457	0		0
Bt95	80	120	244	331	0		0
Bt96	80	120	244	218	0		0
Bt97	80	120	244	498	0		0
Bt98	80	120	244	239	0		0
Bt99	80	120	244	290	0		0
Bt100	80	120	244	228	0		0

DEMANDS PER CUSTOMER
i	Type Quantity
1	Bt1 5
2	Bt2 7
3	Bt3 6
4	Bt4 7
5	Bt5 4
6	Bt6 4
7	Bt7 7
8	Bt8 4
9	Bt9 5
10	Bt10 5
11	Bt11 4
12	Bt12 4
13	Bt13 4
14	Bt14 6
15	Bt15 5
16	Bt16 6
17	Bt17 7
18	Bt18 5
19	Bt19 7
20	Bt20 6
21	Bt21 5
22	Bt22 5
23	Bt23 6
24	Bt24 6
25	Bt25 7
26	Bt26 4
27	Bt27 5
28	Bt28 6
29	Bt29 4
30	Bt30 6
31	Bt31 5
32	Bt32 6
33	Bt33 5
34	Bt34 6
35	Bt35 6
36	Bt36 5
37	Bt37 4
38	Bt38 6
39	Bt39 5
40	Bt40 5
41	Bt41 4
42	Bt42 7
43	Bt43 6
44	Bt44 6
45	Bt45 6
46	Bt46 4
47	Bt47 7
48	Bt48 4
49	Bt49 5
50	Bt50 5
51	Bt51 4
52	Bt52 7
53	Bt53 6
54	Bt54 5
55	Bt55 6
56	Bt56 4
57	Bt57 4
58	Bt58 4
59	Bt59 6
60	Bt60 6
61	Bt61 5
62	Bt62 4
63	Bt63 6
64	Bt64 6
65	Bt65 5
66	Bt66 6
67	Bt67 4
68	Bt68 4
69	Bt69 5
70	Bt70 4
71	Bt71 5
72	Bt72 4
73	Bt73 7
74	Bt74 5
75	Bt75 5
76	Bt76 5
77	Bt77 6
78	Bt78 6
79	Bt79 7
80	Bt80 6
81	Bt81 6
82	Bt82 4
83	Bt83 7
84	Bt84 5
85	Bt85 5
86	Bt86 5
87	Bt87 7
88	Bt88 7
89	Bt89 4
90	Bt90 6
91	Bt91 6
92	Bt92 7
93	Bt93 5
94	Bt94 4
95	Bt95 5
96	Bt96 6
97	Bt97 7
98	Bt98 4
99	Bt99 6
100	Bt100 7
