Name				Inst_75_4_5
Number_of_Customers		75
Number_of_Items			562
Number_of_ItemTypes		75
Number_of_Vehicles		75
TimeWindows			0

VEHICLE
Mass_Capacity			32200
CargoSpace_Length		912
CargoSpace_Width		244
CargoSpace_Height		244
Wheelbase			550
Max_Mass_FrontAxle		11600
Max_Mass_RearAxle		21000
Distance_FrontAxle_CargoSpace	-100

CUSTOMERS
i		x	y	Demand		ReadyTime	DueDate		ServiceTime	DemandedMass	DemandedVolume
0		5.0	5.0	0		0		0		0		0		0
1		5.0	1.0	8		0		0		0		9104		76800
2		1.0	4.0	13		0		0		0		13923		124800
3		1.0	7.0	13		0		0		0		13299		124800
4		10.0	5.0	9		0		0		0		9927		86400
5		8.0	8.0	6		0		0		0		7206		57600
6		7.0	1.0	5		0		0		0		6215		48000
7		5.0	2.0	15		0		0		0		16785		144000
8		0.0	2.0	12		0		0		0		12552		115200
9		5.0	8.0	4		0		0		0		4476		38400
10		2.0	7.0	9		0		0		0		11826		86400
11		0.0	9.0	9		0		0		0		12141		86400
12		5.0	3.0	7		0		0		0		7385		67200
13		1.0	1.0	1		0		0		0		1209		9600
14		2.0	4.0	10		0		0		0		12110		96000
15		4.0	6.0	3		0		0		0		3171		28800
16		7.0	1.0	2		0		0		0		2352		19200
17		6.0	3.0	4		0		0		0		5724		38400
18		8.0	8.0	7		0		0		0		9345		67200
19		1.0	2.0	11		0		0		0		13431		105600
20		5.0	2.0	9		0		0		0		12636		86400
21		7.0	7.0	5		0		0		0		5100		48000
22		1.0	8.0	13		0		0		0		17732		124800
23		0.0	6.0	14		0		0		0		14994		134400
24		9.0	9.0	7		0		0		0		7308		67200
25		1.0	8.0	2		0		0		0		2966		19200
26		2.0	4.0	5		0		0		0		5405		48000
27		9.0	7.0	11		0		0		0		13398		105600
28		6.0	7.0	3		0		0		0		3909		28800
29		4.0	8.0	1		0		0		0		1394		9600
30		1.0	4.0	5		0		0		0		6335		48000
31		7.0	4.0	2		0		0		0		2368		19200
32		7.0	1.0	14		0		0		0		17248		134400
33		3.0	9.0	7		0		0		0		7504		67200
34		5.0	5.0	12		0		0		0		13008		115200
35		3.0	9.0	14		0		0		0		20174		134400
36		9.0	7.0	6		0		0		0		6192		57600
37		4.0	1.0	9		0		0		0		918		86400
38		0.0	9.0	4		0		0		0		1944		38400
39		8.0	0.0	14		0		0		0		2534		134400
40		7.0	4.0	5		0		0		0		625		48000
41		9.0	5.0	1		0		0		0		356		9600
42		10.0	4.0	14		0		0		0		2758		134400
43		3.0	2.0	13		0		0		0		4940		124800
44		6.0	4.0	4		0		0		0		788		38400
45		6.0	7.0	7		0		0		0		2100		67200
46		0.0	4.0	1		0		0		0		162		9600
47		0.0	6.0	6		0		0		0		894		57600
48		3.0	10.0	9		0		0		0		2178		86400
49		8.0	10.0	14		0		0		0		5964		134400
50		6.0	6.0	5		0		0		0		2425		48000
51		6.0	8.0	5		0		0		0		1635		48000
52		3.0	9.0	5		0		0		0		1135		48000
53		9.0	4.0	12		0		0		0		3948		115200
54		1.0	8.0	6		0		0		0		2052		57600
55		8.0	4.0	11		0		0		0		2189		105600
56		7.0	1.0	12		0		0		0		3960		115200
57		8.0	0.0	2		0		0		0		786		19200
58		9.0	6.0	13		0		0		0		6032		124800
59		6.0	1.0	1		0		0		0		395		9600
60		9.0	3.0	5		0		0		0		520		48000
61		0.0	7.0	11		0		0		0		3784		105600
62		2.0	1.0	5		0		0		0		2150		48000
63		6.0	1.0	2		0		0		0		360		19200
64		1.0	1.0	6		0		0		0		1614		57600
65		10.0	9.0	8		0		0		0		864		76800
66		0.0	1.0	8		0		0		0		1432		76800
67		3.0	7.0	10		0		0		0		2880		96000
68		0.0	10.0	2		0		0		0		394		19200
69		0.0	0.0	11		0		0		0		2904		105600
70		3.0	10.0	12		0		0		0		1620		115200
71		0.0	9.0	11		0		0		0		2607		105600
72		0.0	5.0	2		0		0		0		912		19200
73		10.0	7.0	4		0		0		0		840		38400
74		6.0	7.0	4		0		0		0		1032		38400
75		1.0	2.0	10		0		0		0		4910		96000

ITEMS
Type	Length	Width	Height	Mass	Fragility	LoadBearingStrength
Bt1	80	120	244	1138	0		0
Bt2	80	120	244	1071	0		0
Bt3	80	120	244	1023	0		0
Bt4	80	120	244	1103	0		0
Bt5	80	120	244	1201	0		0
Bt6	80	120	244	1243	0		0
Bt7	80	120	244	1119	0		0
Bt8	80	120	244	1046	0		0
Bt9	80	120	244	1119	0		0
Bt10	80	120	244	1314	0		0
Bt11	80	120	244	1349	0		0
Bt12	80	120	244	1055	0		0
Bt13	80	120	244	1209	0		0
Bt14	80	120	244	1211	0		0
Bt15	80	120	244	1057	0		0
Bt16	80	120	244	1176	0		0
Bt17	80	120	244	1431	0		0
Bt18	80	120	244	1335	0		0
Bt19	80	120	244	1221	0		0
Bt20	80	120	244	1404	0		0
Bt21	80	120	244	1020	0		0
Bt22	80	120	244	1364	0		0
Bt23	80	120	244	1071	0		0
Bt24	80	120	244	1044	0		0
Bt25	80	120	244	1483	0		0
Bt26	80	120	244	1081	0		0
Bt27	80	120	244	1218	0		0
Bt28	80	120	244	1303	0		0
Bt29	80	120	244	1394	0		0
Bt30	80	120	244	1267	0		0
Bt31	80	120	244	1184	0		0
Bt32	80	120	244	1232	0		0
Bt33	80	120	244	1072	0		0
Bt34	80	120	244	1084	0		0
Bt35	80	120	244	1441	0		0
Bt36	80	120	244	1032	0		0
Bt37	80	120	244	102	0		0
Bt38	80	120	244	486	0		0
Bt39	80	120	244	181	0		0
Bt40	80	120	244	125	0		0
Bt41	80	120	244	356	0		0
Bt42	80	120	244	197	0		0
Bt43	80	120	244	380	0		0
Bt44	80	120	244	197	0		0
Bt45	80	120	244	300	0		0
Bt46	80	120	244	162	0		0
Bt47	80	120	244	149	0		0
Bt48	80	120	244	242	0		0
Bt49	80	120	244	426	0		0
Bt50	80	120	244	485	0		0
Bt51	80	120	244	327	0		0
Bt52	80	120	244	227	0		0
Bt53	80	120	244	329	0		0
Bt54	80	120	244	342	0		0
Bt55	80	120	244	199	0		0
Bt56	80	120	244	330	0		0
Bt57	80	120	244	393	0		0
Bt58	80	120	244	464	0		0
Bt59	80	120	244	395	0		0
Bt60	80	120	244	104	0		0
Bt61	80	120	244	344	0		0
Bt62	80	120	244	430	0		0
Bt63	80	120	244	180	0		0
Bt64	80	120	244	269	0		0
Bt65	80	120	244	108	0		0
Bt66	80	120	244	179	0		0
Bt67	80	120	244	288	0		0
Bt68	80	120	244	197	0		0
Bt69	80	120	244	264	0		0
Bt70	80	120	244	135	0		0
Bt71	80	120	244	237	0		0
Bt72	80	120	244	456	0		0
Bt73	80	120	244	210	0		0
Bt74	80	120	244	258	0		0
Bt75	80	120	244	491	0		0

DEMANDS PER CUSTOMER
i	Type Quantity
1	Bt1 8
2	Bt2 13
3	Bt3 13
4	Bt4 9
5	Bt5 6
6	Bt6 5
7	Bt7 15
8	Bt8 12
9	Bt9 4
10	Bt10 9
11	Bt11 9
12	Bt12 7
13	Bt13 1
14	Bt14 10
15	Bt15 3
16	Bt16 2
17	Bt17 4
18	Bt18 7
19	Bt19 11
20	Bt20 9
21	Bt21 5
22	Bt22 13
23	Bt23 14
24	Bt24 7
25	Bt25 2
26	Bt26 5
27	Bt27 11
28	Bt28 3
29	Bt29 1
30	Bt30 5
31	Bt31 2
32	Bt32 14
33	Bt33 7
34	Bt34 12
35	Bt35 14
36	Bt36 6
37	Bt37 9
38	Bt38 4
39	Bt39 14
40	Bt40 5
41	Bt41 1
42	Bt42 14
43	Bt43 13
44	Bt44 4
45	Bt45 7
46	Bt46 1
47	Bt47 6
48	Bt48 9
49	Bt49 14
50	Bt50 5
51	Bt51 5
52	Bt52 5
53	Bt53 12
54	Bt54 6
55	Bt55 11
56	Bt56 12
57	Bt57 2
58	Bt58 13
59	Bt59 1
60	Bt60 5
61	Bt61 11
62	Bt62 5
63	Bt63 2
64	Bt64 6
65	Bt65 8
66	Bt66 8
67	Bt67 10
68	Bt68 2
69	Bt69 11
70	Bt70 12
71	Bt71 11
72	Bt72 2
73	Bt73 4
74	Bt74 4
75	Bt75 10
