Name				Inst_75_3_8
Number_of_Customers		75
Number_of_Items			411
Number_of_ItemTypes		75
Number_of_Vehicles		75
TimeWindows			0

VEHICLE
Mass_Capacity			32200
CargoSpace_Length		912
CargoSpace_Width		244
CargoSpace_Height		244
Wheelbase			550
Max_Mass_FrontAxle		11600
Max_Mass_RearAxle		21000
Distance_FrontAxle_CargoSpace	-100

CUSTOMERS
i		x	y	Demand		ReadyTime	DueDate		ServiceTime	DemandedMass	DemandedVolume
0		5.0	5.0	0		0		0		0		0		0
1		10.0	6.0	7		0		0		0		9184		67200
2		9.0	4.0	4		0		0		0		4816		38400
3		4.0	0.0	7		0		0		0		8715		67200
4		6.0	8.0	4		0		0		0		5836		38400
5		8.0	5.0	7		0		0		0		9982		67200
6		0.0	2.0	5		0		0		0		7160		48000
7		5.0	5.0	5		0		0		0		7165		48000
8		8.0	1.0	5		0		0		0		6690		48000
9		7.0	0.0	5		0		0		0		7195		48000
10		2.0	9.0	6		0		0		0		7962		57600
11		8.0	10.0	5		0		0		0		6590		48000
12		2.0	5.0	5		0		0		0		5825		48000
13		6.0	8.0	4		0		0		0		5176		38400
14		0.0	9.0	7		0		0		0		10122		67200
15		4.0	7.0	5		0		0		0		6770		48000
16		7.0	2.0	6		0		0		0		8592		57600
17		10.0	1.0	7		0		0		0		7511		67200
18		8.0	10.0	5		0		0		0		6170		48000
19		6.0	4.0	5		0		0		0		6830		48000
20		0.0	7.0	7		0		0		0		8603		67200
21		10.0	2.0	5		0		0		0		5690		48000
22		0.0	6.0	5		0		0		0		5155		48000
23		0.0	3.0	5		0		0		0		7135		48000
24		10.0	6.0	4		0		0		0		4576		38400
25		7.0	7.0	4		0		0		0		4212		38400
26		1.0	1.0	5		0		0		0		6020		48000
27		4.0	3.0	6		0		0		0		7296		57600
28		0.0	2.0	7		0		0		0		10430		67200
29		1.0	6.0	6		0		0		0		6132		57600
30		3.0	3.0	4		0		0		0		5968		38400
31		8.0	3.0	7		0		0		0		7021		67200
32		10.0	3.0	6		0		0		0		6588		57600
33		5.0	2.0	6		0		0		0		8196		57600
34		5.0	7.0	7		0		0		0		7175		67200
35		8.0	5.0	5		0		0		0		6295		48000
36		1.0	9.0	7		0		0		0		7105		67200
37		4.0	8.0	6		0		0		0		2316		57600
38		0.0	7.0	4		0		0		0		432		38400
39		3.0	1.0	5		0		0		0		965		48000
40		0.0	8.0	7		0		0		0		2639		67200
41		2.0	6.0	7		0		0		0		3318		67200
42		4.0	7.0	4		0		0		0		1268		38400
43		5.0	5.0	6		0		0		0		942		57600
44		2.0	4.0	7		0		0		0		728		67200
45		9.0	1.0	4		0		0		0		1232		38400
46		0.0	1.0	5		0		0		0		1865		48000
47		1.0	5.0	5		0		0		0		1890		48000
48		1.0	6.0	4		0		0		0		1980		38400
49		7.0	1.0	5		0		0		0		1850		48000
50		1.0	0.0	4		0		0		0		716		38400
51		7.0	6.0	4		0		0		0		788		38400
52		4.0	10.0	6		0		0		0		1668		57600
53		4.0	5.0	5		0		0		0		2215		48000
54		1.0	2.0	4		0		0		0		1900		38400
55		3.0	2.0	6		0		0		0		2244		57600
56		9.0	2.0	7		0		0		0		2464		67200
57		0.0	10.0	7		0		0		0		1638		67200
58		1.0	3.0	4		0		0		0		1924		38400
59		2.0	6.0	6		0		0		0		2250		57600
60		0.0	0.0	4		0		0		0		1636		38400
61		5.0	5.0	7		0		0		0		1505		67200
62		1.0	2.0	4		0		0		0		1540		38400
63		2.0	1.0	6		0		0		0		1512		57600
64		10.0	4.0	5		0		0		0		2485		48000
65		2.0	10.0	5		0		0		0		2450		48000
66		3.0	8.0	5		0		0		0		1935		48000
67		1.0	10.0	6		0		0		0		1788		57600
68		9.0	6.0	5		0		0		0		2285		48000
69		5.0	5.0	5		0		0		0		1190		48000
70		7.0	9.0	6		0		0		0		2820		57600
71		8.0	4.0	6		0		0		0		2700		57600
72		9.0	10.0	7		0		0		0		1673		67200
73		0.0	4.0	6		0		0		0		630		57600
74		9.0	1.0	7		0		0		0		1624		67200
75		3.0	4.0	5		0		0		0		2140		48000

ITEMS
Type	Length	Width	Height	Mass	Fragility	LoadBearingStrength
Bt1	80	120	244	1312	0		0
Bt2	80	120	244	1204	0		0
Bt3	80	120	244	1245	0		0
Bt4	80	120	244	1459	0		0
Bt5	80	120	244	1426	0		0
Bt6	80	120	244	1432	0		0
Bt7	80	120	244	1433	0		0
Bt8	80	120	244	1338	0		0
Bt9	80	120	244	1439	0		0
Bt10	80	120	244	1327	0		0
Bt11	80	120	244	1318	0		0
Bt12	80	120	244	1165	0		0
Bt13	80	120	244	1294	0		0
Bt14	80	120	244	1446	0		0
Bt15	80	120	244	1354	0		0
Bt16	80	120	244	1432	0		0
Bt17	80	120	244	1073	0		0
Bt18	80	120	244	1234	0		0
Bt19	80	120	244	1366	0		0
Bt20	80	120	244	1229	0		0
Bt21	80	120	244	1138	0		0
Bt22	80	120	244	1031	0		0
Bt23	80	120	244	1427	0		0
Bt24	80	120	244	1144	0		0
Bt25	80	120	244	1053	0		0
Bt26	80	120	244	1204	0		0
Bt27	80	120	244	1216	0		0
Bt28	80	120	244	1490	0		0
Bt29	80	120	244	1022	0		0
Bt30	80	120	244	1492	0		0
Bt31	80	120	244	1003	0		0
Bt32	80	120	244	1098	0		0
Bt33	80	120	244	1366	0		0
Bt34	80	120	244	1025	0		0
Bt35	80	120	244	1259	0		0
Bt36	80	120	244	1015	0		0
Bt37	80	120	244	386	0		0
Bt38	80	120	244	108	0		0
Bt39	80	120	244	193	0		0
Bt40	80	120	244	377	0		0
Bt41	80	120	244	474	0		0
Bt42	80	120	244	317	0		0
Bt43	80	120	244	157	0		0
Bt44	80	120	244	104	0		0
Bt45	80	120	244	308	0		0
Bt46	80	120	244	373	0		0
Bt47	80	120	244	378	0		0
Bt48	80	120	244	495	0		0
Bt49	80	120	244	370	0		0
Bt50	80	120	244	179	0		0
Bt51	80	120	244	197	0		0
Bt52	80	120	244	278	0		0
Bt53	80	120	244	443	0		0
Bt54	80	120	244	475	0		0
Bt55	80	120	244	374	0		0
Bt56	80	120	244	352	0		0
Bt57	80	120	244	234	0		0
Bt58	80	120	244	481	0		0
Bt59	80	120	244	375	0		0
Bt60	80	120	244	409	0		0
Bt61	80	120	244	215	0		0
Bt62	80	120	244	385	0		0
Bt63	80	120	244	252	0		0
Bt64	80	120	244	497	0		0
Bt65	80	120	244	490	0		0
Bt66	80	120	244	387	0		0
Bt67	80	120	244	298	0		0
Bt68	80	120	244	457	0		0
Bt69	80	120	244	238	0		0
Bt70	80	120	244	470	0		0
Bt71	80	120	244	450	0		0
Bt72	80	120	244	239	0		0
Bt73	80	120	244	105	0		0
Bt74	80	120	244	232	0		0
Bt75	80	120	244	428	0		0

DEMANDS PER CUSTOMER
i	Type Quantity
1	Bt1 7
2	Bt2 4
3	Bt3 7
4	Bt4 4
5	Bt5 7
6	Bt6 5
7	Bt7 5
8	Bt8 5
9	Bt9 5
10	Bt10 6
11	Bt11 5
12	Bt12 5
13	Bt13 4
14	Bt14 7
15	Bt15 5
16	Bt16 6
17	Bt17 7
18	Bt18 5
19	Bt19 5
20	Bt20 7
21	Bt21 5
22	Bt22 5
23	Bt23 5
24	Bt24 4
25	Bt25 4
26	Bt26 5
27	Bt27 6
28	Bt28 7
29	Bt29 6
30	Bt30 4
31	Bt31 7
32	Bt32 6
33	Bt33 6
34	Bt34 7
35	Bt35 5
36	Bt36 7
37	Bt37 6
38	Bt38 4
39	Bt39 5
40	Bt40 7
41	Bt41 7
42	Bt42 4
43	Bt43 6
44	Bt44 7
45	Bt45 4
46	Bt46 5
47	Bt47 5
48	Bt48 4
49	Bt49 5
50	Bt50 4
51	Bt51 4
52	Bt52 6
53	Bt53 5
54	Bt54 4
55	Bt55 6
56	Bt56 7
57	Bt57 7
58	Bt58 4
59	Bt59 6
60	Bt60 4
61	Bt61 7
62	Bt62 4
63	Bt63 6
64	Bt64 5
65	Bt65 5
66	Bt66 5
67	Bt67 6
68	Bt68 5
69	Bt69 5
70	Bt70 6
71	Bt71 6
72	Bt72 7
73	Bt73 6
74	Bt74 7
75	Bt75 5
