Name				Inst_100_1_8
Number_of_Customers		100
Number_of_Items			557
Number_of_ItemTypes		100
Number_of_Vehicles		100
TimeWindows			0

VEHICLE
Mass_Capacity			32200
CargoSpace_Length		912
CargoSpace_Width		244
CargoSpace_Height		244
Wheelbase			550
Max_Mass_FrontAxle		11600
Max_Mass_RearAxle		21000
Distance_FrontAxle_CargoSpace	-100

CUSTOMERS
i		x	y	Demand		ReadyTime	DueDate		ServiceTime	DemandedMass	DemandedVolume
0		5.0	5.0	0		0		0		0		0		0
1		4.0	4.0	7		0		0		0		8337		67200
2		5.0	3.0	5		0		0		0		6840		48000
3		10.0	10.0	6		0		0		0		8388		57600
4		10.0	3.0	4		0		0		0		5044		38400
5		0.0	7.0	7		0		0		0		8897		67200
6		8.0	6.0	5		0		0		0		6520		48000
7		5.0	9.0	6		0		0		0		8982		57600
8		3.0	9.0	7		0		0		0		9163		67200
9		8.0	8.0	7		0		0		0		10066		67200
10		9.0	2.0	5		0		0		0		6020		48000
11		4.0	1.0	5		0		0		0		7360		48000
12		3.0	1.0	5		0		0		0		6425		48000
13		5.0	10.0	6		0		0		0		8412		57600
14		4.0	8.0	4		0		0		0		5524		38400
15		9.0	0.0	6		0		0		0		6276		57600
16		5.0	0.0	6		0		0		0		6558		57600
17		2.0	5.0	4		0		0		0		5988		38400
18		4.0	10.0	4		0		0		0		4056		38400
19		3.0	0.0	7		0		0		0		8330		67200
20		3.0	2.0	7		0		0		0		7112		67200
21		9.0	8.0	7		0		0		0		8862		67200
22		1.0	6.0	5		0		0		0		6405		48000
23		2.0	7.0	7		0		0		0		8617		67200
24		2.0	7.0	7		0		0		0		9464		67200
25		0.0	4.0	6		0		0		0		7182		57600
26		3.0	0.0	7		0		0		0		7371		67200
27		1.0	4.0	7		0		0		0		7847		67200
28		0.0	0.0	7		0		0		0		8218		67200
29		7.0	6.0	4		0		0		0		4160		38400
30		5.0	10.0	6		0		0		0		7908		57600
31		10.0	9.0	7		0		0		0		8190		67200
32		3.0	7.0	7		0		0		0		9296		67200
33		2.0	1.0	6		0		0		0		8862		57600
34		9.0	1.0	5		0		0		0		7010		48000
35		5.0	9.0	4		0		0		0		5608		38400
36		3.0	8.0	7		0		0		0		7364		67200
37		6.0	10.0	7		0		0		0		7224		67200
38		1.0	9.0	6		0		0		0		7482		57600
39		3.0	5.0	5		0		0		0		6675		48000
40		0.0	10.0	4		0		0		0		4396		38400
41		7.0	2.0	7		0		0		0		7679		67200
42		4.0	1.0	7		0		0		0		8582		67200
43		5.0	5.0	5		0		0		0		6125		48000
44		9.0	10.0	6		0		0		0		8526		57600
45		4.0	6.0	5		0		0		0		5420		48000
46		5.0	1.0	5		0		0		0		5510		48000
47		2.0	8.0	6		0		0		0		8106		57600
48		6.0	2.0	4		0		0		0		5680		38400
49		0.0	10.0	6		0		0		0		7662		57600
50		2.0	3.0	7		0		0		0		8673		67200
51		8.0	3.0	7		0		0		0		8939		67200
52		7.0	5.0	4		0		0		0		4160		38400
53		9.0	10.0	5		0		0		0		5615		48000
54		0.0	4.0	7		0		0		0		7091		67200
55		6.0	3.0	7		0		0		0		7511		67200
56		2.0	5.0	4		0		0		0		5828		38400
57		6.0	5.0	4		0		0		0		5676		38400
58		4.0	8.0	7		0		0		0		8806		67200
59		9.0	10.0	7		0		0		0		7203		67200
60		1.0	2.0	7		0		0		0		7966		67200
61		8.0	5.0	4		0		0		0		4132		38400
62		4.0	0.0	4		0		0		0		4252		38400
63		9.0	1.0	4		0		0		0		4924		38400
64		4.0	7.0	6		0		0		0		6462		57600
65		1.0	6.0	5		0		0		0		6220		48000
66		8.0	7.0	4		0		0		0		4744		38400
67		5.0	4.0	6		0		0		0		8616		57600
68		10.0	2.0	5		0		0		0		6025		48000
69		4.0	3.0	4		0		0		0		5580		38400
70		1.0	3.0	4		0		0		0		5632		38400
71		1.0	3.0	6		0		0		0		7056		57600
72		10.0	10.0	7		0		0		0		7336		67200
73		10.0	2.0	4		0		0		0		4940		38400
74		3.0	5.0	5		0		0		0		5975		48000
75		7.0	5.0	4		0		0		0		5520		38400
76		7.0	5.0	6		0		0		0		6732		57600
77		4.0	9.0	6		0		0		0		8424		57600
78		6.0	0.0	6		0		0		0		7188		57600
79		7.0	2.0	5		0		0		0		7420		48000
80		1.0	10.0	7		0		0		0		8568		67200
81		7.0	10.0	7		0		0		0		8365		67200
82		7.0	2.0	4		0		0		0		4520		38400
83		2.0	4.0	6		0		0		0		7848		57600
84		2.0	6.0	5		0		0		0		6050		48000
85		1.0	2.0	4		0		0		0		5656		38400
86		10.0	8.0	6		0		0		0		8604		57600
87		6.0	10.0	4		0		0		0		5812		38400
88		4.0	4.0	6		0		0		0		6156		57600
89		7.0	6.0	4		0		0		0		5768		38400
90		8.0	9.0	4		0		0		0		5748		38400
91		10.0	7.0	4		0		0		0		5936		38400
92		5.0	3.0	4		0		0		0		5588		38400
93		9.0	7.0	5		0		0		0		5715		48000
94		5.0	1.0	4		0		0		0		4048		38400
95		0.0	2.0	5		0		0		0		6595		48000
96		3.0	5.0	6		0		0		0		6366		57600
97		8.0	9.0	7		0		0		0		7714		67200
98		1.0	10.0	6		0		0		0		6360		57600
99		0.0	3.0	7		0		0		0		9723		67200
100		4.0	8.0	6		0		0		0		6486		57600

ITEMS
Type	Length	Width	Height	Mass	Fragility	LoadBearingStrength
Bt1	80	120	244	1191	0		0
Bt2	80	120	244	1368	0		0
Bt3	80	120	244	1398	0		0
Bt4	80	120	244	1261	0		0
Bt5	80	120	244	1271	0		0
Bt6	80	120	244	1304	0		0
Bt7	80	120	244	1497	0		0
Bt8	80	120	244	1309	0		0
Bt9	80	120	244	1438	0		0
Bt10	80	120	244	1204	0		0
Bt11	80	120	244	1472	0		0
Bt12	80	120	244	1285	0		0
Bt13	80	120	244	1402	0		0
Bt14	80	120	244	1381	0		0
Bt15	80	120	244	1046	0		0
Bt16	80	120	244	1093	0		0
Bt17	80	120	244	1497	0		0
Bt18	80	120	244	1014	0		0
Bt19	80	120	244	1190	0		0
Bt20	80	120	244	1016	0		0
Bt21	80	120	244	1266	0		0
Bt22	80	120	244	1281	0		0
Bt23	80	120	244	1231	0		0
Bt24	80	120	244	1352	0		0
Bt25	80	120	244	1197	0		0
Bt26	80	120	244	1053	0		0
Bt27	80	120	244	1121	0		0
Bt28	80	120	244	1174	0		0
Bt29	80	120	244	1040	0		0
Bt30	80	120	244	1318	0		0
Bt31	80	120	244	1170	0		0
Bt32	80	120	244	1328	0		0
Bt33	80	120	244	1477	0		0
Bt34	80	120	244	1402	0		0
Bt35	80	120	244	1402	0		0
Bt36	80	120	244	1052	0		0
Bt37	80	120	244	1032	0		0
Bt38	80	120	244	1247	0		0
Bt39	80	120	244	1335	0		0
Bt40	80	120	244	1099	0		0
Bt41	80	120	244	1097	0		0
Bt42	80	120	244	1226	0		0
Bt43	80	120	244	1225	0		0
Bt44	80	120	244	1421	0		0
Bt45	80	120	244	1084	0		0
Bt46	80	120	244	1102	0		0
Bt47	80	120	244	1351	0		0
Bt48	80	120	244	1420	0		0
Bt49	80	120	244	1277	0		0
Bt50	80	120	244	1239	0		0
Bt51	80	120	244	1277	0		0
Bt52	80	120	244	1040	0		0
Bt53	80	120	244	1123	0		0
Bt54	80	120	244	1013	0		0
Bt55	80	120	244	1073	0		0
Bt56	80	120	244	1457	0		0
Bt57	80	120	244	1419	0		0
Bt58	80	120	244	1258	0		0
Bt59	80	120	244	1029	0		0
Bt60	80	120	244	1138	0		0
Bt61	80	120	244	1033	0		0
Bt62	80	120	244	1063	0		0
Bt63	80	120	244	1231	0		0
Bt64	80	120	244	1077	0		0
Bt65	80	120	244	1244	0		0
Bt66	80	120	244	1186	0		0
Bt67	80	120	244	1436	0		0
Bt68	80	120	244	1205	0		0
Bt69	80	120	244	1395	0		0
Bt70	80	120	244	1408	0		0
Bt71	80	120	244	1176	0		0
Bt72	80	120	244	1048	0		0
Bt73	80	120	244	1235	0		0
Bt74	80	120	244	1195	0		0
Bt75	80	120	244	1380	0		0
Bt76	80	120	244	1122	0		0
Bt77	80	120	244	1404	0		0
Bt78	80	120	244	1198	0		0
Bt79	80	120	244	1484	0		0
Bt80	80	120	244	1224	0		0
Bt81	80	120	244	1195	0		0
Bt82	80	120	244	1130	0		0
Bt83	80	120	244	1308	0		0
Bt84	80	120	244	1210	0		0
Bt85	80	120	244	1414	0		0
Bt86	80	120	244	1434	0		0
Bt87	80	120	244	1453	0		0
Bt88	80	120	244	1026	0		0
Bt89	80	120	244	1442	0		0
Bt90	80	120	244	1437	0		0
Bt91	80	120	244	1484	0		0
Bt92	80	120	244	1397	0		0
Bt93	80	120	244	1143	0		0
Bt94	80	120	244	1012	0		0
Bt95	80	120	244	1319	0		0
Bt96	80	120	244	1061	0		0
Bt97	80	120	244	1102	0		0
Bt98	80	120	244	1060	0		0
Bt99	80	120	244	1389	0		0
Bt100	80	120	244	1081	0		0

DEMANDS PER CUSTOMER
i	Type Quantity
1	Bt1 7
2	Bt2 5
3	Bt3 6
4	Bt4 4
5	Bt5 7
6	Bt6 5
7	Bt7 6
8	Bt8 7
9	Bt9 7
10	Bt10 5
11	Bt11 5
12	Bt12 5
13	Bt13 6
14	Bt14 4
15	Bt15 6
16	Bt16 6
17	Bt17 4
18	Bt18 4
19	Bt19 7
20	Bt20 7
21	Bt21 7
22	Bt22 5
23	Bt23 7
24	Bt24 7
25	Bt25 6
26	Bt26 7
27	Bt27 7
28	Bt28 7
29	Bt29 4
30	Bt30 6
31	Bt31 7
32	Bt32 7
33	Bt33 6
34	Bt34 5
35	Bt35 4
36	Bt36 7
37	Bt37 7
38	Bt38 6
39	Bt39 5
40	Bt40 4
41	Bt41 7
42	Bt42 7
43	Bt43 5
44	Bt44 6
45	Bt45 5
46	Bt46 5
47	Bt47 6
48	Bt48 4
49	Bt49 6
50	Bt50 7
51	Bt51 7
52	Bt52 4
53	Bt53 5
54	Bt54 7
55	Bt55 7
56	Bt56 4
57	Bt57 4
58	Bt58 7
59	Bt59 7
60	Bt60 7
61	Bt61 4
62	Bt62 4
63	Bt63 4
64	Bt64 6
65	Bt65 5
66	Bt66 4
67	Bt67 6
68	Bt68 5
69	Bt69 4
70	Bt70 4
71	Bt71 6
72	Bt72 7
73	Bt73 4
74	Bt74 5
75	Bt75 4
76	Bt76 6
77	Bt77 6
78	Bt78 6
79	Bt79 5
80	Bt80 7
81	Bt81 7
82	Bt82 4
83	Bt83 6
84	Bt84 5
85	Bt85 4
86	Bt86 6
87	Bt87 4
88	Bt88 6
89	Bt89 4
90	Bt90 4
91	Bt91 4
92	Bt92 4
93	Bt93 5
94	Bt94 4
95	Bt95 5
96	Bt96 6
97	Bt97 7
98	Bt98 6
99	Bt99 7
100	Bt100 6
