Name				Inst_50_2_2
Number_of_Customers		50
Number_of_Items			387
Number_of_ItemTypes		50
Number_of_Vehicles		50
TimeWindows			0

VEHICLE
Mass_Capacity			32200
CargoSpace_Length		912
CargoSpace_Width		244
CargoSpace_Height		244
Wheelbase			550
Max_Mass_FrontAxle		11600
Max_Mass_RearAxle		21000
Distance_FrontAxle_CargoSpace	-100

CUSTOMERS
i		x	y	Demand		ReadyTime	DueDate		ServiceTime	DemandedMass	DemandedVolume
0		5.0	5.0	0		0		0		0		0		0
1		1.0	7.0	7		0		0		0		7672		67200
2		8.0	1.0	14		0		0		0		15568		134400
3		10.0	10.0	5		0		0		0		7470		48000
4		1.0	5.0	11		0		0		0		13596		105600
5		9.0	4.0	8		0		0		0		10744		76800
6		7.0	2.0	3		0		0		0		3924		28800
7		4.0	6.0	8		0		0		0		11600		76800
8		9.0	4.0	4		0		0		0		4252		38400
9		9.0	0.0	6		0		0		0		8892		57600
10		3.0	3.0	13		0		0		0		13117		124800
11		10.0	4.0	3		0		0		0		3552		28800
12		6.0	3.0	8		0		0		0		11688		76800
13		6.0	7.0	2		0		0		0		2742		19200
14		3.0	6.0	8		0		0		0		9144		76800
15		6.0	9.0	9		0		0		0		13347		86400
16		3.0	0.0	13		0		0		0		19201		124800
17		0.0	7.0	3		0		0		0		4467		28800
18		1.0	2.0	8		0		0		0		9984		76800
19		0.0	6.0	15		0		0		0		16605		144000
20		3.0	4.0	14		0		0		0		20426		134400
21		1.0	1.0	3		0		0		0		3366		28800
22		2.0	5.0	2		0		0		0		2306		19200
23		9.0	2.0	12		0		0		0		17928		115200
24		8.0	8.0	1		0		0		0		1382		9600
25		0.0	8.0	3		0		0		0		3282		28800
26		10.0	7.0	7		0		0		0		10430		67200
27		1.0	0.0	1		0		0		0		1291		9600
28		0.0	7.0	12		0		0		0		14688		115200
29		5.0	5.0	4		0		0		0		4512		38400
30		1.0	1.0	14		0		0		0		19348		134400
31		10.0	2.0	15		0		0		0		20910		144000
32		8.0	6.0	11		0		0		0		15444		105600
33		8.0	0.0	11		0		0		0		12045		105600
34		9.0	9.0	4		0		0		0		4208		38400
35		9.0	4.0	13		0		0		0		13520		124800
36		6.0	1.0	12		0		0		0		12288		115200
37		9.0	10.0	8		0		0		0		9952		76800
38		9.0	3.0	4		0		0		0		4736		38400
39		10.0	8.0	5		0		0		0		7070		48000
40		4.0	9.0	8		0		0		0		9688		76800
41		0.0	2.0	8		0		0		0		10192		76800
42		0.0	5.0	15		0		0		0		19950		144000
43		5.0	9.0	6		0		0		0		8544		57600
44		4.0	8.0	5		0		0		0		5580		48000
45		9.0	1.0	2		0		0		0		2628		19200
46		2.0	7.0	6		0		0		0		6888		57600
47		1.0	5.0	3		0		0		0		3546		28800
48		3.0	1.0	7		0		0		0		8239		67200
49		0.0	2.0	9		0		0		0		12942		86400
50		6.0	5.0	14		0		0		0		14406		134400

ITEMS
Type	Length	Width	Height	Mass	Fragility	LoadBearingStrength
Bt1	80	120	244	1096	0		0
Bt2	80	120	244	1112	0		0
Bt3	80	120	244	1494	0		0
Bt4	80	120	244	1236	0		0
Bt5	80	120	244	1343	0		0
Bt6	80	120	244	1308	0		0
Bt7	80	120	244	1450	0		0
Bt8	80	120	244	1063	0		0
Bt9	80	120	244	1482	0		0
Bt10	80	120	244	1009	0		0
Bt11	80	120	244	1184	0		0
Bt12	80	120	244	1461	0		0
Bt13	80	120	244	1371	0		0
Bt14	80	120	244	1143	0		0
Bt15	80	120	244	1483	0		0
Bt16	80	120	244	1477	0		0
Bt17	80	120	244	1489	0		0
Bt18	80	120	244	1248	0		0
Bt19	80	120	244	1107	0		0
Bt20	80	120	244	1459	0		0
Bt21	80	120	244	1122	0		0
Bt22	80	120	244	1153	0		0
Bt23	80	120	244	1494	0		0
Bt24	80	120	244	1382	0		0
Bt25	80	120	244	1094	0		0
Bt26	80	120	244	1490	0		0
Bt27	80	120	244	1291	0		0
Bt28	80	120	244	1224	0		0
Bt29	80	120	244	1128	0		0
Bt30	80	120	244	1382	0		0
Bt31	80	120	244	1394	0		0
Bt32	80	120	244	1404	0		0
Bt33	80	120	244	1095	0		0
Bt34	80	120	244	1052	0		0
Bt35	80	120	244	1040	0		0
Bt36	80	120	244	1024	0		0
Bt37	80	120	244	1244	0		0
Bt38	80	120	244	1184	0		0
Bt39	80	120	244	1414	0		0
Bt40	80	120	244	1211	0		0
Bt41	80	120	244	1274	0		0
Bt42	80	120	244	1330	0		0
Bt43	80	120	244	1424	0		0
Bt44	80	120	244	1116	0		0
Bt45	80	120	244	1314	0		0
Bt46	80	120	244	1148	0		0
Bt47	80	120	244	1182	0		0
Bt48	80	120	244	1177	0		0
Bt49	80	120	244	1438	0		0
Bt50	80	120	244	1029	0		0

DEMANDS PER CUSTOMER
i	Type Quantity
1	Bt1 7
2	Bt2 14
3	Bt3 5
4	Bt4 11
5	Bt5 8
6	Bt6 3
7	Bt7 8
8	Bt8 4
9	Bt9 6
10	Bt10 13
11	Bt11 3
12	Bt12 8
13	Bt13 2
14	Bt14 8
15	Bt15 9
16	Bt16 13
17	Bt17 3
18	Bt18 8
19	Bt19 15
20	Bt20 14
21	Bt21 3
22	Bt22 2
23	Bt23 12
24	Bt24 1
25	Bt25 3
26	Bt26 7
27	Bt27 1
28	Bt28 12
29	Bt29 4
30	Bt30 14
31	Bt31 15
32	Bt32 11
33	Bt33 11
34	Bt34 4
35	Bt35 13
36	Bt36 12
37	Bt37 8
38	Bt38 4
39	Bt39 5
40	Bt40 8
41	Bt41 8
42	Bt42 15
43	Bt43 6
44	Bt44 5
45	Bt45 2
46	Bt46 6
47	Bt47 3
48	Bt48 7
49	Bt49 9
50	Bt50 14
