Name				Inst_100_1_4
Number_of_Customers		100
Number_of_Items			563
Number_of_ItemTypes		100
Number_of_Vehicles		100
TimeWindows			0

VEHICLE
Mass_Capacity			32200
CargoSpace_Length		912
CargoSpace_Width		244
CargoSpace_Height		244
Wheelbase			550
Max_Mass_FrontAxle		11600
Max_Mass_RearAxle		21000
Distance_FrontAxle_CargoSpace	-100

CUSTOMERS
i		x	y	Demand		ReadyTime	DueDate		ServiceTime	DemandedMass	DemandedVolume
0		5.0	5.0	0		0		0		0		0		0
1		10.0	9.0	7		0		0		0		7427		67200
2		4.0	10.0	5		0		0		0		7160		48000
3		10.0	6.0	4		0		0		0		5420		38400
4		8.0	7.0	7		0		0		0		9660		67200
5		2.0	10.0	6		0		0		0		7218		57600
6		2.0	3.0	4		0		0		0		4944		38400
7		0.0	4.0	4		0		0		0		4800		38400
8		7.0	10.0	5		0		0		0		7315		48000
9		4.0	4.0	7		0		0		0		10304		67200
10		6.0	5.0	6		0		0		0		7308		57600
11		10.0	9.0	7		0		0		0		7364		67200
12		2.0	8.0	7		0		0		0		9611		67200
13		4.0	5.0	5		0		0		0		6145		48000
14		8.0	5.0	5		0		0		0		6765		48000
15		10.0	2.0	7		0		0		0		10038		67200
16		8.0	6.0	6		0		0		0		6768		57600
17		8.0	4.0	5		0		0		0		6195		48000
18		7.0	2.0	5		0		0		0		6250		48000
19		6.0	5.0	6		0		0		0		6492		57600
20		4.0	4.0	5		0		0		0		5790		48000
21		8.0	1.0	6		0		0		0		7338		57600
22		9.0	0.0	6		0		0		0		6258		57600
23		0.0	9.0	6		0		0		0		7980		57600
24		1.0	1.0	6		0		0		0		7932		57600
25		6.0	5.0	6		0		0		0		8118		57600
26		1.0	10.0	6		0		0		0		8520		57600
27		3.0	2.0	6		0		0		0		7158		57600
28		10.0	9.0	7		0		0		0		9898		67200
29		9.0	1.0	5		0		0		0		6050		48000
30		4.0	7.0	5		0		0		0		6140		48000
31		7.0	9.0	6		0		0		0		8196		57600
32		8.0	0.0	4		0		0		0		5156		38400
33		6.0	6.0	6		0		0		0		6726		57600
34		4.0	10.0	4		0		0		0		4600		38400
35		8.0	1.0	6		0		0		0		8994		57600
36		8.0	10.0	5		0		0		0		5330		48000
37		8.0	1.0	7		0		0		0		7049		67200
38		4.0	9.0	6		0		0		0		6450		57600
39		0.0	5.0	6		0		0		0		7002		57600
40		10.0	6.0	7		0		0		0		7714		67200
41		9.0	6.0	6		0		0		0		6666		57600
42		7.0	4.0	5		0		0		0		7060		48000
43		9.0	8.0	6		0		0		0		8508		57600
44		0.0	1.0	4		0		0		0		4792		38400
45		3.0	1.0	4		0		0		0		5060		38400
46		7.0	6.0	4		0		0		0		5608		38400
47		5.0	7.0	5		0		0		0		7055		48000
48		5.0	4.0	4		0		0		0		4512		38400
49		10.0	4.0	6		0		0		0		6120		57600
50		4.0	4.0	7		0		0		0		10101		67200
51		10.0	8.0	7		0		0		0		9072		67200
52		8.0	4.0	7		0		0		0		8309		67200
53		8.0	8.0	5		0		0		0		5490		48000
54		7.0	4.0	6		0		0		0		7362		57600
55		2.0	6.0	5		0		0		0		5795		48000
56		3.0	0.0	4		0		0		0		4520		38400
57		2.0	2.0	7		0		0		0		9492		67200
58		1.0	8.0	6		0		0		0		7668		57600
59		0.0	5.0	6		0		0		0		6714		57600
60		3.0	2.0	7		0		0		0		8855		67200
61		8.0	10.0	4		0		0		0		4772		38400
62		6.0	2.0	6		0		0		0		8586		57600
63		9.0	8.0	5		0		0		0		5815		48000
64		8.0	2.0	5		0		0		0		6980		48000
65		10.0	8.0	7		0		0		0		8386		67200
66		2.0	0.0	6		0		0		0		6888		57600
67		10.0	6.0	4		0		0		0		5712		38400
68		6.0	3.0	5		0		0		0		5975		48000
69		6.0	5.0	5		0		0		0		6010		48000
70		7.0	10.0	4		0		0		0		4572		38400
71		1.0	8.0	7		0		0		0		10437		67200
72		7.0	2.0	4		0		0		0		4684		38400
73		7.0	7.0	5		0		0		0		5770		48000
74		9.0	1.0	7		0		0		0		8169		67200
75		2.0	7.0	4		0		0		0		5284		38400
76		8.0	6.0	4		0		0		0		4148		38400
77		1.0	6.0	5		0		0		0		7145		48000
78		7.0	4.0	4		0		0		0		5464		38400
79		0.0	0.0	5		0		0		0		5365		48000
80		0.0	4.0	7		0		0		0		10276		67200
81		9.0	1.0	5		0		0		0		7490		48000
82		8.0	0.0	4		0		0		0		4916		38400
83		2.0	9.0	6		0		0		0		6246		57600
84		0.0	7.0	7		0		0		0		9226		67200
85		2.0	9.0	7		0		0		0		9135		67200
86		9.0	8.0	4		0		0		0		5224		38400
87		8.0	1.0	4		0		0		0		5308		38400
88		5.0	3.0	7		0		0		0		7819		67200
89		1.0	0.0	7		0		0		0		8785		67200
90		4.0	7.0	6		0		0		0		8196		57600
91		4.0	4.0	6		0		0		0		7716		57600
92		0.0	5.0	7		0		0		0		9233		67200
93		1.0	1.0	7		0		0		0		10080		67200
94		8.0	1.0	6		0		0		0		7332		57600
95		8.0	3.0	7		0		0		0		9954		67200
96		10.0	5.0	7		0		0		0		8400		67200
97		0.0	9.0	6		0		0		0		7692		57600
98		5.0	0.0	6		0		0		0		7116		57600
99		5.0	4.0	5		0		0		0		6510		48000
100		9.0	0.0	6		0		0		0		7014		57600

ITEMS
Type	Length	Width	Height	Mass	Fragility	LoadBearingStrength
Bt1	80	120	244	1061	0		0
Bt2	80	120	244	1432	0		0
Bt3	80	120	244	1355	0		0
Bt4	80	120	244	1380	0		0
Bt5	80	120	244	1203	0		0
Bt6	80	120	244	1236	0		0
Bt7	80	120	244	1200	0		0
Bt8	80	120	244	1463	0		0
Bt9	80	120	244	1472	0		0
Bt10	80	120	244	1218	0		0
Bt11	80	120	244	1052	0		0
Bt12	80	120	244	1373	0		0
Bt13	80	120	244	1229	0		0
Bt14	80	120	244	1353	0		0
Bt15	80	120	244	1434	0		0
Bt16	80	120	244	1128	0		0
Bt17	80	120	244	1239	0		0
Bt18	80	120	244	1250	0		0
Bt19	80	120	244	1082	0		0
Bt20	80	120	244	1158	0		0
Bt21	80	120	244	1223	0		0
Bt22	80	120	244	1043	0		0
Bt23	80	120	244	1330	0		0
Bt24	80	120	244	1322	0		0
Bt25	80	120	244	1353	0		0
Bt26	80	120	244	1420	0		0
Bt27	80	120	244	1193	0		0
Bt28	80	120	244	1414	0		0
Bt29	80	120	244	1210	0		0
Bt30	80	120	244	1228	0		0
Bt31	80	120	244	1366	0		0
Bt32	80	120	244	1289	0		0
Bt33	80	120	244	1121	0		0
Bt34	80	120	244	1150	0		0
Bt35	80	120	244	1499	0		0
Bt36	80	120	244	1066	0		0
Bt37	80	120	244	1007	0		0
Bt38	80	120	244	1075	0		0
Bt39	80	120	244	1167	0		0
Bt40	80	120	244	1102	0		0
Bt41	80	120	244	1111	0		0
Bt42	80	120	244	1412	0		0
Bt43	80	120	244	1418	0		0
Bt44	80	120	244	1198	0		0
Bt45	80	120	244	1265	0		0
Bt46	80	120	244	1402	0		0
Bt47	80	120	244	1411	0		0
Bt48	80	120	244	1128	0		0
Bt49	80	120	244	1020	0		0
Bt50	80	120	244	1443	0		0
Bt51	80	120	244	1296	0		0
Bt52	80	120	244	1187	0		0
Bt53	80	120	244	1098	0		0
Bt54	80	120	244	1227	0		0
Bt55	80	120	244	1159	0		0
Bt56	80	120	244	1130	0		0
Bt57	80	120	244	1356	0		0
Bt58	80	120	244	1278	0		0
Bt59	80	120	244	1119	0		0
Bt60	80	120	244	1265	0		0
Bt61	80	120	244	1193	0		0
Bt62	80	120	244	1431	0		0
Bt63	80	120	244	1163	0		0
Bt64	80	120	244	1396	0		0
Bt65	80	120	244	1198	0		0
Bt66	80	120	244	1148	0		0
Bt67	80	120	244	1428	0		0
Bt68	80	120	244	1195	0		0
Bt69	80	120	244	1202	0		0
Bt70	80	120	244	1143	0		0
Bt71	80	120	244	1491	0		0
Bt72	80	120	244	1171	0		0
Bt73	80	120	244	1154	0		0
Bt74	80	120	244	1167	0		0
Bt75	80	120	244	1321	0		0
Bt76	80	120	244	1037	0		0
Bt77	80	120	244	1429	0		0
Bt78	80	120	244	1366	0		0
Bt79	80	120	244	1073	0		0
Bt80	80	120	244	1468	0		0
Bt81	80	120	244	1498	0		0
Bt82	80	120	244	1229	0		0
Bt83	80	120	244	1041	0		0
Bt84	80	120	244	1318	0		0
Bt85	80	120	244	1305	0		0
Bt86	80	120	244	1306	0		0
Bt87	80	120	244	1327	0		0
Bt88	80	120	244	1117	0		0
Bt89	80	120	244	1255	0		0
Bt90	80	120	244	1366	0		0
Bt91	80	120	244	1286	0		0
Bt92	80	120	244	1319	0		0
Bt93	80	120	244	1440	0		0
Bt94	80	120	244	1222	0		0
Bt95	80	120	244	1422	0		0
Bt96	80	120	244	1200	0		0
Bt97	80	120	244	1282	0		0
Bt98	80	120	244	1186	0		0
Bt99	80	120	244	1302	0		0
Bt100	80	120	244	1169	0		0

DEMANDS PER CUSTOMER
i	Type Quantity
1	Bt1 7
2	Bt2 5
3	Bt3 4
4	Bt4 7
5	Bt5 6
6	Bt6 4
7	Bt7 4
8	Bt8 5
9	Bt9 7
10	Bt10 6
11	Bt11 7
12	Bt12 7
13	Bt13 5
14	Bt14 5
15	Bt15 7
16	Bt16 6
17	Bt17 5
18	Bt18 5
19	Bt19 6
20	Bt20 5
21	Bt21 6
22	Bt22 6
23	Bt23 6
24	Bt24 6
25	Bt25 6
26	Bt26 6
27	Bt27 6
28	Bt28 7
29	Bt29 5
30	Bt30 5
31	Bt31 6
32	Bt32 4
33	Bt33 6
34	Bt34 4
35	Bt35 6
36	Bt36 5
37	Bt37 7
38	Bt38 6
39	Bt39 6
40	Bt40 7
41	Bt41 6
42	Bt42 5
43	Bt43 6
44	Bt44 4
45	Bt45 4
46	Bt46 4
47	Bt47 5
48	Bt48 4
49	Bt49 6
50	Bt50 7
51	Bt51 7
52	Bt52 7
53	Bt53 5
54	Bt54 6
55	Bt55 5
56	Bt56 4
57	Bt57 7
58	Bt58 6
59	Bt59 6
60	Bt60 7
61	Bt61 4
62	Bt62 6
63	Bt63 5
64	Bt64 5
65	Bt65 7
66	Bt66 6
67	Bt67 4
68	Bt68 5
69	Bt69 5
70	Bt70 4
71	Bt71 7
72	Bt72 4
73	Bt73 5
74	Bt74 7
75	Bt75 4
76	Bt76 4
77	Bt77 5
78	Bt78 4
79	Bt79 5
80	Bt80 7
81	Bt81 5
82	Bt82 4
83	Bt83 6
84	Bt84 7
85	Bt85 7
86	Bt86 4
87	Bt87 4
88	Bt88 7
89	Bt89 7
90	Bt90 6
91	Bt91 6
92	Bt92 7
93	Bt93 7
94	Bt94 6
95	Bt95 7
96	Bt96 7
97	Bt97 6
98	Bt98 6
99	Bt99 5
100	Bt100 6
