Name				Inst_50_1_3
Number_of_Customers		50
Number_of_Items			275
Number_of_ItemTypes		50
Number_of_Vehicles		50
TimeWindows			0

VEHICLE
Mass_Capacity			32200
CargoSpace_Length		912
CargoSpace_Width		244
CargoSpace_Height		244
Wheelbase			550
Max_Mass_FrontAxle		11600
Max_Mass_RearAxle		21000
Distance_FrontAxle_CargoSpace	-100

CUSTOMERS
i		x	y	Demand		ReadyTime	DueDate		ServiceTime	DemandedMass	DemandedVolume
0		5.0	5.0	0		0		0		0		0		0
1		2.0	5.0	5		0		0		0		5380		48000
2		5.0	4.0	5		0		0		0		6365		48000
3		9.0	8.0	7		0		0		0		10178		67200
4		0.0	9.0	7		0		0		0		7357		67200
5		6.0	8.0	5		0		0		0		5020		48000
6		8.0	10.0	4		0		0		0		4760		38400
7		2.0	9.0	7		0		0		0		9282		67200
8		7.0	10.0	4		0		0		0		5352		38400
9		4.0	1.0	4		0		0		0		4012		38400
10		4.0	7.0	7		0		0		0		8421		67200
11		4.0	7.0	7		0		0		0		9282		67200
12		2.0	1.0	7		0		0		0		8120		67200
13		9.0	10.0	4		0		0		0		5792		38400
14		1.0	9.0	7		0		0		0		8449		67200
15		4.0	9.0	6		0		0		0		6912		57600
16		2.0	9.0	4		0		0		0		5344		38400
17		6.0	9.0	4		0		0		0		5240		38400
18		5.0	9.0	6		0		0		0		6222		57600
19		6.0	1.0	4		0		0		0		4840		38400
20		6.0	5.0	5		0		0		0		5740		48000
21		3.0	9.0	5		0		0		0		5835		48000
22		1.0	9.0	7		0		0		0		10402		67200
23		10.0	6.0	4		0		0		0		5728		38400
24		8.0	6.0	7		0		0		0		9527		67200
25		8.0	4.0	7		0		0		0		8372		67200
26		1.0	10.0	6		0		0		0		7992		57600
27		7.0	0.0	6		0		0		0		8034		57600
28		2.0	0.0	6		0		0		0		7674		57600
29		8.0	4.0	6		0		0		0		8154		57600
30		5.0	9.0	5		0		0		0		7160		48000
31		9.0	2.0	5		0		0		0		5220		48000
32		8.0	2.0	7		0		0		0		10472		67200
33		0.0	10.0	6		0		0		0		6744		57600
34		10.0	3.0	7		0		0		0		7763		67200
35		0.0	6.0	6		0		0		0		6150		57600
36		10.0	1.0	5		0		0		0		6750		48000
37		5.0	5.0	6		0		0		0		6144		57600
38		3.0	0.0	4		0		0		0		4420		38400
39		3.0	8.0	4		0		0		0		4216		38400
40		9.0	9.0	5		0		0		0		6145		48000
41		1.0	7.0	6		0		0		0		6906		57600
42		7.0	5.0	4		0		0		0		4656		38400
43		7.0	3.0	4		0		0		0		6000		38400
44		5.0	9.0	6		0		0		0		8382		57600
45		10.0	6.0	5		0		0		0		6660		48000
46		4.0	2.0	6		0		0		0		6942		57600
47		4.0	9.0	7		0		0		0		8890		67200
48		2.0	6.0	4		0		0		0		4028		38400
49		5.0	4.0	6		0		0		0		6180		57600
50		7.0	5.0	4		0		0		0		4940		38400

ITEMS
Type	Length	Width	Height	Mass	Fragility	LoadBearingStrength
Bt1	80	120	244	1076	0		0
Bt2	80	120	244	1273	0		0
Bt3	80	120	244	1454	0		0
Bt4	80	120	244	1051	0		0
Bt5	80	120	244	1004	0		0
Bt6	80	120	244	1190	0		0
Bt7	80	120	244	1326	0		0
Bt8	80	120	244	1338	0		0
Bt9	80	120	244	1003	0		0
Bt10	80	120	244	1203	0		0
Bt11	80	120	244	1326	0		0
Bt12	80	120	244	1160	0		0
Bt13	80	120	244	1448	0		0
Bt14	80	120	244	1207	0		0
Bt15	80	120	244	1152	0		0
Bt16	80	120	244	1336	0		0
Bt17	80	120	244	1310	0		0
Bt18	80	120	244	1037	0		0
Bt19	80	120	244	1210	0		0
Bt20	80	120	244	1148	0		0
Bt21	80	120	244	1167	0		0
Bt22	80	120	244	1486	0		0
Bt23	80	120	244	1432	0		0
Bt24	80	120	244	1361	0		0
Bt25	80	120	244	1196	0		0
Bt26	80	120	244	1332	0		0
Bt27	80	120	244	1339	0		0
Bt28	80	120	244	1279	0		0
Bt29	80	120	244	1359	0		0
Bt30	80	120	244	1432	0		0
Bt31	80	120	244	1044	0		0
Bt32	80	120	244	1496	0		0
Bt33	80	120	244	1124	0		0
Bt34	80	120	244	1109	0		0
Bt35	80	120	244	1025	0		0
Bt36	80	120	244	1350	0		0
Bt37	80	120	244	1024	0		0
Bt38	80	120	244	1105	0		0
Bt39	80	120	244	1054	0		0
Bt40	80	120	244	1229	0		0
Bt41	80	120	244	1151	0		0
Bt42	80	120	244	1164	0		0
Bt43	80	120	244	1500	0		0
Bt44	80	120	244	1397	0		0
Bt45	80	120	244	1332	0		0
Bt46	80	120	244	1157	0		0
Bt47	80	120	244	1270	0		0
Bt48	80	120	244	1007	0		0
Bt49	80	120	244	1030	0		0
Bt50	80	120	244	1235	0		0

DEMANDS PER CUSTOMER
i	Type Quantity
1	Bt1 5
2	Bt2 5
3	Bt3 7
4	Bt4 7
5	Bt5 5
6	Bt6 4
7	Bt7 7
8	Bt8 4
9	Bt9 4
10	Bt10 7
11	Bt11 7
12	Bt12 7
13	Bt13 4
14	Bt14 7
15	Bt15 6
16	Bt16 4
17	Bt17 4
18	Bt18 6
19	Bt19 4
20	Bt20 5
21	Bt21 5
22	Bt22 7
23	Bt23 4
24	Bt24 7
25	Bt25 7
26	Bt26 6
27	Bt27 6
28	Bt28 6
29	Bt29 6
30	Bt30 5
31	Bt31 5
32	Bt32 7
33	Bt33 6
34	Bt34 7
35	Bt35 6
36	Bt36 5
37	Bt37 6
38	Bt38 4
39	Bt39 4
40	Bt40 5
41	Bt41 6
42	Bt42 4
43	Bt43 4
44	Bt44 6
45	Bt45 5
46	Bt46 6
47	Bt47 7
48	Bt48 4
49	Bt49 6
50	Bt50 4
