Name				061_n060_m200_bt3
Number_of_Customers		60
Number_of_Items			200
Number_of_ItemTypes		3
Number_of_Vehicles		28
TimeWindows			1

VEHICLE
Mass_Capacity			12595
CargoSpace_Length		60
CargoSpace_Width		25
CargoSpace_Height		30
Wheelbase			48
Max_Mass_FrontAxle		7100
Max_Mass_RearAxle		11500
Distance_FrontAxle_CargoSpace	4

CUSTOMERS
i		x		y		Demand		ReadyTime	DueDate		ServiceTime	DemandedMass	DemandedVolume
0		35		35		0		0		230		0		0		0
1		22		69		3		133		161		10		1955.68		5112
2		26		14		3		11		51		10		1930.58		6020
3		48		60		5		17		41		10		3561.3		10124
4		29		0		3		72		102		10		2886.28		9016
5		57		68		2		134		162		10		1140.32		3060
6		31		56		3		153		177		10		2911.38		8108
7		56		60		2		136		158		10		1140.32		3060
8		47		46		3		112		144		10		2420.98		7064
9		7		5		3		0		178		10		2420.98		7064
10		51		69		3		0		182		10		1955.68		5112
11		69		42		5		75		101		10		4051.7		11168
12		14		38		2		0		198		10		1140.32		3060
13		60		72		3		139		163		10		1465.28		4068
14		30		76		4		0		178		10		2771.04		7164
15		50		72		3		117		149		10		2420.98		7064
16		20		72		2		0		180		10		649.92		2016
17		3		20		3		62		88		10		2446.08		6156
18		15		20		2		27		61		10		1630.72		4104
19		3		12		3		0		180		10		2420.98		7064
20		66		27		5		0		187		10		4542.1		12212
21		34		17		5		158		184		10		4542.1		12212
22		49		3		4		45		67		10		3211.24		10024
23		45		62		5		21		63		10		3536.2		11032
24		23		75		5		40		64		10		4051.7		11168
25		53		52		3		0		195		10		1955.68		5112
26		53		39		5		114		142		10		3561.3		10124
27		12		9		2		170		194		10		1605.62		5012
28		6		39		3		55		91		10		1465.28		4068
29		58		45		4		0		194		10		3211.24		10024
30		9		65		3		101		129		10		1465.28		4068
31		63		42		2		41		67		10		2096.02		6056
32		42		4		4		17		49		10		3236.34		9116
33		46		42		5		15		47		10		4026.6		12076
34		63		5		5		80		108		10		4517		13120
35		42		33		3		184		218		10		1465.28		4068
36		70		55		4		62		96		10		2745.94		8072
37		47		20		3		85		123		10		2886.28		9016
38		62		29		4		0		192		10		1790.24		5076
39		15		59		3		65		99		10		2911.38		8108
40		48		65		2		156		192		10		1605.62		5012
41		51		0		3		48		68		10		2420.98		7064
42		48		30		4		1		25		10		3236.34		9116
43		7		36		3		123		141		10		3841.98		12012
44		67		64		3		0		176		10		1465.28		4068
45		56		1		5		132		160		10		3586.4		9216
46		43		39		4		36		72		10		3236.34		9116
47		56		10		2		36		62		10		649.92		2016
48		26		34		2		0		38		10		1605.62		5012
49		26		38		4		181		207		10		3701.64		11068
50		24		2		3		0		185		10		2420.98		7064
51		34		7		2		0		191		10		1140.32		3060
52		4		55		4		34		72		10		1299.84		4032
53		10		46		2		0		192		10		1140.32		3060
54		31		59		4		105		137		10		3701.64		11068
55		19		17		3		0		195		10		2911.38		8108
56		63		74		4		156		186		10		2280.64		6120
57		40		27		2		69		97		10		2096.02		6056
58		31		39		3		55		77		10		1955.68		5112
59		22		61		3		168		196		10		1930.58		6020
60		12		67		4		43		77		10		2771.04		7164

ITEMS
Type		Length		Width		Height		Mass		Fragility	LoadBearingStrength
Bt1		12		12		7		324.96		1		9.0011966
Bt2		19		9		12		815.36		0		52.8306773
Bt3		22		14		13		1280.66		0		20.7738701

DEMANDS PER CUSTOMER
i	Type Quantity
1	Bt1 1	Bt2 2	
2	Bt1 2	Bt3 1	
3	Bt1 2	Bt2 2	Bt3 1	
4	Bt1 1	Bt3 2	
5	Bt1 1	Bt2 1	
6	Bt2 2	Bt3 1	
7	Bt1 1	Bt2 1	
8	Bt1 1	Bt2 1	Bt3 1	
9	Bt1 1	Bt2 1	Bt3 1	
10	Bt1 1	Bt2 2	
11	Bt1 1	Bt2 3	Bt3 1	
12	Bt1 1	Bt2 1	
13	Bt1 2	Bt2 1	
14	Bt1 1	Bt2 3	
15	Bt1 1	Bt2 1	Bt3 1	
16	Bt1 2	
17	Bt2 3	
18	Bt2 2	
19	Bt1 1	Bt2 1	Bt3 1	
20	Bt2 4	Bt3 1	
21	Bt2 4	Bt3 1	
22	Bt1 2	Bt3 2	
23	Bt1 3	Bt3 2	
24	Bt1 1	Bt2 3	Bt3 1	
25	Bt1 1	Bt2 2	
26	Bt1 2	Bt2 2	Bt3 1	
27	Bt1 1	Bt3 1	
28	Bt1 2	Bt2 1	
29	Bt1 2	Bt3 2	
30	Bt1 2	Bt2 1	
31	Bt2 1	Bt3 1	
32	Bt1 1	Bt2 2	Bt3 1	
33	Bt1 2	Bt2 1	Bt3 2	
34	Bt1 1	Bt2 2	Bt3 2	
35	Bt1 2	Bt2 1	
36	Bt1 2	Bt2 1	Bt3 1	
37	Bt1 1	Bt3 2	
38	Bt1 3	Bt2 1	
39	Bt2 2	Bt3 1	
40	Bt1 1	Bt3 1	
41	Bt1 1	Bt2 1	Bt3 1	
42	Bt1 1	Bt2 2	Bt3 1	
43	Bt3 3	
44	Bt1 2	Bt2 1	
45	Bt1 1	Bt2 4	
46	Bt1 1	Bt2 2	Bt3 1	
47	Bt1 2	
48	Bt1 1	Bt3 1	
49	Bt1 1	Bt2 1	Bt3 2	
50	Bt1 1	Bt2 1	Bt3 1	
51	Bt1 1	Bt2 1	
52	Bt1 4	
53	Bt1 1	Bt2 1	
54	Bt1 1	Bt2 1	Bt3 2	
55	Bt2 2	Bt3 1	
56	Bt1 2	Bt2 2	
57	Bt2 1	Bt3 1	
58	Bt1 1	Bt2 2	
59	Bt1 2	Bt3 1	
60	Bt1 1	Bt2 3	