Name				062_n060_m200_bt3
Number_of_Customers		60
Number_of_Items			200
Number_of_ItemTypes		3
Number_of_Vehicles		36
TimeWindows			1

VEHICLE
Mass_Capacity			12595
CargoSpace_Length		60
CargoSpace_Width		25
CargoSpace_Height		30
Wheelbase			48
Max_Mass_FrontAxle		7100
Max_Mass_RearAxle		11500
Distance_FrontAxle_CargoSpace	4

CUSTOMERS
i		x		y		Demand		ReadyTime	DueDate		ServiceTime	DemandedMass	DemandedVolume
0		35		35		0		0		230		0		0		0
1		17		10		5		103		135		10		4946.23		12888
2		48		67		3		121		147		10		1974.63		5184
3		44		63		3		36		64		10		4366.83		10704
4		46		51		3		12		40		10		2892.79		8160
5		28		62		3		30		64		10		3810.95		11136
6		57		66		2		61		85		10		2790.46		6000
7		25		52		4		161		191		10		5025.04		12432
8		45		76		2		100		132		10		3152.74		9408
9		41		7		5		148		184		10		4765.09		11184
10		38		8		3		109		139		10		2711.65		6456
11		65		49		5		154		182		10		4765.09		11184
12		61		12		3		147		177		10		4366.83		10704
13		11		63		2		34		60		10		2234.58		6432
14		56		10		3		96		142		10		2892.79		8160
15		38		15		3		144		172		10		4366.83		10704
16		62		58		2		113		145		10		1316.42		3456
17		4		71		3		103		139		10		1974.63		5184
18		43		41		4		128		150		10		5025.04		12432
19		46		7		2		16		56		10		2790.46		6000
20		67		29		3		64		90		10		2892.79		8160
21		49		61		2		122		162		10		3152.74		9408
22		19		4		4		41		63		10		5025.04		12432
23		55		18		3		162		190		10		3810.95		11136
24		48		30		4		160		192		10		4106.88		9456
25		3		63		2		160		182		10		2053.44		4728
26		5		41		2		93		119		10		3152.74		9408
27		56		80		5		124		154		10		5502.11		12456
28		23		4		4		30		52		10		5025.04		12432
29		51		51		2		9		37		10		3152.74		9408
30		7		45		3		62		94		10		3448.67		7728
31		54		59		3		169		199		10		3629.81		9432
32		27		1		3		168		196		10		4366.83		10704
33		45		33		2		175		199		10		2971.6		7704
34		29		18		3		121		151		10		2892.79		8160
35		5		35		3		45		75		10		4366.83		10704
36		55		56		5		45		77		10		4946.23		12888
37		0		65		4		79		101		10		3551		9888
38		15		47		3		31		57		10		2711.65		6456
39		38		67		5		82		116		10		5502.11		12456
40		57		13		5		80		114		10		4765.09		11184
41		27		31		5		123		155		10		4028.07		9912
42		36		26		4		185		221		10		4288.02		11160
43		21		41		2		66		100		10		1316.42		3456
44		29		38		3		83		111		10		3629.81		9432
45		32		21		5		68		98		10		5502.11		12456
46		24		66		4		28		66		10		5025.04		12432
47		66		54		5		115		145		10		6239.13		13728
48		4		31		3		115		145		10		3629.81		9432
49		37		18		5		130		156		10		4765.09		11184
50		13		43		3		36		64		10		3629.81		9432
51		9		72		2		129		153		10		2971.6		7704
52		65		75		3		106		130		10		3810.95		11136
53		53		23		2		152		186		10		2971.6		7704
54		14		59		4		50		76		10		3369.86		8184
55		7		5		4		37		67		10		5025.04		12432
56		16		66		2		93		117		10		2234.58		6432
57		41		17		4		157		183		10		4843.9		10728
58		50		2		4		127		161		10		5025.04		12432
59		30		73		4		99		129		10		3551		9888
60		11		69		2		84		118		10		1316.42		3456

ITEMS
Type		Length		Width		Height		Mass		Fragility	LoadBearingStrength
Bt1		24		9		8		658.21		1		5.0616792
Bt2		25		12		10		1395.23		0		23.2359240
Bt3		28		14		12		1576.37		0		16.6809768

DEMANDS PER CUSTOMER
i	Type Quantity
1	Bt1 3	Bt2 1	Bt3 1	
2	Bt1 3	
3	Bt2 2	Bt3 1	
4	Bt1 2	Bt3 1	
5	Bt1 1	Bt3 2	
6	Bt2 2	
7	Bt1 1	Bt2 2	Bt3 1	
8	Bt3 2	
9	Bt1 3	Bt2 2	
10	Bt1 2	Bt2 1	
11	Bt1 3	Bt2 2	
12	Bt2 2	Bt3 1	
13	Bt1 1	Bt3 1	
14	Bt1 2	Bt3 1	
15	Bt2 2	Bt3 1	
16	Bt1 2	
17	Bt1 3	
18	Bt1 1	Bt2 2	Bt3 1	
19	Bt2 2	
20	Bt1 2	Bt3 1	
21	Bt3 2	
22	Bt1 1	Bt2 2	Bt3 1	
23	Bt1 1	Bt3 2	
24	Bt1 2	Bt2 2	
25	Bt1 1	Bt2 1	
26	Bt3 2	
27	Bt1 2	Bt2 3	
28	Bt1 1	Bt2 2	Bt3 1	
29	Bt3 2	
30	Bt1 1	Bt2 2	
31	Bt1 1	Bt2 1	Bt3 1	
32	Bt2 2	Bt3 1	
33	Bt2 1	Bt3 1	
34	Bt1 2	Bt3 1	
35	Bt2 2	Bt3 1	
36	Bt1 3	Bt2 1	Bt3 1	
37	Bt1 3	Bt3 1	
38	Bt1 2	Bt2 1	
39	Bt1 2	Bt2 3	
40	Bt1 3	Bt2 2	
41	Bt1 4	Bt2 1	
42	Bt1 2	Bt2 1	Bt3 1	
43	Bt1 2	
44	Bt1 1	Bt2 1	Bt3 1	
45	Bt1 2	Bt2 3	
46	Bt1 1	Bt2 2	Bt3 1	
47	Bt1 1	Bt2 4	
48	Bt1 1	Bt2 1	Bt3 1	
49	Bt1 3	Bt2 2	
50	Bt1 1	Bt2 1	Bt3 1	
51	Bt2 1	Bt3 1	
52	Bt1 1	Bt3 2	
53	Bt2 1	Bt3 1	
54	Bt1 3	Bt2 1	
55	Bt1 1	Bt2 2	Bt3 1	
56	Bt1 1	Bt3 1	
57	Bt1 1	Bt2 3	
58	Bt1 1	Bt2 2	Bt3 1	
59	Bt1 3	Bt3 1	
60	Bt1 2	