Name				063_n060_m200_bt3
Number_of_Customers		60
Number_of_Items			200
Number_of_ItemTypes		3
Number_of_Vehicles		32
TimeWindows			1

VEHICLE
Mass_Capacity			12595
CargoSpace_Length		60
CargoSpace_Width		25
CargoSpace_Height		30
Wheelbase			48
Max_Mass_FrontAxle		7100
Max_Mass_RearAxle		11500
Distance_FrontAxle_CargoSpace	4

CUSTOMERS
i		x		y		Demand		ReadyTime	DueDate		ServiceTime	DemandedMass	DemandedVolume
0		35		35		0		0		230		0		0		0
1		60		11		2		51		81		10		3187.28		8820
2		22		50		2		47		73		10		788.52		4000
3		4		3		4		98		118		10		1657.2		8620
4		3		51		5		38		70		10		2051.46		10620
5		16		43		3		9		49		10		2382.16		8410
6		54		0		2		110		134		10		2027.98		6720
7		68		51		4		44		80		10		3975.8		12820
8		66		65		3		74		112		10		2422.24		8720
9		69		20		4		80		110		10		1697.28		8930
10		10		69		2		54		78		10		828.6		4310
11		60		38		2		58		88		10		868.68		4620
12		27		26		4		84		122		10		1697.28		8930
13		54		13		2		116		146		10		1987.9		6410
14		69		71		5		52		78		10		3210.76		12720
15		2		46		4		51		79		10		2816.5		10720
16		15		73		2		113		141		10		828.6		4310
17		33		2		5		164		194		10		3210.76		12720
18		33		32		2		77		105		10		868.68		4620
19		66		58		3		82		110		10		2382.16		8410
20		63		36		5		51		75		10		3170.68		12410
21		35		64		2		158		186		10		2027.98		6720
22		66		71		4		141		179		10		4015.88		13130
23		14		51		4		142		172		10		1657.2		8620
24		50		76		2		99		119		10		868.68		4620
25		30		19		3		119		155		10		3581.54		10820
26		40		1		3		43		71		10		2422.24		8720
27		8		1		5		95		115		10		3210.76		12720
28		4		7		4		141		169		10		2776.42		10410
29		26		12		2		24		58		10		828.6		4310
30		0		53		3		144		176		10		1262.94		6620
31		28		51		5		14		34		10		4410.14		15130
32		34		22		2		123		145		10		3187.28		8820
33		18		73		5		69		101		10		2131.62		11240
34		10		14		4		164		194		10		1737.36		9240
35		54		58		4		110		138		10		2816.5		10720
36		64		5		5		60		94		10		2051.46		10620
37		35		80		3		144		172		10		2462.32		9030
38		7		39		3		32		58		10		1262.94		6620
39		9		55		3		59		95		10		2422.24		8720
40		56		74		2		77		105		10		868.68		4620
41		47		49		4		27		61		10		2856.58		11030
42		56		35		4		45		73		10		1617.12		8310
43		69		1		4		81		107		10		2856.58		11030
44		45		28		2		104		130		10		1987.9		6410
45		45		34		3		120		146		10		3581.54		10820
46		5		44		4		109		145		10		3975.8		12820
47		45		61		2		131		163		10		828.6		4310
48		48		65		2		103		129		10		828.6		4310
49		67		27		4		84		110		10		2776.42		10410
50		62		42		3		18		48		10		2382.16		8410
51		39		10		2		71		101		10		2027.98		6720
52		57		51		2		140		164		10		1987.9		6410
53		16		65		3		39		69		10		1262.94		6620
54		46		19		5		86		122		10		3290.92		13340
55		32		29		3		164		188		10		2422.24		8720
56		36		69		4		118		138		10		2856.58		11030
57		30		63		5		29		57		10		3210.76		12720
58		27		76		4		139		165		10		1697.28		8930
59		5		80		4		49		81		10		2816.5		10720
60		37		57		3		162		194		10		1222.86		6310

ITEMS
Type		Length		Width		Height		Mass		Fragility	LoadBearingStrength
Bt1		33		5		14		434.34		1		3.3049444
Bt2		35		9		14		1593.64		0		27.0349943
Bt3		20		10		10		394.26		0		7.6170203

DEMANDS PER CUSTOMER
i	Type Quantity
1	Bt2 2	
2	Bt3 2	
3	Bt1 2	Bt3 2	
4	Bt1 2	Bt3 3	
5	Bt2 1	Bt3 2	
6	Bt1 1	Bt2 1	
7	Bt2 2	Bt3 2	
8	Bt1 1	Bt2 1	Bt3 1	
9	Bt1 3	Bt3 1	
10	Bt1 1	Bt3 1	
11	Bt1 2	
12	Bt1 3	Bt3 1	
13	Bt2 1	Bt3 1	
14	Bt1 1	Bt2 1	Bt3 3	
15	Bt1 1	Bt2 1	Bt3 2	
16	Bt1 1	Bt3 1	
17	Bt1 1	Bt2 1	Bt3 3	
18	Bt1 2	
19	Bt2 1	Bt3 2	
20	Bt2 1	Bt3 4	
21	Bt1 1	Bt2 1	
22	Bt1 1	Bt2 2	Bt3 1	
23	Bt1 2	Bt3 2	
24	Bt1 2	
25	Bt2 2	Bt3 1	
26	Bt1 1	Bt2 1	Bt3 1	
27	Bt1 1	Bt2 1	Bt3 3	
28	Bt2 1	Bt3 3	
29	Bt1 1	Bt3 1	
30	Bt1 2	Bt3 1	
31	Bt1 1	Bt2 2	Bt3 2	
32	Bt2 2	
33	Bt1 4	Bt3 1	
34	Bt1 4	
35	Bt1 1	Bt2 1	Bt3 2	
36	Bt1 2	Bt3 3	
37	Bt1 2	Bt2 1	
38	Bt1 2	Bt3 1	
39	Bt1 1	Bt2 1	Bt3 1	
40	Bt1 2	
41	Bt1 2	Bt2 1	Bt3 1	
42	Bt1 1	Bt3 3	
43	Bt1 2	Bt2 1	Bt3 1	
44	Bt2 1	Bt3 1	
45	Bt2 2	Bt3 1	
46	Bt2 2	Bt3 2	
47	Bt1 1	Bt3 1	
48	Bt1 1	Bt3 1	
49	Bt2 1	Bt3 3	
50	Bt2 1	Bt3 2	
51	Bt1 1	Bt2 1	
52	Bt2 1	Bt3 1	
53	Bt1 2	Bt3 1	
54	Bt1 3	Bt2 1	Bt3 1	
55	Bt1 1	Bt2 1	Bt3 1	
56	Bt1 2	Bt2 1	Bt3 1	
57	Bt1 1	Bt2 1	Bt3 3	
58	Bt1 3	Bt3 1	
59	Bt1 1	Bt2 1	Bt3 2	
60	Bt1 1	Bt3 2	