Name				067_n060_m200_bt10
Number_of_Customers		60
Number_of_Items			200
Number_of_ItemTypes		10
Number_of_Vehicles		26
TimeWindows			1

VEHICLE
Mass_Capacity			12595
CargoSpace_Length		60
CargoSpace_Width		25
CargoSpace_Height		30
Wheelbase			48
Max_Mass_FrontAxle		7100
Max_Mass_RearAxle		11500
Distance_FrontAxle_CargoSpace	4

CUSTOMERS
i		x		y		Demand		ReadyTime	DueDate		ServiceTime	DemandedMass	DemandedVolume
0		35		35		0		0		230		0		0		0
1		38		27		3		0		211		10		1810.68		8890
2		8		16		5		96		120		10		1790.79		9902
3		23		20		3		114		138		10		691.45		4832
4		64		32		4		0		190		10		2358.83		10388
5		51		75		2		0		176		10		636.17		4412
6		12		76		2		62		88		10		1071.52		6880
7		39		75		2		93		117		10		1327.33		4406
8		33		66		5		0		188		10		3029.84		13652
9		69		61		3		0		177		10		1199.41		6012
10		67		16		2		62		92		10		1306.21		5050
11		42		3		4		38		80		10		2114.49		7580
12		65		41		3		85		107		10		1717.89		9004
13		66		63		3		66		104		10		2749.99		13132
14		23		63		2		0		189		10		1749.78		4956
15		33		44		2		0		210		10		785.62		3516
16		1		52		2		106		142		10		484.53		2316
17		13		65		4		76		108		10		1990.29		9652
18		3		2		5		0		174		10		1797.93		7212
19		59		13		3		0		187		10		2306.42		13226
20		6		31		4		118		150		10		1933.22		6924
21		16		46		4		0		198		10		1858.68		10054
22		20		60		3		0		190		10		2233.13		9440
23		26		21		3		89		123		10		1809.14		9232
24		48		28		3		0		205		10		736.94		4564
25		4		55		2		0		183		10		1024.7		3548
26		15		77		2		158		188		10		1220.7		4420
27		49		45		4		0		202		10		2450.08		10616
28		20		39		2		37		69		10		484.53		2316
29		34		39		4		0		215		10		1657.06		6520
30		16		29		3		0		200		10		2301.07		12128
31		36		45		3		0		209		10		2186.31		6108
32		10		57		4		114		144		10		2610.62		10416
33		37		63		2		0		191		10		1304.67		5392
34		15		8		3		98		128		10		1466.58		5798
35		34		6		5		143		181		10		2122.18		12998
36		1		70		4		0		171		10		2254.83		12922
37		59		0		3		0		177		10		1255.99		6440
38		31		41		5		115		141		10		3294.06		10538
39		35		9		2		135		157		10		335.08		3212
40		32		3		5		108		140		10		3638.81		11304
41		41		65		4		0		189		10		943.86		7080
42		19		29		3		0		202		10		1461.23		4700
43		53		50		4		0		196		10		1406.6		10092
44		39		43		4		1		23		10		2614.43		11856
45		61		7		2		0		181		10		1327.33		4406
46		54		11		3		110		144		10		1717.89		9004
47		39		1		5		0		185		10		2391.81		12532
48		34		22		5		180		214		10		2022.67		10320
49		8		39		3		0		192		10		977.64		3896
50		40		62		3		143		179		10		1238.59		6462
51		16		34		5		190		212		10		2853.56		10416
52		34		52		4		0		202		10		1773.17		9424
53		40		58		3		0		196		10		1762.32		5900
54		0		59		5		120		150		10		2451.26		8448
55		22		44		3		138		166		10		1763.86		5558
56		53		8		4		156		178		10		1660.87		7960
57		8		54		2		0		186		10		882.22		4842
58		66		38		3		0		188		10		1662.58		6670
59		9		20		4		137		165		10		1879.53		7846
60		59		18		2		86		120		10		391.66		3640

ITEMS
Type		Length		Width		Height		Mass		Fragility	LoadBearingStrength
Bt1		32		6		6		436.53		0		28.0970364
Bt2		25		10		9		441.88		1		14.0448831
Bt3		27		12		8		440.34		0		8.6847730
Bt4		22		7		14		885.45		0		39.1681322
Bt5		29		8		6		139.25		1		1.7281997
Bt6		15		12		9		356.37		0		9.8791651
Bt7		14		13		10		195.83		0		4.3314869
Bt8		28		10		10		864.33		0		12.8502042
Bt9		28		14		14		932.27		0		30.3638327
Bt10		22		6		7		345.28		0		28.2151078

DEMANDS PER CUSTOMER
i	Type Quantity
1	Bt1 1	Bt2 1	Bt9 1	
2	Bt2 1	Bt3 1	Bt6 2	Bt7 1	
3	Bt5 1	Bt6 1	Bt7 1	
4	Bt4 1	Bt7 1	Bt9 1	Bt10 1	
5	Bt3 1	Bt7 1	
6	Bt5 1	Bt9 1	
7	Bt2 1	Bt4 1	
8	Bt1 1	Bt3 1	Bt6 1	Bt8 1	Bt9 1	
9	Bt5 1	Bt7 1	Bt8 1	
10	Bt2 1	Bt8 1	
11	Bt2 2	Bt4 1	Bt10 1	
12	Bt3 1	Bt9 1	Bt10 1	
13	Bt4 1	Bt9 2	
14	Bt4 1	Bt8 1	
15	Bt3 1	Bt10 1	
16	Bt5 1	Bt10 1	
17	Bt6 2	Bt9 1	Bt10 1	
18	Bt1 2	Bt3 1	Bt5 1	Bt10 1	
19	Bt2 1	Bt9 2	
20	Bt1 2	Bt7 1	Bt8 1	
21	Bt2 1	Bt5 1	Bt9 1	Bt10 1	
22	Bt1 1	Bt8 1	Bt9 1	
23	Bt1 1	Bt3 1	Bt9 1	
24	Bt7 2	Bt10 1	
25	Bt4 1	Bt5 1	
26	Bt6 1	Bt8 1	
27	Bt1 1	Bt4 1	Bt7 1	Bt9 1	
28	Bt5 1	Bt10 1	
29	Bt1 1	Bt4 1	Bt5 1	Bt7 1	
30	Bt1 1	Bt9 2	
31	Bt1 1	Bt4 1	Bt8 1	
32	Bt1 1	Bt4 1	Bt6 1	Bt9 1	
33	Bt3 1	Bt8 1	
34	Bt2 1	Bt4 1	Bt5 1	
35	Bt2 1	Bt6 1	Bt7 2	Bt9 1	
36	Bt2 1	Bt3 2	Bt9 1	
37	Bt7 2	Bt8 1	
38	Bt2 1	Bt4 3	Bt7 1	
39	Bt5 1	Bt7 1	
40	Bt4 2	Bt5 1	Bt8 2	
41	Bt6 1	Bt7 3	
42	Bt1 1	Bt4 1	Bt5 1	
43	Bt5 2	Bt7 1	Bt9 1	
44	Bt3 1	Bt4 1	Bt6 1	Bt9 1	
45	Bt2 1	Bt4 1	
46	Bt3 1	Bt9 1	Bt10 1	
47	Bt1 1	Bt2 2	Bt5 1	Bt9 1	
48	Bt3 3	Bt6 1	Bt10 1	
49	Bt1 1	Bt7 1	Bt10 1	
50	Bt2 1	Bt3 1	Bt6 1	
51	Bt4 1	Bt9 1	Bt10 3	
52	Bt5 1	Bt6 1	Bt9 1	Bt10 1	
53	Bt1 1	Bt3 1	Bt4 1	
54	Bt4 2	Bt5 1	Bt7 1	Bt10 1	
55	Bt1 1	Bt2 1	Bt4 1	
56	Bt3 1	Bt4 1	Bt5 1	Bt7 1	
57	Bt2 1	Bt3 1	
58	Bt2 1	Bt6 1	Bt8 1	
59	Bt2 1	Bt4 1	Bt6 1	Bt7 1	
60	Bt7 2	