Name				069_n060_m200_bt10
Number_of_Customers		60
Number_of_Items			200
Number_of_ItemTypes		10
Number_of_Vehicles		24
TimeWindows			1

VEHICLE
Mass_Capacity			12595
CargoSpace_Length		60
CargoSpace_Width		25
CargoSpace_Height		30
Wheelbase			48
Max_Mass_FrontAxle		7100
Max_Mass_RearAxle		11500
Distance_FrontAxle_CargoSpace	4

CUSTOMERS
i		x		y		Demand		ReadyTime	DueDate		ServiceTime	DemandedMass	DemandedVolume
0		35		35		0		0		230		0		0		0
1		23		29		5		0		206		10		2292.83		10789
2		52		64		3		33		63		10		1880.28		8076
3		5		24		2		0		188		10		771.12		3409
4		48		45		3		173		205		10		2616.44		10019
5		25		21		2		0		202		10		1988.87		5543
6		19		30		5		89		121		10		1538.93		8053
7		52		47		3		0		199		10		1647.54		8316
8		52		59		2		0		190		10		639.83		5184
9		16		38		3		0		200		10		1063.84		8190
10		40		51		2		0		203		10		789.77		3960
11		7		53		5		0		186		10		1873.66		8676
12		16		62		2		142		172		10		1494.64		5472
13		40		65		3		0		189		10		990.02		4795
14		43		22		3		0		204		10		1380.59		6264
15		42		76		5		0		178		10		2759.76		9395
16		57		46		5		0		195		10		2260.67		10087
17		20		76		3		0		176		10		850.61		5628
18		61		12		3		0		185		10		2996.58		8675
19		9		28		5		0		193		10		2161.06		13584
20		70		30		4		0		184		10		2163.17		9966
21		64		44		3		0		189		10		971.37		6114
22		55		15		4		0		191		10		1895.14		9012
23		37		12		3		0		196		10		990.02		4795
24		14		76		2		59		85		10		1031.7		5832
25		52		27		3		0		201		10		1279.3		6528
26		13		61		4		0		185		10		1562.67		7398
27		28		63		4		165		193		10		3112.56		14471
28		70		16		5		0		180		10		2897.39		10403
29		39		25		2		0		209		10		687.18		3175
30		64		78		3		0		168		10		579.98		4446
31		7		38		3		0		191		10		867.48		6150
32		41		80		3		0		174		10		1675.1		8376
33		17		55		5		0		193		10		1973.33		10182
34		29		52		2		0		201		10		1181.64		4608
35		47		5		3		0		187		10		2477.1		7062
36		40		4		3		0		188		10		787.76		4374
37		38		59		2		0		195		10		670.31		2653
38		67		10		2		0		179		10		1289.46		5772
39		9		46		3		130		158		10		700.74		4932
40		7		34		4		0		191		10		2285.71		8611
41		66		64		2		0		177		10		585.73		3510
42		48		34		3		0		206		10		1158.54		6042
43		23		40		5		0		207		10		2520.11		11390
44		7		19		5		0		187		10		5147.12		14986
45		36		65		3		0		189		10		2274.84		6641
46		40		69		3		0		185		10		2085.46		7776
47		43		56		5		0		197		10		2900.25		11916
48		0		80		3		53		83		10		2429.75		9071
49		24		66		3		0		187		10		1543.65		8352
50		37		3		2		99		133		10		743.72		5148
51		29		21		4		0		204		10		2183.12		7826
52		48		53		4		168		192		10		1851.95		7261
53		37		15		4		49		81		10		1977.78		8197
54		13		58		2		0		188		10		1181.64		4608
55		25		50		3		150		186		10		988.72		5616
56		60		54		3		124		154		10		973.15		4273
57		63		52		3		55		89		10		4020.72		11302
58		19		60		3		138		168		10		1777.69		7291
59		4		58		4		0		181		10		1513.54		9378
60		23		26		5		0		205		10		1490.44		10812

ITEMS
Type		Length		Width		Height		Mass		Fragility	LoadBearingStrength
Bt1		18		7		9		182.08		0		12.4654516
Bt2		21		10		9		282.89		1		6.5236159
Bt3		23		13		13		1789.92		1		8.2414588
Bt4		31		7		7		488.23		0		39.2947390
Bt5		31		12		7		385.64		0		45.8566125
Bt6		28		9		14		440.88		0		3.3280583
Bt7		23		9		8		198.95		0		7.0024332
Bt8		32		11		9		903.82		0		10.1272530
Bt9		27		10		6		302.84		0		65.9525213
Bt10		16		12		12		590.82		0		85.1621848

DEMANDS PER CUSTOMER
i	Type Quantity
1	Bt1 1	Bt4 1	Bt6 1	Bt10 2	
2	Bt5 1	Bt8 1	Bt10 1	
3	Bt2 1	Bt4 1	
4	Bt3 1	Bt5 1	Bt6 1	
5	Bt3 1	Bt7 1	
6	Bt1 1	Bt2 2	Bt4 1	Bt9 1	
7	Bt6 1	Bt8 1	Bt9 1	
8	Bt6 1	Bt7 1	
9	Bt1 1	Bt6 2	
10	Bt7 1	Bt10 1	
11	Bt1 2	Bt8 1	Bt9 2	
12	Bt8 1	Bt10 1	
13	Bt4 1	Bt7 1	Bt9 1	
14	Bt7 1	Bt10 2	
15	Bt1 2	Bt3 1	Bt9 2	
16	Bt2 2	Bt4 1	Bt8 1	Bt9 1	
17	Bt1 1	Bt2 1	Bt5 1	
18	Bt3 1	Bt8 1	Bt9 1	
19	Bt5 1	Bt6 2	Bt9 1	Bt10 1	
20	Bt2 1	Bt5 1	Bt8 1	Bt10 1	
21	Bt2 1	Bt5 1	Bt9 1	
22	Bt5 1	Bt8 1	Bt9 2	
23	Bt4 1	Bt7 1	Bt9 1	
24	Bt6 1	Bt10 1	
25	Bt5 1	Bt9 1	Bt10 1	
26	Bt1 1	Bt7 1	Bt10 2	
27	Bt3 1	Bt6 3	
28	Bt3 1	Bt7 1	Bt9 3	
29	Bt4 1	Bt7 1	
30	Bt1 1	Bt7 2	
31	Bt2 1	Bt5 1	Bt7 1	
32	Bt5 2	Bt8 1	
33	Bt1 1	Bt5 1	Bt7 1	Bt8 1	Bt9 1	
34	Bt10 2	
35	Bt3 1	Bt4 1	Bt7 1	
36	Bt1 1	Bt9 2	
37	Bt1 1	Bt4 1	
38	Bt5 1	Bt8 1	
39	Bt7 2	Bt9 1	
40	Bt4 1	Bt8 1	Bt9 1	Bt10 1	
41	Bt2 1	Bt9 1	
42	Bt1 1	Bt5 1	Bt10 1	
43	Bt4 2	Bt6 1	Bt7 1	Bt8 1	
44	Bt3 2	Bt5 1	Bt10 2	
45	Bt1 1	Bt3 1	Bt9 1	
46	Bt8 1	Bt10 2	
47	Bt7 1	Bt8 2	Bt9 1	Bt10 1	
48	Bt3 1	Bt6 1	Bt7 1	
49	Bt6 1	Bt7 1	Bt8 1	
50	Bt6 1	Bt9 1	
51	Bt4 2	Bt8 1	Bt9 1	
52	Bt1 1	Bt4 1	Bt10 2	
53	Bt2 1	Bt4 1	Bt8 1	Bt9 1	
54	Bt10 2	
55	Bt7 2	Bt10 1	
56	Bt1 1	Bt4 1	Bt9 1	
57	Bt3 2	Bt6 1	
58	Bt4 1	Bt5 1	Bt8 1	
59	Bt2 1	Bt6 1	Bt7 1	Bt10 1	
60	Bt1 1	Bt2 1	Bt5 1	Bt6 1	Bt7 1	