Name				078_n060_m200_bt3
Number_of_Customers		60
Number_of_Items			200
Number_of_ItemTypes		3
Number_of_Vehicles		26
TimeWindows			1

VEHICLE
Mass_Capacity			12595
CargoSpace_Length		60
CargoSpace_Width		25
CargoSpace_Height		30
Wheelbase			48
Max_Mass_FrontAxle		7100
Max_Mass_RearAxle		11500
Distance_FrontAxle_CargoSpace	4

CUSTOMERS
i		x		y		Demand		ReadyTime	DueDate		ServiceTime	DemandedMass	DemandedVolume
0		35		35		0		0		230		0		0		0
1		5		61		2		43		73		10		271.48		514
2		2		68		3		43		81		10		417.23		874
3		30		25		2		124		156		10		236.31		576
4		53		76		3		120		148		10		362.04		730
5		16		76		3		78		104		10		271.68		648
6		32		1		3		42		72		10		342.02		524
7		38		69		3		153		179		10		362.04		730
8		13		69		2		115		137		10		216.29		370
9		19		23		4		170		214		10		507.79		1090
10		34		46		5		11		45		10		523.14		956
11		61		32		5		130		154		10		523.14		956
12		29		0		5		56		76		10		633.52		1244
13		13		22		3		137		155		10		382.06		936
14		13		32		3		24		48		10		382.06		936
15		62		26		3		40		64		10		382.06		936
16		63		65		3		47		79		10		417.23		874
17		46		10		5		86		118		10		578.33		1100
18		40		7		3		27		55		10		342.02		524
19		24		34		3		139		163		10		342.02		524
20		54		6		4		44		76		10		467.75		678
21		57		30		3		85		115		10		271.68		648
22		62		71		5		50		80		10		673.56		1656
23		9		26		3		96		124		10		362.04		730
24		40		16		4		72		102		10		507.79		1090
25		27		27		3		24		52		10		382.06		936
26		35		66		5		101		131		10		618.37		1512
27		16		53		4		66		94		10		487.77		884
28		30		34		3		111		143		10		362.04		730
29		69		6		3		43		73		10		417.23		874
30		55		45		2		161		187		10		236.31		576
31		56		15		4		143		165		10		487.77		884
32		37		73		2		92		130		10		291.5		720
33		23		53		3		112		144		10		362.04		730
34		42		44		4		4		36		10		507.79		1090
35		9		1		5		137		163		10		563.18		1368
36		37		39		2		149		185		10		236.31		576
37		70		34		4		27		65		10		472.62		1152
38		51		30		3		12		40		10		417.23		874
39		23		38		2		73		115		10		251.46		308
40		5		43		4		40		64		10		432.58		740
41		48		48		5		169		199		10		487.97		1018
42		47		55		3		33		61		10		362.04		730
43		35		23		2		59		91		10		291.5		720
44		60		44		3		172		210		10		342.02		524
45		42		78		3		116		148		10		326.87		792
46		17		0		2		66		98		10		271.48		514
47		44		29		5		53		87		10		708.73		1594
48		54		68		4		25		53		10		487.77		884
49		2		15		2		67		97		10		216.29		370
50		40		26		5		144		174		10		487.97		1018
51		44		47		4		172		204		10		487.77		884
52		69		38		3		126		144		10		342.02		524
53		66		57		2		161		193		10		291.5		720
54		54		51		2		108		132		10		216.29		370
55		26		47		3		39		65		10		326.87		792
56		69		22		5		122		158		10		633.52		1244
57		31		4		2		165		197		10		291.5		720
58		45		2		3		59		83		10		342.02		524
59		25		65		4		164		194		10		417.43		1008
60		26		21		3		80		118		10		342.02		524

ITEMS
Type		Length		Width		Height		Mass		Fragility	LoadBearingStrength
Bt1		11		2		7		125.73		0		11.5546542
Bt2		15		3		8		145.75		1		30.6433225
Bt3		9		4		6		90.56		0		53.3197901

DEMANDS PER CUSTOMER
i	Type Quantity
1	Bt1 1	Bt2 1	
2	Bt1 1	Bt2 2	
3	Bt2 1	Bt3 1	
4	Bt1 1	Bt2 1	Bt3 1	
5	Bt3 3	
6	Bt1 2	Bt3 1	
7	Bt1 1	Bt2 1	Bt3 1	
8	Bt1 1	Bt3 1	
9	Bt1 1	Bt2 2	Bt3 1	
10	Bt1 2	Bt3 3	
11	Bt1 2	Bt3 3	
12	Bt1 2	Bt2 2	Bt3 1	
13	Bt2 2	Bt3 1	
14	Bt2 2	Bt3 1	
15	Bt2 2	Bt3 1	
16	Bt1 1	Bt2 2	
17	Bt1 2	Bt2 1	Bt3 2	
18	Bt1 2	Bt3 1	
19	Bt1 2	Bt3 1	
20	Bt1 3	Bt3 1	
21	Bt3 3	
22	Bt2 4	Bt3 1	
23	Bt1 1	Bt2 1	Bt3 1	
24	Bt1 1	Bt2 2	Bt3 1	
25	Bt2 2	Bt3 1	
26	Bt2 3	Bt3 2	
27	Bt1 2	Bt2 1	Bt3 1	
28	Bt1 1	Bt2 1	Bt3 1	
29	Bt1 1	Bt2 2	
30	Bt2 1	Bt3 1	
31	Bt1 2	Bt2 1	Bt3 1	
32	Bt2 2	
33	Bt1 1	Bt2 1	Bt3 1	
34	Bt1 1	Bt2 2	Bt3 1	
35	Bt2 2	Bt3 3	
36	Bt2 1	Bt3 1	
37	Bt2 2	Bt3 2	
38	Bt1 1	Bt2 2	
39	Bt1 2	
40	Bt1 2	Bt3 2	
41	Bt1 1	Bt3 4	
42	Bt1 1	Bt2 1	Bt3 1	
43	Bt2 2	
44	Bt1 2	Bt3 1	
45	Bt2 1	Bt3 2	
46	Bt1 1	Bt2 1	
47	Bt1 1	Bt2 4	
48	Bt1 2	Bt2 1	Bt3 1	
49	Bt1 1	Bt3 1	
50	Bt1 1	Bt3 4	
51	Bt1 2	Bt2 1	Bt3 1	
52	Bt1 2	Bt3 1	
53	Bt2 2	
54	Bt1 1	Bt3 1	
55	Bt2 1	Bt3 2	
56	Bt1 2	Bt2 2	Bt3 1	
57	Bt2 2	
58	Bt1 2	Bt3 1	
59	Bt2 1	Bt3 3	
60	Bt1 2	Bt3 1	