Name				079_n060_m200_bt3
Number_of_Customers		60
Number_of_Items			200
Number_of_ItemTypes		3
Number_of_Vehicles		16
TimeWindows			1

VEHICLE
Mass_Capacity			12595
CargoSpace_Length		60
CargoSpace_Width		25
CargoSpace_Height		30
Wheelbase			48
Max_Mass_FrontAxle		7100
Max_Mass_RearAxle		11500
Distance_FrontAxle_CargoSpace	4

CUSTOMERS
i		x		y		Demand		ReadyTime	DueDate		ServiceTime	DemandedMass	DemandedVolume
0		35		35		0		0		230		0		0		0
1		57		31		3		0		197		10		485.04		1368
2		7		28		5		0		191		10		942.36		2352
3		45		41		5		0		208		10		1282.68		2856
4		40		63		2		17		55		10		302.84		1008
5		5		4		4		33		63		10		790.94		1848
6		58		46		4		54		88		10		698.02		1584
7		17		80		3		0		171		10		608.74		1488
8		20		2		2		52		78		10		550.24		1248
9		22		74		5		137		177		10		1158.98		2736
10		31		66		5		44		76		10		1066.06		2472
11		40		79		4		34		64		10		853.08		2256
12		56		51		2		0		193		10		426.54		1128
13		12		29		5		0		196		10		787.88		2376
14		12		1		3		127		155		10		577.96		1632
15		30		27		3		0		210		10		454.26		1512
16		54		17		4		27		61		10		760.16		1992
17		26		28		2		0		208		10		426.54		1128
18		37		48		2		0		206		10		457.32		984
19		21		68		2		102		134		10		333.62		864
20		28		54		3		0		199		10		639.52		1344
21		31		58		2		0		196		10		426.54		1128
22		5		64		3		0		178		10		577.96		1632
23		22		31		5		0		206		10		818.66		2232
24		0		77		3		107		145		10		825.36		1872
25		36		78		3		0		176		10		485.04		1368
26		8		31		3		24		60		10		485.04		1368
27		51		32		3		0		203		10		485.04		1368
28		36		59		3		0		195		10		546.6		1080
29		50		21		2		17		53		10		457.32		984
30		68		21		3		0		184		10		485.04		1368
31		36		67		5		30		64		10		818.66		2232
32		49		7		3		0		188		10		639.52		1344
33		10		63		4		119		147		10		760.16		1992
34		29		24		2		153		181		10		457.32		984
35		43		6		3		0		189		10		546.6		1080
36		51		77		4		70		108		10		790.94		1848
37		15		38		5		182		206		10		1128.2		2880
38		14		10		3		44		68		10		485.04		1368
39		50		24		4		156		182		10		914.64		1968
40		40		38		4		52		88		10		667.24		1728
41		60		60		2		130		160		10		333.62		864
42		36		44		4		0		210		10		853.08		2256
43		46		16		3		110		146		10		732.44		1608
44		56		80		3		0		170		10		608.74		1488
45		9		23		2		77		111		10		426.54		1128
46		60		23		5		0		192		10		942.36		2352
47		69		35		3		108		134		10		608.74		1488
48		17		20		2		0		196		10		333.62		864
49		59		36		3		0		195		10		608.74		1488
50		5		31		5		146		174		10		1035.28		2616
51		47		20		5		0		200		10		942.36		2352
52		17		77		3		0		174		10		485.04		1368
53		64		71		5		0		173		10		911.58		2496
54		62		35		2		20		56		10		426.54		1128
55		50		51		2		18		50		10		302.84		1008
56		53		49		3		92		122		10		608.74		1488
57		4		68		4		0		174		10		790.94		1848
58		32		42		3		0		212		10		701.66		1752
59		57		2		3		60		100		10		485.04		1368
60		25		4		3		0		187		10		608.74		1488

ITEMS
Type		Length		Width		Height		Mass		Fragility	LoadBearingStrength
Bt1		14		6		6		151.42		0		3.6445415
Bt2		13		6		8		275.12		0		24.8867681
Bt3		15		6		4		182.20		1		3.6865842

DEMANDS PER CUSTOMER
i	Type Quantity
1	Bt1 2	Bt3 1	
2	Bt1 2	Bt2 1	Bt3 2	
3	Bt2 4	Bt3 1	
4	Bt1 2	
5	Bt1 1	Bt2 1	Bt3 2	
6	Bt1 1	Bt3 3	
7	Bt1 1	Bt2 1	Bt3 1	
8	Bt2 2	
9	Bt1 1	Bt2 3	Bt3 1	
10	Bt1 1	Bt2 2	Bt3 2	
11	Bt1 2	Bt2 2	
12	Bt1 1	Bt2 1	
13	Bt1 4	Bt3 1	
14	Bt1 2	Bt2 1	
15	Bt1 3	
16	Bt1 2	Bt2 1	Bt3 1	
17	Bt1 1	Bt2 1	
18	Bt2 1	Bt3 1	
19	Bt1 1	Bt3 1	
20	Bt2 1	Bt3 2	
21	Bt1 1	Bt2 1	
22	Bt1 2	Bt2 1	
23	Bt1 3	Bt3 2	
24	Bt2 3	
25	Bt1 2	Bt3 1	
26	Bt1 2	Bt3 1	
27	Bt1 2	Bt3 1	
28	Bt3 3	
29	Bt2 1	Bt3 1	
30	Bt1 2	Bt3 1	
31	Bt1 3	Bt3 2	
32	Bt2 1	Bt3 2	
33	Bt1 2	Bt2 1	Bt3 1	
34	Bt2 1	Bt3 1	
35	Bt3 3	
36	Bt1 1	Bt2 1	Bt3 2	
37	Bt1 2	Bt2 3	
38	Bt1 2	Bt3 1	
39	Bt2 2	Bt3 2	
40	Bt1 2	Bt3 2	
41	Bt1 1	Bt3 1	
42	Bt1 2	Bt2 2	
43	Bt2 2	Bt3 1	
44	Bt1 1	Bt2 1	Bt3 1	
45	Bt1 1	Bt2 1	
46	Bt1 2	Bt2 1	Bt3 2	
47	Bt1 1	Bt2 1	Bt3 1	
48	Bt1 1	Bt3 1	
49	Bt1 1	Bt2 1	Bt3 1	
50	Bt1 2	Bt2 2	Bt3 1	
51	Bt1 2	Bt2 1	Bt3 2	
52	Bt1 2	Bt3 1	
53	Bt1 3	Bt2 1	Bt3 1	
54	Bt1 1	Bt2 1	
55	Bt1 2	
56	Bt1 1	Bt2 1	Bt3 1	
57	Bt1 1	Bt2 1	Bt3 2	
58	Bt1 1	Bt2 2	
59	Bt1 2	Bt3 1	
60	Bt1 1	Bt2 1	Bt3 1	