Name				082_n060_m200_bt10
Number_of_Customers		60
Number_of_Items			200
Number_of_ItemTypes		10
Number_of_Vehicles		14
TimeWindows			1

VEHICLE
Mass_Capacity			12595
CargoSpace_Length		60
CargoSpace_Width		25
CargoSpace_Height		30
Wheelbase			48
Max_Mass_FrontAxle		7100
Max_Mass_RearAxle		11500
Distance_FrontAxle_CargoSpace	4

CUSTOMERS
i		x		y		Demand		ReadyTime	DueDate		ServiceTime	DemandedMass	DemandedVolume
0		35		35		0		0		230		0		0		0
1               56              32              4               0               198             10              995.34          1012
2               49              33              5               0               205             10              564.83          1192
3               13              74              2               131             165             10              411.83          540
4               24              37              2               0               208             10              262.93          531
5               4               59              3               0               180             10              931.06          996
6               64              52              4               0               186             10              944.90          1204
7               45              65              4               76              106             10              885.11          1012
8               17              65              2               0               185             10              350.73          384
9               27              38              2               39              73              10              390.32          396
10              24              10              2               153             177             10              235.38          408
11              68              56              3               79              101             10              364.17          687
12              50              14              3               111             141             10              343.97          507
13              45              54              4               141             175             10              684.18          895
14              27              66              3               146             184             10              675.33          804
15              29              42              2               0               210             10              536.35          756
16              67              70              4               0               172             10              474.32          824
17              28              31              3               0               211             10              324.58          675
18              23              26              4               0               205             10              516.54          991
19              36              34              5               170             210             10              1212.22         1579
20              16              61              2               0               187             10              556.40          615
21              27              49              3               0               188             10              404.42          726
22              67              53              3               0               183             10              363.66          844
23              54              71              5               0               179             10              940.77          1482
24              52              78              3               0               173             10              1357.95         936
25              39              38              5               0               215             10              1400.83         1608
26              52              16              2               0               186             10              256.89          552
27              55              58              3               0               189             10              529.99          784
28              17              79              4               0               167             10              368.80          888
29              20              77              4               0               175             10              424.00          1024
30              60              37              4               0               194             10              987.23          1152
31              62              27              3               0               191             10              345.43          792
32              66              52              4               99              139             10              1220.14         1236
33              32              72              2               0               182             10              220.71          364
34              15              30              4               0               199             10              927.98          1116
35              43              40              3               0               210             10              657.13          928
36              16              50              4               0               195             10              926.13          996
37              66              46              5               0               187             10              644.67          1106
38              19              74              2               104             134             10              594.14          507
39              14              27              4               0               185             10              497.80          1096
40              43              28              3               0               191             10              405.73          690
41              48              20              3               0               200             10              405.73          690
42              60              33              2               10              40              10              203.14          339
43              28              30              4               0               192             10              494.52          1004
44              24              37              4               0               178             10              505.15          1039
45              69              11              5               0               178             10              1166.44         1404
46              54              21              4               126             162             10              519.82          1083
47              40              23              4               0               183             10              486.41          1144
48              53              31              3               0               181             10              709.54          864
49              23              62              3               0               178             10              513.07          696
50              12              72              5               0               170             10              749.11          1131
51              18              69              5               55              81              10              1254.55         1527
52              29              43              4               0               187             10              710.09          852
53              65              16              2               0               184             10              268.28          504
54              63              55              4               0               178             10              499.77          1224
55              51              37              2               0               203             10              260.96          403
56              60              44              2               0               193             10              586.79          564
57              52              53              4               0               195             10              418.47          888
58              23              43              3               0               205             10              369.52          660
59              20              75              2               69              95              10              534.38          628
60              33              34              2               0               187             10              350.73          384

ITEMS
Type		Length		Width		Height		Mass		Fragility	LoadBearingStrength
Bt1		12		7		4		121.44		0		16.4352634
Bt2		10		5		6		122.75		0		75.0007419
Bt3		13		6		4		452.65		0		28.9933671
Bt4		13		4		4		119.47		0		11.7088523
Bt5		15		4		4		289.08		1		14.3603983
Bt6		13		3		5		141.49		0		32.2955836
Bt7		14		6		5		414.91		0		40.8487781
Bt8		12		7		3		134.14		0		19.5819031
Bt9		12		3		4		61.65		1		12.4180657
Bt10		13		2		6		101.24		0		19.9260357

DEMANDS PER CUSTOMER
i	Type Quantity
1	Bt3 1	Bt4 1	Bt5 1	Bt8 1	
2	Bt1 2	Bt4 1	Bt10 2	
3	Bt2 1	Bt5 1	
4	Bt1 1	Bt6 1	
5	Bt7 2	Bt10 1	
6	Bt1 1	Bt4 1	Bt5 1	Bt7 1	
7	Bt4 1	Bt5 1	Bt7 1	Bt9 1	
8	Bt5 1	Bt9 1	
9	Bt5 1	Bt10 1	
10	Bt8 1	Bt10 1	
11	Bt1 1	Bt6 1	Bt10 1	
12	Bt6 1	Bt10 2	
13	Bt4 1	Bt5 1	Bt6 1	Bt8 1	
14	Bt1 1	Bt3 1	Bt10 1	
15	Bt1 1	Bt7 1	
16	Bt4 2	Bt8 1	Bt10 1	
17	Bt1 1	Bt6 1	Bt9 1	
18	Bt1 1	Bt4 1	Bt6 1	Bt8 1	
19	Bt1 1	Bt4 1	Bt6 1	Bt7 2	
20	Bt6 1	Bt7 1	
21	Bt1 1	Bt6 2	
22	Bt1 1	Bt2 1	Bt4 1	
23	Bt1 2	Bt6 2	Bt7 1	
24	Bt3 3	
25	Bt1 1	Bt2 1	Bt3 1	Bt5 1	Bt7 1	
26	Bt2 1	Bt8 1	
27	Bt1 1	Bt4 1	Bt5 1	
28	Bt2 2	Bt9 2	
29	Bt1 2	Bt4 1	Bt9 1	
30	Bt2 2	Bt3 1	Bt5 1	
31	Bt1 1	Bt2 1	Bt10 1	
32	Bt5 1	Bt7 2	Bt10 1	
33	Bt4 1	Bt10 1	
34	Bt2 1	Bt5 1	Bt7 1	Bt10 1	
35	Bt2 1	Bt4 1	Bt7 1	
36	Bt2 1	Bt3 1	Bt5 1	Bt9 1	
37	Bt2 1	Bt4 2	Bt6 2	
38	Bt3 1	Bt6 1	
39	Bt1 1	Bt2 1	Bt4 1	Bt8 1	
40	Bt2 1	Bt6 2	
41	Bt2 1	Bt6 2	
42	Bt6 1	Bt9 1	
43	Bt1 1	Bt4 2	Bt8 1	
44	Bt1 1	Bt2 1	Bt4 1	Bt6 1	
45	Bt7 2	Bt8 1	Bt10 2	
46	Bt1 1	Bt2 1	Bt6 1	Bt8 1	
47	Bt1 1	Bt2 2	Bt4 1	
48	Bt2 1	Bt3 1	Bt8 1	
49	Bt2 1	Bt5 1	Bt10 1	
50	Bt2 1	Bt5 1	Bt6 1	Bt8 1	Bt9 1	
51	Bt2 2	Bt3 1	Bt6 1	Bt7 1	
52	Bt3 1	Bt8 1	Bt9 2	
53	Bt8 2	
54	Bt1 2	Bt2 1	Bt8 1	
55	Bt4 1	Bt6 1	
56	Bt3 1	Bt8 1	
57	Bt1 1	Bt8 1	Bt9 1	Bt10 1	
58	Bt8 2	Bt10 1	
59	Bt4 1	Bt7 1	
60	Bt5 1	Bt9 1	