Name				084_n060_m200_bt10
Number_of_Customers		60
Number_of_Items			200
Number_of_ItemTypes		10
Number_of_Vehicles		16
TimeWindows			1

VEHICLE
Mass_Capacity			12595
CargoSpace_Length		60
CargoSpace_Width		25
CargoSpace_Height		30
Wheelbase			48
Max_Mass_FrontAxle		7100
Max_Mass_RearAxle		11500
Distance_FrontAxle_CargoSpace	4

CUSTOMERS
i		x		y		Demand		ReadyTime	DueDate		ServiceTime	DemandedMass	DemandedVolume
0		35		35		0		0		230		0		0		0
1		6		50		4		0		187		10		975.15		1508
2		39		24		4		37		75		10		892.95		1389
3		44		40		2		154		178		10		374.21		447
4		41		34		3		106		132		10		918.36		1760
5		50		42		2		0		203		10		484.39		704
6		10		71		3		97		135		10		796.55		959
7		67		18		2		67		103		10		413.79		575
8		4		5		2		0		176		10		134.04		384
9		64		35		4		40		68		10		856.94		1199
10		52		57		2		0		192		10		229.56		432
11		10		38		2		54		82		10		405.58		864
12		70		5		4		133		163		10		765.13		1216
13		51		36		2		0		203		10		372.55		495
14		14		26		5		62		86		10		921.19		1616
15		6		47		2		0		188		10		621.15		832
16		31		23		3		0		207		10		447.51		552
17		22		20		5		135		163		10		1133.06		2132
18		45		14		5		0		196		10		955.53		1860
19		31		29		2		134		158		10		584.43		704
20		50		27		4		43		71		10		740.02		1326
21		49		66		4		0		185		10		881.85		1124
22		47		17		2		10		38		10		637.32		767
23		46		48		2		56		84		10		134.04		384
24		52		1		5		170		190		10		866.56		1571
25		58		0		4		88		116		10		692.55		1311
26		38		29		3		0		213		10		474.37		672
27		16		61		4		0		187		10		899.57		1184
28		32		36		5		0		216		10		754.26		1119
29		69		79		3		107		141		10		567.67		1056
30		55		0		3		42		76		10		606.05		1136
31		29		62		2		0		192		10		285.42		360
32		54		63		4		140		174		10		771.48		1010
33		33		15		2		160		182		10		143.98		384
34		1		41		3		0		185		10		381.71		624
35		58		67		4		0		180		10		539.28		864
36		1		46		3		0		184		10		432.89		704
37		9		20		3		76		106		10		1059.66		1279
38		1		49		3		0		183		10		387.13		672
39		17		13		4		0		191		10		646.32		872
40		51		16		2		128		152		10		286.97		447
41		61		31		4		0		193		10		549.22		864
42		55		42		4		0		198		10		896.71		1184
43		49		8		2		0		189		10		565.05		692
44		60		18		4		0		189		10		445.42		768
45		47		28		5		149		173		10		949.26		1455
46		67		60		4		0		179		10		448.78		756
47		32		77		3		149		177		10		533.44		639
48		25		38		5		0		209		10		730.15		1520
49		62		53		3		0		187		10		646.48		896
50		63		72		3		144		168		10		500.75		692
51		25		61		5		18		44		10		591.89		1044
52		46		24		2		0		204		10		214.7		372
53		1		10		5		0		177		10		590.99		948
54		21		5		4		0		186		10		924.29		1214
55		8		1		2		0		176		10		484.39		704
56		8		16		4		64		92		10		524.42		804
57		15		67		3		0		182		10		518.47		752
58		6		34		2		19		53		10		637.32		767
59		30		42		4		154		188		10		571.08		932
60		6		79		5		73		101		10		1067.35		1471

ITEMS
Type		Length		Width		Height		Mass		Fragility	LoadBearingStrength
Bt1		10		4		6		157.57		0		21.5041647
Bt2		8		3		8		71.99		1		3.7659500
Bt3		10		4		8		198.81		1		13.4838512
Bt4		12		3		5		142.71		0		40.4385293
Bt5		17		3		5		214.98		0		21.1453472
Bt6		16		4		3		159.23		0		17.6253171
Bt7		8		4		6		62.05		0		28.1015895
Bt8		13		6		8		248.01		0		8.5042467
Bt9		16		4		8		422.34		0		47.6451686
Bt10		6		4		8		162.09		0		121.2414111

DEMANDS PER CUSTOMER
i	Type Quantity
1	Bt4 1	Bt8 1	Bt9 1	Bt10 1	
2	Bt5 3	Bt8 1	
3	Bt5 1	Bt6 1	
4	Bt8 2	Bt9 1	
5	Bt7 1	Bt9 1	
6	Bt5 1	Bt6 1	Bt9 1	
7	Bt3 1	Bt5 1	
8	Bt2 1	Bt7 1	
9	Bt1 1	Bt5 1	Bt7 1	Bt9 1	
10	Bt1 1	Bt2 1	
11	Bt1 1	Bt8 1	
12	Bt2 2	Bt3 1	Bt9 1	
13	Bt1 1	Bt5 1	
14	Bt1 2	Bt3 1	Bt6 1	Bt8 1	
15	Bt3 1	Bt9 1	
16	Bt4 2	Bt10 1	
17	Bt2 1	Bt4 1	Bt8 2	Bt9 1	
18	Bt1 1	Bt4 1	Bt6 1	Bt8 2	
19	Bt9 1	Bt10 1	
20	Bt5 2	Bt7 1	Bt8 1	
21	Bt1 1	Bt4 1	Bt6 1	Bt9 1	
22	Bt5 1	Bt9 1	
23	Bt2 1	Bt7 1	
24	Bt3 1	Bt4 1	Bt5 1	Bt7 1	Bt8 1	
25	Bt1 1	Bt2 1	Bt5 1	Bt8 1	
26	Bt1 2	Bt6 1	
27	Bt1 2	Bt9 1	Bt10 1	
28	Bt1 2	Bt5 1	Bt7 1	Bt10 1	
29	Bt1 1	Bt8 1	Bt10 1	
30	Bt3 1	Bt6 1	Bt8 1	
31	Bt4 2	
32	Bt3 1	Bt4 1	Bt5 2	
33	Bt2 2	
34	Bt1 1	Bt7 1	Bt10 1	
35	Bt1 2	Bt7 1	Bt10 1	
36	Bt2 1	Bt3 1	Bt10 1	
37	Bt5 1	Bt9 2	
38	Bt1 2	Bt2 1	
39	Bt3 1	Bt4 2	Bt10 1	
40	Bt2 1	Bt5 1	
41	Bt1 2	Bt2 1	Bt10 1	
42	Bt1 2	Bt6 1	Bt9 1	
43	Bt4 1	Bt9 1	
44	Bt6 1	Bt7 2	Bt10 1	
45	Bt5 1	Bt8 1	Bt10 3	
46	Bt2 2	Bt4 1	Bt10 1	
47	Bt5 1	Bt6 2	
48	Bt3 1	Bt6 1	Bt7 2	Bt8 1	
49	Bt7 1	Bt9 1	Bt10 1	
50	Bt3 1	Bt4 1	Bt6 1	
51	Bt1 2	Bt2 1	Bt4 1	Bt7 1	
52	Bt2 1	Bt4 1	
53	Bt4 1	Bt7 2	Bt10 2	
54	Bt2 1	Bt5 2	Bt9 1	
55	Bt7 1	Bt9 1	
56	Bt1 1	Bt4 1	Bt7 1	Bt10 1	
57	Bt1 1	Bt3 1	Bt10 1	
58	Bt5 1	Bt9 1	
59	Bt1 1	Bt2 1	Bt3 1	Bt4 1	
60	Bt2 1	Bt3 1	Bt5 1	Bt6 1	Bt9 1	