Name				092_n060_m200_bt3
Number_of_Customers		60
Number_of_Items			200
Number_of_ItemTypes		3
Number_of_Vehicles		26
TimeWindows			1

VEHICLE
Mass_Capacity			12595
CargoSpace_Length		60
CargoSpace_Width		25
CargoSpace_Height		30
Wheelbase			48
Max_Mass_FrontAxle		7100
Max_Mass_RearAxle		11500
Distance_FrontAxle_CargoSpace	4

CUSTOMERS
i		x		y		Demand		ReadyTime	DueDate		ServiceTime	DemandedMass	DemandedVolume
0		35		35		0		0		230		0		0		0
1		51		3		2		53		89		10		1375		4886
2		30		20		3		87		121		10		2100.05		7616
3		64		0		3		119		145		10		1274.27		3770
4		14		16		2		159		177		10		1375		4886
5		31		62		5		16		52		10		2273.93		7020
6		36		41		2		0		213		10		1450.1		5460
7		62		15		5		120		154		10		3099.71		10866
8		30		54		4		15		43		10		2750		9772
9		1		56		3		148		190		10		1724.71		5980
10		8		4		2		98		126		10		924.56		2676
11		10		21		4		25		53		10		1924.22		5926
12		25		51		3		0		201		10		1724.71		5980
13		61		53		5		81		115		10		2949.51		9718
14		6		73		2		141		171		10		1375		4886
15		58		51		2		134		162		10		999.66		3250
16		36		56		3		14		42		10		2175.15		8190
17		57		76		5		0		173		10		2949.51		9718
18		34		4		5		105		137		10		3024.61		10292
19		5		10		5		0		180		10		2123.73		5872
20		69		46		4		53		85		10		1999.32		6500
21		10		66		3		0		180		10		2024.95		7042
22		33		78		2		0		176		10		1375		4886
23		62		33		3		160		200		10		1574.51		4832
24		67		76		2		149		183		10		1450.1		5460
25		19		68		3		55		83		10		1199.17		3196
26		10		54		3		0		188		10		1649.61		5406
27		0		1		2		0		171		10		999.66		3250
28		55		15		5		141		173		10		2574.17		8082
29		20		37		3		32		52		10		1199.17		3196
30		20		23		2		23		63		10		1299.9		4312
31		35		63		5		150		180		10		1748.39		4236
32		49		70		4		162		186		10		2449.76		8710
33		11		72		4		65		103		10		2449.76		8710
34		51		12		3		118		144		10		2100.05		7616
35		68		65		5		92		124		10		2949.51		9718
36		70		20		3		27		53		10		1274.27		3770
37		0		73		3		126		154		10		1574.51		4832
38		7		16		2		69		101		10		1375		4886
39		64		19		5		0		186		10		3099.71		10866
40		4		32		5		0		188		10		2198.83		6446
41		2		41		2		0		186		10		1375		4886
42		47		5		3		150		184		10		1649.61		5406
43		59		14		2		15		51		10		924.56		2676
44		33		26		2		0		210		10		999.66		3250
45		54		6		4		0		185		10		2299.56		7562
46		40		26		3		152		184		10		2024.95		7042
47		52		69		4		0		181		10		1924.22		5926
48		39		10		5		49		75		10		3099.71		10866
49		64		36		3		73		101		10		1274.27		3770
50		46		44		4		12		44		10		1473.78		3716
51		62		10		4		94		128		10		1924.22		5926
52		35		21		3		23		59		10		1649.61		5406
53		0		63		5		68		96		10		3024.61		10292
54		65		47		4		46		70		10		2750		9772
55		10		37		2		0		194		10		1450.1		5460
56		15		29		2		89		119		10		549.22		1040
57		5		27		3		129		157		10		2024.95		7042
58		56		57		4		166		190		10		2674.9		9198
59		20		9		2		120		152		10		924.56		2676
60		20		52		3		140		162		10		1649.61		5406

ITEMS
Type		Length		Width		Height		Mass		Fragility	LoadBearingStrength
Bt1		14		14		11		649.95		1		2.5543751
Bt2		15		14		13		725.05		0		19.9013374
Bt3		13		5		8		274.61		0		230.9967671

DEMANDS PER CUSTOMER
i	Type Quantity
1	Bt1 1	Bt2 1	
2	Bt1 1	Bt2 2	
3	Bt2 1	Bt3 2	
4	Bt1 1	Bt2 1	
5	Bt2 2	Bt3 3	
6	Bt2 2	
7	Bt1 1	Bt2 3	Bt3 1	
8	Bt1 2	Bt2 2	
9	Bt2 2	Bt3 1	
10	Bt1 1	Bt3 1	
11	Bt1 1	Bt2 1	Bt3 2	
12	Bt2 2	Bt3 1	
13	Bt1 3	Bt2 1	Bt3 1	
14	Bt1 1	Bt2 1	
15	Bt2 1	Bt3 1	
16	Bt2 3	
17	Bt1 3	Bt2 1	Bt3 1	
18	Bt1 2	Bt2 2	Bt3 1	
19	Bt1 2	Bt3 3	
20	Bt2 2	Bt3 2	
21	Bt1 2	Bt2 1	
22	Bt1 1	Bt2 1	
23	Bt1 2	Bt3 1	
24	Bt2 2	
25	Bt1 1	Bt3 2	
26	Bt1 1	Bt2 1	Bt3 1	
27	Bt2 1	Bt3 1	
28	Bt1 2	Bt2 1	Bt3 2	
29	Bt1 1	Bt3 2	
30	Bt1 2	
31	Bt1 1	Bt3 4	
32	Bt2 3	Bt3 1	
33	Bt2 3	Bt3 1	
34	Bt1 1	Bt2 2	
35	Bt1 3	Bt2 1	Bt3 1	
36	Bt2 1	Bt3 2	
37	Bt1 2	Bt3 1	
38	Bt1 1	Bt2 1	
39	Bt1 1	Bt2 3	Bt3 1	
40	Bt1 1	Bt2 1	Bt3 3	
41	Bt1 1	Bt2 1	
42	Bt1 1	Bt2 1	Bt3 1	
43	Bt1 1	Bt3 1	
44	Bt2 1	Bt3 1	
45	Bt1 2	Bt2 1	Bt3 1	
46	Bt1 2	Bt2 1	
47	Bt1 1	Bt2 1	Bt3 2	
48	Bt1 1	Bt2 3	Bt3 1	
49	Bt2 1	Bt3 2	
50	Bt1 1	Bt3 3	
51	Bt1 1	Bt2 1	Bt3 2	
52	Bt1 1	Bt2 1	Bt3 1	
53	Bt1 2	Bt2 2	Bt3 1	
54	Bt1 2	Bt2 2	
55	Bt2 2	
56	Bt3 2	
57	Bt1 2	Bt2 1	
58	Bt1 3	Bt2 1	
59	Bt1 1	Bt3 1	
60	Bt1 1	Bt2 1	Bt3 1	