Name				106_n060_m200_bt3
Number_of_Customers		60
Number_of_Items			200
Number_of_ItemTypes		3
Number_of_Vehicles		16
TimeWindows			1

VEHICLE
Mass_Capacity			12595
CargoSpace_Length		60
CargoSpace_Width		25
CargoSpace_Height		30
Wheelbase			48
Max_Mass_FrontAxle		7100
Max_Mass_RearAxle		11500
Distance_FrontAxle_CargoSpace	4

CUSTOMERS
i		x		y		Demand		ReadyTime	DueDate		ServiceTime	DemandedMass	DemandedVolume
0		35		35		0		0		230		0		0		0
1		25		68		4		0		185		10		611.45		696
2		21		0		2		0		182		10		90.88		240
3		19		27		3		0		202		10		422.78		504
4		40		76		4		0		178		10		468.33		648
5		30		79		4		0		175		10		325.21		600
6		40		68		2		0		186		10		91.1		288
7		64		31		2		0		190		10		91.1		288
8		40		0		4		0		184		10		468.33		648
9		12		36		4		169		195		10		181.98		528
10		46		33		5		115		149		10		513.77		768
11		36		42		2		0		212		10		234.11		312
12		68		37		3		155		183		10		279.66		456
13		27		0		4		0		184		10		611.45		696
14		5		28		4		61		95		10		468.33		648
15		67		66		2		0		175		10		90.99		264
16		34		47		5		85		111		10		657.11		864
17		65		13		2		0		182		10		234.22		336
18		47		4		5		0		186		10		513.88		792
19		33		1		3		145		183		10		279.55		432
20		36		64		4		0		190		10		181.98		528
21		19		60		3		0		190		10		279.77		480
22		32		20		5		0		204		10		657.11		864
23		45		66		3		0		187		10		279.77		480
24		30		74		2		105		139		10		91.1		288
25		40		18		4		0		202		10		181.87		504
26		5		34		2		0		189		10		234.22		336
27		8		43		5		0		191		10		370.43		672
28		47		43		3		0		205		10		136.54		408
29		63		16		3		0		186		10		136.43		384
30		57		11		4		0		187		10		181.98		528
31		51		50		5		0		198		10		513.99		816
32		9		17		3		106		148		10		422.89		528
33		55		25		4		0		197		10		325.1		576
34		67		40		4		0		187		10		468.33		648
35		61		32		3		108		136		10		422.89		528
36		1		9		4		0		177		10		468.22		624
37		1		61		3		0		177		10		136.54		408
38		26		38		3		0		210		10		279.55		432
39		49		76		5		0		176		10		227.42		648
40		54		6		3		0		185		10		422.78		504
41		59		25		2		0		194		10		91.1		288
42		49		39		3		62		86		10		279.66		456
43		68		6		3		0		176		10		279.77		480
44		47		10		5		111		141		10		657		840
45		15		38		3		0		199		10		136.65		432
46		51		10		2		0		190		10		234.11		312
47		27		25		2		0		207		10		234.11		312
48		36		6		5		0		190		10		370.65		720
49		7		38		2		142		178		10		90.99		264
50		36		38		4		0		216		10		468.33		648
51		17		44		2		0		199		10		234.11		312
52		39		38		4		11		43		10		181.98		528
53		32		61		5		0		193		10		513.77		768
54		14		29		3		0		198		10		279.55		432
55		33		74		3		113		143		10		136.54		408
56		37		57		2		0		197		10		90.99		264
57		37		68		3		0		186		10		422.89		528
58		55		73		3		0		177		10		422.89		528
59		22		55		2		19		45		10		234.11		312
60		67		73		3		0		170		10		136.43		384

ITEMS
Type		Length		Width		Height		Mass		Fragility	LoadBearingStrength
Bt1		10		3		4		45.44		1		3.5052795
Bt2		8		6		4		188.67		0		19.3894610
Bt3		16		3		3		45.55		0		10.8673636

DEMANDS PER CUSTOMER
i	Type Quantity
1	Bt1 1	Bt2 3	
2	Bt1 2	
3	Bt1 1	Bt2 2	
4	Bt1 1	Bt2 2	Bt3 1	
5	Bt1 1	Bt2 1	Bt3 2	
6	Bt3 2	
7	Bt3 2	
8	Bt1 1	Bt2 2	Bt3 1	
9	Bt1 2	Bt3 2	
10	Bt1 2	Bt2 2	Bt3 1	
11	Bt1 1	Bt2 1	
12	Bt1 1	Bt2 1	Bt3 1	
13	Bt1 1	Bt2 3	
14	Bt1 1	Bt2 2	Bt3 1	
15	Bt1 1	Bt3 1	
16	Bt2 3	Bt3 2	
17	Bt2 1	Bt3 1	
18	Bt1 1	Bt2 2	Bt3 2	
19	Bt1 2	Bt2 1	
20	Bt1 2	Bt3 2	
21	Bt2 1	Bt3 2	
22	Bt2 3	Bt3 2	
23	Bt2 1	Bt3 2	
24	Bt3 2	
25	Bt1 3	Bt3 1	
26	Bt2 1	Bt3 1	
27	Bt1 4	Bt2 1	
28	Bt1 1	Bt3 2	
29	Bt1 2	Bt3 1	
30	Bt1 2	Bt3 2	
31	Bt2 2	Bt3 3	
32	Bt2 2	Bt3 1	
33	Bt1 2	Bt2 1	Bt3 1	
34	Bt1 1	Bt2 2	Bt3 1	
35	Bt2 2	Bt3 1	
36	Bt1 2	Bt2 2	
37	Bt1 1	Bt3 2	
38	Bt1 2	Bt2 1	
39	Bt1 3	Bt3 2	
40	Bt1 1	Bt2 2	
41	Bt3 2	
42	Bt1 1	Bt2 1	Bt3 1	
43	Bt2 1	Bt3 2	
44	Bt1 1	Bt2 3	Bt3 1	
45	Bt3 3	
46	Bt1 1	Bt2 1	
47	Bt1 1	Bt2 1	
48	Bt1 2	Bt2 1	Bt3 2	
49	Bt1 1	Bt3 1	
50	Bt1 1	Bt2 2	Bt3 1	
51	Bt1 1	Bt2 1	
52	Bt1 2	Bt3 2	
53	Bt1 2	Bt2 2	Bt3 1	
54	Bt1 2	Bt2 1	
55	Bt1 1	Bt3 2	
56	Bt1 1	Bt3 1	
57	Bt2 2	Bt3 1	
58	Bt2 2	Bt3 1	
59	Bt1 1	Bt2 1	
60	Bt1 2	Bt3 1	