Name				109_n060_m200_bt3
Number_of_Customers		60
Number_of_Items			200
Number_of_ItemTypes		3
Number_of_Vehicles		26
TimeWindows			1

VEHICLE
Mass_Capacity			12595
CargoSpace_Length		60
CargoSpace_Width		25
CargoSpace_Height		30
Wheelbase			48
Max_Mass_FrontAxle		7100
Max_Mass_RearAxle		11500
Distance_FrontAxle_CargoSpace	4

CUSTOMERS
i		x		y		Demand		ReadyTime	DueDate		ServiceTime	DemandedMass	DemandedVolume
0		35		35		0		0		230		0		0		0
1		22		50		2		67		95		10		266.9		624
2		52		1		5		107		133		10		772.35		1404
3		54		53		3		143		177		10		257.19		270
4		63		28		4		43		75		10		586.35		1170
5		58		3		3		53		81		10		452.9		858
6		62		72		3		47		83		10		304.91		492
7		13		32		5		61		91		10		772.35		1404
8		31		23		4		195		221		10		691.45		1014
9		0		61		4		115		145		10		538.63		948
10		55		62		3		129		159		10		304.91		492
11		65		77		3		83		119		10		257.19		270
12		31		61		3		108		128		10		304.91		492
13		34		53		3		38		62		10		505.45		780
14		57		26		4		101		125		10		390.64		582
15		34		46		3		114		144		10		357.46		414
16		62		13		2		49		87		10		319.45		546
17		54		65		3		167		197		10		457.73		558
18		50		37		2		163		195		10		319.45		546
19		22		71		3		78		106		10		304.91		492
20		2		77		3		110		142		10		352.63		714
21		53		28		2		110		138		10		372		468
22		56		56		2		122		146		10		372		468
23		68		2		2		113		141		10		219.18		402
24		59		66		4		71		109		10		591.18		870
25		8		36		4		176		210		10		486.08		1026
26		31		46		2		159		189		10		319.45		546
27		62		64		5		102		128		10		672.08		1260
28		69		25		2		35		69		10		266.9		624
29		54		36		4		187		211		10		490.91		726
30		40		42		5		105		133		10		724.63		1182
31		49		52		4		103		125		10		538.63		948
32		26		42		3		90		114		10		452.9		858
33		41		55		3		118		156		10		405.18		636
34		42		11		3		42		72		10		457.73		558
35		58		72		3		165		189		10		352.63		714
36		41		32		4		0		30		10		438.36		804
37		29		17		3		45		75		10		405.18		636
38		8		14		4		108		140		10		486.08		1026
39		32		42		5		133		167		10		877.45		1248
40		57		13		5		86		116		10		672.08		1260
41		70		32		2		67		89		10		219.18		402
42		56		45		2		35		67		10		219.18		402
43		1		30		5		166		186		10		676.91		960
44		65		18		4		121		157		10		591.18		870
45		38		0		5		105		129		10		571.81		1116
46		51		16		2		151		173		10		319.45		546
47		38		19		3		102		130		10		452.9		858
48		44		0		3		142		168		10		405.18		636
49		7		53		3		132		172		10		505.45		780
50		9		63		3		56		86		10		457.73		558
51		10		47		5		165		193		10		729.46		882
52		18		20		3		46		72		10		405.18		636
53		18		47		5		17		55		10		676.91		960
54		16		55		3		152		180		10		352.63		714
55		33		29		4		158		188		10		591.18		870
56		6		0		3		85		111		10		505.45		780
57		29		13		3		129		157		10		352.63		714
58		8		18		2		89		119		10		319.45		546
59		65		54		4		65		97		10		591.18		870
60		1		19		2		133		163		10		319.45		546

ITEMS
Type		Length		Width		Height		Mass		Fragility	LoadBearingStrength
Bt1		13		6		4		133.45		1		8.2687381
Bt2		6		3		5		85.73		0		59.1263147
Bt3		13		3		6		186		0		23.8274708

DEMANDS PER CUSTOMER
i	Type Quantity
1	Bt1 2	
2	Bt1 3	Bt3 2	
3	Bt2 3	
4	Bt1 3	Bt3 1	
5	Bt1 2	Bt3 1	
6	Bt1 1	Bt2 2	
7	Bt1 3	Bt3 2	
8	Bt1 1	Bt3 3	
9	Bt1 2	Bt2 1	Bt3 1	
10	Bt1 1	Bt2 2	
11	Bt2 3	
12	Bt1 1	Bt2 2	
13	Bt1 1	Bt3 2	
14	Bt1 1	Bt2 3	
15	Bt2 2	Bt3 1	
16	Bt1 1	Bt3 1	
17	Bt2 1	Bt3 2	
18	Bt1 1	Bt3 1	
19	Bt1 1	Bt2 2	
20	Bt1 2	Bt2 1	
21	Bt3 2	
22	Bt3 2	
23	Bt1 1	Bt2 1	
24	Bt1 1	Bt2 1	Bt3 2	
25	Bt1 3	Bt2 1	
26	Bt1 1	Bt3 1	
27	Bt1 3	Bt2 1	Bt3 1	
28	Bt1 2	
29	Bt1 1	Bt2 2	Bt3 1	
30	Bt1 2	Bt2 1	Bt3 2	
31	Bt1 2	Bt2 1	Bt3 1	
32	Bt1 2	Bt3 1	
33	Bt1 1	Bt2 1	Bt3 1	
34	Bt2 1	Bt3 2	
35	Bt1 2	Bt2 1	
36	Bt1 2	Bt2 2	
37	Bt1 1	Bt2 1	Bt3 1	
38	Bt1 3	Bt2 1	
39	Bt1 1	Bt3 4	
40	Bt1 3	Bt2 1	Bt3 1	
41	Bt1 1	Bt2 1	
42	Bt1 1	Bt2 1	
43	Bt1 1	Bt2 2	Bt3 2	
44	Bt1 1	Bt2 1	Bt3 2	
45	Bt1 3	Bt2 2	
46	Bt1 1	Bt3 1	
47	Bt1 2	Bt3 1	
48	Bt1 1	Bt2 1	Bt3 1	
49	Bt1 1	Bt3 2	
50	Bt2 1	Bt3 2	
51	Bt2 2	Bt3 3	
52	Bt1 1	Bt2 1	Bt3 1	
53	Bt1 1	Bt2 2	Bt3 2	
54	Bt1 2	Bt2 1	
55	Bt1 1	Bt2 1	Bt3 2	
56	Bt1 1	Bt3 2	
57	Bt1 2	Bt2 1	
58	Bt1 1	Bt3 1	
59	Bt1 1	Bt2 1	Bt3 2	
60	Bt1 1	Bt3 1	