Name				111_n060_m200_bt10
Number_of_Customers		60
Number_of_Items			200
Number_of_ItemTypes		10
Number_of_Vehicles		24
TimeWindows			1

VEHICLE
Mass_Capacity			12595
CargoSpace_Length		60
CargoSpace_Width		25
CargoSpace_Height		30
Wheelbase			48
Max_Mass_FrontAxle		7100
Max_Mass_RearAxle		11500
Distance_FrontAxle_CargoSpace	4

CUSTOMERS
i		x		y		Demand		ReadyTime	DueDate		ServiceTime	DemandedMass	DemandedVolume
0		35		35		0		0		230		0		0		0
1		32		13		3		149		181		10		996.39		1224
2		67		5		4		127		153		10		1117.61		1709
3		66		68		3		63		89		10		718.22		1016
4		39		40		3		21		53		10		1131.64		1705
5		62		35		4		51		81		10		1022.1		1643
6		30		58		3		58		92		10		1003.53		1320
7		8		68		2		84		114		10		406.65		612
8		61		48		2		21		57		10		629.51		872
9		25		52		3		36		68		10		694.63		962
10		46		10		5		170		200		10		886.62		1498
11		18		17		3		172		212		10		820.19		1124
12		33		46		2		33		63		10		299.24		462
13		45		6		5		37		59		10		1593.69		2243
14		30		53		3		6		42		10		712.78		974
15		31		69		2		94		128		10		715.72		1085
16		16		45		5		123		159		10		1273.83		1812
17		7		41		5		169		195		10		1001.83		1340
18		2		11		2		87		109		10		629.51		872
19		70		14		4		160		194		10		845.79		1150
20		58		46		4		51		83		10		863.94		1162
21		67		62		2		124		150		10		329.4		546
22		65		33		3		43		83		10		806.13		1283
23		43		28		3		6		40		10		271.23		594
24		44		54		3		55		89		10		395.09		702
25		3		43		3		146		176		10		572.61		822
26		57		27		3		139		165		10		574.42		864
27		35		4		2		132		156		10		567.08		808
28		54		37		4		172		202		10		1837.64		2626
29		7		35		2		121		149		10		606.6		872
30		42		36		3		2		36		10		565.47		726
31		68		73		5		110		126		10		1507.48		2030
32		63		23		4		76		108		10		801.4		1140
33		38		44		3		8		38		10		718.22		1016
34		11		7		4		138		166		10		1135.11		1518
35		65		54		5		101		135		10		1532.69		2169
36		52		33		3		170		194		10		673.26		910
37		33		78		3		119		153		10		1065.02		1491
38		47		34		5		21		47		10		1538.29		2317
39		69		70		4		132		154		10		996.81		1535
40		11		38		4		47		67		10		1568.09		2217
41		65		16		3		67		99		10		657.49		1006
42		44		42		2		187		217		10		899.06		1281
43		35		1		3		68		90		10		820.19		1124
44		46		50		4		97		121		10		713.28		924
45		5		13		5		71		97		10		1082.29		1630
46		21		2		4		64		98		10		736.62		1224
47		46		37		2		16		38		10		431.94		720
48		18		26		3		22		48		10		781.41		1241
49		16		75		2		100		136		10		741.01		1193
50		37		25		3		82		114		10		926.28		1254
51		49		61		5		124		160		10		1335.31		1974
52		1		71		5		73		95		10		1485.9		2059
53		6		79		3		139		169		10		1131.64		1705
54		50		71		5		119		149		10		1435.64		2155
55		39		63		4		131		159		10		790.96		1290
56		11		68		3		109		131		10		497.74		864
57		35		38		2		199		230		10		899.06		1281
58		8		57		2		145		173		10		256.37		408
59		11		35		2		149		173		10		229.13		492
60		41		0		3		21		55		10		705.94		868

ITEMS
Type		Length		Width		Height		Mass		Fragility	LoadBearingStrength
Bt1		14		6		3		190.68		0		11.0750704
Bt2		16		4		7		374.02		0		82.0829206
Bt3		7		6		7		138.72		0		20.3663509
Bt4		17		7		7		525.04		0		28.3902371
Bt5		11		3		6		90.41		1		4.8741894
Bt6		7		6		5		165.96		1		4.5850538
Bt7		15		4		6		193.06		0		17.5310759
Bt8		11		6		4		208.83		0		46.3733551
Bt9		10		6		6		215.97		0		23.6175426
Bt10		16		4		8		413.54		0		24.3450120

DEMANDS PER CUSTOMER
i	Type Quantity
1	Bt2 1	Bt8 1	Bt10 1	
2	Bt1 1	Bt4 1	Bt7 1	Bt8 1	
3	Bt3 1	Bt6 1	Bt10 1	
4	Bt4 1	Bt7 1	Bt10 1	
5	Bt1 1	Bt4 1	Bt5 1	Bt9 1	
6	Bt2 1	Bt9 1	Bt10 1	
7	Bt1 1	Bt9 1	
8	Bt9 1	Bt10 1	
9	Bt1 1	Bt5 1	Bt10 1	
10	Bt2 1	Bt3 1	Bt5 2	Bt7 1	
11	Bt1 1	Bt9 1	Bt10 1	
12	Bt5 1	Bt8 1	
13	Bt1 1	Bt2 1	Bt4 1	Bt5 1	Bt10 1	
14	Bt5 1	Bt8 1	Bt10 1	
15	Bt1 1	Bt4 1	
16	Bt2 1	Bt3 2	Bt8 1	Bt10 1	
17	Bt5 1	Bt6 3	Bt10 1	
18	Bt9 1	Bt10 1	
19	Bt1 2	Bt2 1	Bt5 1	
20	Bt1 1	Bt2 1	Bt5 1	Bt8 1	
21	Bt1 1	Bt3 1	
22	Bt1 1	Bt4 1	Bt5 1	
23	Bt5 3	
24	Bt3 1	Bt5 1	Bt6 1	
25	Bt1 1	Bt6 1	Bt9 1	
26	Bt1 2	Bt7 1	
27	Bt2 1	Bt7 1	
28	Bt2 1	Bt4 2	Bt10 1	
29	Bt7 1	Bt10 1	
30	Bt1 1	Bt6 1	Bt8 1	
31	Bt2 1	Bt5 1	Bt9 1	Bt10 2	
32	Bt1 1	Bt7 1	Bt8 2	
33	Bt3 1	Bt6 1	Bt10 1	
34	Bt2 1	Bt3 1	Bt8 1	Bt10 1	
35	Bt2 1	Bt4 1	Bt8 2	Bt9 1	
36	Bt2 1	Bt5 1	Bt8 1	
37	Bt2 1	Bt4 1	Bt6 1	
38	Bt1 1	Bt4 1	Bt7 1	Bt9 1	Bt10 1	
39	Bt1 2	Bt4 1	Bt5 1	
40	Bt4 1	Bt9 1	Bt10 2	
41	Bt2 1	Bt5 1	Bt7 1	
42	Bt2 1	Bt4 1	
43	Bt1 1	Bt9 1	Bt10 1	
44	Bt1 2	Bt6 2	
45	Bt2 1	Bt5 1	Bt7 1	Bt8 1	Bt9 1	
46	Bt3 1	Bt6 1	Bt9 2	
47	Bt9 2	
48	Bt4 1	Bt5 1	Bt6 1	
49	Bt4 1	Bt9 1	
50	Bt2 1	Bt3 1	Bt10 1	
51	Bt2 1	Bt3 1	Bt7 1	Bt9 1	Bt10 1	
52	Bt1 2	Bt4 1	Bt6 1	Bt10 1	
53	Bt4 1	Bt7 1	Bt10 1	
54	Bt1 1	Bt4 1	Bt5 1	Bt9 1	Bt10 1	
55	Bt6 1	Bt7 1	Bt9 2	
56	Bt3 1	Bt6 1	Bt7 1	
57	Bt2 1	Bt4 1	
58	Bt5 1	Bt6 1	
59	Bt3 1	Bt5 1	
60	Bt2 1	Bt6 2	