Name				112_n060_m200_bt10
Number_of_Customers		60
Number_of_Items			200
Number_of_ItemTypes		10
Number_of_Vehicles		26
TimeWindows			1

VEHICLE
Mass_Capacity			12595
CargoSpace_Length		60
CargoSpace_Width		25
CargoSpace_Height		30
Wheelbase			48
Max_Mass_FrontAxle		7100
Max_Mass_RearAxle		11500
Distance_FrontAxle_CargoSpace	4

CUSTOMERS
i		x		y		Demand		ReadyTime	DueDate		ServiceTime	DemandedMass	DemandedVolume
0		35		35		0		0		230		0		0		0
1		21		1		4		80		118		10		550.37		843
2		10		19		3		160		190		10		532.73		670
3		54		56		4		73		103		10		671.29		1065
4		6		32		4		150		182		10		708.45		895
5		48		77		5		45		69		10		761.48		1134
6		44		5		4		27		65		10		417.69		610
7		37		50		2		48		76		10		364		630
8		64		60		3		150		180		10		531.54		846
9		19		75		5		122		152		10		412.61		726
10		33		22		2		119		149		10		652.08		924
11		9		79		3		84		116		10		349.75		552
12		5		62		4		139		169		10		541.66		796
13		1		66		3		108		142		10		322.95		576
14		32		42		2		175		205		10		508.04		777
15		2		73		2		66		94		10		259.56		483
16		42		10		5		93		125		10		877.2		1097
17		49		48		3		39		75		10		489.29		750
18		29		47		2		19		47		10		257.78		342
19		21		80		2		65		89		10		328.03		460
20		13		45		3		62		84		10		340.13		442
21		18		55		2		28		48		10		309.94		531
22		58		78		2		44		74		10		386.7		525
23		5		5		5		126		158		10		458.96		903
24		39		55		3		136		170		10		340.13		442
25		10		43		2		167		189		10		255.88		432
26		27		8		3		58		92		10		368.88		723
27		45		20		2		22		48		10		282.26		378
28		42		74		3		155		179		10		422.43		627
29		50		26		5		182		208		10		787.57		942
30		58		56		3		103		135		10		500.97		598
31		28		66		3		84		116		10		514.98		608
32		16		60		2		150		182		10		453.98		678
33		25		4		4		114		142		10		487.76		762
34		25		42		3		24		56		10		385.72		558
35		59		74		5		103		133		10		567.48		969
36		46		57		5		127		157		10		851.51		1239
37		21		34		2		25		65		10		145.05		342
38		4		48		3		159		195		10		293.51		444
39		22		59		3		93		119		10		531.54		846
40		3		32		4		145		177		10		601.26		1086
41		68		20		3		133		163		10		432.34		556
42		68		10		4		110		142		10		465.06		867
43		34		80		3		135		163		10		410.2		594
44		59		16		5		109		137		10		839.28		1206
45		58		60		5		72		96		10		691.9		1039
46		8		4		3		134		168		10		657.41		942
47		40		45		4		143		173		10		608.8		680
48		68		23		2		86		114		10		121.42		222
49		7		51		3		172		204		10		413.72		580
50		36		10		2		24		56		10		411.73		582
51		56		64		3		109		137		10		566.47		774
52		36		29		5		136		162		10		610.71		972
53		33		73		3		31		55		10		333.44		600
54		2		14		5		66		90		10		698.89		1215
55		8		48		4		94		130		10		731.15		790
56		2		52		3		100		124		10		272.57		528
57		50		54		3		40		76		10		478.27		703
58		42		22		4		37		63		10		540.04		720
59		28		62		3		109		139		10		447.46		684
60		70		4		4		128		148		10		567.27		948

ITEMS
Type		Length		Width		Height		Mass		Fragility	LoadBearingStrength
Bt1		17		2		3		35.73		0		5.5370613
Bt2		11		4		5		218.71		0		320.0267490
Bt3		14		3		4		77.56		1		5.9815167
Bt4		8		6		5		222.05		0		23.1252579
Bt5		12		4		5		109.32		0		30.1876771
Bt6		11		6		7		326.04		1		10.2398626
Bt7		10		3		4		85.69		0		20.1132846
Bt8		9		5		7		182		0		7.1499003
Bt9		9		3		8		127.94		0		23.4147118
Bt10		7		6		5		204.70		0		70.1530797

DEMANDS PER CUSTOMER
i	Type Quantity
1	Bt1 1	Bt8 1	Bt9 1	Bt10 1	
2	Bt2 1	Bt5 1	Bt10 1	
3	Bt3 1	Bt6 1	Bt7 1	Bt8 1	
4	Bt2 1	Bt4 1	Bt7 1	Bt8 1	
5	Bt1 1	Bt5 1	Bt6 1	Bt7 1	Bt10 1	
6	Bt1 1	Bt2 1	Bt3 1	Bt7 1	
7	Bt8 2	
8	Bt3 1	Bt6 1	Bt9 1	
9	Bt1 1	Bt3 1	Bt7 2	Bt9 1	
10	Bt6 2	
11	Bt1 1	Bt5 1	Bt10 1	
12	Bt2 1	Bt5 1	Bt7 1	Bt9 1	
13	Bt5 1	Bt7 1	Bt9 1	
14	Bt6 1	Bt8 1	
15	Bt3 1	Bt8 1	
16	Bt1 1	Bt2 2	Bt4 1	Bt8 1	
17	Bt3 1	Bt6 1	Bt7 1	
18	Bt1 1	Bt4 1	
19	Bt2 1	Bt5 1	
20	Bt1 1	Bt2 1	Bt7 1	
21	Bt8 1	Bt9 1	
22	Bt8 1	Bt10 1	
23	Bt1 2	Bt3 1	Bt8 1	Bt9 1	
24	Bt1 1	Bt2 1	Bt7 1	
25	Bt9 2	
26	Bt3 1	Bt5 1	Bt8 1	
27	Bt3 1	Bt10 1	
28	Bt1 1	Bt8 1	Bt10 1	
29	Bt1 1	Bt4 3	Bt7 1	
30	Bt2 1	Bt3 1	Bt10 1	
31	Bt2 2	Bt3 1	
32	Bt6 1	Bt9 1	
33	Bt3 2	Bt9 1	Bt10 1	
34	Bt1 1	Bt4 1	Bt9 1	
35	Bt1 2	Bt5 1	Bt8 1	Bt10 1	
36	Bt1 1	Bt4 1	Bt6 1	Bt7 1	Bt8 1	
37	Bt1 1	Bt5 1	
38	Bt1 2	Bt4 1	
39	Bt3 1	Bt6 1	Bt9 1	
40	Bt5 1	Bt8 2	Bt9 1	
41	Bt2 1	Bt7 1	Bt9 1	
42	Bt3 2	Bt8 1	Bt9 1	
43	Bt3 1	Bt9 1	Bt10 1	
44	Bt3 1	Bt4 1	Bt6 1	Bt7 1	Bt9 1	
45	Bt2 1	Bt3 1	Bt7 1	Bt8 1	Bt9 1	
46	Bt4 1	Bt5 1	Bt6 1	
47	Bt2 2	Bt7 2	
48	Bt1 1	Bt7 1	
49	Bt2 1	Bt5 1	Bt7 1	
50	Bt6 1	Bt7 1	
51	Bt1 1	Bt6 1	Bt10 1	
52	Bt1 1	Bt3 1	Bt6 1	Bt7 2	
53	Bt3 1	Bt9 2	
54	Bt1 1	Bt3 2	Bt6 1	Bt8 1	
55	Bt2 1	Bt4 1	Bt7 1	Bt10 1	
56	Bt3 1	Bt5 1	Bt7 1	
57	Bt2 1	Bt3 1	Bt8 1	
58	Bt1 1	Bt3 1	Bt4 1	Bt10 1	
59	Bt1 1	Bt6 1	Bt7 1	
60	Bt1 1	Bt3 1	Bt6 1	Bt9 1	