Name				113_n060_m200_bt10
Number_of_Customers		60
Number_of_Items			200
Number_of_ItemTypes		10
Number_of_Vehicles		17
TimeWindows			1

VEHICLE
Mass_Capacity			12595
CargoSpace_Length		60
CargoSpace_Width		25
CargoSpace_Height		30
Wheelbase			48
Max_Mass_FrontAxle		7100
Max_Mass_RearAxle		11500
Distance_FrontAxle_CargoSpace	4

CUSTOMERS
i		x		y		Demand		ReadyTime	DueDate		ServiceTime	DemandedMass	DemandedVolume
0		35		35		0		0		230		0		0		0
1		50		1		2		84		110		10		240.93		394
2		19		22		3		131		165		10		425.06		720
3		62		53		4		0		187		10		503.02		1104
4		13		45		3		56		88		10		466.03		592
5		18		55		3		167		195		10		510.29		858
6		56		0		4		0		179		10		620.72		1012
7		44		61		5		0		192		10		702.82		1218
8		54		75		3		85		109		10		558.1		922
9		53		14		3		134		166		10		487.97		964
10		36		75		4		0		179		10		773.79		1104
11		30		65		3		0		189		10		567.14		948
12		31		10		5		0		194		10		804.55		1320
13		53		68		2		0		182		10		193.11		480
14		15		23		4		84		110		10		691.95		914
15		7		42		2		0		191		10		517.96		656
16		56		58		4		117		139		10		758.89		1050
17		65		43		5		0		188		10		639.52		1412
18		49		7		5		80		102		10		944.07		1402
19		61		32		4		0		193		10		857.55		1136
20		24		43		4		42		68		10		508.35		876
21		4		3		5		0		175		10		512.54		1364
22		15		17		3		70		104		10		412.03		816
23		30		73		3		81		113		10		476.79		824
24		10		67		3		0		179		10		448.43		640
25		32		38		4		0		21		10		758.23		1192
26		39		65		2		0		189		10		403.16		538
27		22		74		5		131		157		10		775.94		1216
28		54		24		3		0		198		10		621.03		848
29		25		32		3		0		209		10		423.54		450
30		14		68		3		0		180		10		313.37		730
31		36		66		3		114		154		10		289.02		646
32		54		35		5		0		201		10		604.16		1132
33		40		47		3		0		207		10		271.07		864
34		33		30		3		8		36		10		300.34		826
35		15		11		3		20		58		10		412.03		816
36		24		51		2		16		34		10		281.13		532
37		21		26		3		65		93		10		628.26		736
38		60		63		2		25		49		10		181.03		576
39		63		65		3		118		150		10		466.85		716
40		70		52		5		0		181		10		530.77		828
41		16		3		3		0		182		10		522.37		762
42		18		75		3		0		176		10		358.9		640
43		40		54		2		22		56		10		316.09		486
44		63		40		3		105		133		10		448.43		640
45		15		39		2		103		135		10		315.14		486
46		50		61		3		0		189		10		614.18		806
47		30		13		3		113		147		10		510.29		858
48		43		23		2		127		159		10		403.16		538
49		13		3		2		119		147		10		390.03		608
50		36		79		2		76		104		10		419.3		570
51		67		10		3		0		179		10		448.84		534
52		59		51		5		0		191		10		585.34		874
53		54		20		4		0		195		10		600.55		764
54		11		34		2		121		145		10		309.91		624
55		57		74		3		0		175		10		442.66		672
56		12		48		5		14		44		10		978.2		1554
57		34		24		3		0		208		10		423.13		556
58		60		48		3		0		191		10		313.37		730
59		44		4		4		0		187		10		603.12		1060
60		24		48		5		0		202		10		703.4		1338

ITEMS
Type		Length		Width		Height		Mass		Fragility	LoadBearingStrength
Bt1		6		6		3		77.77		0		18.4644575
Bt2		12		4		6		90.99		0		10.2611447
Bt3		11		6		3		225.10		0		30.5820061
Bt4		8		3		8		103.07		0		20.9750606
Bt5		8		5		8		299.04		0		21.7680929
Bt6		10		5		5		120.26		1		5.2388657
Bt7		17		4		5		178.06		0		22.1756180
Bt8		14		6		4		218.92		0		12.6550803
Bt9		6		6		8		90.04		0		14.4169716
Bt10		6		4		6		120.67		1		5.3358201

DEMANDS PER CUSTOMER
i	Type Quantity
1	Bt6 1	Bt10 1	
2	Bt4 2	Bt8 1	
3	Bt2 1	Bt4 1	Bt8 1	Bt9 1	
4	Bt3 1	Bt6 1	Bt10 1	
5	Bt2 1	Bt5 1	Bt6 1	
6	Bt4 1	Bt7 1	Bt8 1	Bt10 1	
7	Bt1 1	Bt2 1	Bt3 1	Bt8 1	Bt9 1	
8	Bt6 1	Bt8 2	
9	Bt2 1	Bt7 1	Bt8 1	
10	Bt1 1	Bt5 1	Bt7 1	Bt8 1	
11	Bt5 1	Bt7 1	Bt9 1	
12	Bt3 1	Bt4 1	Bt6 1	Bt7 2	
13	Bt4 1	Bt9 1	
14	Bt1 1	Bt3 1	Bt5 1	Bt9 1	
15	Bt5 1	Bt8 1	
16	Bt5 1	Bt6 1	Bt8 1	Bt10 1	
17	Bt6 2	Bt8 1	Bt9 2	
18	Bt3 1	Bt4 1	Bt7 1	Bt8 2	
19	Bt5 1	Bt8 2	Bt10 1	
20	Bt1 1	Bt2 1	Bt8 1	Bt10 1	
21	Bt2 2	Bt6 2	Bt9 1	
22	Bt4 1	Bt8 1	Bt9 1	
23	Bt7 2	Bt10 1	
24	Bt3 1	Bt4 1	Bt6 1	
25	Bt4 1	Bt5 1	Bt7 2	
26	Bt3 1	Bt7 1	
27	Bt2 1	Bt3 1	Bt6 1	Bt8 1	Bt10 1	
28	Bt4 1	Bt5 1	Bt8 1	
29	Bt1 1	Bt3 1	Bt10 1	
30	Bt4 1	Bt6 1	Bt9 1	
31	Bt1 1	Bt2 1	Bt6 1	
32	Bt1 1	Bt2 1	Bt3 1	Bt6 1	Bt9 1	
33	Bt2 1	Bt9 2	
34	Bt6 1	Bt9 2	
35	Bt4 1	Bt8 1	Bt9 1	
36	Bt4 1	Bt7 1	
37	Bt3 2	Bt7 1	
38	Bt2 1	Bt9 1	
39	Bt1 1	Bt5 1	Bt9 1	
40	Bt1 1	Bt2 1	Bt10 3	
41	Bt4 1	Bt5 1	Bt6 1	
42	Bt1 1	Bt4 1	Bt7 1	
43	Bt2 1	Bt3 1	
44	Bt3 1	Bt4 1	Bt6 1	
45	Bt3 1	Bt9 1	
46	Bt3 1	Bt5 1	Bt9 1	
47	Bt2 1	Bt5 1	Bt6 1	
48	Bt3 1	Bt7 1	
49	Bt2 1	Bt5 1	
50	Bt5 1	Bt6 1	
51	Bt3 1	Bt4 1	Bt10 1	
52	Bt4 1	Bt6 1	Bt10 3	
53	Bt1 1	Bt4 1	Bt5 1	Bt10 1	
54	Bt2 1	Bt8 1	
55	Bt4 1	Bt8 1	Bt10 1	
56	Bt3 1	Bt7 3	Bt8 1	
57	Bt1 1	Bt3 1	Bt6 1	
58	Bt4 1	Bt6 1	Bt9 1	
59	Bt4 2	Bt7 1	Bt8 1	
60	Bt2 1	Bt4 1	Bt5 1	Bt6 1	Bt9 1	