Name				121_n060_m200_bt3
Number_of_Customers		60
Number_of_Items			200
Number_of_ItemTypes		3
Number_of_Vehicles		14
TimeWindows			1

VEHICLE
Mass_Capacity			12595
CargoSpace_Length		60
CargoSpace_Width		25
CargoSpace_Height		30
Wheelbase			48
Max_Mass_FrontAxle		7100
Max_Mass_RearAxle		11500
Distance_FrontAxle_CargoSpace	4

CUSTOMERS
i		x		y		Demand		ReadyTime	DueDate		ServiceTime	DemandedMass	DemandedVolume
0		35		35		0		0		1000		0		0		0
1		67		20		3		482		704		10		769.14		4480
2		67		68		5		0		944		10		1492.22		8400
3		59		4		2		0		950		10		577.11		2860
4		49		29		5		674		922		10		1153.2		7720
5		31		10		5		0		964		10		1153.2		7720
6		18		68		4		293		585		10		838.74		4320
7		14		74		4		0		945		10		838.74		4320
8		12		54		4		0		960		10		1276.65		7500
9		27		2		2		0		956		10		407.6		2520
10		67		65		2		564		720		10		431.14		1800
11		36		46		4		137		381		10		984.71		5380
12		36		74		2		681		873		10		577.11		2860
13		68		9		4		0		947		10		984.71		5380
14		3		31		4		0		957		10		815.2		5040
15		6		54		4		0		955		10		1008.25		4660
16		47		73		2		0		950		10		431.14		1800
17		60		79		4		0		939		10		1154.22		5720
18		30		3		4		0		957		10		984.71		5380
19		0		35		2		0		955		10		431.14		1800
20		9		39		3		0		963		10		769.14		4480
21		58		68		2		0		949		10		553.57		3580
22		68		36		4		622		880		10		1300.19		6780
23		44		55		3		0		968		10		915.11		5540
24		21		10		3		0		961		10		938.65		4820
25		57		75		3		0		944		10		915.11		5540
26		41		68		5		0		956		10		1129.66		8440
27		0		42		2		0		954		10		553.57		3580
28		30		33		2		0		146		10		577.11		2860
29		49		76		3		0		946		10		623.17		3420
30		33		20		2		0		974		10		431.14		1800
31		2		22		3		0		954		10		599.63		4140
32		63		80		5		0		937		10		1200.28		6280
33		32		58		3		0		966		10		792.68		3760
34		5		11		5		0		951		10		1153.2		7720
35		44		79		3		235		449		10		792.68		3760
36		64		41		2		0		960		10		407.6		2520
37		41		15		5		582		828		10		1492.22		8400
38		61		52		5		0		958		10		1129.66		8440
39		28		42		2		0		980		10		431.14		1800
40		24		65		3		0		958		10		745.6		5200
41		38		0		4		326		598		10		961.17		6100
42		40		3		4		0		957		10		838.74		4320
43		13		3		3		0		951		10		623.17		3420
44		60		34		2		0		964		10		577.11		2860
45		13		11		2		0		957		10		407.6		2520
46		57		16		3		0		960		10		769.14		4480
47		20		48		2		0		970		10		577.11		2860
48		17		38		2		0		971		10		577.11		2860
49		33		6		3		0		960		10		576.09		4860
50		11		28		5		0		965		10		983.69		7380
51		50		10		2		851		1000		10		431.14		1800
52		24		10		3		75		335		10		792.68		3760
53		44		73		3		220		470		10		599.63		4140
54		30		51		4		410		636		10		961.17		6100
55		46		19		3		0		970		10		599.63		4140
56		40		75		5		0		949		10		1492.22		8400
57		3		65		5		0		946		10		1492.22		8400
58		45		13		4		0		965		10		961.17		6100
59		47		4		2		0		956		10		723.08		3920
60		19		28		5		0		972		10		1346.25		7340

ITEMS
Type		Length		Width		Height		Mass		Fragility	LoadBearingStrength
Bt1		28		10		7		361.54		0		6.9950253
Bt2		30		9		6		192.03		1		1.2609736
Bt3		15		6		10		215.57		0		11.9666774

DEMANDS PER CUSTOMER
i	Type Quantity
1	Bt1 1	Bt2 1	Bt3 1	
2	Bt1 3	Bt2 1	Bt3 1	
3	Bt1 1	Bt3 1	
4	Bt1 1	Bt2 3	Bt3 1	
5	Bt1 1	Bt2 3	Bt3 1	
6	Bt2 1	Bt3 3	
7	Bt2 1	Bt3 3	
8	Bt1 3	Bt2 1	
9	Bt2 1	Bt3 1	
10	Bt3 2	
11	Bt1 1	Bt2 1	Bt3 2	
12	Bt1 1	Bt3 1	
13	Bt1 1	Bt2 1	Bt3 2	
14	Bt2 2	Bt3 2	
15	Bt1 1	Bt3 3	
16	Bt3 2	
17	Bt1 2	Bt3 2	
18	Bt1 1	Bt2 1	Bt3 2	
19	Bt3 2	
20	Bt1 1	Bt2 1	Bt3 1	
21	Bt1 1	Bt2 1	
22	Bt1 3	Bt3 1	
23	Bt1 2	Bt2 1	
24	Bt1 2	Bt3 1	
25	Bt1 2	Bt2 1	
26	Bt1 1	Bt2 4	
27	Bt1 1	Bt2 1	
28	Bt1 1	Bt3 1	
29	Bt2 1	Bt3 2	
30	Bt3 2	
31	Bt2 2	Bt3 1	
32	Bt1 1	Bt2 1	Bt3 3	
33	Bt1 1	Bt3 2	
34	Bt1 1	Bt2 3	Bt3 1	
35	Bt1 1	Bt3 2	
36	Bt2 1	Bt3 1	
37	Bt1 3	Bt2 1	Bt3 1	
38	Bt1 1	Bt2 4	
39	Bt3 2	
40	Bt1 1	Bt2 2	
41	Bt1 1	Bt2 2	Bt3 1	
42	Bt2 1	Bt3 3	
43	Bt2 1	Bt3 2	
44	Bt1 1	Bt3 1	
45	Bt2 1	Bt3 1	
46	Bt1 1	Bt2 1	Bt3 1	
47	Bt1 1	Bt3 1	
48	Bt1 1	Bt3 1	
49	Bt2 3	
50	Bt2 4	Bt3 1	
51	Bt3 2	
52	Bt1 1	Bt3 2	
53	Bt2 2	Bt3 1	
54	Bt1 1	Bt2 2	Bt3 1	
55	Bt2 2	Bt3 1	
56	Bt1 3	Bt2 1	Bt3 1	
57	Bt1 3	Bt2 1	Bt3 1	
58	Bt1 1	Bt2 2	Bt3 1	
59	Bt1 2	
60	Bt1 2	Bt2 1	Bt3 2	