Name				129_n060_m200_bt10
Number_of_Customers		60
Number_of_Items			200
Number_of_ItemTypes		10
Number_of_Vehicles		20
TimeWindows			1

VEHICLE
Mass_Capacity			12595
CargoSpace_Length		60
CargoSpace_Width		25
CargoSpace_Height		30
Wheelbase			48
Max_Mass_FrontAxle		7100
Max_Mass_RearAxle		11500
Distance_FrontAxle_CargoSpace	4

CUSTOMERS
i		x		y		Demand		ReadyTime	DueDate		ServiceTime	DemandedMass	DemandedVolume
0		35		35		0		0		1000		0		0		0
1		68		39		3		0		956		10		1514.52		5760
2		55		42		5		0		968		10		2314.1		9011
3		31		33		4		0		985		10		924.03		4998
4		11		62		3		0		953		10		2494.47		5972
5		6		29		3		0		960		10		531.21		4284
6		48		65		2		628		910		10		302.91		2317
7		5		24		3		0		958		10		1649.13		5075
8		7		20		2		844		1000		10		1466.13		3878
9		63		8		3		96		368		10		1013.53		3556
10		20		75		5		0		947		10		1418.49		4648
11		18		0		3		0		951		10		1763.18		5817
12		39		11		2		0		965		10		987.12		3067
13		11		16		3		0		959		10		496.92		3157
14		50		15		3		0		965		10		982.19		3437
15		44		39		4		254		502		10		1123.63		5159
16		9		56		5		0		956		10		1275.29		6237
17		22		10		5		0		961		10		1408.54		6442
18		39		58		3		740		968		10		1954.03		6386
19		1		7		3		569		819		10		1341.3		4048
20		5		73		3		0		941		10		571.02		2877
21		34		60		3		0		964		10		1268.4		4454
22		14		35		5		0		969		10		1112.55		6125
23		54		22		3		0		966		10		1080.25		3992
24		62		20		5		0		959		10		2473.48		8276
25		0		40		3		0		954		10		864.91		4545
26		58		67		3		0		950		10		517.25		3633
27		8		36		4		57		347		10		1347.19		5692
28		4		20		4		0		955		10		2884.42		8281
29		37		5		4		1		251		10		1985.91		5468
30		68		72		4		353		639		10		1159.26		4865
31		15		23		3		0		966		10		705.4		4095
32		16		12		4		0		960		10		614.26		5355
33		7		78		2		0		938		10		1449.19		4466
34		30		66		3		0		958		10		892.86		3600
35		64		29		2		0		960		10		601.23		2261
36		67		69		5		753		991		10		1634.92		6798
37		17		33		3		672		958		10		1379.53		3942
38		16		8		3		0		956		10		1563.58		5656
39		25		56		3		0		142		10		1306.63		4348
40		12		9		3		0		955		10		1811.46		5348
41		51		26		3		0		971		10		1107.03		4187
42		58		58		3		732		972		10		1727.19		4854
43		45		27		5		0		977		10		2114.81		7721
44		45		2		4		0		955		10		3226.15		9424
45		40		69		2		828		1000		10		314.36		2016
46		32		53		4		0		971		10		1061.74		5208
47		69		33		3		0		955		10		1813.8		5710
48		18		42		2		0		971		10		687.84		3117
49		22		47		3		0		972		10		1774.63		5516
50		58		33		2		0		966		10		650.57		3229
51		25		5		3		0		958		10		1922.69		6267
52		18		79		3		0		942		10		1643.2		5306
53		24		37		5		0		978		10		2555.26		8647
54		7		15		2		0		955		10		595.3		2492
55		35		78		2		0		947		10		2544.24		6076
56		55		38		5		0		969		10		1524.23		7366
57		18		60		2		0		959		10		354.14		2856
58		21		50		4		0		969		10		2898.38		8932
59		64		76		4		0		179		10		1988.53		6776
60		47		54		3		0		967		10		858.98		4776

ITEMS
Type		Length		Width		Height		Mass		Fragility	LoadBearingStrength
Bt1		34		5		11		804.12		0		12.2287028
Bt2		17		14		6		177.07		0		6.5135147
Bt3		19		7		9		183		1		3.1688858
Bt4		31		7		14		1272.12		0		20.6309184
Bt5		12		7		10		194.01		0		10.4317883
Bt6		19		7		8		418.23		0		10.8387731
Bt7		17		7		11		145.73		0		4.9296678
Bt8		20		12		8		504.84		0		30.6176422
Bt9		35		6		7		345.33		1		6.2439157
Bt10		12		7		12		157.18		0		14.7268053

DEMANDS PER CUSTOMER
i	Type Quantity
1	Bt8 3	
2	Bt2 2	Bt3 1	Bt4 1	Bt8 1	
3	Bt2 1	Bt3 1	Bt6 1	Bt7 1	
4	Bt1 1	Bt4 1	Bt6 1	
5	Bt2 3	
6	Bt7 1	Bt10 1	
7	Bt3 1	Bt4 1	Bt5 1	
8	Bt4 1	Bt5 1	
9	Bt2 1	Bt6 2	
10	Bt5 3	Bt6 2	
11	Bt4 1	Bt7 1	Bt9 1	
12	Bt1 1	Bt3 1	
13	Bt5 1	Bt7 1	Bt10 1	
14	Bt6 2	Bt7 1	
15	Bt2 1	Bt3 1	Bt6 1	Bt9 1	
16	Bt3 2	Bt6 1	Bt7 1	Bt9 1	
17	Bt5 1	Bt6 1	Bt7 2	Bt8 1	
18	Bt2 1	Bt4 1	Bt8 1	
19	Bt6 2	Bt8 1	
20	Bt3 1	Bt5 2	
21	Bt6 1	Bt8 1	Bt9 1	
22	Bt2 2	Bt3 1	Bt6 1	Bt10 1	
23	Bt6 1	Bt8 1	Bt10 1	
24	Bt4 1	Bt5 1	Bt8 1	Bt9 1	Bt10 1	
25	Bt2 1	Bt3 1	Bt8 1	
26	Bt2 1	Bt3 1	Bt10 1	
27	Bt1 1	Bt2 1	Bt3 2	
28	Bt3 1	Bt4 2	Bt10 1	
29	Bt1 1	Bt6 2	Bt9 1	
30	Bt2 1	Bt6 2	Bt7 1	
31	Bt2 1	Bt3 1	Bt9 1	
32	Bt2 1	Bt7 3	
33	Bt2 1	Bt4 1	
34	Bt5 2	Bt8 1	
35	Bt3 1	Bt6 1	
36	Bt1 1	Bt5 1	Bt7 2	Bt9 1	
37	Bt1 1	Bt6 1	Bt10 1	
38	Bt4 1	Bt7 2	
39	Bt1 1	Bt9 1	Bt10 1	
40	Bt4 1	Bt5 1	Bt9 1	
41	Bt1 1	Bt7 1	Bt10 1	
42	Bt1 1	Bt6 1	Bt8 1	
43	Bt3 1	Bt4 1	Bt9 1	Bt10 2	
44	Bt2 1	Bt4 2	Bt8 1	
45	Bt10 2	
46	Bt2 1	Bt5 1	Bt9 2	
47	Bt1 1	Bt8 2	
48	Bt3 1	Bt8 1	
49	Bt4 1	Bt9 1	Bt10 1	
50	Bt7 1	Bt8 1	
51	Bt4 1	Bt7 1	Bt8 1	
52	Bt2 1	Bt4 1	Bt5 1	
53	Bt2 1	Bt3 1	Bt4 1	Bt6 1	Bt8 1	
54	Bt2 1	Bt6 1	
55	Bt4 2	
56	Bt3 1	Bt7 1	Bt8 1	Bt9 2	
57	Bt2 2	
58	Bt2 2	Bt4 2	
59	Bt2 1	Bt4 1	Bt5 1	Bt9 1	
60	Bt2 2	Bt8 1	