Name				138_n060_m200_bt3
Number_of_Customers		60
Number_of_Items			200
Number_of_ItemTypes		3
Number_of_Vehicles		15
TimeWindows			1

VEHICLE
Mass_Capacity			12595
CargoSpace_Length		60
CargoSpace_Width		25
CargoSpace_Height		30
Wheelbase			48
Max_Mass_FrontAxle		7100
Max_Mass_RearAxle		11500
Distance_FrontAxle_CargoSpace	4

CUSTOMERS
i		x		y		Demand		ReadyTime	DueDate		ServiceTime	DemandedMass	DemandedVolume
0		35		35		0		0		1000		0		0		0
1		51		16		5		809		1000		10		881.99		2023
2		39		64		2		324		546		10		483.31		567
3		52		29		3		654		874		10		646.62		1015
4		55		51		2		722		966		10		326.62		896
5		25		40		3		815		1000		10		686.25		693
6		48		11		2		253		477		10		392.06		679
7		48		48		4		0		176		10		966.62		1134
8		52		69		3		385		663		10		581.18		1232
9		42		23		4		0		153		10		901.18		1351
10		26		20		3		769		999		10		686.25		693
11		65		76		5		524		702		10		1038.68		1694
12		21		39		2		234		498		10		392.06		679
13		41		5		3		740		980		10		620.81		910
14		21		74		3		400		688		10		646.62		1015
15		14		49		5		768		968		10		1064.49		1799
16		15		27		5		670		932		10		947.43		1806
17		54		72		4		38		228		10		718.68		1575
18		22		3		4		836		1000		10		849.56		1141
19		8		59		4		124		400		10		940.81		1029
20		19		57		2		657		919		10		457.5		462
21		3		10		2		445		691		10		417.87		784
22		9		4		4		146		428		10		849.56		1141
23		48		68		2		204		398		10		326.62		896
24		55		78		3		0		255		10		712.06		798
25		32		54		2		695		919		10		392.06		679
26		29		40		3		267		495		10		712.06		798
27		28		44		3		208		454		10		555.37		1127
28		67		11		5		690		890		10		1064.49		1799
29		31		59		2		231		501		10		483.31		567
30		36		11		3		100		366		10		646.62		1015
31		14		33		4		0		208		10		992.43		1239
32		68		80		3		0		188		10		672.43		1120
33		67		53		3		382		620		10		489.93		1344
34		23		55		4		0		223		10		835.74		1568
35		44		37		2		320		526		10		483.31		567
36		55		43		3		562		816		10		672.43		1120
37		47		26		2		75		315		10		483.31		567
38		44		74		2		0		230		10		483.31		567
39		45		6		5		518		754		10		1104.12		1477
40		34		77		5		525		799		10		1038.68		1694
41		38		75		2		285		529		10		483.31		567
42		1		69		2		0		217		10		483.31		567
43		30		71		3		287		517		10		737.87		903
44		16		38		2		336		566		10		392.06		679
45		62		14		3		0		190		10		672.43		1120
46		49		0		3		664		896		10		763.68		1008
47		34		19		3		526		742		10		763.68		1008
48		12		68		4		0		168		10		718.68		1575
49		44		3		5		68		328		10		1129.93		1582
50		62		57		4		572		858		10		875.37		1246
51		56		58		3		107		327		10		620.81		910
52		6		65		5		184		480		10		1038.68		1694
53		29		48		5		338		592		10		1195.37		1365
54		40		50		4		272		512		10		809.93		1463
55		53		26		5		715		977		10		1038.68		1694
56		11		55		2		150		414		10		392.06		679
57		19		23		2		38		272		10		392.06		679
58		23		65		5		0		163		10		947.43		1806
59		4		4		5		4		256		10		1221.18		1470
60		2		18		3		807		1000		10		712.06		798

ITEMS
Type		Length		Width		Height		Mass		Fragility	LoadBearingStrength
Bt1		8		7		6		254.56		0		9.7815071
Bt2		11		3		7		228.75		1		18.6540203
Bt3		14		4		8		163.31		0		14.5701335

DEMANDS PER CUSTOMER
i	Type Quantity
1	Bt2 1	Bt3 4	
2	Bt1 1	Bt2 1	
3	Bt1 1	Bt2 1	Bt3 1	
4	Bt3 2	
5	Bt2 3	
6	Bt2 1	Bt3 1	
7	Bt1 2	Bt2 2	
8	Bt1 1	Bt3 2	
9	Bt1 2	Bt2 1	Bt3 1	
10	Bt2 3	
11	Bt1 1	Bt2 2	Bt3 2	
12	Bt2 1	Bt3 1	
13	Bt2 2	Bt3 1	
14	Bt1 1	Bt2 1	Bt3 1	
15	Bt1 2	Bt2 1	Bt3 2	
16	Bt2 2	Bt3 3	
17	Bt2 1	Bt3 3	
18	Bt2 3	Bt3 1	
19	Bt1 1	Bt2 3	
20	Bt2 2	
21	Bt1 1	Bt3 1	
22	Bt2 3	Bt3 1	
23	Bt3 2	
24	Bt1 1	Bt2 2	
25	Bt2 1	Bt3 1	
26	Bt1 1	Bt2 2	
27	Bt2 1	Bt3 2	
28	Bt1 2	Bt2 1	Bt3 2	
29	Bt1 1	Bt2 1	
30	Bt1 1	Bt2 1	Bt3 1	
31	Bt1 3	Bt2 1	
32	Bt1 2	Bt3 1	
33	Bt3 3	
34	Bt1 2	Bt3 2	
35	Bt1 1	Bt2 1	
36	Bt1 2	Bt3 1	
37	Bt1 1	Bt2 1	
38	Bt1 1	Bt2 1	
39	Bt1 1	Bt2 3	Bt3 1	
40	Bt1 1	Bt2 2	Bt3 2	
41	Bt1 1	Bt2 1	
42	Bt1 1	Bt2 1	
43	Bt1 2	Bt2 1	
44	Bt2 1	Bt3 1	
45	Bt1 2	Bt3 1	
46	Bt1 3	
47	Bt1 3	
48	Bt2 1	Bt3 3	
49	Bt1 2	Bt2 2	Bt3 1	
50	Bt1 1	Bt2 2	Bt3 1	
51	Bt2 2	Bt3 1	
52	Bt1 1	Bt2 2	Bt3 2	
53	Bt1 2	Bt2 3	
54	Bt1 1	Bt2 1	Bt3 2	
55	Bt1 1	Bt2 2	Bt3 2	
56	Bt2 1	Bt3 1	
57	Bt2 1	Bt3 1	
58	Bt2 2	Bt3 3	
59	Bt1 3	Bt2 2	
60	Bt1 1	Bt2 2	