Name				142_n060_m200_bt10
Number_of_Customers		60
Number_of_Items			200
Number_of_ItemTypes		10
Number_of_Vehicles		11
TimeWindows			1

VEHICLE
Mass_Capacity			12595
CargoSpace_Length		60
CargoSpace_Width		25
CargoSpace_Height		30
Wheelbase			48
Max_Mass_FrontAxle		7100
Max_Mass_RearAxle		11500
Distance_FrontAxle_CargoSpace	4

CUSTOMERS
i		x		y		Demand		ReadyTime	DueDate		ServiceTime	DemandedMass	DemandedVolume
0               35              35              0               0               1000            0               0.00            0
1               18              34              5               140             448             10              806.90          1499
2               31              44              3               593             841             10              548.45          834
3               26              74              3               786             986             10              480.11          1462
4               61              56              5               197             471             10              770.28          1210
5               17              21              3               0               967             10              518.79          676
6               40              49              2               0               320             10              270.44          442
7               55              16              5               0               369             10              613.10          820
8               33              31              3               0               955             10              364.65          612
9               40              61              4               0               963             10              963.63          804
10              34              52              3               0               954             10              682.99          894
11              36              25              4               214             462             10              502.88          576
12              34              10              3               0               964             10              713.73          624
13              10              25              2               235             493             10              352.21          474
14              51              45              4               0               971             10              633.48          966
15              50              33              4               0               974             10              832.77          984
16              43              10              4               54              296             10              534.26          726
17              45              78              3               840             1000            10              398.47          732
18              66              15              3               0               953             10              370.64          1288
19              24              31              3               0               958             10              487.76          772
20              12              20              4               0               948             10              586.56          708
21              53              70              3               0               950             10              606.10          570
22              18              61              3               193             409             10              224.92          430
23              16              74              4               0               941             10              685.71          1343
24              27              33              5               653             857             10              925.73          1194
25              25              40              4               109             337             10              730.01          1642
26              29              62              4               762             928             10              669.64          990
27              60              15              3               0               957             10              389.72          498
28              10              56              3               0               949             10              520.34          622
29              15              26              4               82              358             10              517.89          814
30              30              15              5               851             1000            10              374.62          1077
31              40              20              4               548             808             10              686.31          1193
32              15              40              3               0               959             10              547.43          1133
33              69              59              2               629             843             10              170.32          352
34              13              17              3               675             947             10              304.56          400
35              66              32              5               0               958             10              1080.52         1368
36              25              68              2               176             424             10              283.42          288
37              54              19              3               0               957             10              633.78          978
38              31              39              3               170             448             10              349.56          1318
39              10              41              4               0               954             10              597.16          1179
40              49              17              4               96              360             10              718.66          798
41              18              80              3               0               941             10              363.63          911
42              62              28              2               0               962             10              495.50          768
43              23              74              3               0               949             10              469.36          468
44              57              31              2               758             940             10              234.40          480
45              11              53              3               0               960             10              389.12          648
46              17              41              3               71              227             10              715.57          744
47              24              15              3               0               958             10              605.50          720
48              51              12              2               0               953             10              251.44          288
49              42              54              3               0               969             10              581.03          684
50              19              76              3               162             398             10              581.85          1103
51              12              18              3               0               951             10              500.74          618
52              18              68              4               0               952             10              453.74          640
53              47              67              2               0               450             10              335.12          420
54              44              50              3               835             1000            10              551.42          1049
55              52              65              4               672             956             10              669.22          1139
56              38              69              4               0               955             10              795.18          1517
57              54              75              4               0               945             10              505.30          1187
58              53              24              3               279             485             10              472.80          780
59              32              59              3               84              328             10              526.46          600
60              54              41              2               0               970             10              334.10          719

ITEMS
Type		Length		Width		Height		Mass		Fragility	LoadBearingStrength
Bt1		12		5		3		249.90		0		35.0342441
Bt2		6		6		3		33.52		0		24.6626013
Bt3		12		5		4		117.20		1		3.5433953
Bt4		7		2		8		53.12		0		38.2757592
Bt5		11		6		4		213.93		1		19.6150725
Bt6		10		7		3		138.28		0		15.1775352
Bt7		11		7		7		116.18		0		23.2653574
Bt8		12		4		8		247.75		0		12.5242813
Bt9		11		5		6		217.32		0		18.2790860
Bt10		12		3		5		217.92		0		19.5484656

DEMANDS PER CUSTOMER
i	Type Quantity
1	Bt3 1	Bt6 1	Bt7 1	Bt9 1	Bt10 1	
2	Bt3 1	Bt5 1	Bt9 1	
3	Bt7 2	Bt8 1	
4	Bt3 1	Bt4 1	Bt5 1	Bt6 1	Bt8 1	
5	Bt4 1	Bt8 1	Bt10 1	
6	Bt4 1	Bt9 1	
7	Bt1 1	Bt2 1	Bt4 1	Bt6 2	
8	Bt2 1	Bt3 1	Bt5 1	
9	Bt1 3	Bt5 1	
10	Bt8 1	Bt9 1	Bt10 1	
11	Bt2 2	Bt10 2	
12	Bt1 2	Bt5 1	
13	Bt5 1	Bt6 1	
14	Bt2 1	Bt5 1	Bt6 1	Bt8 1	
15	Bt1 1	Bt3 1	Bt8 1	Bt10 1	
16	Bt1 1	Bt2 2	Bt9 1	
17	Bt2 1	Bt3 1	Bt8 1	
18	Bt6 1	Bt7 2	
19	Bt4 1	Bt9 2	
20	Bt2 1	Bt3 1	Bt10 2	
21	Bt1 1	Bt6 1	Bt10 1	
22	Bt2 1	Bt4 1	Bt6 1	
23	Bt5 1	Bt6 1	Bt7 1	Bt9 1	
24	Bt5 1	Bt6 2	Bt9 1	Bt10 1	
25	Bt1 1	Bt7 2	Bt8 1	
26	Bt3 2	Bt9 1	Bt10 1	
27	Bt2 1	Bt6 1	Bt10 1	
28	Bt1 1	Bt4 1	Bt9 1	
29	Bt2 1	Bt4 1	Bt5 1	Bt9 1	
30	Bt2 2	Bt4 1	Bt6 1	Bt7 1	
31	Bt5 1	Bt6 1	Bt7 1	Bt10 1	
32	Bt5 1	Bt7 1	Bt9 1	
33	Bt3 1	Bt4 1	
34	Bt2 1	Bt4 1	Bt10 1	
35	Bt1 1	Bt3 1	Bt8 2	Bt10 1	
36	Bt1 1	Bt2 1	
37	Bt6 1	Bt8 2	
38	Bt3 1	Bt7 2	
39	Bt4 1	Bt5 2	Bt7 1	
40	Bt1 1	Bt2 1	Bt9 1	Bt10 1	
41	Bt2 1	Bt5 1	Bt7 1	
42	Bt8 2	
43	Bt2 1	Bt10 2	
44	Bt3 2	
45	Bt2 1	Bt6 1	Bt9 1	
46	Bt1 1	Bt8 1	Bt10 1	
47	Bt1 1	Bt6 1	Bt9 1	
48	Bt2 1	Bt10 1	
49	Bt1 1	Bt3 1	Bt5 1	
50	Bt7 1	Bt8 1	Bt10 1	
51	Bt1 1	Bt2 1	Bt9 1	
52	Bt1 1	Bt2 1	Bt3 1	Bt4 1	
53	Bt3 1	Bt10 1	
54	Bt7 1	Bt9 1	Bt10 1	
55	Bt3 1	Bt7 1	Bt10 2	
56	Bt5 1	Bt7 1	Bt8 1	Bt9 1	
57	Bt2 1	Bt6 1	Bt7 1	Bt9 1	
58	Bt3 1	Bt6 1	Bt9 1	
59	Bt1 1	Bt6 2	
60	Bt7 1	Bt10 1	