Name				144_n060_m200_bt10
Number_of_Customers		60
Number_of_Items			200
Number_of_ItemTypes		10
Number_of_Vehicles		16
TimeWindows			1

VEHICLE
Mass_Capacity			12595
CargoSpace_Length		60
CargoSpace_Width		25
CargoSpace_Height		30
Wheelbase			48
Max_Mass_FrontAxle		7100
Max_Mass_RearAxle		11500
Distance_FrontAxle_CargoSpace	4

CUSTOMERS
i		x		y		Demand		ReadyTime	DueDate		ServiceTime	DemandedMass	DemandedVolume
0		35		35		0		0		1000		0		0		0
1		15		49		2		760		992		10		578.69		528
2		55		65		5		254		466		10		1616.83		1940
3		38		9		2		292		506		10		647.42		852
4		58		12		3		122		340		10		566.01		900
5		42		24		3		297		523		10		852.03		1440
6		70		40		4		222		442		10		1261.68		1706
7		48		62		5		0		150		10		1399.91		1920
8		31		4		5		547		819		10		1404.3		2084
9		17		52		4		721		949		10		378		582
10		11		60		5		707		965		10		1174.97		1506
11		65		29		3		217		407		10		636.05		1080
12		69		72		3		187		451		10		801.15		1284
13		63		77		4		578		850		10		687.54		774
14		26		80		2		731		1000		10		443.09		516
15		62		2		5		377		649		10		1252.4		1484
16		19		7		2		619		837		10		481.33		672
17		7		68		5		521		727		10		1301.99		1500
18		60		53		4		83		319		10		783.4		1200
19		48		68		4		363		635		10		1052.17		1200
20		4		58		3		260		558		10		873.81		1062
21		56		56		2		63		279		10		647.42		852
22		26		30		2		672		928		10		269.15		336
23		4		4		4		455		701		10		1034.89		1456
24		0		80		4		717		961		10		783.78		1256
25		54		1		3		0		182		10		790.41		1344
26		27		19		2		104		352		10		299.42		414
27		1		8		2		123		359		10		716.82		576
28		5		54		5		465		705		10		1197.43		1328
29		40		4		5		143		369		10		1456.73		1820
30		64		35		3		417		631		10		663.13		950
31		49		76		2		412		644		10		625.61		714
32		69		15		2		625		861		10		484.59		726
33		15		57		3		10		234		10		821.19		876
34		22		63		4		57		267		10		1129.66		1628
35		6		34		5		728		956		10		1319.37		1626
36		14		0		2		44		288		10		589.8		582
37		48		20		3		430		698		10		477.23		1062
38		30		53		4		102		372		10		874.83		1172
39		54		36		2		567		765		10		481.33		672
40		50		23		2		755		1000		10		678.23		900
41		12		57		2		484		760		10		515.4		774
42		30		20		2		76		308		10		625.61		714
43		25		55		4		0		266		10		1109.97		1556
44		20		21		3		1		193		10		961.56		1088
45		19		68		2		759		1000		10		484.59		726
46		10		77		4		475		701		10		709.35		912
47		16		24		2		811		1000		10		484.59		726
48		15		78		3		458		754		10		972.91		948
49		42		68		2		413		661		10		666.88		1040
50		47		13		3		608		870		10		466.12		1008
51		12		16		4		613		845		10		905.87		1104
52		37		54		3		865		1000		10		1005.83		1140
53		35		21		4		554		780		10		1331.32		1236
54		37		44		5		798		1000		10		763.27		1344
55		2		38		3		0		148		10		759.6		1296
56		53		43		3		303		517		10		671.18		920
57		51		79		4		518		758		10		642.62		1038
58		68		19		5		346		638		10		1349.94		1868
59		55		12		4		175		369		10		858.18		1064
60		27		60		4		338		576		10		1132.01		1578

ITEMS
Type		Length		Width		Height		Mass		Fragility	LoadBearingStrength
Bt1		6		4		4		48.87		0		7.4603661
Bt2		16		3		6		358.41		0		102.0927539
Bt3		14		3		7		231.39		1		18.2994626
Bt4		6		4		5		68.03		1		7.9151986
Bt5		12		6		6		253.20		0		80.6695204
Bt6		12		5		8		284.01		0		11.5290306
Bt7		10		6		4		220.28		0		30.4662996
Bt8		12		5		7		394.22		0		17.6054360
Bt9		10		7		8		382.87		0		17.4599405
Bt10		16		6		4		122.92		0		12.5783365

DEMANDS PER CUSTOMER
i	Type Quantity
1	Bt2 1	Bt7 1	
2	Bt2 2	Bt8 1	Bt9 1	Bt10 1	
3	Bt5 1	Bt8 1	
4	Bt1 1	Bt8 1	Bt10 1	
5	Bt6 3	
6	Bt3 1	Bt5 1	Bt8 1	Bt9 1	
7	Bt2 1	Bt5 1	Bt6 2	Bt7 1	
8	Bt6 1	Bt7 1	Bt8 1	Bt9 1	Bt10 1	
9	Bt1 3	Bt3 1	
10	Bt2 1	Bt3 1	Bt4 1	Bt8 1	Bt10 1	
11	Bt4 1	Bt6 2	
12	Bt6 1	Bt8 1	Bt10 1	
13	Bt1 2	Bt2 1	Bt3 1	
14	Bt1 1	Bt8 1	
15	Bt1 1	Bt2 1	Bt4 1	Bt8 1	Bt9 1	
16	Bt2 1	Bt10 1	
17	Bt2 2	Bt4 1	Bt8 1	Bt10 1	
18	Bt1 1	Bt2 1	Bt5 1	Bt10 1	
19	Bt2 1	Bt5 1	Bt7 2	
20	Bt2 1	Bt3 1	Bt6 1	
21	Bt5 1	Bt8 1	
22	Bt1 1	Bt7 1	
23	Bt1 1	Bt7 1	Bt9 2	
24	Bt1 1	Bt4 1	Bt6 1	Bt9 1	
25	Bt5 2	Bt6 1	
26	Bt3 1	Bt4 1	
27	Bt2 2	
28	Bt1 2	Bt2 2	Bt9 1	
29	Bt2 1	Bt4 1	Bt5 1	Bt8 1	Bt9 1	
30	Bt1 1	Bt3 1	Bt9 1	
31	Bt3 1	Bt8 1	
32	Bt3 1	Bt5 1	
33	Bt2 1	Bt3 2	
34	Bt3 2	Bt6 1	Bt9 1	
35	Bt3 1	Bt5 1	Bt7 2	Bt8 1	
36	Bt2 1	Bt3 1	
37	Bt3 1	Bt10 2	
38	Bt1 2	Bt8 1	Bt9 1	
39	Bt2 1	Bt10 1	
40	Bt6 1	Bt8 1	
41	Bt3 1	Bt6 1	
42	Bt3 1	Bt8 1	
43	Bt1 1	Bt6 1	Bt8 1	Bt9 1	
44	Bt2 1	Bt7 1	Bt9 1	
45	Bt3 1	Bt5 1	
46	Bt1 2	Bt2 1	Bt5 1	
47	Bt3 1	Bt5 1	
48	Bt2 1	Bt7 1	Bt8 1	
49	Bt6 1	Bt9 1	
50	Bt7 1	Bt10 2	
51	Bt1 1	Bt3 2	Bt8 1	
52	Bt2 1	Bt5 1	Bt8 1	
53	Bt2 2	Bt7 1	Bt8 1	
54	Bt4 2	Bt6 1	Bt7 1	Bt10 1	
55	Bt5 3	
56	Bt4 1	Bt7 1	Bt9 1	
57	Bt3 1	Bt4 1	Bt7 1	Bt10 1	
58	Bt3 2	Bt6 1	Bt7 1	Bt9 1	
59	Bt1 1	Bt2 1	Bt4 1	Bt9 1	
60	Bt3 1	Bt5 2	Bt8 1	