Name				157_n060_m200_bt10
Number_of_Customers		60
Number_of_Items			200
Number_of_ItemTypes		10
Number_of_Vehicles		29
TimeWindows			1

VEHICLE
Mass_Capacity			12595
CargoSpace_Length		60
CargoSpace_Width		25
CargoSpace_Height		30
Wheelbase			48
Max_Mass_FrontAxle		7100
Max_Mass_RearAxle		11500
Distance_FrontAxle_CargoSpace	4

CUSTOMERS
i		x		y		Demand		ReadyTime	DueDate		ServiceTime	DemandedMass	DemandedVolume
0		35		35		0		0		1000		0		0		0
1		37		1		5		442		686		10		4197.91		12870
2		50		37		4		815		1000		10		3152.94		7708
3		39		37		4		0		985		10		3822.8		14150
4		26		60		3		116		380		10		2606.73		8302
5		51		47		3		373		643		10		1720.64		7334
6		57		38		3		678		898		10		979.72		5944
7		18		25		3		506		770		10		2619.03		8482
8		11		31		2		0		965		10		471.96		2288
9		58		71		2		809		1000		10		1951.62		7585
10		58		59		3		0		956		10		2692.3		8737
11		40		27		3		678		898		10		1856.53		8590
12		69		62		5		58		300		10		2752.83		10565
13		53		29		2		0		175		10		1623.68		7700
14		25		2		4		403		667		10		2416.39		11275
15		17		51		4		212		448		10		2101.79		8056
16		41		67		2		766		1000		10		899.43		2229
17		31		33		4		745		999		10		3580.41		7649
18		43		30		5		0		214		10		3536.17		12334
19		9		34		2		0		963		10		1286.13		6100
20		49		42		3		137		357		10		2683.02		10415
21		50		32		3		0		149		10		2606.73		8302
22		70		26		4		0		953		10		2083.14		8479
23		42		48		5		0		975		10		2498.85		10239
24		37		46		3		0		978		10		2191.64		9240
25		52		2		4		0		952		10		3161.46		11572
26		65		79		2		623		935		10		1358.05		3256
27		14		56		3		627		881		10		2166.76		6852
28		42		11		3		548		784		10		2187.6		8729
29		64		26		2		727		1000		10		846.16		4650
30		56		75		2		0		196		10		1493.94		4512
31		50		52		4		539		773		10		3143.46		8057
32		1		64		2		94		328		10		1883.48		6745
33		8		53		5		611		867		10		2105.66		9308
34		15		5		3		0		953		10		2080.16		5530
35		5		38		3		0		959		10		2318.36		10570
36		44		80		3		0		944		10		3132.27		10187
37		44		56		3		196		422		10		1518.98		6990
38		21		77		4		211		411		10		1619.07		6878
39		36		43		5		489		719		10		3537.39		12316
40		46		12		5		328		576		10		3208.39		9947
41		24		39		2		0		978		10		1416.71		4445
42		8		61		3		0		952		10		2247.2		7872
43		0		26		5		332		560		10		3127.98		10524
44		44		77		2		109		343		10		607.85		3544
45		61		24		4		405		681		10		2495.68		8195
46		0		20		5		150		344		10		3142.48		11194
47		50		25		2		750		1000		10		1672.65		6475
48		7		68		5		736		990		10		3261.24		11735
49		35		4		2		0		959		10		1147.11		4590
50		48		66		2		734		1000		10		989.24		4504
51		31		64		3		20		240		10		1819.93		6930
52		18		80		3		339		563		10		1373.72		4479
53		26		72		5		827		1000		10		4234.49		7479
54		8		27		2		586		836		10		1044.69		4740
55		38		77		3		559		811		10		2480.01		6972
56		70		23		3		303		515		10		2349.62		7722
57		34		39		3		215		437		10		2336.1		7560
58		21		3		3		0		955		10		1292.97		6064
59		24		8		5		112		378		10		2691.08		12364
60		58		1		4		750		1000		10		2644.26		10055

ITEMS
Type		Length		Width		Height		Mass		Fragility	LoadBearingStrength
Bt1		24		10		14		753.26		1		2.9393867
Bt2		35		9		8		685.12		0		81.3248819
Bt3		13		8		11		235.98		0		11.3363049
Bt4		35		11		10		811.84		0		7.5455957
Bt5		25		8		12		371.87		0		5.2658654
Bt6		25		10		9		474.29		1		1.9312633
Bt7		25		13		13		1198.36		0		74.1417945
Bt8		31		5		7		663.45		0		16.9332527
Bt9		18		10		13		672.82		0		60.3706246
Bt10		16		12		11		1122.07		0		29.7958437

DEMANDS PER CUSTOMER
i	Type Quantity
1	Bt6 1	Bt7 2	Bt8 2	
2	Bt3 1	Bt9 1	Bt10 2	
3	Bt1 1	Bt7 2	Bt9 1	
4	Bt4 1	Bt9 1	Bt10 1	
5	Bt3 1	Bt4 1	Bt9 1	
6	Bt3 1	Bt5 2	
7	Bt2 1	Bt4 1	Bt10 1	
8	Bt3 2	
9	Bt1 1	Bt7 1	
10	Bt5 1	Bt7 1	Bt10 1	
11	Bt4 1	Bt5 1	Bt9 1	
12	Bt5 2	Bt8 1	Bt9 2	
13	Bt4 2	
14	Bt5 2	Bt6 1	Bt7 1	
15	Bt3 1	Bt5 2	Bt10 1	
16	Bt3 1	Bt8 1	
17	Bt8 1	Bt9 1	Bt10 2	
18	Bt1 1	Bt2 1	Bt3 1	Bt7 1	Bt8 1	
19	Bt4 1	Bt6 1	
20	Bt4 1	Bt7 1	Bt9 1	
21	Bt4 1	Bt9 1	Bt10 1	
22	Bt3 1	Bt4 1	Bt5 1	Bt8 1	
23	Bt1 1	Bt3 1	Bt5 1	Bt6 1	Bt8 1	
24	Bt1 2	Bt2 1	
25	Bt1 1	Bt4 1	Bt6 1	Bt10 1	
26	Bt3 1	Bt10 1	
27	Bt5 1	Bt9 1	Bt10 1	
28	Bt1 1	Bt3 1	Bt7 1	
29	Bt5 1	Bt6 1	
30	Bt5 1	Bt10 1	
31	Bt2 1	Bt8 1	Bt9 1	Bt10 1	
32	Bt2 1	Bt7 1	
33	Bt2 1	Bt3 2	Bt6 2	
34	Bt1 1	Bt8 2	
35	Bt1 2	Bt4 1	
36	Bt4 1	Bt7 1	Bt10 1	
37	Bt5 1	Bt6 1	Bt9 1	
38	Bt3 2	Bt6 1	Bt9 1	
39	Bt1 2	Bt3 1	Bt9 1	Bt10 1	
40	Bt6 3	Bt8 1	Bt10 1	
41	Bt1 1	Bt8 1	
42	Bt1 1	Bt5 1	Bt10 1	
43	Bt1 1	Bt3 1	Bt4 1	Bt8 2	
44	Bt3 1	Bt5 1	
45	Bt2 1	Bt6 1	Bt8 1	Bt9 1	
46	Bt3 1	Bt5 1	Bt7 1	Bt8 1	Bt9 1	
47	Bt6 1	Bt7 1	
48	Bt1 1	Bt2 2	Bt6 1	Bt8 1	
49	Bt6 1	Bt9 1	
50	Bt1 1	Bt3 1	
51	Bt6 1	Bt9 2	
52	Bt3 1	Bt6 1	Bt8 1	
53	Bt8 3	Bt10 2	
54	Bt5 1	Bt9 1	
55	Bt2 1	Bt9 1	Bt10 1	
56	Bt1 1	Bt6 1	Bt10 1	
57	Bt6 1	Bt7 1	Bt8 1	
58	Bt2 1	Bt3 1	Bt5 1	
59	Bt1 2	Bt3 1	Bt6 2	
60	Bt1 2	Bt6 1	Bt8 1	