Name				160_n060_m200_bt10
Number_of_Customers		60
Number_of_Items			200
Number_of_ItemTypes		10
Number_of_Vehicles		24
TimeWindows			1

VEHICLE
Mass_Capacity			12595
CargoSpace_Length		60
CargoSpace_Width		25
CargoSpace_Height		30
Wheelbase			48
Max_Mass_FrontAxle		7100
Max_Mass_RearAxle		11500
Distance_FrontAxle_CargoSpace	4

CUSTOMERS
i		x		y		Demand		ReadyTime	DueDate		ServiceTime	DemandedMass	DemandedVolume
0		35		35		0		0		1000		0		0		0
1		10		20		4		761		989		10		3123.97		8288
2		43		59		3		434		650		10		1079.84		6538
3		69		33		5		336		582		10		2007.44		6408
4		51		74		2		321		591		10		776.22		3600
5		53		28		5		638		818		10		1954.07		10304
6		57		1		3		37		293		10		1558.23		7204
7		50		55		3		0		965		10		1473.4		4584
8		42		50		2		0		216		10		431.66		3732
9		43		35		3		9		189		10		1390.18		5760
10		51		66		4		0		955		10		1788.25		8342
11		48		48		3		0		971		10		2266.74		7216
12		57		66		2		0		951		10		625.52		4810
13		24		30		4		0		977		10		1578.56		7510
14		58		15		3		588		838		10		1079.84		6538
15		69		2		4		0		942		10		2114.93		7024
16		44		69		3		240		514		10		2187.29		5716
17		8		24		5		566		838		10		2425.5		9928
18		37		79		2		0		250		10		1459.8		4312
19		28		52		3		190		402		10		2076.85		6316
20		65		14		4		608		912		10		1291.98		6490
21		58		75		3		0		943		10		1630.12		7060
22		6		3		4		365		607		10		2455.12		8966
23		50		45		2		789		1000		10		1622.53		4588
24		47		21		4		681		959		10		2351.26		9100
25		67		21		4		0		955		10		2085.32		9122
26		7		36		5		800		1000		10		2213.36		9916
27		69		12		3		528		758		10		2586.37		7784
28		11		40		3		642		894		10		1200.73		4572
29		53		32		3		247		467		10		964.6		5350
30		43		28		4		0		979		10		1650.5		9720
31		23		47		2		0		205		10		571.91		3888
32		44		62		3		338		568		10		1564.96		7238
33		32		17		2		71		307		10		1580.89		5200
34		6		7		4		104		370		10		1778.12		7788
35		70		70		3		0		214		10		2266.74		7216
36		26		71		3		0		185		10		2000.8		7238
37		59		7		2		442		694		10		687.15		5076
38		47		1		5		0		953		10		2873.18		12426
39		3		44		2		0		956		10		1418.22		4876
40		40		63		3		776		1000		10		2518.07		7436
41		20		63		4		144		386		10		1933.74		9998
42		28		4		2		116		348		10		891.46		4788
43		43		11		4		650		864		10		1933.1		7432
44		25		56		4		589		773		10		873.58		7054
45		20		35		2		0		975		10		1371.7		4032
46		41		16		5		451		683		10		2414.14		10072
47		28		43		2		359		561		10		1459.8		4312
48		17		49		3		158		408		10		1698.48		7360
49		51		10		5		108		420		10		2690.34		9640
50		11		9		4		734		932		10		2866.69		10220
51		56		42		3		732		954		10		1103.6		4740
52		30		64		3		719		983		10		2076.85		6316
53		33		27		3		0		981		10		1621.71		6048
54		64		53		3		597		841		10		1444.89		6948
55		60		31		4		63		299		10		2664.81		9798
56		52		51		5		0		197		10		2998.04		10638
57		0		19		2		0		951		10		770.37		3900
58		5		32		3		0		959		10		1896.94		7372
59		34		75		4		249		491		10		1811.77		8776
60		18		69		4		51		321		10		1783.97		7488

ITEMS
Type		Length		Width		Height		Mass		Fragility	LoadBearingStrength
Bt1		26		12		6		321.90		0		4.2902664
Bt2		28		8		9		250.01		0		9.8174244
Bt3		24		12		6		454.32		1		4.5725100
Bt4		28		9		8		685.85		0		15.9389211
Bt5		13		11		12		181.65		1		1.9117714
Bt6		20		6		7		333.23		0		67.9389936
Bt7		26		10		11		1168.21		0		57.1947865
Bt8		34		9		10		437.14		0		4.4258056
Bt9		31		8		14		1126.57		0		14.5009320
Bt10		25		7		10		188.38		0		6.4496042

DEMANDS PER CUSTOMER
i	Type Quantity
1	Bt3 1	Bt6 1	Bt7 2	
2	Bt3 1	Bt8 1	Bt10 1	
3	Bt1 1	Bt4 1	Bt6 3	
4	Bt1 1	Bt3 1	
5	Bt3 1	Bt4 1	Bt8 1	Bt10 2	
6	Bt2 1	Bt5 1	Bt9 1	
7	Bt3 1	Bt4 1	Bt6 1	
8	Bt2 1	Bt5 1	
9	Bt2 1	Bt3 1	Bt4 1	
10	Bt2 1	Bt5 1	Bt7 1	Bt10 1	
11	Bt3 1	Bt4 1	Bt9 1	
12	Bt8 1	Bt10 1	
13	Bt2 1	Bt3 1	Bt4 1	Bt10 1	
14	Bt3 1	Bt8 1	Bt10 1	
15	Bt1 1	Bt6 2	Bt9 1	
16	Bt4 1	Bt6 1	Bt7 1	
17	Bt1 3	Bt6 1	Bt9 1	
18	Bt6 1	Bt9 1	
19	Bt3 2	Bt7 1	
20	Bt6 2	Bt8 1	Bt10 1	
21	Bt1 1	Bt5 1	Bt9 1	
22	Bt3 1	Bt4 1	Bt9 1	Bt10 1	
23	Bt3 1	Bt7 1	
24	Bt3 1	Bt6 1	Bt8 1	Bt9 1	
25	Bt6 1	Bt8 1	Bt9 1	Bt10 1	
26	Bt1 1	Bt2 1	Bt5 1	Bt6 1	Bt9 1	
27	Bt6 1	Bt9 2	
28	Bt4 1	Bt5 1	Bt6 1	
29	Bt1 1	Bt3 1	Bt10 1	
30	Bt1 1	Bt3 1	Bt8 2	
31	Bt1 1	Bt2 1	
32	Bt2 1	Bt9 1	Bt10 1	
33	Bt3 1	Bt9 1	
34	Bt1 1	Bt4 1	Bt6 1	Bt8 1	
35	Bt3 1	Bt4 1	Bt9 1	
36	Bt4 1	Bt9 1	Bt10 1	
37	Bt2 1	Bt8 1	
38	Bt2 1	Bt5 1	Bt9 2	Bt10 1	
39	Bt2 1	Bt7 1	
40	Bt5 1	Bt7 2	
41	Bt5 1	Bt8 1	Bt9 1	Bt10 1	
42	Bt3 1	Bt8 1	
43	Bt2 1	Bt5 1	Bt6 1	Bt7 1	
44	Bt1 1	Bt5 2	Bt10 1	
45	Bt4 2	
46	Bt2 2	Bt3 1	Bt6 1	Bt9 1	
47	Bt6 1	Bt9 1	
48	Bt1 1	Bt2 1	Bt9 1	
49	Bt1 1	Bt3 2	Bt6 1	Bt9 1	
50	Bt1 1	Bt2 1	Bt7 1	Bt9 1	
51	Bt6 2	Bt8 1	
52	Bt3 2	Bt7 1	
53	Bt2 1	Bt4 2	
54	Bt1 1	Bt4 1	Bt8 1	
55	Bt5 1	Bt7 1	Bt9 1	Bt10 1	
56	Bt5 1	Bt6 1	Bt7 1	Bt9 1	Bt10 1	
57	Bt6 1	Bt8 1	
58	Bt6 1	Bt8 1	Bt9 1	
59	Bt1 1	Bt5 2	Bt9 1	
60	Bt1 2	Bt3 1	Bt4 1	