Name				166_n060_m200_bt3
Number_of_Customers		60
Number_of_Items			200
Number_of_ItemTypes		3
Number_of_Vehicles		8
TimeWindows			1

VEHICLE
Mass_Capacity			12595
CargoSpace_Length		60
CargoSpace_Width		25
CargoSpace_Height		30
Wheelbase			48
Max_Mass_FrontAxle		7100
Max_Mass_RearAxle		11500
Distance_FrontAxle_CargoSpace	4

CUSTOMERS
i		x		y		Demand		ReadyTime	DueDate		ServiceTime	DemandedMass	DemandedVolume
0		35		35		0		0		1000		0		0		0
1		36		11		3		0		965		10		381.78		630
2		19		31		2		0		973		10		294.78		400
3		30		53		4		0		971		10		589.56		800
4		52		39		3		265		561		10		422.04		610
5		42		64		3		0		960		10		289.02		360
6		45		73		4		0		950		10		580.22		910
7		46		63		5		568		814		10		716.82		1010
8		42		75		4		0		949		10		416.28		570
9		48		11		5		0		962		10		645.64		940
10		21		71		4		0		951		10		518.38		730
11		21		57		4		0		963		10		549.3		820
12		41		80		3		0		944		10		422.04		610
13		36		32		2		670		862		10		294.78		400
14		55		14		5		198		388		10		716.82		1010
15		16		3		3		0		952		10		452.96		700
16		9		27		4		0		962		10		620.48		890
17		31		16		3		401		639		10		319.94		450
18		60		12		3		0		956		10		391.12		520
19		56		2		3		0		950		10		524.14		770
20		64		21		3		0		957		10		319.94		450
21		64		11		4		0		952		10		580.22		910
22		57		35		4		0		968		10		549.3		820
23		3		75		3		0		938		10		319.94		450
24		9		75		3		0		942		10		319.94		450
25		31		35		3		0		986		10		350.86		540
26		2		44		2		0		955		10		192.68		240
27		22		22		2		149		381		10		294.78		400
28		68		15		3		0		951		10		350.86		540
29		7		72		3		0		943		10		319.94		450
30		50		52		3		0		967		10		452.96		700
31		29		76		3		729		951		10		422.04		610
32		35		18		3		0		973		10		350.86		540
33		67		43		3		0		957		10		493.22		680
34		14		73		4		0		946		10		478.12		750
35		18		59		5		0		960		10		583.8		760
36		42		5		2		630		894		10		192.68		240
37		47		37		2		594		842		10		192.68		240
38		15		15		4		0		961		10		447.2		660
39		51		58		4		0		961		10		620.48		890
40		70		77		3		0		935		10		493.22		680
41		10		72		5		0		945		10		716.82		1010
42		39		72		4		395		649		10		447.2		660
43		61		34		3		0		963		10		422.04		610
44		6		19		5		0		956		10		614.72		850
45		15		70		2		540		790		10		294.78		400
46		42		1		5		0		955		10		716.82		1010
47		67		29		4		0		143		10		793.76		1120
48		57		9		3		0		955		10		381.78		630
49		4		6		2		0		947		10		223.6		330
50		41		29		3		0		981		10		422.04		610
51		14		23		2		193		395		10		254.52		420
52		23		62		2		0		960		10		294.78		400
53		54		25		3		0		968		10		422.04		610
54		28		35		5		0		230		10		716.82		1010
55		42		49		3		0		974		10		452.96		700
56		60		60		4		0		954		10		651.4		980
57		42		67		2		0		957		10		325.7		490
58		24		80		3		0		943		10		452.96		700
59		3		36		4		415		671		10		580.22		910
60		46		0		3		0		953		10		391.12		520

ITEMS
Type		Length		Width		Height		Mass		Fragility	LoadBearingStrength
Bt1		7		6		5		127.26		1		3.1220999
Bt2		8		5		7		198.44		0		24.4725001
Bt3		12		2		5		96.34		0		72.2001028

DEMANDS PER CUSTOMER
i	Type Quantity
1	Bt1 3	
2	Bt2 1	Bt3 1	
3	Bt2 2	Bt3 2	
4	Bt1 1	Bt2 1	Bt3 1	
5	Bt3 3	
6	Bt1 3	Bt2 1	
7	Bt1 1	Bt2 2	Bt3 2	
8	Bt1 1	Bt3 3	
9	Bt1 2	Bt2 1	Bt3 2	
10	Bt1 1	Bt2 1	Bt3 2	
11	Bt1 2	Bt2 1	Bt3 1	
12	Bt1 1	Bt2 1	Bt3 1	
13	Bt2 1	Bt3 1	
14	Bt1 1	Bt2 2	Bt3 2	
15	Bt1 2	Bt2 1	
16	Bt1 1	Bt2 2	Bt3 1	
17	Bt1 1	Bt3 2	
18	Bt2 1	Bt3 2	
19	Bt1 1	Bt2 2	
20	Bt1 1	Bt3 2	
21	Bt1 3	Bt2 1	
22	Bt1 2	Bt2 1	Bt3 1	
23	Bt1 1	Bt3 2	
24	Bt1 1	Bt3 2	
25	Bt1 2	Bt3 1	
26	Bt3 2	
27	Bt2 1	Bt3 1	
28	Bt1 2	Bt3 1	
29	Bt1 1	Bt3 2	
30	Bt1 2	Bt2 1	
31	Bt1 1	Bt2 1	Bt3 1	
32	Bt1 2	Bt3 1	
33	Bt2 2	Bt3 1	
34	Bt1 3	Bt3 1	
35	Bt2 1	Bt3 4	
36	Bt3 2	
37	Bt3 2	
38	Bt1 2	Bt3 2	
39	Bt1 1	Bt2 2	Bt3 1	
40	Bt2 2	Bt3 1	
41	Bt1 1	Bt2 2	Bt3 2	
42	Bt1 2	Bt3 2	
43	Bt1 1	Bt2 1	Bt3 1	
44	Bt1 1	Bt2 1	Bt3 3	
45	Bt2 1	Bt3 1	
46	Bt1 1	Bt2 2	Bt3 2	
47	Bt2 4	
48	Bt1 3	
49	Bt1 1	Bt3 1	
50	Bt1 1	Bt2 1	Bt3 1	
51	Bt1 2	
52	Bt2 1	Bt3 1	
53	Bt1 1	Bt2 1	Bt3 1	
54	Bt1 1	Bt2 2	Bt3 2	
55	Bt1 2	Bt2 1	
56	Bt1 2	Bt2 2	
57	Bt1 1	Bt2 1	
58	Bt1 2	Bt2 1	
59	Bt1 3	Bt2 1	
60	Bt2 1	Bt3 2	