Name				167_n060_m200_bt3
Number_of_Customers		60
Number_of_Items			200
Number_of_ItemTypes		3
Number_of_Vehicles		15
TimeWindows			1

VEHICLE
Mass_Capacity			12595
CargoSpace_Length		60
CargoSpace_Width		25
CargoSpace_Height		30
Wheelbase			48
Max_Mass_FrontAxle		7100
Max_Mass_RearAxle		11500
Distance_FrontAxle_CargoSpace	4

CUSTOMERS
i		x		y		Demand		ReadyTime	DueDate		ServiceTime	DemandedMass	DemandedVolume
0		35		35		0		0		1000		0		0		0
1		53		21		4		129		377		10		360.85		1077
2		43		21		4		0		220		10		202.95		531
3		68		22		2		0		954		10		100.27		261
4		34		12		4		601		893		10		279.49		795
5		63		53		2		755		973		10		260.58		816
6		55		4		4		243		521		10		358.44		1068
7		22		67		5		222		506		10		409.78		1203
8		49		54		5		749		981		10		493.55		1494
9		42		52		3		23		237		10		146.79		378
10		55		58		4		86		310		10		202.95		531
11		58		61		2		113		363		10		179.22		534
12		15		56		3		354		622		10		146.79		378
13		51		63		5		131		355		10		330.83		930
14		20		4		4		380		594		10		279.49		795
15		14		3		5		592		848		10		328.42		921
16		9		30		2		616		838		10		100.27		261
17		58		37		2		75		279		10		102.68		270
18		56		43		4		1		203		10		360.85		1077
19		0		12		4		0		204		10		281.9		804
20		1		15		3		738		1000		10		230.56		669
21		56		14		3		152		352		10		151.61		396
22		62		62		2		812		1000		10		100.27		261
23		15		32		3		111		331		10		228.15		660
24		9		37		3		496		736		10		232.97		678
25		69		12		2		0		948		10		97.86		252
26		11		34		2		5		241		10		179.22		534
27		34		60		2		1		239		10		179.22		534
28		3		47		2		0		955		10		102.68		270
29		27		38		4		498		706		10		358.44		1068
30		10		1		4		430		682		10		281.9		804
31		22		34		4		0		976		10		360.85		1077
32		13		14		3		192		418		10		232.97		678
33		35		48		3		245		523		10		230.56		669
34		68		18		3		0		952		10		230.56		669
35		33		41		5		0		983		10		251.88		657
36		60		66		3		156		338		10		390.87		1224
37		43		31		3		0		981		10		230.56		669
38		64		3		2		0		946		10		260.58		816
39		17		51		3		16		256		10		149.2		387
40		59		26		2		0		964		10		181.63		543
41		13		28		3		703		909		10		309.51		942
42		22		57		2		634		836		10		100.27		261
43		60		45		4		154		440		10		442.21		1359
44		65		73		4		67		331		10		281.9		804
45		1		72		3		0		939		10		228.15		660
46		52		70		3		40		268		10		149.2		387
47		4		50		5		454		760		10		488.73		1476
48		60		56		2		55		251		10		260.58		816
49		38		56		4		0		968		10		202.95		531
50		50		35		5		0		975		10		328.42		921
51		55		32		4		0		969		10		200.54		522
52		1		79		4		0		934		10		360.85		1077
53		52		14		5		0		962		10		328.42		921
54		37		8		2		0		226		10		97.86		252
55		43		10		4		298		526		10		281.9		804
56		68		61		3		262		514		10		228.15		660
57		6		44		3		400		664		10		228.15		660
58		51		49		4		579		839		10		198.13		513
59		28		70		2		177		453		10		260.58		816
60		48		17		5		594		822		10		330.83		930

ITEMS
Type		Length		Width		Height		Mass		Fragility	LoadBearingStrength
Bt1		15		3		3		51.34		0		2.3065855
Bt2		17		3		8		130.29		1		7.9969226
Bt3		14		3		3		48.93		0		14.6071087

DEMANDS PER CUSTOMER
i	Type Quantity
1	Bt1 1	Bt2 2	Bt3 1	
2	Bt1 3	Bt3 1	
3	Bt1 1	Bt3 1	
4	Bt1 1	Bt2 1	Bt3 2	
5	Bt2 2	
6	Bt2 2	Bt3 2	
7	Bt1 1	Bt2 2	Bt3 2	
8	Bt1 2	Bt2 3	
9	Bt3 3	
10	Bt1 3	Bt3 1	
11	Bt2 1	Bt3 1	
12	Bt3 3	
13	Bt1 2	Bt2 1	Bt3 2	
14	Bt1 1	Bt2 1	Bt3 2	
15	Bt1 1	Bt2 1	Bt3 3	
16	Bt1 1	Bt3 1	
17	Bt1 2	
18	Bt1 1	Bt2 2	Bt3 1	
19	Bt1 2	Bt2 1	Bt3 1	
20	Bt1 1	Bt2 1	Bt3 1	
21	Bt1 2	Bt3 1	
22	Bt1 1	Bt3 1	
23	Bt2 1	Bt3 2	
24	Bt1 2	Bt2 1	
25	Bt3 2	
26	Bt2 1	Bt3 1	
27	Bt2 1	Bt3 1	
28	Bt1 2	
29	Bt2 2	Bt3 2	
30	Bt1 2	Bt2 1	Bt3 1	
31	Bt1 1	Bt2 2	Bt3 1	
32	Bt1 2	Bt2 1	
33	Bt1 1	Bt2 1	Bt3 1	
34	Bt1 1	Bt2 1	Bt3 1	
35	Bt1 3	Bt3 2	
36	Bt2 3	
37	Bt1 1	Bt2 1	Bt3 1	
38	Bt2 2	
39	Bt1 1	Bt3 2	
40	Bt1 1	Bt2 1	
41	Bt2 2	Bt3 1	
42	Bt1 1	Bt3 1	
43	Bt1 1	Bt2 3	
44	Bt1 2	Bt2 1	Bt3 1	
45	Bt2 1	Bt3 2	
46	Bt1 1	Bt3 2	
47	Bt2 3	Bt3 2	
48	Bt2 2	
49	Bt1 3	Bt3 1	
50	Bt1 1	Bt2 1	Bt3 3	
51	Bt1 2	Bt3 2	
52	Bt1 1	Bt2 2	Bt3 1	
53	Bt1 1	Bt2 1	Bt3 3	
54	Bt3 2	
55	Bt1 2	Bt2 1	Bt3 1	
56	Bt2 1	Bt3 2	
57	Bt2 1	Bt3 2	
58	Bt1 1	Bt3 3	
59	Bt2 2	
60	Bt1 2	Bt2 1	Bt3 2	