Name				168_n060_m200_bt3
Number_of_Customers		60
Number_of_Items			200
Number_of_ItemTypes		3
Number_of_Vehicles		8
TimeWindows			1

VEHICLE
Mass_Capacity			12595
CargoSpace_Length		60
CargoSpace_Width		25
CargoSpace_Height		30
Wheelbase			48
Max_Mass_FrontAxle		7100
Max_Mass_RearAxle		11500
Distance_FrontAxle_CargoSpace	4

CUSTOMERS
i		x		y		Demand		ReadyTime	DueDate		ServiceTime	DemandedMass	DemandedVolume
0		35		35		0		0		1000		0		0		0
1		23		2		4		348		618		10		439.96		1536
2		45		60		3		0		963		10		452.69		1056
3		7		31		2		688		942		10		308.5		384
4		49		65		4		0		956		10		561.34		864
5		14		72		2		0		947		10		298.44		864
6		15		50		3		333		599		10		452.69		1056
7		5		67		5		0		946		10		548.61		1344
8		50		44		4		0		972		10		495.62		1440
9		35		43		3		0		982		10		386.97		1632
10		50		27		5		0		973		10		639.81		2112
11		15		1		3		530		750		10		407.09		672
12		42		41		5		0		980		10		639.81		2112
13		37		25		4		0		979		10		505.68		960
14		52		16		5		0		964		10		629.75		2592
15		8		16		3		0		956		10		386.97		1632
16		2		39		2		0		956		10		252.84		480
17		34		3		3		0		957		10		397.03		1152
18		37		29		3		237		533		10		386.97		1632
19		14		53		3		0		962		10		397.03		1152
20		18		43		3		0		971		10		397.03		1152
21		9		60		3		383		597		10		397.03		1152
22		61		41		2		0		963		10		252.84		480
23		10		53		4		0		959		10		439.96		1536
24		57		0		3		0		165		10		442.63		1536
25		51		13		4		0		962		10		450.02		1056
26		42		62		3		517		745		10		397.03		1152
27		63		67		4		75		315		10		531.16		2304
28		15		5		2		0		953		10		242.78		960
29		63		30		4		0		961		10		531.16		2304
30		45		18		4		0		970		10		586.82		2208
31		26		66		3		0		957		10		442.63		1536
32		24		53		2		0		968		10		242.78		960
33		68		10		4		0		948		10		485.56		1920
34		15		75		3		793		1000		10		407.09		672
35		18		2		3		821		1000		10		442.63		1536
36		21		37		3		0		975		10		397.03		1152
37		11		7		3		0		953		10		341.37		1248
38		2		62		3		403		713		10		386.97		1632
39		58		70		2		0		948		10		298.44		864
40		70		0		2		489		743		10		298.44		864
41		55		10		3		0		957		10		341.37		1248
42		6		78		4		0		938		10		541.22		1824
43		20		71		4		0		951		10		495.62		1440
44		22		34		5		0		976		10		639.81		2112
45		18		26		3		0		970		10		442.63		1536
46		61		80		4		0		938		10		561.34		864
47		12		64		4		0		952		10		531.16		2304
48		53		28		3		0		970		10		341.37		1248
49		63		4		3		0		948		10		407.09		672
50		50		75		3		0		947		10		386.97		1632
51		18		76		2		0		945		10		288.38		1344
52		35		57		2		0		968		10		242.78		960
53		48		16		5		0		966		10		584.15		2208
54		16		23		4		0		967		10		495.62		1440
55		35		13		4		0		968		10		551.28		1344
56		60		45		2		0		963		10		298.44		864
57		40		76		5		122		350		10		639.81		2112
58		46		4		5		0		957		10		685.41		2496
59		38		8		3		0		962		10		386.97		1632
60		6		20		2		534		786		10		242.78		960

ITEMS
Type		Length		Width		Height		Mass		Fragility	LoadBearingStrength
Bt1		14		6		8		144.19		0		3.6129375
Bt2		8		3		8		154.25		1		8.9147705
Bt3		16		3		6		98.59		0		10.2620463

DEMANDS PER CUSTOMER
i	Type Quantity
1	Bt1 1	Bt3 3	
2	Bt1 1	Bt2 2	
3	Bt2 2	
4	Bt2 3	Bt3 1	
5	Bt1 1	Bt2 1	
6	Bt1 1	Bt2 2	
7	Bt2 1	Bt3 4	
8	Bt1 1	Bt2 1	Bt3 2	
9	Bt1 2	Bt3 1	
10	Bt1 2	Bt2 1	Bt3 2	
11	Bt2 2	Bt3 1	
12	Bt1 2	Bt2 1	Bt3 2	
13	Bt2 2	Bt3 2	
14	Bt1 3	Bt3 2	
15	Bt1 2	Bt3 1	
16	Bt2 1	Bt3 1	
17	Bt1 1	Bt2 1	Bt3 1	
18	Bt1 2	Bt3 1	
19	Bt1 1	Bt2 1	Bt3 1	
20	Bt1 1	Bt2 1	Bt3 1	
21	Bt1 1	Bt2 1	Bt3 1	
22	Bt2 1	Bt3 1	
23	Bt1 1	Bt3 3	
24	Bt1 2	Bt2 1	
25	Bt2 1	Bt3 3	
26	Bt1 1	Bt2 1	Bt3 1	
27	Bt1 3	Bt3 1	
28	Bt1 1	Bt3 1	
29	Bt1 3	Bt3 1	
30	Bt1 3	Bt2 1	
31	Bt1 2	Bt2 1	
32	Bt1 1	Bt3 1	
33	Bt1 2	Bt3 2	
34	Bt2 2	Bt3 1	
35	Bt1 2	Bt2 1	
36	Bt1 1	Bt2 1	Bt3 1	
37	Bt1 1	Bt3 2	
38	Bt1 2	Bt3 1	
39	Bt1 1	Bt2 1	
40	Bt1 1	Bt2 1	
41	Bt1 1	Bt3 2	
42	Bt1 2	Bt2 1	Bt3 1	
43	Bt1 1	Bt2 1	Bt3 2	
44	Bt1 2	Bt2 1	Bt3 2	
45	Bt1 2	Bt2 1	
46	Bt2 3	Bt3 1	
47	Bt1 3	Bt3 1	
48	Bt1 1	Bt3 2	
49	Bt2 2	Bt3 1	
50	Bt1 2	Bt3 1	
51	Bt1 2	
52	Bt1 1	Bt3 1	
53	Bt1 2	Bt3 3	
54	Bt1 1	Bt2 1	Bt3 2	
55	Bt1 1	Bt2 2	Bt3 1	
56	Bt1 1	Bt2 1	
57	Bt1 2	Bt2 1	Bt3 2	
58	Bt1 3	Bt2 1	Bt3 1	
59	Bt1 2	Bt3 1	
60	Bt1 1	Bt3 1	