Name				171_n060_m200_bt10
Number_of_Customers		60
Number_of_Items			200
Number_of_ItemTypes		10
Number_of_Vehicles		7
TimeWindows			1

VEHICLE
Mass_Capacity			12595
CargoSpace_Length		60
CargoSpace_Width		25
CargoSpace_Height		30
Wheelbase			48
Max_Mass_FrontAxle		7100
Max_Mass_RearAxle		11500
Distance_FrontAxle_CargoSpace	4

CUSTOMERS
i		x		y		Demand		ReadyTime	DueDate		ServiceTime	DemandedMass	DemandedVolume
0		35		35		0		0		1000		0		0		0
1		61		75		3		0		942		10		260.95		1125
2		64		47		4		0		958		10		337.69		1434
3		18		1		5		0		951		10		413.29		1683
4		48		43		3		0		974		10		147.26		519
5		41		48		2		502		714		10		217.78		1080
6		18		66		2		0		954		10		154.76		412
7		7		21		2		0		958		10		237.63		606
8		55		50		5		0		965		10		422.77		1730
9		19		59		2		0		961		10		237.63		606
10		25		25		3		683		927		10		235.05		606
11		9		70		2		0		946		10		152.06		585
12		29		8		3		0		962		10		291.28		1230
13		44		61		3		0		962		10		128.2		480
14		53		73		4		139		379		10		341.43		904
15		47		15		3		0		966		10		329.66		1206
16		30		64		3		0		960		10		287.92		1104
17		69		60		3		608		812		10		264.98		771
18		40		65		4		0		959		10		381.8		1647
19		36		58		3		0		966		10		266.81		1290
20		3		19		4		0		954		10		370.91		1125
21		52		78		5		0		943		10		465.68		1416
22		5		15		4		112		362		10		313.86		1086
23		36		26		4		0		980		10		348.71		1144
24		27		58		5		0		965		10		512.8		1780
25		12		65		5		0		952		10		396.18		1587
26		27		39		3		0		153		10		346.52		1146
27		48		71		2		0		951		10		186.5		700
28		53		9		3		0		958		10		388.78		1416
29		38		8		3		665		871		10		224.44		528
30		28		53		4		514		794		10		306.76		1029
31		32		59		2		0		965		10		220.77		666
32		47		61		4		0		961		10		394.11		1356
33		61		33		2		0		963		10		178.51		396
34		40		29		2		0		982		10		136.64		645
35		22		47		3		0		972		10		231.02		960
36		27		70		5		0		954		10		414.47		1146
37		62		69		4		0		946		10		329.91		682
38		50		68		3		159		399		10		278.45		936
39		15		40		2		0		969		10		166.57		810
40		23		39		2		0		977		10		248.15		588
41		19		13		3		0		962		10		183.92		700
42		8		46		5		0		960		10		481.87		1375
43		29		2		4		0		956		10		310.85		643
44		45		24		5		490		674		10		473.44		1311
45		60		79		3		0		939		10		350.94		1311
46		43		73		2		0		951		10		178.59		760
47		9		64		5		0		951		10		513.61		1663
48		42		52		5		741		951		10		516.16		1906
49		12		14		3		115		367		10		250.08		999
50		46		8		2		0		960		10		283.92		522
51		65		50		3		0		956		10		400.72		1002
52		20		5		5		0		956		10		428.67		1759
53		37		13		2		0		967		10		199.79		501
54		51		54		3		0		188		10		220.89		954
55		67		69		3		0		943		10		190.96		789
56		48		36		2		606		846		10		229.72		666
57		59		60		4		0		955		10		301.86		1240
58		39		3		3		0		957		10		283.37		1290
59		64		35		3		0		961		10		327.11		963
60		18		10		5		807		1000		10		473.82		1272

ITEMS
Type		Length		Width		Height		Mass		Fragility	LoadBearingStrength
Bt1		15		6		6		108.89		0		3.6001219
Bt2		6		3		8		54.32		0		58.0591885
Bt3		15		4		8		116.80		0		10.6250098
Bt4		11		4		5		69.70		1		12.6729352
Bt5		7		6		3		120.83		0		16.9011049
Bt6		12		4		4		85.06		0		5.2716276
Bt7		15		3		6		57.68		0		35.9320482
Bt8		11		6		6		163.09		0		10.2404602
Bt9		7		3		5		35.26		0		5.3595256
Bt10		15		5		5		78.96		1		3.0011489

DEMANDS PER CUSTOMER
i	Type Quantity
1	Bt1 1	Bt3 1	Bt9 1	
2	Bt1 1	Bt2 1	Bt3 1	Bt7 1	
3	Bt1 1	Bt2 2	Bt3 1	Bt10 1	
4	Bt2 1	Bt7 1	Bt9 1	
5	Bt1 2	
6	Bt4 1	Bt6 1	
7	Bt3 1	Bt5 1	
8	Bt1 1	Bt3 1	Bt4 2	Bt7 1	
9	Bt3 1	Bt5 1	
10	Bt5 1	Bt9 1	Bt10 1	
11	Bt3 1	Bt9 1	
12	Bt3 2	Bt7 1	
13	Bt7 1	Bt9 2	
14	Bt2 2	Bt4 1	Bt8 1	
15	Bt1 1	Bt7 1	Bt8 1	
16	Bt2 1	Bt3 2	
17	Bt1 1	Bt5 1	Bt9 1	
18	Bt1 2	Bt6 1	Bt10 1	
19	Bt1 1	Bt10 2	
20	Bt2 1	Bt3 1	Bt5 1	Bt10 1	
21	Bt1 1	Bt2 2	Bt6 1	Bt8 1	
22	Bt2 1	Bt3 1	Bt6 1	Bt7 1	
23	Bt1 1	Bt4 1	Bt6 2	
24	Bt1 1	Bt2 1	Bt3 1	Bt4 1	Bt8 1	
25	Bt3 1	Bt6 1	Bt7 2	Bt10 1	
26	Bt1 1	Bt3 1	Bt5 1	
27	Bt3 1	Bt4 1	
28	Bt1 1	Bt3 1	Bt8 1	
29	Bt2 1	Bt6 2	
30	Bt6 2	Bt7 1	Bt10 1	
31	Bt7 1	Bt8 1	
32	Bt3 1	Bt8 1	Bt9 1	Bt10 1	
33	Bt5 1	Bt7 1	
34	Bt7 1	Bt10 1	
35	Bt3 1	Bt9 1	Bt10 1	
36	Bt2 2	Bt6 1	Bt7 1	Bt8 1	
37	Bt2 1	Bt4 1	Bt5 1	Bt6 1	
38	Bt7 2	Bt8 1	
39	Bt1 1	Bt7 1	
40	Bt6 1	Bt8 1	
41	Bt4 1	Bt9 1	Bt10 1	
42	Bt4 1	Bt6 2	Bt8 1	Bt10 1	
43	Bt4 1	Bt5 1	Bt6 1	Bt9 1	
44	Bt2 1	Bt7 1	Bt8 2	Bt9 1	
45	Bt1 1	Bt8 1	Bt10 1	
46	Bt1 1	Bt4 1	
47	Bt3 1	Bt4 1	Bt6 1	Bt8 1	Bt10 1	
48	Bt1 1	Bt3 1	Bt4 1	Bt7 1	Bt8 1	
49	Bt2 1	Bt3 1	Bt10 1	
50	Bt5 1	Bt8 1	
51	Bt3 1	Bt5 1	Bt8 1	
52	Bt1 1	Bt2 1	Bt3 1	Bt4 1	Bt10 1	
53	Bt5 1	Bt10 1	
54	Bt1 1	Bt2 1	Bt7 1	
55	Bt2 1	Bt7 1	Bt10 1	
56	Bt1 1	Bt5 1	
57	Bt3 1	Bt4 1	Bt7 2	
58	Bt1 1	Bt3 1	Bt7 1	
59	Bt6 1	Bt8 1	Bt10 1	
60	Bt3 1	Bt5 2	Bt7 2	