Name				174_n060_m200_bt10
Number_of_Customers		60
Number_of_Items			200
Number_of_ItemTypes		10
Number_of_Vehicles		9
TimeWindows			1

VEHICLE
Mass_Capacity			12595
CargoSpace_Length		60
CargoSpace_Width		25
CargoSpace_Height		30
Wheelbase			48
Max_Mass_FrontAxle		7100
Max_Mass_RearAxle		11500
Distance_FrontAxle_CargoSpace	4

CUSTOMERS
i		x		y		Demand		ReadyTime	DueDate		ServiceTime	DemandedMass	DemandedVolume
0		35		35		0		0		1000		0		0		0
1		65		14		4		0		953		10		519.56		969
2		22		23		5		59		311		10		659.97		1638
3		22		75		4		488		760		10		364.81		923
4		20		37		4		270		452		10		503.65		895
5		3		75		2		0		187		10		421.65		778
6		16		25		2		0		968		10		352.14		898
7		27		22		5		0		974		10		1002.42		2118
8		42		13		4		0		966		10		595.2		938
9		48		1		2		364		584		10		309.3		470
10		63		47		5		0		959		10		751.52		1681
11		21		43		3		0		973		10		490.79		913
12		14		68		5		0		950		10		692.58		1408
13		57		75		4		0		944		10		713.22		1183
14		2		34		4		0		956		10		490.42		1168
15		60		16		3		206		500		10		490.5		1070
16		10		47		2		0		962		10		335.91		585
17		34		5		3		0		959		10		549.73		1186
18		59		49		4		0		237		10		568.93		1253
19		53		76		4		0		945		10		495.82		972
20		39		60		2		153		371		10		245.64		315
21		61		40		3		0		963		10		425.44		939
22		59		19		2		0		961		10		220.96		540
23		13		54		4		0		960		10		586.4		1250
24		31		60		2		0		964		10		130.69		270
25		8		50		2		0		959		10		190.68		408
26		15		4		3		0		953		10		233.06		498
27		19		50		4		22		280		10		645.07		1390
28		9		36		3		0		963		10		355.04		603
29		27		12		3		0		965		10		372.77		668
30		8		43		4		0		961		10		527.05		1145
31		36		41		2		417		663		10		190.68		408
32		60		53		3		0		959		10		236.73		515
33		47		35		3		415		663		10		398.97		737
34		36		77		3		646		852		10		533.5		873
35		55		45		3		0		967		10		288.02		405
36		31		42		3		0		981		10		447.48		1102
37		57		42		4		27		319		10		334.94		837
38		62		13		2		0		955		10		227.99		564
39		5		8		2		0		949		10		197.22		543
40		49		8		3		209		411		10		555.4		1123
41		18		3		2		0		953		10		400.85		513
42		58		79		2		0		940		10		164.48		339
43		29		54		4		0		970		10		509.59		1213
44		52		12		5		0		961		10		633.35		1506
45		3		53		2		0		953		10		272.4		360
46		55		2		4		0		951		10		746.72		1409
47		34		74		5		0		950		10		476.7		893
48		29		71		2		0		953		10		325.67		696
49		36		50		2		0		974		10		285.9		468
50		33		50		2		0		974		10		183.65		384
51		67		76		5		0		937		10		685.51		1038
52		16		79		4		0		942		10		380.87		927
53		18		13		3		0		962		10		276.5		743
54		26		47		5		0		975		10		734.8		1008
55		24		9		4		0		961		10		354.11		882
56		11		68		5		0		949		10		728.95		1283
57		8		40		4		0		962		10		660.34		1383
58		15		20		5		228		468		10		869.4		2013
59		68		64		3		0		946		10		233.06		498
60		5		45		3		0		958		10		153.9		315

ITEMS
Type		Length		Width		Height		Mass		Fragility	LoadBearingStrength
Bt1		17		3		8		128.08		0		5.0776306
Bt2		16		6		3		197.59		0		70.1376859
Bt3		10		3		3		42.38		0		44.8590187
Bt4		15		3		8		132.65		1		5.8821593
Bt5		9		5		5		203.26		0		35.9417167
Bt6		17		3		4		95.34		0		9.4745595
Bt7		10		6		3		88.31		0		26.0729366
Bt8		15		3		3		69.14		0		24.5325749
Bt9		10		7		7		224.06		1		5.7284254
Bt10		7		5		7		106.04		0		16.2088018

DEMANDS PER CUSTOMER
i	Type Quantity
1	Bt4 1	Bt5 1	Bt6 1	Bt7 1	
2	Bt1 1	Bt4 1	Bt8 1	Bt9 1	Bt10 1	
3	Bt1 1	Bt3 1	Bt7 1	Bt10 1	
4	Bt5 1	Bt7 1	Bt10 2	
5	Bt2 1	Bt9 1	
6	Bt1 1	Bt9 1	
7	Bt2 1	Bt4 1	Bt9 3	
8	Bt2 1	Bt5 1	Bt7 1	Bt10 1	
9	Bt5 1	Bt10 1	
10	Bt1 1	Bt2 1	Bt4 1	Bt8 1	Bt9 1	
11	Bt2 1	Bt8 1	Bt9 1	
12	Bt2 1	Bt4 1	Bt8 2	Bt9 1	
13	Bt2 1	Bt5 1	Bt7 1	Bt9 1	
14	Bt1 1	Bt8 2	Bt9 1	
15	Bt3 1	Bt9 2	
16	Bt4 1	Bt5 1	
17	Bt1 1	Bt2 1	Bt9 1	
18	Bt2 1	Bt4 2	Bt10 1	
19	Bt1 1	Bt5 1	Bt6 1	Bt8 1	
20	Bt3 1	Bt5 1	
21	Bt6 1	Bt9 1	Bt10 1	
22	Bt4 1	Bt7 1	
23	Bt8 2	Bt9 2	
24	Bt3 1	Bt7 1	
25	Bt6 2	
26	Bt3 1	Bt6 2	
27	Bt1 1	Bt2 1	Bt6 1	Bt9 1	
28	Bt2 1	Bt7 1	Bt8 1	
29	Bt2 1	Bt8 1	Bt10 1	
30	Bt1 1	Bt2 1	Bt6 1	Bt10 1	
31	Bt6 2	
32	Bt3 1	Bt7 1	Bt10 1	
33	Bt2 1	Bt6 1	Bt10 1	
34	Bt2 1	Bt4 1	Bt5 1	
35	Bt3 2	Bt5 1	
36	Bt1 1	Bt6 1	Bt9 1	
37	Bt1 1	Bt3 1	Bt6 1	Bt8 1	
38	Bt4 1	Bt6 1	
39	Bt1 1	Bt8 1	
40	Bt1 1	Bt5 1	Bt9 1	
41	Bt2 1	Bt5 1	
42	Bt6 1	Bt8 1	
43	Bt1 1	Bt7 1	Bt8 1	Bt9 1	
44	Bt1 1	Bt2 1	Bt3 1	Bt4 2	
45	Bt5 1	Bt8 1	
46	Bt5 1	Bt6 1	Bt9 2	
47	Bt2 1	Bt3 2	Bt7 1	Bt10 1	
48	Bt1 1	Bt2 1	
49	Bt2 1	Bt7 1	
50	Bt6 1	Bt7 1	
51	Bt5 2	Bt6 2	Bt7 1	
52	Bt1 1	Bt6 1	Bt7 1	Bt8 1	
53	Bt1 1	Bt3 1	Bt10 1	
54	Bt2 1	Bt3 1	Bt5 2	Bt7 1	
55	Bt1 1	Bt3 1	Bt6 1	Bt7 1	
56	Bt1 1	Bt5 2	Bt7 1	Bt10 1	
57	Bt2 1	Bt4 1	Bt9 1	Bt10 1	
58	Bt1 1	Bt8 1	Bt9 3	
59	Bt3 1	Bt6 2	
60	Bt3 2	Bt8 1	