Name				182_n100_m200_bt3
Number_of_Customers		100
Number_of_Items			200
Number_of_ItemTypes		3
Number_of_Vehicles		23
TimeWindows			1

VEHICLE
Mass_Capacity			12595
CargoSpace_Length		60
CargoSpace_Width		25
CargoSpace_Height		30
Wheelbase			48
Max_Mass_FrontAxle		7100
Max_Mass_RearAxle		11500
Distance_FrontAxle_CargoSpace	4

CUSTOMERS
i		x		y		Demand		ReadyTime	DueDate		ServiceTime	DemandedMass	DemandedVolume
0		35		35		0		0		230		0		0		0
1		0		23		2		81		103		10		1387.04		3222
2		35		23		2		0		208		10		1023.55		3201
3		26		58		2		0		195		10		1401.81		3255
4		50		35		1		0		205		10		882.65		1638
5		27		9		3		43		71		10		1527.94		4785
6		6		7		1		0		179		10		882.65		1638
7		7		47		2		0		189		10		1008.78		3168
8		51		8		3		0		188		10		1527.94		4785
9		31		36		3		0		215		10		2284.46		4893
10		56		36		3		0		198		10		1906.2		4839
11		42		66		1		0		188		10		504.39		1584
12		0		31		3		146		170		10		2269.69		4860
13		2		51		1		0		183		10		504.39		1584
14		37		76		3		0		178		10		1542.71		4818
15		16		12		3		0		190		10		1906.2		4839
16		8		59		3		0		183		10		2284.46		4893
17		61		28		2		0		193		10		1023.55		3201
18		21		1		2		121		153		10		1401.81		3255
19		0		66		2		56		76		10		1401.81		3255
20		42		58		2		161		191		10		1765.3		3276
21		36		26		1		66		96		10		519.16		1617
22		59		61		2		0		184		10		1008.78		3168
23		7		3		2		0		177		10		1387.04		3222
24		59		74		3		0		174		10		1542.71		4818
25		15		67		2		150		182		10		1401.81		3255
26		22		69		2		49		79		10		1387.04		3222
27		26		68		1		0		185		10		519.16		1617
28		64		79		2		0		167		10		1387.04		3222
29		65		29		3		93		123		10		1920.97		4872
30		64		11		3		0		182		10		1906.2		4839
31		61		65		1		0		180		10		882.65		1638
32		52		68		1		0		182		10		504.39		1584
33		57		50		3		0		193		10		2284.46		4893
34		68		19		1		134		170		10		519.16		1617
35		16		15		3		0		192		10		1920.97		4872
36		14		59		3		0		188		10		2284.46		4893
37		11		63		3		0		183		10		1557.48		4851
38		35		1		3		0		186		10		1906.2		4839
39		38		37		1		0		216		10		882.65		1638
40		33		13		2		0		197		10		1038.32		3234
41		10		28		2		0		194		10		1023.55		3201
42		47		51		3		0		200		10		1527.94		4785
43		54		25		1		0		198		10		519.16		1617
44		26		45		1		0		206		10		882.65		1638
45		50		21		2		0		199		10		1023.55		3201
46		11		14		3		0		188		10		1513.17		4752
47		24		30		2		0		207		10		1401.81		3255
48		1		73		2		0		169		10		1008.78		3168
49		63		73		2		0		172		10		1023.55		3201
50		66		55		1		0		183		10		882.65		1638
51		27		50		2		113		149		10		1038.32		3234
52		47		16		3		0		197		10		1527.94		4785
53		69		74		3		58		90		10		1906.2		4839
54		41		8		2		0		192		10		1023.55		3201
55		33		41		2		0		213		10		1387.04		3222
56		0		4		2		54		80		10		1387.04		3222
57		37		47		2		0		207		10		1387.04		3222
58		32		48		2		0		206		10		1008.78		3168
59		52		73		1		38		64		10		504.39		1584
60		15		70		2		141		167		10		1387.04		3222
61		12		48		1		0		193		10		519.16		1617
62		6		76		1		0		169		10		882.65		1638
63		5		36		3		0		189		10		1542.71		4818
64		29		41		2		0		211		10		1023.55		3201
65		24		2		1		0		185		10		882.65		1638
66		70		49		3		0		182		10		1920.97		4872
67		39		80		2		38		66		10		1038.32		3234
68		57		64		3		0		183		10		1542.71		4818
69		56		67		1		0		181		10		504.39		1584
70		7		14		2		0		185		10		1023.55		3201
71		44		55		1		0		198		10		504.39		1584
72		31		28		3		192		216		10		1891.43		4806
73		44		9		3		0		192		10		2647.95		4914
74		31		70		3		0		184		10		1891.43		4806
75		11		23		2		0		193		10		1023.55		3201
76		49		61		2		0		190		10		1008.78		3168
77		20		23		1		0		200		10		882.65		1638
78		61		53		2		0		188		10		1387.04		3222
79		48		72		1		0		180		10		519.16		1617
80		49		1		1		0		183		10		504.39		1584
81		64		61		3		78		100		10		1920.97		4872
82		42		44		2		0		208		10		1401.81		3255
83		14		9		2		0		186		10		1765.3		3276
84		33		61		2		31		61		10		1401.81		3255
85		14		43		1		0		197		10		519.16		1617
86		43		32		1		0		211		10		504.39		1584
87		7		67		2		0		177		10		1038.32		3234
88		13		19		2		0		192		10		1387.04		3222
89		68		64		1		0		176		10		519.16		1617
90		41		72		1		0		182		10		882.65		1638
91		29		54		2		119		151		10		1038.32		3234
92		58		18		1		0		191		10		504.39		1584
93		45		59		1		35		67		10		504.39		1584
94		1		18		2		0		181		10		1008.78		3168
95		4		55		3		0		183		10		1906.2		4839
96		14		64		1		0		184		10		882.65		1638
97		55		75		2		54		78		10		1008.78		3168
98		26		35		3		183		217		10		1891.43		4806
99		9		39		2		0		193		10		1765.3		3276
100		56		60		2		133		165		10		1387.04		3222

ITEMS
Type		Length		Width		Height		Mass		Fragility	LoadBearingStrength
Bt1		21		11		7		519.16		0		4.5439615
Bt2		33		8		6		504.39		1		6.0773694
Bt3		26		9		7		882.65		0		89.9638549

DEMANDS PER CUSTOMER
i	Type Quantity
1	Bt2 1	Bt3 1	
2	Bt1 1	Bt2 1	
3	Bt1 1	Bt3 1	
4	Bt3 1	
5	Bt1 1	Bt2 2	
6	Bt3 1	
7	Bt2 2	
8	Bt1 1	Bt2 2	
9	Bt1 1	Bt3 2	
10	Bt1 1	Bt2 1	Bt3 1	
11	Bt2 1	
12	Bt2 1	Bt3 2	
13	Bt2 1	
14	Bt1 2	Bt2 1	
15	Bt1 1	Bt2 1	Bt3 1	
16	Bt1 1	Bt3 2	
17	Bt1 1	Bt2 1	
18	Bt1 1	Bt3 1	
19	Bt1 1	Bt3 1	
20	Bt3 2	
21	Bt1 1	
22	Bt2 2	
23	Bt2 1	Bt3 1	
24	Bt1 2	Bt2 1	
25	Bt1 1	Bt3 1	
26	Bt2 1	Bt3 1	
27	Bt1 1	
28	Bt2 1	Bt3 1	
29	Bt1 2	Bt3 1	
30	Bt1 1	Bt2 1	Bt3 1	
31	Bt3 1	
32	Bt2 1	
33	Bt1 1	Bt3 2	
34	Bt1 1	
35	Bt1 2	Bt3 1	
36	Bt1 1	Bt3 2	
37	Bt1 3	
38	Bt1 1	Bt2 1	Bt3 1	
39	Bt3 1	
40	Bt1 2	
41	Bt1 1	Bt2 1	
42	Bt1 1	Bt2 2	
43	Bt1 1	
44	Bt3 1	
45	Bt1 1	Bt2 1	
46	Bt2 3	
47	Bt1 1	Bt3 1	
48	Bt2 2	
49	Bt1 1	Bt2 1	
50	Bt3 1	
51	Bt1 2	
52	Bt1 1	Bt2 2	
53	Bt1 1	Bt2 1	Bt3 1	
54	Bt1 1	Bt2 1	
55	Bt2 1	Bt3 1	
56	Bt2 1	Bt3 1	
57	Bt2 1	Bt3 1	
58	Bt2 2	
59	Bt2 1	
60	Bt2 1	Bt3 1	
61	Bt1 1	
62	Bt3 1	
63	Bt1 2	Bt2 1	
64	Bt1 1	Bt2 1	
65	Bt3 1	
66	Bt1 2	Bt3 1	
67	Bt1 2	
68	Bt1 2	Bt2 1	
69	Bt2 1	
70	Bt1 1	Bt2 1	
71	Bt2 1	
72	Bt2 2	Bt3 1	
73	Bt3 3	
74	Bt2 2	Bt3 1	
75	Bt1 1	Bt2 1	
76	Bt2 2	
77	Bt3 1	
78	Bt2 1	Bt3 1	
79	Bt1 1	
80	Bt2 1	
81	Bt1 2	Bt3 1	
82	Bt1 1	Bt3 1	
83	Bt3 2	
84	Bt1 1	Bt3 1	
85	Bt1 1	
86	Bt2 1	
87	Bt1 2	
88	Bt2 1	Bt3 1	
89	Bt1 1	
90	Bt3 1	
91	Bt1 2	
92	Bt2 1	
93	Bt2 1	
94	Bt2 2	
95	Bt1 1	Bt2 1	Bt3 1	
96	Bt3 1	
97	Bt2 2	
98	Bt2 2	Bt3 1	
99	Bt3 2	
100	Bt2 1	Bt3 1	