Name				191_n100_m200_bt100
Number_of_Customers		100
Number_of_Items			200
Number_of_ItemTypes		100
Number_of_Vehicles		38
TimeWindows			1

VEHICLE
Mass_Capacity			12595
CargoSpace_Length		60
CargoSpace_Width		25
CargoSpace_Height		30
Wheelbase			48
Max_Mass_FrontAxle		7100
Max_Mass_RearAxle		11500
Distance_FrontAxle_CargoSpace	4

CUSTOMERS
i		x		y		Demand		ReadyTime	DueDate		ServiceTime	DemandedMass	DemandedVolume
0		35		35		0		0		230		0		0		0
1		29		1		2		0		185		10		2825.65		5922
2		54		1		2		0		181		10		1815.1		3942
3		64		18		1		29		69		10		261.03		1872
4		54		39		2		183		209		10		2860.8		6787
5		7		71		1		36		64		10		1341.07		2660
6		69		77		1		0		165		10		1849.2		1440
7		36		71		2		0		183		10		1155.02		4437
8		51		13		3		0		192		10		2991.77		6966
9		42		14		1		57		83		10		269.87		1530
10		67		7		1		161		193		10		1749.83		2880
11		50		56		3		114		148		10		2015.89		4834
12		3		18		1		32		60		10		725.23		1584
13		64		48		3		153		185		10		3145.88		7020
14		59		38		2		56		90		10		1233.1		4424
15		44		72		3		148		178		10		4377.12		7889
16		66		37		2		118		146		10		2640.58		7635
17		27		74		1		0		180		10		413.74		2184
18		20		61		3		78		102		10		3360.37		7427
19		42		75		3		125		149		10		1212.3		4428
20		56		58		1		124		148		10		501.91		720
21		59		77		3		44		70		10		1845.32		8775
22		1		62		2		0		176		10		680.98		3160
23		6		15		3		55		89		10		2091.06		8191
24		66		43		2		0		187		10		1822.34		3843
25		11		29		1		118		148		10		114.14		1078
26		40		61		1		165		193		10		219.91		910
27		42		55		3		79		115		10		2771.46		6764
28		61		15		2		152		178		10		1177.91		3920
29		67		52		3		32		58		10		1199.26		5744
30		20		70		3		55		85		10		2365.02		6506
31		11		46		2		0		193		10		1700.99		4627
32		15		35		1		0		200		10		900.36		1610
33		5		5		2		66		92		10		1646.97		4632
34		61		50		3		108		138		10		3313.14		6290
35		3		0		3		142		180		10		2262.37		8008
36		57		50		2		0		193		10		2807.2		5170
37		14		53		1		48		82		10		880.1		1386
38		34		4		1		94		130		10		540.23		918
39		54		66		2		166		196		10		1223.53		6512
40		6		64		1		65		93		10		308.93		2184
41		34		44		2		118		152		10		912		3438
42		2		10		2		74		108		10		3307.9		7041
43		18		6		1		114		140		10		467.21		1000
44		21		6		1		23		49		10		797.65		2080
45		5		38		2		62		84		10		1923.19		4140
46		63		64		1		70		94		10		598.32		2028
47		32		52		2		140		166		10		2380.94		4854
48		70		53		3		0		180		10		5434.7		8052
49		56		25		1		56		88		10		651.42		2002
50		52		6		3		108		140		10		3209.9		4888
51		36		22		2		0		206		10		1623.92		4236
52		41		20		1		0		203		10		825.51		4176
53		16		72		1		0		178		10		797.65		2080
54		68		63		3		120		156		10		3222.51		6749
55		43		25		1		110		136		10		413.74		2184
56		17		69		3		134		164		10		2688.69		6272
57		18		43		3		31		61		10		2776.07		5936
58		50		65		3		174		200		10		1514.4		6520
59		50		70		1		0		181		10		1568.24		2673
60		45		32		3		87		117		10		2297.32		8772
61		57		44		3		137		165		10		3436.09		5232
62		0		46		2		116		142		10		1630.9		3856
63		62		72		3		137		163		10		3805.43		8321
64		60		32		3		0		194		10		2380.84		7704
65		32		80		1		55		79		10		665.51		1400
66		7		49		2		142		176		10		1234.51		4502
67		54		44		2		0		198		10		1032.46		6202
68		3		58		3		53		77		10		2857.12		5462
69		1		73		1		73		107		10		1288.56		3234
70		68		59		1		84		114		10		797.65		2080
71		20		1		3		36		74		10		1455.81		5676
72		9		43		3		52		86		10		2490.23		7310
73		62		21		2		17		51		10		2452.76		5319
74		58		7		2		60		104		10		1494.32		7722
75		70		44		1		22		54		10		448.45		1150
76		24		22		3		0		202		10		1265.22		4316
77		52		80		3		46		80		10		2207.14		5461
78		42		11		1		53		87		10		369.67		900
79		0		17		3		0		180		10		3737.11		7392
80		30		46		1		0		207		10		840.58		2016
81		66		68		1		139		171		10		261.03		1872
82		14		28		3		0		197		10		1380.72		8401
83		36		63		2		58		96		10		1134.44		6360
84		28		18		1		150		176		10		1527.3		3042
85		35		80		2		68		94		10		2409.22		6348
86		22		54		3		10		36		10		859.49		5652
87		25		16		1		74		106		10		498.3		4928
88		32		22		1		55		83		10		868.98		1736
89		34		11		3		49		67		10		2934.79		6265
90		12		4		2		62		96		10		1399.37		3135
91		51		9		1		33		67		10		482.7		780
92		15		13		3		0		190		10		1620.95		4968
93		69		30		1		139		159		10		2356.16		3388
94		44		7		3		0		190		10		2949.43		9031
95		41		38		1		94		124		10		219.91		910
96		59		72		2		155		187		10		2262.94		3624
97		7		30		2		94		130		10		667.07		5232
98		21		33		2		78		100		10		960.93		7347
99		44		63		2		0		190		10		2586.6		4980
100		53		18		3		112		144		10		2112.11		5950

ITEMS
Type		Length		Width		Height		Mass		Fragility	LoadBearingStrength
Bt1		32		13		6		1512.44		0		30.6862824
Bt2		12		9		12		405.47		1		7.0623616
Bt3		31		14		6		1557.49		0		60.8782322
Bt4		13		7		12		393.42		0		15.7662834
Bt5		35		8		14		2174.23		0		22.4355581
Bt6		14		9		12		546.77		0		17.7263165
Bt7		19		10		14		1341.07		0		29.1001766
Bt8		27		6		9		1140.36		0		39.3597461
Bt9		12		10		8		548.81		0		29.2200548
Bt10		16		10		13		797.65		0		55.9601409
Bt11		15		14		12		371.77		0		30.3661181
Bt12		26		5		7		219.91		0		55.3733665
Bt13		35		14		11		1446.19		0		16.1507021
Bt14		27		11		9		1568.24		0		96.6560517
Bt15		25		7		8		665.51		0		76.8820693
Bt16		27		6		11		1044.22		0		40.8673052
Bt17		29		7		12		715.90		0		22.7672108
Bt18		18		13		12		1009.30		0		14.5784825
Bt19		16		12		6		332.25		1		17.1304275
Bt20		16		14		11		1047.40		0		46.9209713
Bt21		22		9		7		880.10		0		49.6973774
Bt22		24		12		7		840.58		1		31.2448066
Bt23		27		14		14		812.55		1		12.5429992
Bt24		20		6		6		501.91		0		19.5979580
Bt25		33		6		10		669.56		1		30.6177980
Bt26		23		11		14		685.70		0		62.7148349
Bt27		23		10		7		900.36		0		130.0573574
Bt28		15		10		6		305.56		0		24.3244422
Bt29		31		13		9		539.26		0		17.3798599
Bt30		22		7		12		1112.84		0		30.0488700
Bt31		13		10		14		1169.18		0		45.6186946
Bt32		30		5		6		369.67		0		21.8365229
Bt33		32		11		10		1959.88		0		57.8640747
Bt34		32		12		7		600.84		0		36.4656967
Bt35		31		8		7		868.98		0		26.3871995
Bt36		34		13		12		691.55		0		13.6254217
Bt37		33		11		9		900.92		0		27.5761420
Bt38		22		13		10		1520.23		0		38.2850816
Bt39		16		7		11		155.76		0		11.7771717
Bt40		31		12		10		421.67		1		3.7550292
Bt41		23		12		8		1025.60		0		96.8805390
Bt42		24		12		10		1749.83		0		32.8200538
Bt43		26		5		8		262.15		0		21.3861152
Bt44		28		13		12		1739.66		0		17.7372013
Bt45		15		11		9		552.05		1		12.4930492
Bt46		33		11		8		528.28		0		26.2178731
Bt47		23		5		10		448.45		0		66.7455639
Bt48		13		13		12		598.32		0		16.7141841
Bt49		18		8		14		764.09		0		28.2764172
Bt50		25		9		10		823.45		0		21.6538918
Bt51		28		11		11		2356.16		0		68.8921086
Bt52		32		14		11		498.30		1		3.4318675
Bt53		17		9		10		269.87		0		18.6348609
Bt54		30		6		13		785.29		1		5.0931746
Bt55		15		7		13		645.40		1		12.8311603
Bt56		16		9		14		294.15		0		59.1666613
Bt57		16		6		6		181.61		0		20.6088735
Bt58		15		10		13		346.76		0		13.3015697
Bt59		22		12		13		2760.86		0		183.8516798
Bt60		21		11		12		1561		0		33.0554739
Bt61		17		9		6		540.23		0		35.3191354
Bt62		24		5		12		1849.20		0		86.6545767
Bt63		25		5		8		467.21		0		135.8634433
Bt64		34		5		8		800.07		1		59.8885138
Bt65		14		7		11		114.14		0		4.7140603
Bt66		23		8		7		419.95		1		4.4847431
Bt67		31		7		12		768.52		0		25.8807435
Bt68		27		11		13		747.16		0		68.4018124
Bt69		13		12		14		1079.30		1		13.8956305
Bt70		27		6		8		608.66		0		40.9348251
Bt71		27		6		14		353.06		0		14.7240023
Bt72		16		14		10		819.36		0		50.6453054
Bt73		19		8		12		293.38		0		19.0296696
Bt74		13		11		14		651.42		1		8.0784823
Bt75		34		6		12		1338.04		1		11.6958848
Bt76		21		8		9		245.40		0		3.8968167
Bt77		31		8		13		1927.74		0		152.0611703
Bt78		18		10		7		422.86		1		9.3699682
Bt79		23		8		10		543.92		0		10.1215521
Bt80		17		13		12		2049.21		0		139.2095532
Bt81		26		14		6		308.93		0		27.5295470
Bt82		32		5		11		929.08		0		25.5244374
Bt83		24		6		11		725.23		1		55.6675345
Bt84		26		13		9		1527.30		0		41.1992785
Bt85		13		9		10		254.10		0		21.4887112
Bt86		21		11		14		1288.56		0		30.0016560
Bt87		17		10		14		994.11		0		16.9924014
Bt88		32		7		14		1128.99		1		29.7548408
Bt89		19		13		7		1024.41		0		37.0387168
Bt90		15		10		7		521.02		1		32.6969649
Bt91		26		8		9		261.03		0		10.2416693
Bt92		26		10		8		361.96		0		11.0749298
Bt93		13		5		12		482.70		0		51.1425915
Bt94		24		13		7		413.74		0		55.9840955
Bt95		20		11		8		335.67		0		6.6397662
Bt96		15		11		10		847.32		0		77.0970259
Bt97		29		12		12		825.51		0		61.6405247
Bt98		19		14		8		277.31		0		17.1554268
Bt99		29		9		11		1114.72		1		10.4455957
Bt100		24		11		7		704.27		0		42.1908630

DEMANDS PER CUSTOMER
i	Type Quantity
1	Bt5 1	Bt74 1	
2	Bt60 1	Bt85 1	
3	Bt91 1	
4	Bt33 1	Bt37 1	
5	Bt7 1	
6	Bt62 1	
7	Bt37 1	Bt85 1	
8	Bt5 1	Bt61 1	Bt98 1	
9	Bt53 1	
10	Bt42 1	
11	Bt50 1	Bt63 1	Bt83 1	
12	Bt83 1	
13	Bt72 1	Bt80 1	Bt98 1	
14	Bt72 1	Bt94 1	
15	Bt3 1	Bt5 1	Bt55 1	
16	Bt37 1	Bt44 1	
17	Bt94 1	
18	Bt20 1	Bt86 1	Bt89 1	
19	Bt54 1	Bt57 1	Bt76 1	
20	Bt24 1	
21	Bt40 1	Bt81 1	Bt99 1	
22	Bt66 1	Bt91 1	
23	Bt23 1	Bt85 1	Bt89 1	
24	Bt14 1	Bt85 1	
25	Bt65 1	
26	Bt12 1	
27	Bt48 1	Bt76 1	Bt77 1	
28	Bt35 1	Bt81 1	
29	Bt73 1	Bt79 1	Bt92 1	
30	Bt27 1	Bt88 1	Bt95 1	
31	Bt37 1	Bt64 1	
32	Bt27 1	
33	Bt75 1	Bt81 1	
34	Bt28 1	Bt51 1	Bt74 1	
35	Bt44 1	Bt76 1	Bt98 1	
36	Bt33 1	Bt96 1	
37	Bt21 1	
38	Bt61 1	
39	Bt52 1	Bt83 1	
40	Bt81 1	
41	Bt11 1	Bt61 1	
42	Bt14 1	Bt44 1	
43	Bt63 1	
44	Bt10 1	
45	Bt82 1	Bt87 1	
46	Bt48 1	
47	Bt3 1	Bt50 1	
48	Bt30 1	Bt59 1	Bt60 1	
49	Bt74 1	
50	Bt8 1	Bt27 1	Bt31 1	
51	Bt41 1	Bt48 1	
52	Bt97 1	
53	Bt10 1	
54	Bt14 1	Bt35 1	Bt54 1	
55	Bt94 1	
56	Bt1 1	Bt22 1	Bt95 1	
57	Bt42 1	Bt43 1	Bt49 1	
58	Bt9 1	Bt40 1	Bt79 1	
59	Bt14 1	
60	Bt2 1	Bt23 1	Bt69 1	
61	Bt28 1	Bt32 1	Bt59 1	
62	Bt24 1	Bt88 1	
63	Bt14 1	Bt33 1	Bt98 1	
64	Bt19 1	Bt44 1	Bt81 1	
65	Bt15 1	
66	Bt9 1	Bt26 1	
67	Bt12 1	Bt23 1	
68	Bt8 1	Bt39 1	Bt60 1	
69	Bt86 1	
70	Bt10 1	
71	Bt24 1	Bt34 1	Bt71 1	
72	Bt26 1	Bt69 1	Bt83 1	
73	Bt75 1	Bt99 1	
74	Bt68 2	
75	Bt47 1	
76	Bt15 1	Bt28 1	Bt56 1	
77	Bt10 1	Bt49 1	Bt55 1	
78	Bt32 1	
79	Bt18 1	Bt64 1	Bt77 1	
80	Bt22 1	
81	Bt91 1	
82	Bt26 1	Bt29 1	Bt39 1	
83	Bt81 1	Bt97 1	
84	Bt84 1	
85	Bt25 1	Bt44 1	
86	Bt71 1	Bt76 1	Bt91 1	
87	Bt52 1	
88	Bt35 1	
89	Bt33 1	Bt45 1	Bt78 1	
90	Bt45 1	Bt96 1	
91	Bt93 1	
92	Bt41 1	Bt57 1	Bt94 1	
93	Bt51 1	
94	Bt37 1	Bt38 1	Bt46 1	
95	Bt12 1	
96	Bt62 1	Bt94 1	
97	Bt40 1	Bt76 1	
98	Bt29 1	Bt40 1	
99	Bt41 1	Bt60 1	
100	Bt35 1	Bt65 1	Bt88 1	