Name				196_n100_m200_bt3
Number_of_Customers		100
Number_of_Items			200
Number_of_ItemTypes		3
Number_of_Vehicles		34
TimeWindows			1

VEHICLE
Mass_Capacity			12595
CargoSpace_Length		60
CargoSpace_Width		25
CargoSpace_Height		30
Wheelbase			48
Max_Mass_FrontAxle		7100
Max_Mass_RearAxle		11500
Distance_FrontAxle_CargoSpace	4

CUSTOMERS
i		x		y		Demand		ReadyTime	DueDate		ServiceTime	DemandedMass	DemandedVolume
0		35		35		0		0		230		0		0		0
1		46		0		2		0		183		10		801.03		707
2		27		47		1		110		140		10		640.4		455
3		59		78		2		0		170		10		436.75		552
4		66		67		3		46		80		10		1441.43		1162
5		22		40		2		176		194		10		916.52		755
6		52		39		1		152		194		10		640.4		455
7		56		60		2		0		187		10		552.24		600
8		44		31		2		56		90		10		552.24		600
9		65		12		2		0		182		10		801.03		707
10		13		20		2		110		138		10		916.52		755
11		31		34		1		162		184		10		640.4		455
12		12		29		1		39		75		10		160.63		252
13		56		25		2		80		108		10		916.52		755
14		22		56		3		103		127		10		1192.64		1055
15		32		26		2		114		146		10		1280.8		910
16		33		73		3		0		181		10		1077.15		1007
17		41		9		2		55		93		10		552.24		600
18		32		63		1		51		83		10		160.63		252
19		31		40		2		72		102		10		801.03		707
20		61		37		2		129		167		10		436.75		552
21		3		7		2		37		65		10		916.52		755
22		40		65		3		105		133		10		1441.43		1162
23		64		76		1		40		70		10		640.4		455
24		51		27		2		101		131		10		801.03		707
25		19		51		2		120		150		10		552.24		600
26		15		27		3		40		66		10		1077.15		1007
27		16		73		2		154		182		10		436.75		552
28		14		64		2		47		83		10		916.52		755
29		16		38		2		127		165		10		801.03		707
30		5		52		3		100		132		10		1441.43		1162
31		19		59		2		113		137		10		801.03		707
32		70		45		3		0		183		10		1556.92		1210
33		68		10		1		0		178		10		160.63		252
34		40		35		3		0		215		10		597.38		804
35		26		74		3		0		179		10		1077.15		1007
36		44		28		1		0		208		10		160.63		252
37		48		28		3		73		97		10		597.38		804
38		50		12		1		62		96		10		276.12		300
39		8		46		1		0		190		10		160.63		252
40		29		68		3		50		86		10		597.38		804
41		40		59		1		148		178		10		276.12		300
42		25		63		2		32		54		10		801.03		707
43		13		39		2		18		56		10		436.75		552
44		8		73		1		100		130		10		640.4		455
45		28		32		3		0		212		10		712.87		852
46		9		35		3		0		194		10		1077.15		1007
47		4		30		3		0		188		10		712.87		852
48		53		11		1		127		161		10		276.12		300
49		69		18		3		156		184		10		1556.92		1210
50		27		14		2		12		42		10		916.52		755
51		69		49		2		105		129		10		436.75		552
52		54		74		2		0		176		10		436.75		552
53		23		80		1		57		87		10		640.4		455
54		64		15		3		118		152		10		961.66		959
55		58		72		1		0		176		10		640.4		455
56		67		55		1		112		138		10		160.63		252
57		11		77		3		90		126		10		828.36		900
58		42		70		1		116		144		10		640.4		455
59		60		63		3		108		138		10		1556.92		1210
60		62		67		3		151		185		10		481.89		756
61		37		0		2		0		184		10		801.03		707
62		64		22		1		0		188		10		160.63		252
63		23		32		2		171		201		10		916.52		755
64		3		0		1		98		124		10		160.63		252
65		52		3		3		140		174		10		961.66		959
66		67		21		3		104		130		10		961.66		959
67		16		77		1		146		176		10		640.4		455
68		22		65		2		132		170		10		1280.8		910
69		57		51		1		87		113		10		160.63		252
70		66		5		3		73		99		10		712.87		852
71		45		76		1		37		63		10		640.4		455
72		50		21		2		96		132		10		916.52		755
73		30		45		1		0		208		10		276.12		300
74		37		27		1		50		68		10		160.63		252
75		27		0		2		76		108		10		436.75		552
76		38		75		3		117		149		10		712.87		852
77		41		51		2		0		202		10		552.24		600
78		16		52		3		75		105		10		481.89		756
79		50		49		1		51		73		10		640.4		455
80		15		68		1		31		55		10		276.12		300
81		45		69		1		152		178		10		640.4		455
82		50		33		1		183		217		10		160.63		252
83		39		38		3		0		215		10		961.66		959
84		64		44		3		41		69		10		597.38		804
85		18		56		3		11		43		10		1077.15		1007
86		11		32		3		60		92		10		712.87		852
87		30		52		1		182		216		10		640.4		455
88		3		18		3		88		118		10		1441.43		1162
89		35		30		2		14		54		10		1280.8		910
90		35		52		1		51		87		10		640.4		455
91		2		63		2		66		94		10		1280.8		910
92		19		32		3		0		203		10		597.38		804
93		30		18		1		0		202		10		640.4		455
94		19		28		3		46		76		10		1077.15		1007
95		12		26		1		18		56		10		640.4		455
96		61		50		2		32		60		10		916.52		755
97		28		60		1		49		79		10		160.63		252
98		11		62		2		0		183		10		1280.8		910
99		36		68		3		151		179		10		712.87		852
100		37		6		3		0		190		10		961.66		959

ITEMS
Type		Length		Width		Height		Mass		Fragility	LoadBearingStrength
Bt1		13		7		5		640.40		1		51.5874583
Bt2		12		3		7		160.63		0		22.0105972
Bt3		10		5		6		276.12		0		30.0304081

DEMANDS PER CUSTOMER
i	Type Quantity
1	Bt1 1	Bt2 1	
2	Bt1 1	
3	Bt2 1	Bt3 1	
4	Bt1 2	Bt2 1	
5	Bt1 1	Bt3 1	
6	Bt1 1	
7	Bt3 2	
8	Bt3 2	
9	Bt1 1	Bt2 1	
10	Bt1 1	Bt3 1	
11	Bt1 1	
12	Bt2 1	
13	Bt1 1	Bt3 1	
14	Bt1 1	Bt3 2	
15	Bt1 2	
16	Bt1 1	Bt2 1	Bt3 1	
17	Bt3 2	
18	Bt2 1	
19	Bt1 1	Bt2 1	
20	Bt2 1	Bt3 1	
21	Bt1 1	Bt3 1	
22	Bt1 2	Bt2 1	
23	Bt1 1	
24	Bt1 1	Bt2 1	
25	Bt3 2	
26	Bt1 1	Bt2 1	Bt3 1	
27	Bt2 1	Bt3 1	
28	Bt1 1	Bt3 1	
29	Bt1 1	Bt2 1	
30	Bt1 2	Bt2 1	
31	Bt1 1	Bt2 1	
32	Bt1 2	Bt3 1	
33	Bt2 1	
34	Bt2 2	Bt3 1	
35	Bt1 1	Bt2 1	Bt3 1	
36	Bt2 1	
37	Bt2 2	Bt3 1	
38	Bt3 1	
39	Bt2 1	
40	Bt2 2	Bt3 1	
41	Bt3 1	
42	Bt1 1	Bt2 1	
43	Bt2 1	Bt3 1	
44	Bt1 1	
45	Bt2 1	Bt3 2	
46	Bt1 1	Bt2 1	Bt3 1	
47	Bt2 1	Bt3 2	
48	Bt3 1	
49	Bt1 2	Bt3 1	
50	Bt1 1	Bt3 1	
51	Bt2 1	Bt3 1	
52	Bt2 1	Bt3 1	
53	Bt1 1	
54	Bt1 1	Bt2 2	
55	Bt1 1	
56	Bt2 1	
57	Bt3 3	
58	Bt1 1	
59	Bt1 2	Bt3 1	
60	Bt2 3	
61	Bt1 1	Bt2 1	
62	Bt2 1	
63	Bt1 1	Bt3 1	
64	Bt2 1	
65	Bt1 1	Bt2 2	
66	Bt1 1	Bt2 2	
67	Bt1 1	
68	Bt1 2	
69	Bt2 1	
70	Bt2 1	Bt3 2	
71	Bt1 1	
72	Bt1 1	Bt3 1	
73	Bt3 1	
74	Bt2 1	
75	Bt2 1	Bt3 1	
76	Bt2 1	Bt3 2	
77	Bt3 2	
78	Bt2 3	
79	Bt1 1	
80	Bt3 1	
81	Bt1 1	
82	Bt2 1	
83	Bt1 1	Bt2 2	
84	Bt2 2	Bt3 1	
85	Bt1 1	Bt2 1	Bt3 1	
86	Bt2 1	Bt3 2	
87	Bt1 1	
88	Bt1 2	Bt2 1	
89	Bt1 2	
90	Bt1 1	
91	Bt1 2	
92	Bt2 2	Bt3 1	
93	Bt1 1	
94	Bt1 1	Bt2 1	Bt3 1	
95	Bt1 1	
96	Bt1 1	Bt3 1	
97	Bt2 1	
98	Bt1 2	
99	Bt2 1	Bt3 2	
100	Bt1 1	Bt2 2	