Name				198_n100_m200_bt3
Number_of_Customers		100
Number_of_Items			200
Number_of_ItemTypes		3
Number_of_Vehicles		23
TimeWindows			1

VEHICLE
Mass_Capacity			12595
CargoSpace_Length		60
CargoSpace_Width		25
CargoSpace_Height		30
Wheelbase			48
Max_Mass_FrontAxle		7100
Max_Mass_RearAxle		11500
Distance_FrontAxle_CargoSpace	4

CUSTOMERS
i		x		y		Demand		ReadyTime	DueDate		ServiceTime	DemandedMass	DemandedVolume
0		35		35		0		0		230		0		0		0
1		61		50		1		0		189		10		160.97		210
2		59		62		3		159		191		10		369.18		555
3		45		61		2		152		188		10		94.48		270
4		32		19		1		0		203		10		160.97		210
5		13		57		3		0		188		10		456.61		681
6		58		34		2		61		93		10		295.64		471
7		14		15		2		22		46		10		295.64		471
8		43		79		1		122		150		10		160.97		210
9		5		27		1		0		188		10		47.24		135
10		20		51		2		113		151		10		295.64		471
11		44		17		2		0		199		10		208.21		345
12		4		72		1		110		144		10		248.4		336
13		19		6		3		0		186		10		456.61		681
14		4		54		3		31		57		10		255.45		480
15		9		79		1		0		168		10		248.4		336
16		68		25		3		0		185		10		570.34		756
17		15		25		2		0		197		10		409.37		546
18		50		12		1		0		192		10		47.24		135
19		53		27		3		0		200		10		456.61		681
20		28		78		2		160		194		10		409.37		546
21		48		56		2		0		195		10		496.8		672
22		62		77		1		0		170		10		248.4		336
23		20		10		2		0		190		10		94.48		270
24		11		39		2		177		211		10		208.21		345
25		33		43		3		0		211		10		544.04		807
26		23		23		1		133		173		10		160.97		210
27		62		45		3		140		164		10		482.91		630
28		18		55		2		0		193		10		295.64		471
29		7		14		1		59		93		10		160.97		210
30		7		56		1		104		134		10		248.4		336
31		62		1		1		0		176		10		248.4		336
32		44		12		1		74		98		10		248.4		336
33		28		70		2		111		147		10		295.64		471
34		68		41		2		0		186		10		208.21		345
35		67		63		2		0		177		10		208.21		345
36		55		67		3		0		182		10		456.61		681
37		35		60		1		0		195		10		160.97		210
38		11		60		3		0		185		10		544.04		807
39		64		69		3		30		62		10		544.04		807
40		54		62		2		0		186		10		321.94		420
41		60		21		3		0		191		10		456.61		681
42		62		38		3		0		192		10		456.61		681
43		56		49		1		0		194		10		47.24		135
44		21		39		2		0		205		10		409.37		546
45		36		15		3		38		64		10		342.88		606
46		8		35		1		0		193		10		160.97		210
47		25		32		2		3		33		10		496.8		672
48		19		61		3		44		74		10		369.18		555
49		32		26		3		183		217		10		456.61		681
50		3		61		1		0		178		10		160.97		210
51		7		76		1		0		170		10		248.4		336
52		67		49		2		0		185		10		321.94		420
53		56		23		1		0		195		10		160.97		210
54		18		78		3		0		173		10		745.2		1008
55		14		5		3		0		183		10		141.72		405
56		15		1		2		90		116		10		496.8		672
57		20		19		1		139		171		10		248.4		336
58		6		21		1		34		68		10		47.24		135
59		68		59		2		160		188		10		208.21		345
60		67		12		2		0		180		10		409.37		546
61		40		36		1		176		210		10		160.97		210
62		37		77		3		100		124		10		544.04		807
63		16		35		3		125		153		10		745.2		1008
64		3		65		1		0		176		10		160.97		210
65		41		39		2		161		197		10		409.37		546
66		11		25		2		0		194		10		295.64		471
67		33		73		1		115		141		10		248.4		336
68		15		75		2		81		115		10		208.21		345
69		34		52		2		20		48		10		295.64		471
70		12		18		1		146		180		10		47.24		135
71		42		54		3		128		156		10		482.91		630
72		45		57		3		161		189		10		570.34		756
73		15		48		2		0		196		10		321.94		420
74		15		72		3		0		177		10		255.45		480
75		49		9		3		39		73		10		570.34		756
76		34		68		3		0		186		10		255.45		480
77		7		67		3		72		102		10		456.61		681
78		25		15		3		137		167		10		342.88		606
79		59		75		1		0		173		10		160.97		210
80		33		31		2		199		230		10		94.48		270
81		67		56		1		89		119		10		248.4		336
82		53		55		3		0		193		10		369.18		555
83		58		9		2		118		142		10		496.8		672
84		62		26		2		170		206		10		409.37		546
85		2		7		3		39		75		10		369.18		555
86		65		2		2		108		134		10		208.21		345
87		37		29		2		54		76		10		208.21		345
88		3		11		2		0		180		10		208.21		345
89		48		26		1		0		204		10		160.97		210
90		1		39		3		0		185		10		456.61		681
91		59		45		2		0		194		10		208.21		345
92		68		45		2		164		196		10		208.21		345
93		30		30		2		64		86		10		295.64		471
94		60		58		2		0		186		10		496.8		672
95		44		40		3		109		143		10		544.04		807
96		36		3		2		79		111		10		409.37		546
97		39		48		2		0		206		10		208.21		345
98		62		13		1		0		185		10		160.97		210
99		48		77		1		0		176		10		160.97		210
100		11		52		1		36		64		10		160.97		210

ITEMS
Type		Length		Width		Height		Mass		Fragility	LoadBearingStrength
Bt1		14		6		4		248.40		1		6.9232141
Bt2		10		3		7		160.97		0		65.5278408
Bt3		9		3		5		47.24		0		8.7408366

DEMANDS PER CUSTOMER
i	Type Quantity
1	Bt2 1	
2	Bt2 2	Bt3 1	
3	Bt3 2	
4	Bt2 1	
5	Bt1 1	Bt2 1	Bt3 1	
6	Bt1 1	Bt3 1	
7	Bt1 1	Bt3 1	
8	Bt2 1	
9	Bt3 1	
10	Bt1 1	Bt3 1	
11	Bt2 1	Bt3 1	
12	Bt1 1	
13	Bt1 1	Bt2 1	Bt3 1	
14	Bt2 1	Bt3 2	
15	Bt1 1	
16	Bt1 1	Bt2 2	
17	Bt1 1	Bt2 1	
18	Bt3 1	
19	Bt1 1	Bt2 1	Bt3 1	
20	Bt1 1	Bt2 1	
21	Bt1 2	
22	Bt1 1	
23	Bt3 2	
24	Bt2 1	Bt3 1	
25	Bt1 2	Bt3 1	
26	Bt2 1	
27	Bt2 3	
28	Bt1 1	Bt3 1	
29	Bt2 1	
30	Bt1 1	
31	Bt1 1	
32	Bt1 1	
33	Bt1 1	Bt3 1	
34	Bt2 1	Bt3 1	
35	Bt2 1	Bt3 1	
36	Bt1 1	Bt2 1	Bt3 1	
37	Bt2 1	
38	Bt1 2	Bt3 1	
39	Bt1 2	Bt3 1	
40	Bt2 2	
41	Bt1 1	Bt2 1	Bt3 1	
42	Bt1 1	Bt2 1	Bt3 1	
43	Bt3 1	
44	Bt1 1	Bt2 1	
45	Bt1 1	Bt3 2	
46	Bt2 1	
47	Bt1 2	
48	Bt2 2	Bt3 1	
49	Bt1 1	Bt2 1	Bt3 1	
50	Bt2 1	
51	Bt1 1	
52	Bt2 2	
53	Bt2 1	
54	Bt1 3	
55	Bt3 3	
56	Bt1 2	
57	Bt1 1	
58	Bt3 1	
59	Bt2 1	Bt3 1	
60	Bt1 1	Bt2 1	
61	Bt2 1	
62	Bt1 2	Bt3 1	
63	Bt1 3	
64	Bt2 1	
65	Bt1 1	Bt2 1	
66	Bt1 1	Bt3 1	
67	Bt1 1	
68	Bt2 1	Bt3 1	
69	Bt1 1	Bt3 1	
70	Bt3 1	
71	Bt2 3	
72	Bt1 1	Bt2 2	
73	Bt2 2	
74	Bt2 1	Bt3 2	
75	Bt1 1	Bt2 2	
76	Bt2 1	Bt3 2	
77	Bt1 1	Bt2 1	Bt3 1	
78	Bt1 1	Bt3 2	
79	Bt2 1	
80	Bt3 2	
81	Bt1 1	
82	Bt2 2	Bt3 1	
83	Bt1 2	
84	Bt1 1	Bt2 1	
85	Bt2 2	Bt3 1	
86	Bt2 1	Bt3 1	
87	Bt2 1	Bt3 1	
88	Bt2 1	Bt3 1	
89	Bt2 1	
90	Bt1 1	Bt2 1	Bt3 1	
91	Bt2 1	Bt3 1	
92	Bt2 1	Bt3 1	
93	Bt1 1	Bt3 1	
94	Bt1 2	
95	Bt1 2	Bt3 1	
96	Bt1 1	Bt2 1	
97	Bt2 1	Bt3 1	
98	Bt2 1	
99	Bt2 1	
100	Bt2 1	