Name				202_n100_m200_bt10
Number_of_Customers		100
Number_of_Items			200
Number_of_ItemTypes		10
Number_of_Vehicles		31
TimeWindows			1

VEHICLE
Mass_Capacity			12595
CargoSpace_Length		60
CargoSpace_Width		25
CargoSpace_Height		30
Wheelbase			48
Max_Mass_FrontAxle		7100
Max_Mass_RearAxle		11500
Distance_FrontAxle_CargoSpace	4

CUSTOMERS
i		x		y		Demand		ReadyTime	DueDate		ServiceTime	DemandedMass	DemandedVolume
0		35		35		0		0		230		0		0		0
1		2		45		2		46		70		10		223.81		315
2		35		51		1		89		121		10		59.29		160
3		44		72		3		134		162		10		464.36		612
4		19		45		3		97		127		10		233.47		500
5		56		47		3		0		195		10		334.92		648
6		17		23		2		48		70		10		219.93		324
7		1		50		1		79		107		10		114.89		180
8		34		17		1		106		132		10		114.89		180
9		38		24		2		190		224		10		229.78		360
10		3		39		3		30		58		10		398.28		544
11		61		16		2		115		137		10		219.93		324
12		62		34		3		155		185		10		367.12		592
13		61		56		3		102		136		10		317.24		392
14		16		77		3		140		166		10		428.94		655
15		36		76		3		0		178		10		517.57		976
16		15		52		1		12		48		10		105.04		144
17		17		32		2		116		148		10		195.92		256
18		36		4		3		85		113		10		464.36		612
19		21		59		1		0		192		10		58.68		168
20		33		24		3		77		105		10		465.46		660
21		56		76		2		41		69		10		338.99		384
22		66		48		2		136		162		10		217.84		270
23		48		27		1		75		99		10		291.89		312
24		25		53		1		0		199		10		291.89		312
25		57		64		1		0		183		10		47.1		72
26		22		68		2		81		113		10		288.43		568
27		46		52		3		174		212		10		246.9		319
28		47		23		3		18		46		10		393.47		712
29		28		42		2		89		127		10		338.06		543
30		26		24		1		165		193		10		47.1		72
31		19		2		2		134		162		10		106.39		232
32		55		56		1		170		210		10		113.18		140
33		12		58		1		0		187		10		114.89		180
34		24		27		1		0		206		10		229.14		408
35		55		71		1		34		60		10		59.29		160
36		44		62		3		141		167		10		282.49		483
37		31		14		3		180		212		10		304.84		391
38		42		44		2		0		208		10		106.39		232
39		15		69		3		0		180		10		280.78		443
40		70		64		3		134		162		10		275.17		392
41		11		67		3		91		125		10		220.67		420
42		37		45		1		0		209		10		58.68		168
43		23		33		2		27		55		10		156.02		207
44		38		10		1		98		120		10		229.14		408
45		22		72		3		0		180		10		401.61		708
46		0		10		2		92		124		10		173.57		348
47		40		79		3		0		175		10		255.21		416
48		67		27		1		139		167		10		108.92		135
49		28		13		3		139		173		10		443.1		687
50		30		2		3		86		120		10		453.88		564
51		48		38		3		77		113		10		425.06		664
52		6		50		1		47		77		10		59.29		160
53		54		25		1		25		55		10		59.29		160
54		48		56		2		0		195		10		172.47		300
55		58		17		2		103		135		10		583.78		624
56		57		68		1		66		96		10		108.92		135
57		37		65		2		166		196		10		167.6		303
58		40		7		1		180		202		10		90.88		112
59		47		2		1		0		184		10		59.29		160
60		61		71		1		69		91		10		291.89		312
61		30		10		3		51		81		10		252.87		364
62		13		61		1		89		117		10		108.92		135
63		43		55		2		0		198		10		105.78		240
64		50		13		2		32		70		10		288.43		568
65		59		50		1		118		144		10		90.88		112
66		56		9		1		0		186		10		113.18		140
67		8		70		3		99		127		10		455.61		624
68		48		5		3		37		65		10		273.25		439
69		29		57		3		126		154		10		409.25		648
70		22		22		3		101		139		10		397.67		552
71		55		61		3		0		187		10		449.07		732
72		3		15		3		106		136		10		258.48		415
73		11		40		2		130		168		10		117.97		328
74		14		47		2		146		174		10		213.96		279
75		28		30		2		22		54		10		150.17		272
76		52		63		2		19		59		10		195.92		256
77		59		1		3		39		71		10		261.06		351
78		45		68		3		128		162		10		491.69		559
79		56		52		3		103		127		10		643.07		784
80		7		10		3		0		182		10		457.21		728
81		63		41		1		0		191		10		113.18		140
82		39		58		3		130		160		10		497.66		604
83		44		22		1		109		139		10		291.89		312
84		65		9		2		46		78		10		137.98		184
85		61		6		1		74		102		10		114.89		180
86		9		23		2		45		79		10		334.18		552
87		18		51		1		45		67		10		105.04		144
88		12		3		1		0		180		10		90.88		112
89		19		8		2		32		66		10		342.32		548
90		42		36		1		0		212		10		113.18		140
91		33		9		3		49		77		10		335.53		640
92		0		58		2		0		178		10		276.24		480
93		42		33		2		32		62		10		405.07		452
94		50		72		1		124		150		10		108.92		135
95		33		61		2		57		85		10		161.99		252
96		18		38		1		0		202		10		229.14		408
97		66		72		2		126		162		10		161.99		252
98		0		65		1		0		173		10		113.18		140
99		53		49		2		0		197		10		382.77		424
100		66		53		1		35		69		10		108.92		135

ITEMS
Type		Length		Width		Height		Mass		Fragility	LoadBearingStrength
Bt1		6		3		4		47.10		0		10.4861885
Bt2		12		5		3		114.89		1		13.8625035
Bt3		13		3		8		291.89		1		16.8386230
Bt4		12		2		6		105.04		0		26.4391712
Bt5		17		6		4		229.14		0		9.0840104
Bt6		7		3		8		58.68		0		5.3158888
Bt7		7		2		8		90.88		0		41.1419880
Bt8		7		5		4		113.18		0		14.6886549
Bt9		16		2		5		59.29		0		8.9328034
Bt10		9		3		5		108.92		0		72.3066167

DEMANDS PER CUSTOMER
i	Type Quantity
1	Bt2 1	Bt10 1	
2	Bt9 1	
3	Bt3 1	Bt8 1	Bt9 1	
4	Bt2 1	Bt9 2	
5	Bt1 1	Bt5 1	Bt6 1	
6	Bt2 1	Bt4 1	
7	Bt2 1	
8	Bt2 1	
9	Bt2 2	
10	Bt1 1	Bt3 1	Bt9 1	
11	Bt2 1	Bt4 1	
12	Bt1 1	Bt5 1	Bt7 1	
13	Bt7 1	Bt8 2	
14	Bt5 1	Bt7 1	Bt10 1	
15	Bt5 2	Bt9 1	
16	Bt4 1	
17	Bt4 1	Bt7 1	
18	Bt3 1	Bt8 1	Bt9 1	
19	Bt6 1	
20	Bt2 1	Bt3 1	Bt6 1	
21	Bt1 1	Bt3 1	
22	Bt10 2	
23	Bt3 1	
24	Bt3 1	
25	Bt1 1	
26	Bt5 1	Bt9 1	
27	Bt1 1	Bt7 1	Bt10 1	
28	Bt4 1	Bt5 1	Bt9 1	
29	Bt5 1	Bt10 1	
30	Bt1 1	
31	Bt1 1	Bt9 1	
32	Bt8 1	
33	Bt2 1	
34	Bt5 1	
35	Bt9 1	
36	Bt2 1	Bt6 1	Bt10 1	
37	Bt4 1	Bt7 1	Bt10 1	
38	Bt1 1	Bt9 1	
39	Bt6 1	Bt8 1	Bt10 1	
40	Bt1 1	Bt2 1	Bt8 1	
41	Bt1 1	Bt2 1	Bt6 1	
42	Bt6 1	
43	Bt1 1	Bt10 1	
44	Bt5 1	
45	Bt5 1	Bt8 1	Bt9 1	
46	Bt2 1	Bt6 1	
47	Bt4 1	Bt7 1	Bt9 1	
48	Bt10 1	
49	Bt4 1	Bt5 1	Bt10 1	
50	Bt1 1	Bt2 1	Bt3 1	
51	Bt4 1	Bt5 1	Bt7 1	
52	Bt9 1	
53	Bt9 1	
54	Bt8 1	Bt9 1	
55	Bt3 2	
56	Bt10 1	
57	Bt6 1	Bt10 1	
58	Bt7 1	
59	Bt9 1	
60	Bt3 1	
61	Bt1 1	Bt2 1	Bt7 1	
62	Bt10 1	
63	Bt1 1	Bt6 1	
64	Bt5 1	Bt9 1	
65	Bt7 1	
66	Bt8 1	
67	Bt3 1	Bt4 1	Bt6 1	
68	Bt4 1	Bt9 1	Bt10 1	
69	Bt3 1	Bt6 2	
70	Bt1 1	Bt3 1	Bt6 1	
71	Bt2 1	Bt4 1	Bt5 1	
72	Bt6 1	Bt7 1	Bt10 1	
73	Bt6 1	Bt9 1	
74	Bt4 1	Bt10 1	
75	Bt7 1	Bt9 1	
76	Bt4 1	Bt7 1	
77	Bt1 1	Bt4 1	Bt10 1	
78	Bt3 1	Bt7 1	Bt10 1	
79	Bt3 2	Bt9 1	
80	Bt2 1	Bt5 1	Bt8 1	
81	Bt8 1	
82	Bt2 1	Bt3 1	Bt7 1	
83	Bt3 1	
84	Bt1 1	Bt7 1	
85	Bt2 1	
86	Bt4 1	Bt5 1	
87	Bt4 1	
88	Bt7 1	
89	Bt5 1	Bt8 1	
90	Bt8 1	
91	Bt1 1	Bt5 1	Bt9 1	
92	Bt1 1	Bt5 1	
93	Bt3 1	Bt8 1	
94	Bt10 1	
95	Bt1 1	Bt2 1	
96	Bt5 1	
97	Bt1 1	Bt2 1	
98	Bt8 1	
99	Bt3 1	Bt7 1	
100	Bt10 1	