Name				203_n100_m200_bt10
Number_of_Customers		100
Number_of_Items			200
Number_of_ItemTypes		10
Number_of_Vehicles		21
TimeWindows			1

VEHICLE
Mass_Capacity			12595
CargoSpace_Length		60
CargoSpace_Width		25
CargoSpace_Height		30
Wheelbase			48
Max_Mass_FrontAxle		7100
Max_Mass_RearAxle		11500
Distance_FrontAxle_CargoSpace	4

CUSTOMERS
i		x		y		Demand		ReadyTime	DueDate		ServiceTime	DemandedMass	DemandedVolume
0		35		35		0		0		230		0		0		0
1		40		64		1		172		196		10		129.02		224
2		10		32		3		0		194		10		272.78		458
3		54		77		1		0		173		10		321.41		360
4		3		50		3		0		184		10		591.56		926
5		67		57		1		87		113		10		71.88		117
6		21		24		3		0		202		10		416.83		645
7		35		50		3		0		205		10		512.19		909
8		7		65		2		0		178		10		393.29		477
9		31		74		2		77		111		10		617.88		756
10		31		78		3		0		176		10		387.06		672
11		48		2		3		135		169		10		600.43		870
12		21		5		1		0		186		10		200.38		198
13		14		12		1		0		188		10		145.43		420
14		39		79		2		0		175		10		407.44		558
15		10		69		1		0		177		10		207.06		360
16		16		55		1		41		67		10		137.89		168
17		5		25		1		0		188		10		178.15		288
18		45		68		3		0		185		10		421.21		756
19		14		6		3		0		184		10		662.92		900
20		59		29		3		0		195		10		712.59		1088
21		12		26		2		63		89		10		334.04		621
22		68		10		1		0		178		10		137.89		168
23		57		55		1		0		190		10		145.43		420
24		14		44		1		0		197		10		207.06		360
25		27		50		1		0		203		10		321.41		360
26		31		43		2		0		211		10		393.29		477
27		41		59		3		99		123		10		538.72		897
28		9		6		2		0		181		10		469.22		864
29		31		63		2		0		191		10		617.88		756
30		1		39		2		0		185		10		283.32		588
31		69		16		1		0		181		10		71.88		117
32		62		23		3		0		190		10		531.18		645
33		46		77		3		0		176		10		837.41		1098
34		16		22		1		0		196		10		308.94		378
35		11		3		1		126		150		10		262.16		504
36		54		64		3		24		62		10		880.04		1260
37		63		29		1		0		191		10		178.15		288
38		31		54		2		0		200		10		400.05		672
39		52		26		2		129		163		10		642.82		720
40		32		8		2		42		70		10		329.4		422
41		16		65		3		0		184		10		837.41		1098
42		48		74		2		38		64		10		143.76		234
43		68		31		2		0		186		10		446.83		546
44		0		10		1		0		176		10		262.16		504
45		37		44		2		0		210		10		437.96		602
46		35		4		2		0		189		10		275.78		336
47		69		69		2		0		171		10		391.18		728
48		1		15		1		49		79		10		321.41		360
49		55		16		2		160		186		10		336.08		584
50		1		67		1		0		173		10		129.02		224
51		24		47		2		0		203		10		275.78		336
52		4		30		1		0		188		10		137.89		168
53		57		41		2		0		197		10		323.58		708
54		58		64		3		0		182		10		591.56		926
55		2		72		1		0		170		10		145.43		420
56		35		71		1		69		95		10		71.88		117
57		54		53		3		0		193		10		541.1		981
58		13		20		3		96		124		10		587.88		855
59		27		0		2		0		184		10		407.59		924
60		15		3		1		0		182		10		129.02		224
61		68		2		2		102		130		10		393.29		477
62		46		6		2		0		188		10		266.91		392
63		36		75		3		40		68		10		463.06		845
64		45		42		3		13		43		10		788.25		1140
65		12		62		3		0		184		10		289.19		654
66		47		80		3		0		173		10		830.73		936
67		47		55		2		144		168		10		334.04		621
68		36		53		2		0		201		10		250.03		405
69		32		25		2		0		209		10		323.58		708
70		44		71		2		0		182		10		466.84		780
71		33		67		3		0		187		10		818.26		954
72		21		66		1		0		185		10		262.16		504
73		60		15		1		0		187		10		145.43		420
74		59		38		2		0		195		10		516		738
75		66		19		2		161		185		10		391.18		728
76		27		74		1		0		180		10		137.89		168
77		59		7		2		0		183		10		407.59		924
78		60		1		2		0		177		10		454.37		798
79		68		49		3		111		145		10		518.71		663
80		69		13		3		0		179		10		514.23		872
81		7		30		2		0		191		10		336.08		584
82		40		76		2		0		178		10		323.58		708
83		20		34		3		48		80		10		783.95		1062
84		41		2		3		137		169		10		452.6		932
85		20		9		1		0		189		10		178.15		288
86		66		64		3		0		177		10		657.49		944
87		59		12		3		0		186		10		666.36		888
88		66		61		1		0		179		10		178.15		288
89		15		0		2		0		179		10		316.04		456
90		50		37		2		0		204		10		391.18		728
91		63		26		2		0		190		10		334.04		621
92		27		9		3		0		192		10		729		1284
93		60		19		2		0		190		10		407.59		924
94		22		61		2		39		69		10		583.57		864
95		34		31		2		0		215		10		400.05		672
96		65		71		2		0		173		10		437.96		602
97		20		71		2		0		181		10		630.35		738
98		37		12		1		0		196		10		200.38		198
99		69		7		1		0		175		10		71.88		117
100		18		1		3		0		181		10		595.86		1004

ITEMS
Type		Length		Width		Height		Mass		Fragility	LoadBearingStrength
Bt1		11		3		6		200.38		0		38.0075983
Bt2		15		6		4		207.06		1		10.1186372
Bt3		9		7		8		262.16		0		20.7904484
Bt4		15		4		7		145.43		0		44.6746367
Bt5		14		2		8		129.02		1		4.9414259
Bt6		13		3		3		71.88		0		17.8681024
Bt7		9		6		7		308.94		0		43.3356889
Bt8		14		4		3		137.89		0		66.0627021
Bt9		12		6		5		321.41		0		26.8130535
Bt10		12		3		8		178.15		0		19.4128320

DEMANDS PER CUSTOMER
i	Type Quantity
1	Bt5 1	
2	Bt5 1	Bt6 2	
3	Bt9 1	
4	Bt1 1	Bt3 1	Bt5 1	
5	Bt6 1	
6	Bt2 1	Bt6 1	Bt8 1	
7	Bt3 1	Bt6 1	Bt10 1	
8	Bt6 1	Bt9 1	
9	Bt7 2	
10	Bt5 3	
11	Bt1 1	Bt3 1	Bt8 1	
12	Bt1 1	
13	Bt4 1	
14	Bt1 1	Bt2 1	
15	Bt2 1	
16	Bt8 1	
17	Bt10 1	
18	Bt4 1	Bt8 2	
19	Bt1 2	Bt3 1	
20	Bt3 1	Bt5 1	Bt9 1	
21	Bt3 1	Bt6 1	
22	Bt8 1	
23	Bt4 1	
24	Bt2 1	
25	Bt9 1	
26	Bt6 1	Bt9 1	
27	Bt4 1	Bt6 1	Bt9 1	
28	Bt2 1	Bt3 1	
29	Bt7 2	
30	Bt4 1	Bt8 1	
31	Bt6 1	
32	Bt6 1	Bt8 1	Bt9 1	
33	Bt2 1	Bt7 1	Bt9 1	
34	Bt7 1	
35	Bt3 1	
36	Bt3 1	Bt7 2	
37	Bt10 1	
38	Bt3 1	Bt8 1	
39	Bt9 2	
40	Bt1 1	Bt5 1	
41	Bt2 1	Bt7 1	Bt9 1	
42	Bt6 2	
43	Bt7 1	Bt8 1	
44	Bt3 1	
45	Bt5 1	Bt7 1	
46	Bt8 2	
47	Bt3 1	Bt5 1	
48	Bt9 1	
49	Bt2 1	Bt5 1	
50	Bt5 1	
51	Bt8 2	
52	Bt8 1	
53	Bt4 1	Bt10 1	
54	Bt1 1	Bt3 1	Bt5 1	
55	Bt4 1	
56	Bt6 1	
57	Bt2 1	Bt3 1	Bt6 1	
58	Bt2 1	Bt6 1	Bt7 1	
59	Bt3 1	Bt4 1	
60	Bt5 1	
61	Bt6 1	Bt9 1	
62	Bt5 1	Bt8 1	
63	Bt3 1	Bt5 1	Bt6 1	
64	Bt4 1	Bt9 2	
65	Bt4 1	Bt6 2	
66	Bt1 1	Bt7 1	Bt9 1	
67	Bt3 1	Bt6 1	
68	Bt6 1	Bt10 1	
69	Bt4 1	Bt10 1	
70	Bt4 1	Bt9 1	
71	Bt1 1	Bt7 2	
72	Bt3 1	
73	Bt4 1	
74	Bt2 1	Bt7 1	
75	Bt3 1	Bt5 1	
76	Bt8 1	
77	Bt3 1	Bt4 1	
78	Bt4 1	Bt7 1	
79	Bt6 1	Bt7 1	Bt8 1	
80	Bt2 1	Bt5 1	Bt10 1	
81	Bt2 1	Bt5 1	
82	Bt4 1	Bt10 1	
83	Bt1 1	Bt3 1	Bt9 1	
84	Bt4 1	Bt5 1	Bt10 1	
85	Bt10 1	
86	Bt2 1	Bt5 1	Bt9 1	
87	Bt2 1	Bt8 1	Bt9 1	
88	Bt10 1	
89	Bt8 1	Bt10 1	
90	Bt3 1	Bt5 1	
91	Bt3 1	Bt6 1	
92	Bt3 1	Bt4 1	Bt9 1	
93	Bt3 1	Bt4 1	
94	Bt3 1	Bt9 1	
95	Bt3 1	Bt8 1	
96	Bt5 1	Bt7 1	
97	Bt7 1	Bt9 1	
98	Bt1 1	
99	Bt6 1	
100	Bt4 1	Bt5 1	Bt9 1	