Name				204_n100_m200_bt10
Number_of_Customers		100
Number_of_Items			200
Number_of_ItemTypes		10
Number_of_Vehicles		34
TimeWindows			1

VEHICLE
Mass_Capacity			12595
CargoSpace_Length		60
CargoSpace_Width		25
CargoSpace_Height		30
Wheelbase			48
Max_Mass_FrontAxle		7100
Max_Mass_RearAxle		11500
Distance_FrontAxle_CargoSpace	4

CUSTOMERS
i		x		y		Demand		ReadyTime	DueDate		ServiceTime	DemandedMass	DemandedVolume
0		35		35		0		0		230		0		0		0
1		11		65		2		164		194		10		531		777
2		32		51		3		54		82		10		696.62		1141
3		4		79		3		0		166		10		748.86		1142
4		9		10		2		164		194		10		436.35		828
5		3		22		1		161		199		10		39.54		90
6		3		62		3		0		178		10		798		1338
7		18		41		2		180		198		10		532.84		963
8		59		78		3		0		170		10		384.53		645
9		4		43		1		43		79		10		301.03		512
10		49		28		1		0		204		10		265.16		375
11		42		80		2		107		135		10		347.51		768
12		56		75		1		159		189		10		387.37		440
13		69		16		1		0		181		10		263.32		189
14		13		61		3		89		115		10		603.89		791
15		61		57		1		75		107		10		267.68		588
16		29		5		1		129		149		10		39.54		90
17		24		13		3		26		58		10		510.61		919
18		44		59		2		22		52		10		426.91		530
19		6		0		2		157		187		10		351.34		495
20		38		9		3		139		171		10		854.02		1316
21		18		67		1		35		65		10		387.37		440
22		23		51		3		174		206		10		601.97		1192
23		7		46		1		0		189		10		165.62		364
24		4		57		2		168		194		10		568.71		1100
25		21		26		2		137		165		10		205.16		454
26		39		19		1		0		203		10		267.68		588
27		45		48		3		3		39		10		1075.77		1392
28		42		72		2		161		189		10		436.35		828
29		24		68		3		160		192		10		865.38		1213
30		25		27		3		130		164		10		549.53		932
31		70		38		2		52		84		10		564.35		701
32		14		52		3		0		192		10		325.28		724
33		2		74		3		48		72		10		485.53		534
34		70		7		3		85		109		10		738.71		935
35		45		7		2		0		190		10		205.16		454
36		56		19		1		103		133		10		387.37		440
37		0		55		2		102		124		10		655.05		1028
38		58		26		2		0		195		10		556.04		680
39		69		80		2		57		87		10		531		777
40		57		46		2		9		45		10		222.21		345
41		15		27		1		90		120		10		387.37		440
42		56		38		1		24		50		10		182.67		255
43		20		15		2		0		195		10		532.84		963
44		49		47		1		114		150		10		263.32		189
45		3		1		2		108		148		10		428.94		553
46		47		36		1		117		153		10		79.83		180
47		28		65		3		169		197		10		823.72		1268
48		35		57		1		34		56		10		182.67		255
49		36		29		3		0		213		10		344.24		555
50		69		47		1		53		85		10		267.68		588
51		12		24		3		28		48		10		732.36		995
52		64		29		1		0		190		10		165.62		364
53		50		61		2		95		121		10		564.35		701
54		70		25		2		161		195		10		564.35		701
55		67		41		2		79		103		10		262.5		435
56		18		29		2		81		107		10		570.04		695
57		31		61		3		78		114		10		730.52		809
58		48		75		1		0		177		10		182.67		255
59		17		70		2		61		93		10		445.99		444
60		38		41		2		0		26		10		436.35		828
61		52		12		2		123		155		10		351.34		495
62		14		44		1		119		151		10		168.67		240
63		31		34		3		38		80		10		738.71		935
64		63		32		3		42		74		10		697.15		804
65		48		11		3		62		86		10		918.37		1217
66		67		56		2		92		118		10		431.99		429
67		17		60		2		45		73		10		205.16		454
68		3		30		3		156		186		10		694.1		928
69		24		30		3		184		212		10		328.33		600
70		59		32		1		74		102		10		168.67		240
71		22		46		2		131		161		10		426.91		530
72		65		70		3		131		159		10		903.09		1536
73		14		38		2		0		198		10		428.94		553
74		60		36		1		0		194		10		387.37		440
75		19		63		3		134		166		10		793.64		939
76		69		35		2		0		186		10		466.65		876
77		53		22		2		166		200		10		79.08		180
78		12		80		3		0		169		10		523.24		857
79		68		63		1		158		192		10		265.16		375
80		69		75		1		110		140		10		182.67		255
81		62		72		1		0		174		10		267.68		588
82		11		54		3		176		198		10		652.37		1007
83		68		31		3		148		184		10		644.18		881
84		50		15		1		0		195		10		165.62		364
85		57		14		1		150		178		10		301.03		512
86		32		46		3		0		208		10		611.61		808
87		58		54		2		173		203		10		119.37		270
88		30		29		3		62		88		10		920.21		1403
89		11		30		2		25		57		10		466.65		876
90		58		29		2		124		146		10		436.35		828
91		60		43		2		162		186		10		337.34		480
92		19		52		3		0		196		10		513.13		1132
93		45		65		3		0		188		10		648.54		1280
94		42		64		1		102		130		10		165.62		364
95		15		0		1		0		179		10		182.67		255
96		53		79		1		145		173		10		168.67		240
97		1		4		1		0		173		10		182.67		255
98		44		14		1		76		106		10		182.67		255
99		63		4		2		139		179		10		445.99		444
100		67		7		2		146		178		10		570.04		695

ITEMS
Type		Length		Width		Height		Mass		Fragility	LoadBearingStrength
Bt1		6		5		3		39.54		1		9.1515774
Bt2		12		5		4		168.67		0		22.2454456
Bt3		16		4		8		301.03		1		7.0311389
Bt4		14		6		7		267.68		0		10.1671859
Bt5		12		3		5		79.83		0		40.1381724
Bt6		9		7		3		263.32		0		36.7490177
Bt7		15		5		5		265.16		0		53.4523135
Bt8		11		5		8		387.37		0		30.4273220
Bt9		17		5		3		182.67		0		85.5635758
Bt10		13		4		7		165.62		0		12.9941789

DEMANDS PER CUSTOMER
i	Type Quantity
1	Bt4 1	Bt6 1	
2	Bt4 1	Bt6 1	Bt10 1	
3	Bt3 1	Bt7 1	Bt9 1	
4	Bt2 1	Bt4 1	
5	Bt1 1	
6	Bt4 1	Bt7 2	
7	Bt4 1	Bt7 1	
8	Bt1 1	Bt5 1	Bt7 1	
9	Bt3 1	
10	Bt7 1	
11	Bt4 1	Bt5 1	
12	Bt8 1	
13	Bt6 1	
14	Bt1 1	Bt3 1	Bt6 1	
15	Bt4 1	
16	Bt1 1	
17	Bt5 1	Bt7 1	Bt10 1	
18	Bt1 1	Bt8 1	
19	Bt2 1	Bt9 1	
20	Bt3 1	Bt8 1	Bt10 1	
21	Bt8 1	
22	Bt2 1	Bt4 1	Bt10 1	
23	Bt10 1	
24	Bt3 1	Bt4 1	
25	Bt1 1	Bt10 1	
26	Bt4 1	
27	Bt3 1	Bt8 2	
28	Bt2 1	Bt4 1	
29	Bt3 2	Bt6 1	
30	Bt2 1	Bt3 1	Bt5 1	
31	Bt3 1	Bt6 1	
32	Bt5 2	Bt10 1	
33	Bt1 1	Bt6 1	Bt9 1	
34	Bt2 1	Bt8 1	Bt9 1	
35	Bt1 1	Bt10 1	
36	Bt8 1	
37	Bt4 1	Bt8 1	
38	Bt2 1	Bt8 1	
39	Bt4 1	Bt6 1	
40	Bt1 1	Bt9 1	
41	Bt8 1	
42	Bt9 1	
43	Bt4 1	Bt7 1	
44	Bt6 1	
45	Bt6 1	Bt10 1	
46	Bt5 1	
47	Bt2 1	Bt4 1	Bt8 1	
48	Bt9 1	
49	Bt1 2	Bt7 1	
50	Bt4 1	
51	Bt5 1	Bt7 1	Bt8 1	
52	Bt10 1	
53	Bt3 1	Bt6 1	
54	Bt3 1	Bt6 1	
55	Bt5 1	Bt9 1	
56	Bt8 1	Bt9 1	
57	Bt5 1	Bt6 1	Bt8 1	
58	Bt9 1	
59	Bt6 1	Bt9 1	
60	Bt2 1	Bt4 1	
61	Bt2 1	Bt9 1	
62	Bt2 1	
63	Bt2 1	Bt8 1	Bt9 1	
64	Bt2 1	Bt6 1	Bt7 1	
65	Bt4 1	Bt6 1	Bt8 1	
66	Bt2 1	Bt6 1	
67	Bt1 1	Bt10 1	
68	Bt6 1	Bt7 1	Bt10 1	
69	Bt2 1	Bt5 2	
70	Bt2 1	
71	Bt1 1	Bt8 1	
72	Bt3 3	
73	Bt6 1	Bt10 1	
74	Bt8 1	
75	Bt6 1	Bt7 2	
76	Bt3 1	Bt10 1	
77	Bt1 2	
78	Bt1 1	Bt3 1	Bt9 1	
79	Bt7 1	
80	Bt9 1	
81	Bt4 1	
82	Bt2 1	Bt3 1	Bt9 1	
83	Bt3 1	Bt5 1	Bt6 1	
84	Bt10 1	
85	Bt3 1	
86	Bt6 1	Bt9 1	Bt10 1	
87	Bt1 1	Bt5 1	
88	Bt4 1	Bt7 1	Bt8 1	
89	Bt3 1	Bt10 1	
90	Bt2 1	Bt4 1	
91	Bt2 2	
92	Bt4 1	Bt5 1	Bt10 1	
93	Bt3 1	Bt4 1	Bt5 1	
94	Bt10 1	
95	Bt9 1	
96	Bt2 1	
97	Bt9 1	
98	Bt9 1	
99	Bt6 1	Bt9 1	
100	Bt8 1	Bt9 1	