Name				216_n100_m200_bt10
Number_of_Customers		100
Number_of_Items			200
Number_of_ItemTypes		10
Number_of_Vehicles		33
TimeWindows			1

VEHICLE
Mass_Capacity			12595
CargoSpace_Length		60
CargoSpace_Width		25
CargoSpace_Height		30
Wheelbase			48
Max_Mass_FrontAxle		7100
Max_Mass_RearAxle		11500
Distance_FrontAxle_CargoSpace	4

CUSTOMERS
i		x		y		Demand		ReadyTime	DueDate		ServiceTime	DemandedMass	DemandedVolume
0		35		35		0		0		230		0		0		0
1		37		2		2		0		186		10		2368.87		6916
2		35		16		3		95		121		10		1103.86		7168
3		1		75		3		0		167		10		2037.1		7232
4		10		39		2		0		194		10		1936.83		6012
5		12		53		3		0		190		10		2910.94		10486
6		58		56		3		0		188		10		1183.29		4998
7		45		76		3		0		177		10		1473.73		3318
8		62		26		1		115		139		10		379.74		3718
9		43		21		2		0		203		10		1920.69		4532
10		10		15		2		0		187		10		1920.69		4532
11		70		25		3		0		183		10		2347.32		6922
12		51		29		3		0		202		10		2720.15		8442
13		0		1		2		124		148		10		1884.51		5484
14		13		65		3		25		51		10		1288.73		7388
15		52		80		2		0		171		10		2546.06		5736
16		37		57		2		0		197		10		1017.38		6598
17		9		23		2		0		191		10		710.8		6798
18		33		58		1		0		196		10		331.06		3080
19		9		43		3		74		98		10		2688.9		8344
20		1		46		3		0		184		10		1110.26		6056
21		32		5		2		0		189		10		1031.99		2310
22		59		22		1		0		192		10		637.64		2880
23		32		20		2		24		56		10		1657.36		3514
24		28		72		3		0		182		10		2866.09		7164
25		20		43		3		0		203		10		2959.62		11124
26		45		3		3		0		186		10		3217.52		10286
27		42		47		1		0		206		10		379.74		3718
28		4		20		2		0		185		10		3205.25		8610
29		68		19		3		126		156		10		2316.57		9730
30		16		56		3		0		191		10		1081.8		3864
31		32		25		1		0		209		10		1958.38		6006
32		37		52		1		99		131		10		1958.38		6006
33		15		26		3		0		198		10		2609.47		10514
34		23		61		2		122		156		10		2278.41		7434
35		24		70		3		0		183		10		2040.74		7122
36		62		11		2		0		183		10		741.55		3990
37		54		51		2		0		195		10		699.77		5146
38		52		25		2		0		200		10		1048.13		3790
39		41		51		2		0		202		10		1001.24		5118
40		65		69		3		0		174		10		3826.75		10010
41		3		69		3		0		173		10		1272.59		5908
42		4		72		1		0		171		10		379.74		3718
43		19		40		2		132		166		10		2368.87		6916
44		67		34		2		0		187		10		1619.22		4560
45		53		48		3		116		144		10		2956.55		6646
46		64		21		1		0		187		10		621.5		1400
47		36		8		1		0		192		10		320.03		1428
48		48		61		2		0		190		10		957.67		4308
49		26		75		3		0		179		10		1579.17		5708
50		67		38		2		0		187		10		1657.36		3514
51		40		37		1		0		214		10		331.06		3080
52		13		20		2		0		193		10		1259.14		4280
53		62		66		2		0		178		10		1566.9		4032
54		6		57		2		0		183		10		1243		2800
55		35		62		1		104		142		10		441.74		1008
56		9		47		3		0		191		10		2019.67		6692
57		23		24		3		0		203		10		1998.96		8278
58		47		72		1		0		181		10		621.5		1400
59		70		15		1		86		108		10		1246.87		2604
60		9		18		1		0		188		10		410.49		910
61		30		15		1		5		43		10		379.74		3718
62		69		60		2		0		177		10		1678.93		6850
63		57		36		1		0		197		10		331.06		3080
64		50		14		1		0		194		10		1958.38		6006
65		24		7		1		0		189		10		637.64		2880
66		42		67		1		0		187		10		410.49		910
67		36		43		2		0		211		10		1017.38		6598
68		17		29		3		0		201		10		1272.59		5908
69		34		74		2		42		70		10		1630.25		6212
70		53		61		3		0		188		10		3183.7		8616
71		24		33		2		0		208		10		2493.74		5208
72		55		3		1		0		182		10		410.49		910
73		18		37		3		3		33		10		2256.86		7440
74		29		49		2		0		204		10		699.77		5146
75		38		21		1		2		32		10		621.5		1400
76		65		42		1		0		189		10		1958.38		6006
77		41		61		1		0		193		10		621.5		1400
78		11		57		2		133		165		10		2400.12		7014
79		17		3		1		167		199		10		637.64		2880
80		44		30		2		0		209		10		772.8		4088
81		27		7		1		0		190		10		410.49		910
82		46		56		1		62		88		10		1246.87		2604
83		59		0		2		0		177		10		651.09		4508
84		57		64		3		62		88		10		2006.35		10040
85		60		7		3		0		182		10		3615.74		9520
86		59		59		3		166		192		10		2916.05		10314
87		6		40		1		173		201		10		320.03		1428
88		6		48		1		0		188		10		621.5		1400
89		44		25		3		0		206		10		2295		6394
90		33		28		1		0		212		10		621.5		1400
91		64		2		1		0		176		10		1246.87		2604
92		40		75		1		0		179		10		1958.38		6006
93		65		48		2		172		204		10		1275.28		5760
94		14		79		2		0		171		10		1630.25		6212
95		38		47		3		0		29		10		1590.2		7360
96		53		34		3		0		201		10		1579.17		5708
97		18		53		1		0		195		10		1246.87		2604
98		0		60		1		0		176		10		441.74		1008
99		16		67		2		0		182		10		651.09		4508
100		3		30		3		0		187		10		2506.01		6884

ITEMS
Type		Length		Width		Height		Mass		Fragility	LoadBearingStrength
Bt1		12		7		12		441.74		1		4.6423756
Bt2		31		7		12		1246.87		0		40.9242763
Bt3		29		12		9		1299.19		0		74.6477908
Bt4		33		14		13		1958.38		0		13.5243425
Bt5		26		13		11		379.74		0		3.8493732
Bt6		13		10		7		410.49		0		35.2863971
Bt7		28		10		11		331.06		0		9.9266994
Bt8		32		9		10		637.64		1		2.5167322
Bt9		25		7		8		621.50		0		20.1810918
Bt10		17		12		7		320.03		0		16.5058621

DEMANDS PER CUSTOMER
i	Type Quantity
1	Bt4 1	Bt6 1	
2	Bt1 1	Bt7 2	
3	Bt2 1	Bt5 1	Bt6 1	
4	Bt3 1	Bt8 1	
5	Bt4 1	Bt7 1	Bt9 1	
6	Bt1 1	Bt6 1	Bt7 1	
7	Bt1 1	Bt6 1	Bt9 1	
8	Bt5 1	
9	Bt3 1	Bt9 1	
10	Bt3 1	Bt9 1	
11	Bt3 1	Bt6 1	Bt8 1	
12	Bt1 1	Bt4 1	Bt10 1	
13	Bt2 1	Bt8 1	
14	Bt7 1	Bt8 1	Bt10 1	
15	Bt2 1	Bt3 1	
16	Bt5 1	Bt8 1	
17	Bt5 1	Bt7 1	
18	Bt7 1	
19	Bt4 1	Bt6 1	Bt10 1	
20	Bt5 1	Bt6 1	Bt10 1	
21	Bt6 1	Bt9 1	
22	Bt8 1	
23	Bt2 1	Bt6 1	
24	Bt2 1	Bt3 1	Bt10 1	
25	Bt4 1	Bt5 1	Bt9 1	
26	Bt4 1	Bt8 1	Bt9 1	
27	Bt5 1	
28	Bt2 1	Bt4 1	
29	Bt3 1	Bt5 1	Bt8 1	
30	Bt1 1	Bt10 2	
31	Bt4 1	
32	Bt4 1	
33	Bt4 1	Bt7 1	Bt10 1	
34	Bt4 1	Bt10 1	
35	Bt3 1	Bt6 1	Bt7 1	
36	Bt6 1	Bt7 1	
37	Bt5 1	Bt10 1	
38	Bt6 1	Bt8 1	
39	Bt5 1	Bt9 1	
40	Bt2 1	Bt4 1	Bt9 1	
41	Bt7 1	Bt9 1	Bt10 1	
42	Bt5 1	
43	Bt4 1	Bt6 1	
44	Bt3 1	Bt10 1	
45	Bt2 1	Bt3 1	Bt6 1	
46	Bt9 1	
47	Bt10 1	
48	Bt8 1	Bt10 1	
49	Bt8 1	Bt9 1	Bt10 1	
50	Bt2 1	Bt6 1	
51	Bt7 1	
52	Bt8 1	Bt9 1	
53	Bt2 1	Bt10 1	
54	Bt9 2	
55	Bt1 1	
56	Bt1 1	Bt2 1	Bt7 1	
57	Bt3 1	Bt5 1	Bt10 1	
58	Bt9 1	
59	Bt2 1	
60	Bt6 1	
61	Bt5 1	
62	Bt3 1	Bt5 1	
63	Bt7 1	
64	Bt4 1	
65	Bt8 1	
66	Bt6 1	
67	Bt5 1	Bt8 1	
68	Bt7 1	Bt9 1	Bt10 1	
69	Bt3 1	Bt7 1	
70	Bt2 1	Bt3 1	Bt8 1	
71	Bt2 2	
72	Bt6 1	
73	Bt3 1	Bt8 1	Bt10 1	
74	Bt5 1	Bt10 1	
75	Bt9 1	
76	Bt4 1	
77	Bt9 1	
78	Bt1 1	Bt4 1	
79	Bt8 1	
80	Bt1 1	Bt7 1	
81	Bt6 1	
82	Bt2 1	
83	Bt7 1	Bt10 1	
84	Bt2 1	Bt5 2	
85	Bt2 1	Bt4 1	Bt6 1	
86	Bt4 1	Bt8 1	Bt10 1	
87	Bt10 1	
88	Bt9 1	
89	Bt2 1	Bt6 1	Bt8 1	
90	Bt9 1	
91	Bt2 1	
92	Bt4 1	
93	Bt8 2	
94	Bt3 1	Bt7 1	
95	Bt7 1	Bt8 1	Bt9 1	
96	Bt8 1	Bt9 1	Bt10 1	
97	Bt2 1	
98	Bt1 1	
99	Bt7 1	Bt10 1	
100	Bt2 1	Bt8 1	Bt9 1	