Name				217_n100_m200_bt10
Number_of_Customers		100
Number_of_Items			200
Number_of_ItemTypes		10
Number_of_Vehicles		34
TimeWindows			1

VEHICLE
Mass_Capacity			12595
CargoSpace_Length		60
CargoSpace_Width		25
CargoSpace_Height		30
Wheelbase			48
Max_Mass_FrontAxle		7100
Max_Mass_RearAxle		11500
Distance_FrontAxle_CargoSpace	4

CUSTOMERS
i		x		y		Demand		ReadyTime	DueDate		ServiceTime	DemandedMass	DemandedVolume
0		35		35		0		0		230		0		0		0
1		46		79		1		0		174		10		730.56		1440
2		20		1		3		0		182		10		2986.48		3760
3		13		4		1		0		181		10		1171.88		1440
4		8		21		2		108		142		10		1637.86		2600
5		28		36		2		72		100		10		3056.68		9136
6		62		24		1		0		190		10		1327.22		3900
7		50		76		3		0		176		10		2638.18		5335
8		4		40		2		0		188		10		2057.78		5340
9		60		51		1		0		190		10		1729.46		5236
10		54		9		3		145		173		10		4073.22		8116
11		17		41		2		54		84		10		1907.62		3895
12		37		21		2		0		205		10		2138.7		7200
13		67		37		3		133		169		10		2427.12		7045
14		60		2		2		0		178		10		1637.86		2600
15		11		49		1		69		91		10		1092.9		2275
16		14		7		3		118		148		10		1921.71		4416
17		28		62		2		0		192		10		1904.38		5575
18		55		35		3		18		50		10		3158.48		4500
19		9		12		1		156		184		10		814.72		1620
20		42		54		3		0		199		10		2634.94		7015
21		3		26		3		0		186		10		3868.16		12436
22		15		33		2		42		68		10		1814.6		2320
23		45		64		3		0		189		10		2506.1		6210
24		63		1		2		111		143		10		1542.04		4740
25		58		55		1		0		189		10		730.56		1440
26		25		67		3		67		99		10		3451.48		8016
27		70		44		3		0		183		10		2533.5		6080
28		7		46		3		0		189		10		2160.6		4070
29		13		54		1		71		101		10		907.3		1160
30		0		9		2		129		165		10		1334.22		4770
31		42		65		2		0		189		10		1542.04		4740
32		22		5		1		73		107		10		1327.22		3900
33		40		47		2		77		107		10		1253.3		2910
34		63		9		3		137		171		10		3327.42		7335
35		30		33		1		0		214		10		811.48		3300
36		37		24		2		44		74		10		1385.17		3451
37		1		49		3		142		174		10		1837.55		4236
38		34		56		2		0		198		10		2252.2		6706
39		48		41		2		0		205		10		815.01		2646
40		65		70		2		93		125		10		2234.52		5060
41		49		60		3		0		191		10		2544.47		7882
42		58		79		3		0		170		10		3868.16		12436
43		45		45		2		124		152		10		2021.73		6412
44		53		72		1		0		178		10		730.56		1440
45		53		40		1		0		201		10		907.3		1160
46		24		24		2		0		204		10		1430.04		2630
47		47		50		3		127		149		10		3451.48		8016
48		19		47		3		0		200		10		2194.71		4056
49		50		47		3		116		140		10		2950.18		10500
50		4		6		1		0		177		10		1327.22		3900
51		55		6		3		78		116		10		2014.29		3956
52		39		42		2		76		108		10		1637.86		2600
53		20		53		3		35		59		10		4149.58		11411
54		0		45		1		120		146		10		522.74		1470
55		58		26		1		102		120		10		907.3		1160
56		70		30		2		0		184		10		2252.2		6706
57		0		53		2		0		180		10		1814.6		2320
58		50		22		1		137		165		10		811.48		3300
59		9		32		3		57		95		10		2014.29		3956
60		68		17		3		62		98		10		2353.52		8040
61		29		17		1		182		214		10		811.48		3300
62		37		54		2		0		200		10		1615.64		3745
63		62		33		2		0		192		10		1986.6		3060
64		42		31		1		64		94		10		811.48		3300
65		5		51		1		159		189		10		292.27		1176
66		61		42		1		38		76		10		1171.88		1440
67		46		18		2		49		71		10		2138.7		7200
68		40		78		2		131		157		10		1694.62		2910
69		66		21		1		28		62		10		1092.9		2275
70		23		28		3		53		85		10		3436.66		5155
71		25		51		1		138		162		10		1171.88		1440
72		22		77		2		0		176		10		2234.52		5060
73		35		79		1		0		176		10		1729.46		5236
74		63		66		3		0		178		10		3093.1		5710
75		55		59		1		78		118		10		814.72		1620
76		4		74		2		0		170		10		1615.64		3745
77		41		72		3		0		182		10		2522.94		4905
78		53		56		2		69		95		10		1253.3		2910
79		36		9		2		0		193		10		2252.2		6706
80		0		15		1		0		179		10		1729.46		5236
81		23		15		3		74		102		10		2148.94		6390
82		66		34		2		69		103		10		1461.12		2880
83		35		67		1		157		185		10		730.56		1440
84		52		43		2		86		120		10		2234.52		5060
85		38		73		1		0		181		10		1729.46		5236
86		41		58		2		0		196		10		1464.15		2616
87		20		66		3		0		185		10		3327.42		7335
88		36		61		1		0		193		10		1729.46		5236
89		5		61		3		0		180		10		3310.58		8640
90		40		9		1		0		193		10		1729.46		5236
91		33		20		2		0		204		10		1637.86		2600
92		54		76		2		0		174		10		2540.94		8536
93		51		63		1		0		187		10		814.72		1620
94		15		19		3		139		161		10		3021.84		6810
95		2		30		2		0		186		10		2079.18		2600
96		7		65		2		134		162		10		2252.2		6706
97		47		3		3		27		47		10		3544.06		7556
98		68		76		1		0		167		10		814.72		1620
99		60		16		2		0		188		10		815.01		2646
100		8		70		2		142		168		10		1542.04		4740

ITEMS
Type		Length		Width		Height		Mass		Fragility	LoadBearingStrength
Bt1		14		7		12		292.27		0		19.6921569
Bt2		18		9		10		814.72		0		53.0313129
Bt3		24		6		10		730.56		0		32.0769770
Bt4		33		10		10		811.48		0		7.8749993
Bt5		35		6		7		522.74		0		15.6651987
Bt6		25		13		12		1327.22		0		11.4921930
Bt7		29		5		8		907.30		0		34.8484215
Bt8		35		5		13		1092.90		1		7.3528080
Bt9		34		11		14		1729.46		1		4.4640696
Bt10		24		10		6		1171.88		0		41.1807834

DEMANDS PER CUSTOMER
i	Type Quantity
1	Bt3 1	
2	Bt7 2	Bt10 1	
3	Bt10 1	
4	Bt3 1	Bt7 1	
5	Bt6 1	Bt9 1	
6	Bt6 1	
7	Bt2 1	Bt3 1	Bt8 1	
8	Bt3 1	Bt6 1	
9	Bt9 1	
10	Bt9 1	Bt10 2	
11	Bt2 1	Bt8 1	
12	Bt4 1	Bt6 1	
13	Bt4 1	Bt5 1	Bt8 1	
14	Bt3 1	Bt7 1	
15	Bt8 1	
16	Bt1 1	Bt2 2	
17	Bt4 1	Bt8 1	
18	Bt2 1	Bt10 2	
19	Bt2 1	
20	Bt3 1	Bt4 1	Bt8 1	
21	Bt4 1	Bt6 1	Bt9 1	
22	Bt7 2	
23	Bt4 1	Bt5 1	Bt10 1	
24	Bt3 1	Bt4 1	
25	Bt3 1	
26	Bt2 1	Bt7 1	Bt9 1	
27	Bt2 1	Bt4 1	Bt7 1	
28	Bt3 1	Bt5 1	Bt7 1	
29	Bt7 1	
30	Bt4 1	Bt5 1	
31	Bt3 1	Bt4 1	
32	Bt6 1	
33	Bt3 1	Bt5 1	
34	Bt6 1	Bt7 1	Bt8 1	
35	Bt4 1	
36	Bt1 1	Bt8 1	
37	Bt1 1	Bt2 1	Bt3 1	
38	Bt5 1	Bt9 1	
39	Bt1 1	Bt5 1	
40	Bt6 1	Bt7 1	
41	Bt1 1	Bt5 1	Bt9 1	
42	Bt4 1	Bt6 1	Bt9 1	
43	Bt1 1	Bt9 1	
44	Bt3 1	
45	Bt7 1	
46	Bt5 1	Bt7 1	
47	Bt2 1	Bt7 1	Bt9 1	
48	Bt1 1	Bt3 1	Bt10 1	
49	Bt4 2	Bt6 1	
50	Bt6 1	
51	Bt1 1	Bt2 1	Bt7 1	
52	Bt3 1	Bt7 1	
53	Bt6 1	Bt8 1	Bt9 1	
54	Bt5 1	
55	Bt7 1	
56	Bt5 1	Bt9 1	
57	Bt7 2	
58	Bt4 1	
59	Bt1 1	Bt2 1	Bt7 1	
60	Bt3 1	Bt4 2	
61	Bt4 1	
62	Bt5 1	Bt8 1	
63	Bt2 1	Bt10 1	
64	Bt4 1	
65	Bt1 1	
66	Bt10 1	
67	Bt4 1	Bt6 1	
68	Bt5 1	Bt10 1	
69	Bt8 1	
70	Bt8 1	Bt10 2	
71	Bt10 1	
72	Bt6 1	Bt7 1	
73	Bt9 1	
74	Bt7 1	Bt8 2	
75	Bt2 1	
76	Bt5 1	Bt8 1	
77	Bt5 1	Bt7 1	Bt8 1	
78	Bt3 1	Bt5 1	
79	Bt5 1	Bt9 1	
80	Bt9 1	
81	Bt2 1	Bt4 1	Bt5 1	
82	Bt3 2	
83	Bt3 1	
84	Bt6 1	Bt7 1	
85	Bt9 1	
86	Bt1 1	Bt10 1	
87	Bt6 1	Bt7 1	Bt8 1	
88	Bt9 1	
89	Bt4 1	Bt6 1	Bt10 1	
90	Bt9 1	
91	Bt3 1	Bt7 1	
92	Bt4 1	Bt9 1	
93	Bt2 1	
94	Bt5 1	Bt6 1	Bt10 1	
95	Bt7 1	Bt10 1	
96	Bt5 1	Bt9 1	
97	Bt7 2	Bt9 1	
98	Bt2 1	
99	Bt1 1	Bt5 1	
100	Bt3 1	Bt4 1	