Name				218_n100_m200_bt10
Number_of_Customers		100
Number_of_Items			200
Number_of_ItemTypes		10
Number_of_Vehicles		34
TimeWindows			1

VEHICLE
Mass_Capacity			12595
CargoSpace_Length		60
CargoSpace_Width		25
CargoSpace_Height		30
Wheelbase			48
Max_Mass_FrontAxle		7100
Max_Mass_RearAxle		11500
Distance_FrontAxle_CargoSpace	4

CUSTOMERS
i		x		y		Demand		ReadyTime	DueDate		ServiceTime	DemandedMass	DemandedVolume
0		35		35		0		0		230		0		0		0
1		32		41		3		147		175		10		3243.87		8948
2		7		75		2		131		161		10		1142.87		2984
3		41		32		2		0		213		10		1304.42		3834
4		18		67		3		107		137		10		3515.19		7609
5		24		44		2		0		205		10		998.72		4662
6		35		68		3		140		168		10		1602.22		7434
7		60		73		3		0		174		10		1746.37		5756
8		54		67		2		33		61		10		628.89		2930
9		50		31		2		0		204		10		1002.13		5660
10		10		32		3		0		194		10		1805.69		7147
11		29		43		3		0		210		10		1900.79		4326
12		62		20		3		0		189		10		1831.92		8127
13		38		41		3		27		59		10		2116.2		7488
14		32		38		1		60		84		10		768.46		4620
15		39		38		2		0		215		10		1163.68		6510
16		54		61		1		158		188		10		2282.64		4900
17		8		23		2		123		155		10		1271.74		4389
18		22		31		3		32		62		10		1252.52		5413
19		59		37		3		0		195		10		4527.41		9700
20		15		72		3		0		177		10		1605.63		8432
21		63		38		2		0		191		10		1271.74		4389
22		21		74		1		0		178		10		603.5		2772
23		70		50		1		0		181		10		603.5		2772
24		54		32		3		93		123		10		2072.88		8454
25		52		37		1		0		202		10		1335.57		2856
26		42		1		1		0		185		10		564.31		1092
27		12		40		3		13		51		10		2707.53		10248
28		31		50		1		48		74		10		233.67		1040
29		40		78		1		0		176		10		395.22		1890
30		21		66		1		125		159		10		2282.64		4900
31		48		65		2		17		47		10		3191.84		6844
32		69		19		3		47		75		10		1766.5		5467
33		0		67		1		71		99		10		603.5		2772
34		8		35		1		18		50		10		395.22		1890
35		18		10		3		0		189		10		3235.45		6804
36		35		72		1		29		57		10		233.67		1040
37		29		2		2		70		102		10		3618.21		7756
38		68		76		2		0		167		10		797.98		2132
39		42		56		3		0		197		10		2639.99		6690
40		37		4		2		0		188		10		1063.46		3507
41		11		60		2		0		185		10		1332.77		5712
42		50		61		2		0		189		10		2846.95		5992
43		5		29		1		0		189		10		1335.57		2856
44		62		3		1		42		74		10		668.24		1617
45		41		26		1		0		209		10		2282.64		4900
46		6		19		2		83		107		10		1271.74		4389
47		58		11		3		0		186		10		1729.69		8668
48		37		9		3		85		119		10		3179.13		10103
49		29		30		3		0		212		10		3484.83		9275
50		50		6		1		0		187		10		233.67		1040
51		34		47		3		0		207		10		1699.64		5724
52		13		14		2		0		189		10		1371.96		7392
53		31		33		1		0		215		10		2282.64		4900
54		70		16		3		0		180		10		1936.27		8484
55		50		78		3		0		174		10		3580.34		7656
56		22		25		2		0		203		10		1730.79		4746
57		18		38		3		2		38		10		1356.45		5938
58		70		29		1		136		162		10		909.2		1944
59		69		2		2		69		97		10		998.72		4662
60		17		6		1		90		126		10		292.99		2431
61		17		63		3		94		118		10		1970.65		8995
62		51		15		1		60		92		10		768.46		4620
63		67		13		1		92		122		10		768.46		4620
64		31		69		1		0		185		10		603.5		2772
65		1		78		2		0		165		10		1473.51		3036
66		13		46		3		97		125		10		2970.85		9221
67		13		26		1		74		104		10		292.99		2431
68		60		47		2		151		181		10		2677.86		6790
69		36		58		3		0		196		10		1362.29		3224
70		5		0		1		0		173		10		395.22		1890
71		56		56		1		135		161		10		564.31		1092
72		46		75		2		0		178		10		1063.46		3507
73		16		14		1		0		191		10		1335.57		2856
74		13		56		1		0		189		10		233.67		1040
75		9		1		2		144		172		10		2846.95		5992
76		23		28		3		68		100		10		1376.54		4024
77		41		72		3		0		182		10		3619.12		8134
78		25		3		2		0		186		10		1142.87		2984
79		7		69		1		0		175		10		1335.57		2856
80		52		49		1		58		88		10		395.22		1890
81		50		22		3		119		139		10		1354.44		9482
82		33		79		3		0		175		10		3139.94		8423
83		23		22		1		70		106		10		603.5		2772
84		8		6		1		69		101		10		668.24		1617
85		30		73		3		0		181		10		3119.81		8712
86		39		57		1		47		75		10		909.2		1944
87		66		27		2		146		176		10		2104.03		7476
88		11		52		3		63		99		10		2345.9		8181
89		51		42		2		27		51		10		2003.81		4473
90		49		56		3		0		194		10		1193.2		4022
91		48		2		1		131		169		10		603.5		2772
92		64		79		3		0		167		10		2911.53		7830
93		34		65		2		123		149		10		896.49		5203
94		15		59		2		94		124		10		1232.55		2709
95		23		11		1		0		193		10		909.2		1944
96		0		10		2		83		113		10		1063.46		3507
97		55		36		2		79		111		10		961.23		4048
98		4		65		1		101		129		10		1335.57		2856
99		33		54		2		0		200		10		2950.88		6517
100		66		71		3		0		172		10		1083.43		6211

ITEMS
Type		Length		Width		Height		Mass		Fragility	LoadBearingStrength
Bt1		30		11		14		768.46		0		4.7081391
Bt2		34		14		6		1335.57		0		28.0329350
Bt3		24		9		9		909.20		0		29.1678515
Bt4		14		13		6		564.31		0		57.2220075
Bt5		35		10		14		2282.64		0		69.7455214
Bt6		16		5		13		233.67		0		17.8122980
Bt7		17		11		13		292.99		0		55.8567364
Bt8		27		5		14		395.22		1		2.5016388
Bt9		33		7		7		668.24		0		26.7631711
Bt10		28		9		11		603.50		1		3.7144723

DEMANDS PER CUSTOMER
i	Type Quantity
1	Bt5 1	Bt7 1	Bt9 1	
2	Bt3 1	Bt6 1	
3	Bt3 1	Bt8 1	
4	Bt4 1	Bt5 1	Bt9 1	
5	Bt8 1	Bt10 1	
6	Bt8 1	Bt10 2	
7	Bt3 1	Bt6 1	Bt10 1	
8	Bt6 1	Bt8 1	
9	Bt1 1	Bt6 1	
10	Bt3 1	Bt7 1	Bt10 1	
11	Bt4 1	Bt9 2	
12	Bt1 1	Bt8 1	Bt9 1	
13	Bt3 1	Bt10 2	
14	Bt1 1	
15	Bt1 1	Bt8 1	
16	Bt5 1	
17	Bt9 1	Bt10 1	
18	Bt4 1	Bt7 1	Bt8 1	
19	Bt2 1	Bt3 1	Bt5 1	
20	Bt1 1	Bt6 1	Bt10 1	
21	Bt9 1	Bt10 1	
22	Bt10 1	
23	Bt10 1	
24	Bt1 1	Bt3 1	Bt8 1	
25	Bt2 1	
26	Bt4 1	
27	Bt1 1	Bt2 1	Bt10 1	
28	Bt6 1	
29	Bt8 1	
30	Bt5 1	
31	Bt3 1	Bt5 1	
32	Bt3 1	Bt4 1	Bt7 1	
33	Bt10 1	
34	Bt8 1	
35	Bt2 2	Bt4 1	
36	Bt6 1	
37	Bt2 1	Bt5 1	
38	Bt4 1	Bt6 1	
39	Bt2 1	Bt3 1	Bt8 1	
40	Bt8 1	Bt9 1	
41	Bt1 1	Bt4 1	
42	Bt4 1	Bt5 1	
43	Bt2 1	
44	Bt9 1	
45	Bt5 1	
46	Bt9 1	Bt10 1	
47	Bt1 1	Bt7 1	Bt9 1	
48	Bt5 1	Bt7 1	Bt10 1	
49	Bt3 1	Bt5 1	Bt7 1	
50	Bt6 1	
51	Bt3 1	Bt8 2	
52	Bt1 1	Bt10 1	
53	Bt5 1	
54	Bt1 1	Bt4 1	Bt10 1	
55	Bt2 2	Bt3 1	
56	Bt2 1	Bt8 1	
57	Bt7 1	Bt8 1	Bt9 1	
58	Bt3 1	
59	Bt8 1	Bt10 1	
60	Bt7 1	
61	Bt1 1	Bt3 1	Bt7 1	
62	Bt1 1	
63	Bt1 1	
64	Bt10 1	
65	Bt3 1	Bt4 1	
66	Bt5 1	Bt7 1	Bt8 1	
67	Bt7 1	
68	Bt5 1	Bt8 1	
69	Bt4 2	Bt6 1	
70	Bt8 1	
71	Bt4 1	
72	Bt8 1	Bt9 1	
73	Bt2 1	
74	Bt6 1	
75	Bt4 1	Bt5 1	
76	Bt3 1	Bt6 2	
77	Bt5 1	Bt9 2	
78	Bt3 1	Bt6 1	
79	Bt2 1	
80	Bt8 1	
81	Bt1 1	Bt7 2	
82	Bt4 1	Bt5 1	Bt7 1	
83	Bt10 1	
84	Bt9 1	
85	Bt5 1	Bt6 1	Bt10 1	
86	Bt3 1	
87	Bt1 1	Bt2 1	
88	Bt1 1	Bt3 1	Bt9 1	
89	Bt2 1	Bt9 1	
90	Bt4 1	Bt6 1	Bt8 1	
91	Bt10 1	
92	Bt5 1	Bt6 1	Bt8 1	
93	Bt7 1	Bt10 1	
94	Bt4 1	Bt9 1	
95	Bt3 1	
96	Bt8 1	Bt9 1	
97	Bt7 1	Bt9 1	
98	Bt2 1	
99	Bt5 1	Bt9 1	
100	Bt7 1	Bt8 2	