Name				221_n100_m200_bt100
Number_of_Customers		100
Number_of_Items			200
Number_of_ItemTypes		100
Number_of_Vehicles		33
TimeWindows			1

VEHICLE
Mass_Capacity			12595
CargoSpace_Length		60
CargoSpace_Width		25
CargoSpace_Height		30
Wheelbase			48
Max_Mass_FrontAxle		7100
Max_Mass_RearAxle		11500
Distance_FrontAxle_CargoSpace	4

CUSTOMERS
i		x		y		Demand		ReadyTime	DueDate		ServiceTime	DemandedMass	DemandedVolume
0		35		35		0		0		230		0		0		0
1		15		1		2		71		105		10		1723.13		3160
2		14		40		2		64		88		10		538.41		1662
3		12		59		1		112		152		10		821.21		1170
4		9		5		2		0		180		10		1183.78		3240
5		63		55		3		51		89		10		1845.92		5337
6		58		73		1		58		78		10		381.75		792
7		3		6		3		67		95		10		2671.54		5493
8		55		80		3		92		110		10		3209.09		7502
9		66		4		2		0		176		10		466.78		4356
10		21		4		3		0		185		10		2611.14		6271
11		21		7		1		30		60		10		1168.49		2530
12		16		21		1		106		134		10		354.55		1152
13		24		10		3		107		141		10		2993.73		6225
14		56		20		3		0		194		10		1647.85		6042
15		50		28		3		0		203		10		1241.35		3242
16		13		44		2		0		196		10		2264.51		4978
17		55		73		3		0		177		10		1140.08		5638
18		55		76		2		0		174		10		991.88		4788
19		4		3		3		76		104		10		2688.18		5462
20		27		30		1		42		60		10		386.35		1620
21		29		3		3		55		83		10		2520.29		7153
22		45		22		2		63		95		10		1695.48		3552
23		20		47		1		0		200		10		2063.86		4147
24		20		72		1		128		152		10		991.95		2184
25		58		45		1		0		194		10		259.92		855
26		11		23		2		0		193		10		1667.01		3074
27		26		22		3		0		204		10		3131.17		6308
28		8		23		1		63		91		10		1954.84		3080
29		45		38		2		149		175		10		1185.2		5796
30		48		25		2		0		203		10		1293.73		4616
31		16		32		2		0		200		10		2389.82		4987
32		58		1		1		0		178		10		2618.27		2688
33		59		51		2		30		54		10		1945.79		5970
34		58		37		1		11		37		10		1105.23		2262
35		61		29		1		154		180		10		740.21		4080
36		44		60		1		145		165		10		354.55		1152
37		57		10		3		27		53		10		3007.14		5944
38		11		69		1		0		178		10		502.92		2240
39		17		55		2		0		193		10		1287.74		3432
40		52		76		3		0		175		10		3165.2		10246
41		32		21		1		152		180		10		236.94		2320
42		30		72		3		0		182		10		2274.81		7136
43		15		11		2		0		188		10		1491.16		2850
44		50		9		2		0		189		10		1519.05		4550
45		38		68		2		0		186		10		2119.07		5296
46		41		31		2		0		212		10		1724.83		2780
47		45		70		1		0		183		10		636.82		2992
48		15		77		2		0		173		10		1494.63		4152
49		66		46		3		66		98		10		3154.21		6896
50		25		59		2		144		174		10		1705.02		4580
51		20		20		2		0		198		10		1665.46		4400
52		54		27		2		0		199		10		1494.01		3159
53		12		18		2		0		191		10		2565.31		3132
54		62		9		3		93		127		10		1539.1		4402
55		13		63		1		60		102		10		401.01		3640
56		22		62		3		0		190		10		2158.9		5276
57		8		71		1		0		175		10		495.83		1404
58		65		30		1		173		205		10		131.07		972
59		17		6		3		44		78		10		1109.92		4156
60		8		67		3		0		178		10		1050.52		3913
61		2		24		3		58		82		10		3318.01		7108
62		1		0		2		0		171		10		1332.41		2364
63		3		39		2		71		95		10		1014.46		4012
64		41		22		2		0		205		10		1052.79		3304
65		39		63		2		0		191		10		1347.36		3897
66		32		15		1		158		184		10		956.46		2352
67		48		78		3		92		128		10		2045.76		7224
68		2		69		2		0		172		10		1290.77		3236
69		50		2		3		0		183		10		2111.36		4068
70		32		64		3		34		74		10		2532.78		4500
71		11		77		2		0		171		10		2163.98		4887
72		63		50		2		0		188		10		3214.42		5397
73		16		73		3		0		177		10		4961.34		8032
74		8		14		1		0		185		10		675.87		2448
75		18		16		1		170		202		10		2618.27		2688
76		56		70		1		154		194		10		502.92		2240
77		67		68		3		0		174		10		821.9		2478
78		3		53		2		102		128		10		3437.34		4320
79		68		42		1		0		186		10		381.75		792
80		63		78		2		0		168		10		1668.89		3635
81		12		14		3		0		188		10		2128.7		7350
82		6		55		2		96		126		10		1175.76		2322
83		37		48		3		0		206		10		2791.5		6000
84		28		19		2		181		209		10		1650.44		3258
85		29		75		2		39		63		10		858.53		2254
86		35		15		2		62		84		10		1453.92		4390
87		51		17		1		0		195		10		836.58		960
88		8		2		1		118		154		10		1247.61		1800
89		22		32		2		140		174		10		912.3		5016
90		26		74		2		0		179		10		3279.89		3914
91		29		64		1		47		73		10		382.49		798
92		25		0		1		60		90		10		382.49		798
93		54		56		1		0		191		10		1105.23		2262
94		60		32		3		0		194		10		2316.91		5388
95		13		34		3		49		89		10		3185.54		6126
96		2		30		2		0		186		10		1365.71		4062
97		41		55		2		165		193		10		862.26		1880
98		45		3		2		26		58		10		1296.29		2612
99		5		22		1		58		88		10		252.83		702
100		68		37		3		131		161		10		510.77		4672

ITEMS
Type		Length		Width		Height		Mass		Fragility	LoadBearingStrength
Bt1		17		5		10		362.70		0		16.6924903
Bt2		29		12		12		798.85		0		68.1695122
Bt3		22		13		11		858.28		1		10.1700020
Bt4		13		8		10		748.81		0		39.5101364
Bt5		34		11		8		636.82		0		19.7605430
Bt6		29		12		6		829.23		0		18.7351441
Bt7		32		13		13		3625.55		0		68.6002117
Bt8		19		6		7		382.49		1		10.6684136
Bt9		32		12		14		1680.70		0		20.2273656
Bt10		32		12		8		736.49		0		13.8426834
Bt11		28		5		7		477.22		0		42.8898858
Bt12		17		5		13		500.40		0		66.9573217
Bt13		14		13		12		991.95		0		22.6864678
Bt14		19		7		14		944.17		0		40.4491759
Bt15		15		12		14		1100.83		0		129.1188270
Bt16		17		9		8		356.48		0		22.7961811
Bt17		19		13		7		246.77		0		8.9731130
Bt18		34		8		9		1096.02		1		13.2422719
Bt19		21		14		7		1176.70		0		35.7931199
Bt20		30		13		6		1202.10		1		24.1315374
Bt21		14		5		12		113.45		0		27.3174692
Bt22		33		11		11		2169.90		0		29.6372475
Bt23		27		7		12		997.71		1		5.3808575
Bt24		30		9		6		912.82		1		8.9058038
Bt25		32		11		8		1579.39		0		37.7738353
Bt26		22		9		11		233.39		0		43.7774599
Bt27		19		5		9		259.92		1		3.4300859
Bt28		19		13		14		2410.73		0		94.4532457
Bt29		35		11		8		1954.84		0		37.5424162
Bt30		29		9		14		446.20		0		5.9516472
Bt31		26		6		9		495.83		0		120.8200937
Bt32		23		10		14		632.71		0		17.2782176
Bt33		17		14		12		1403.68		0		40.1676487
Bt34		29		11		13		2063.86		0		41.6722317
Bt35		20		14		13		401.01		0		7.4864039
Bt36		13		10		10		397.23		1		7.9787034
Bt37		20		8		14		502.92		0		100.6217014
Bt38		35		8		12		1112.88		0		10.0715963
Bt39		34		12		10		740.21		0		6.7651715
Bt40		19		6		14		1525.98		0		173.6917099
Bt41		13		9		10		439.46		0		24.2649461
Bt42		23		9		12		1187.67		0		15.7437295
Bt43		22		7		8		688.29		0		147.4035555
Bt44		19		14		11		718.85		0		10.2767733
Bt45		29		10		7		633.39		0		77.0499212
Bt46		19		6		9		114.21		1		8.0864314
Bt47		22		6		6		381.75		0		45.1609064
Bt48		18		9		10		386.35		0		43.6096079
Bt49		29		6		13		1105.23		1		6.5522841
Bt50		20		14		9		885.66		0		111.8497620
Bt51		21		13		9		1241.18		0		257.5074760
Bt52		20		7		12		345.99		0		15.8112182
Bt53		21		7		10		435.45		0		18.8209580
Bt54		14		13		12		3635.33		0		430.0971052
Bt55		23		10		8		520.34		0		9.3184483
Bt56		16		7		12		458.51		0		24.8235528
Bt57		30		10		14		817.28		0		20.4629763
Bt58		13		6		9		252.83		0		150.9297913
Bt59		17		12		12		675.87		1		43.9287512
Bt60		29		8		10		236.94		0		6.6970457
Bt61		26		5		10		284.58		0		24.8554987
Bt62		12		8		10		836.58		0		73.3861791
Bt63		13		13		9		439.68		0		18.0665194
Bt64		18		10		13		316.01		0		11.0926298
Bt65		21		10		12		580.37		0		17.6940844
Bt66		24		12		12		1471.79		1		7.0603493
Bt67		27		13		7		1356.64		1		16.6737046
Bt68		34		8		6		819.07		0		38.3657679
Bt69		13		9		10		821.21		0		314.3816791
Bt70		14		7		13		419.40		0		22.1952560
Bt71		23		10		11		1168.49		0		49.3201375
Bt72		30		14		7		1973.24		0		85.2189548
Bt73		18		9		6		131.07		0		10.6401609
Bt74		18		6		14		1652.49		1		43.7478950
Bt75		14		12		9		160.38		0		9.2647736
Bt76		30		12		11		1009.45		0		12.7263334
Bt77		21		6		12		409.59		1		6.4780788
Bt78		15		7		8		325.96		0		31.9773648
Bt79		14		14		14		2458.68		0		26.7247978
Bt80		27		9		11		1298.25		0		23.0324793
Bt81		16		10		6		285.58		1		7.0176440
Bt82		14		8		9		254.11		0		10.8498798
Bt83		17		11		9		1052.56		0		45.6602681
Bt84		19		9		7		567.40		0		39.8585725
Bt85		16		11		11		1006.19		0		55.0547190
Bt86		32		6		6		354.55		0		21.0204969
Bt87		18		11		12		907.68		0		20.3682996
Bt88		27		5		14		1205.58		0		34.9308324
Bt89		16		12		13		443.83		1		12.6391312
Bt90		24		7		8		477.79		0		22.2191219
Bt91		16		11		12		815.22		0		59.7481498
Bt92		12		11		11		487.70		1		7.4477978
Bt93		32		14		6		2618.27		0		154.4846707
Bt94		30		9		9		922.80		0		40.0430729
Bt95		25		6		12		1247.61		1		10.1359256
Bt96		28		12		7		956.46		0		42.5906867
Bt97		14		7		8		815.45		0		88.2555908
Bt98		21		11		8		681.13		0		46.5251111
Bt99		18		12		12		1409.90		0		53.2486929
Bt100		20		13		8		1428.52		1		20.1577727

DEMANDS PER CUSTOMER
i	Type Quantity
1	Bt87 1	Bt97 1	
2	Bt58 1	Bt81 1	
3	Bt69 1	
4	Bt6 1	Bt86 1	
5	Bt27 1	Bt46 1	Bt66 1	
6	Bt47 1	
7	Bt31 1	Bt67 1	Bt68 1	
8	Bt3 1	Bt80 1	Bt83 1	
9	Bt26 2	
10	Bt17 1	Bt19 1	Bt42 1	
11	Bt71 1	
12	Bt86 1	
13	Bt80 1	Bt81 1	Bt99 1	
14	Bt32 1	Bt45 1	Bt47 1	
15	Bt8 1	Bt41 1	Bt70 1	
16	Bt18 1	Bt71 1	
17	Bt26 1	Bt48 1	Bt55 1	
18	Bt59 1	Bt64 1	
19	Bt14 1	Bt69 1	Bt94 1	
20	Bt48 1	
21	Bt21 1	Bt22 1	Bt60 1	
22	Bt81 1	Bt99 1	
23	Bt34 1	
24	Bt13 1	
25	Bt27 1	
26	Bt70 1	Bt95 1	
27	Bt16 1	Bt64 1	Bt79 1	
28	Bt29 1	
29	Bt2 1	Bt48 1	
30	Bt3 1	Bt53 1	
31	Bt34 1	Bt78 1	
32	Bt93 1	
33	Bt39 1	Bt88 1	
34	Bt49 1	
35	Bt39 1	
36	Bt86 1	
37	Bt15 1	Bt90 1	Bt100 1	
38	Bt37 1	
39	Bt6 1	Bt56 1	
40	Bt9 1	Bt64 1	Bt71 1	
41	Bt60 1	
42	Bt18 1	Bt37 1	Bt59 1	
43	Bt81 1	Bt88 1	
44	Bt45 1	Bt50 1	
45	Bt38 1	Bt85 1	
46	Bt11 1	Bt95 1	
47	Bt5 1	
48	Bt38 1	Bt47 1	
49	Bt33 1	Bt37 1	Bt95 1	
50	Bt20 1	Bt37 1	
51	Bt60 1	Bt100 1	
52	Bt51 1	Bt58 1	
53	Bt24 1	Bt74 1	
54	Bt53 1	Bt61 1	Bt68 1	
55	Bt35 1	
56	Bt4 1	Bt19 1	Bt26 1	
57	Bt31 1	
58	Bt73 1	
59	Bt55 1	Bt56 1	Bt73 1	
60	Bt17 1	Bt78 1	Bt90 1	
61	Bt25 1	Bt45 1	Bt49 1	
62	Bt31 1	Bt62 1	
63	Bt32 1	Bt47 1	
64	Bt45 1	Bt70 1	
65	Bt63 1	Bt87 1	
66	Bt96 1	
67	Bt35 1	Bt43 1	Bt96 1	
68	Bt61 1	Bt85 1	
69	Bt19 1	Bt21 1	Bt69 1	
70	Bt24 1	Bt83 1	Bt84 1	
71	Bt51 1	Bt94 1	
72	Bt51 1	Bt72 1	
73	Bt7 1	Bt55 1	Bt97 1	
74	Bt59 1	
75	Bt93 1	
76	Bt37 1	
77	Bt8 1	Bt21 1	Bt78 1	
78	Bt68 1	Bt93 1	
79	Bt47 1	
80	Bt12 1	Bt71 1	
81	Bt38 1	Bt53 1	Bt65 1	
82	Bt69 1	Bt86 1	
83	Bt18 1	Bt81 1	Bt99 1	
84	Bt6 1	Bt69 1	
85	Bt1 1	Bt31 1	
86	Bt32 1	Bt69 1	
87	Bt62 1	
88	Bt95 1	
89	Bt2 1	Bt21 1	
90	Bt69 1	Bt79 1	
91	Bt8 1	
92	Bt8 1	
93	Bt49 1	
94	Bt6 1	Bt20 1	Bt81 1	
95	Bt18 1	Bt19 1	Bt24 1	
96	Bt38 1	Bt58 1	
97	Bt4 1	Bt21 1	
98	Bt11 1	Bt68 1	
99	Bt58 1	
100	Bt21 1	Bt60 1	Bt75 1	