Name				227_n100_m200_bt3
Number_of_Customers		100
Number_of_Items			200
Number_of_ItemTypes		3
Number_of_Vehicles		19
TimeWindows			1

VEHICLE
Mass_Capacity			12595
CargoSpace_Length		60
CargoSpace_Width		25
CargoSpace_Height		30
Wheelbase			48
Max_Mass_FrontAxle		7100
Max_Mass_RearAxle		11500
Distance_FrontAxle_CargoSpace	4

CUSTOMERS
i		x		y		Demand		ReadyTime	DueDate		ServiceTime	DemandedMass	DemandedVolume
0		35		35		0		0		230		0		0		0
1		23		46		3		0		203		10		855.69		1002
2		25		35		2		0		210		10		462.66		582
3		61		25		2		26		52		10		614.66		896
4		51		62		3		14		48		10		684.29		1058
5		58		68		2		0		179		10		139.26		324
6		44		4		3		36		68		10		446.59		772
7		33		27		3		0		211		10		684.29		1058
8		47		58		3		0		194		10		855.69		1002
9		17		71		1		0		179		10		69.63		162
10		35		48		3		0		207		10		1007.69		1316
11		15		18		1		0		193		10		69.63		162
12		53		6		2		0		185		10		700.36		868
13		54		34		2		0		200		10		376.96		610
14		46		79		2		0		174		10		786.06		840
15		32		22		3		0		206		10		769.99		1030
16		35		59		1		0		196		10		393.03		420
17		42		12		1		0		195		10		393.03		420
18		33		45		3		0		209		10		532.29		744
19		66		42		2		26		58		10		376.96		610
20		19		29		1		0		202		10		69.63		162
21		12		27		1		0		195		10		393.03		420
22		22		75		1		0		177		10		69.63		162
23		40		72		3		103		133		10		684.29		1058
24		21		1		1		0		183		10		69.63		162
25		10		41		3		0		194		10		1179.09		1260
26		50		67		3		0		184		10		684.29		1058
27		55		74		3		0		176		10		1007.69		1316
28		25		76		2		72		104		10		614.66		896
29		38		35		3		0		217		10		1093.39		1288
30		64		1		1		0		175		10		69.63		162
31		0		4		3		0		173		10		1007.69		1316
32		45		62		3		0		191		10		532.29		744
33		20		53		2		100		126		10		376.96		610
34		46		25		2		0		205		10		376.96		610
35		39		62		3		42		70		10		446.59		772
36		8		14		2		0		185		10		462.66		582
37		23		50		3		0		200		10		208.89		486
38		30		32		1		7		31		10		393.03		420
39		2		25		2		113		141		10		614.66		896
40		12		16		2		68		104		10		376.96		610
41		19		65		1		0		186		10		307.33		448
42		39		14		2		0		198		10		139.26		324
43		0		67		3		0		172		10		769.99		1030
44		11		37		3		0		195		10		446.59		772
45		14		22		1		0		195		10		69.63		162
46		56		56		1		77		109		10		307.33		448
47		40		40		3		185		217		10		1007.69		1316
48		64		54		1		0		185		10		307.33		448
49		58		4		2		0		181		10		700.36		868
50		59		80		2		41		69		10		462.66		582
51		14		64		1		0		184		10		307.33		448
52		50		58		3		33		61		10		1007.69		1316
53		31		73		1		0		181		10		307.33		448
54		23		38		2		0		207		10		462.66		582
55		3		39		2		0		187		10		376.96		610
56		29		2		2		0		186		10		462.66		582
57		4		44		1		0		187		10		69.63		162
58		56		12		1		59		91		10		307.33		448
59		25		27		1		44		78		10		393.03		420
60		46		48		2		72		100		10		700.36		868
61		69		18		1		0		181		10		393.03		420
62		38		57		2		0		197		10		376.96		610
63		44		22		1		0		204		10		69.63		162
64		63		46		3		62		86		10		684.29		1058
65		17		46		2		0		198		10		462.66		582
66		26		40		3		80		114		10		1093.39		1288
67		30		57		2		0		197		10		139.26		324
68		68		46		1		0		185		10		393.03		420
69		12		55		3		0		189		10		1007.69		1316
70		5		21		2		0		186		10		614.66		896
71		50		11		1		0		191		10		307.33		448
72		5		14		1		104		134		10		393.03		420
73		1		28		3		0		185		10		446.59		772
74		7		48		1		0		189		10		69.63		162
75		67		51		2		0		184		10		376.96		610
76		4		67		2		59		83		10		462.66		582
77		65		65		3		0		177		10		769.99		1030
78		11		2		1		0		179		10		307.33		448
79		67		10		1		0		179		10		69.63		162
80		5		25		2		67		91		10		700.36		868
81		43		28		3		0		209		10		769.99		1030
82		57		39		3		0		197		10		446.59		772
83		53		48		2		167		193		10		462.66		582
84		17		60		1		0		189		10		69.63		162
85		34		74		2		120		148		10		376.96		610
86		19		68		1		0		183		10		393.03		420
87		34		30		3		0		214		10		1093.39		1288
88		37		6		2		0		190		10		376.96		610
89		0		13		3		0		178		10		855.69		1002
90		21		21		3		0		200		10		684.29		1058
91		16		5		2		0		184		10		376.96		610
92		62		21		2		0		189		10		462.66		582
93		58		29		2		0		196		10		139.26		324
94		36		16		1		0		200		10		69.63		162
95		25		72		1		0		181		10		307.33		448
96		32		67		1		0		187		10		393.03		420
97		62		18		2		0		188		10		462.66		582
98		70		55		1		0		179		10		69.63		162
99		36		13		3		0		197		10		769.99		1030
100		1		9		3		0		177		10		855.69		1002

ITEMS
Type		Length		Width		Height		Mass		Fragility	LoadBearingStrength
Bt1		9		3		6		69.63		1		1.9865116
Bt2		16		7		4		307.33		0		45.3905376
Bt3		14		6		5		393.03		0		33.7398841

DEMANDS PER CUSTOMER
i	Type Quantity
1	Bt1 1	Bt3 2	
2	Bt1 1	Bt3 1	
3	Bt2 2	
4	Bt1 1	Bt2 2	
5	Bt1 2	
6	Bt1 2	Bt2 1	
7	Bt1 1	Bt2 2	
8	Bt1 1	Bt3 2	
9	Bt1 1	
10	Bt2 2	Bt3 1	
11	Bt1 1	
12	Bt2 1	Bt3 1	
13	Bt1 1	Bt2 1	
14	Bt3 2	
15	Bt1 1	Bt2 1	Bt3 1	
16	Bt3 1	
17	Bt3 1	
18	Bt1 2	Bt3 1	
19	Bt1 1	Bt2 1	
20	Bt1 1	
21	Bt3 1	
22	Bt1 1	
23	Bt1 1	Bt2 2	
24	Bt1 1	
25	Bt3 3	
26	Bt1 1	Bt2 2	
27	Bt2 2	Bt3 1	
28	Bt2 2	
29	Bt2 1	Bt3 2	
30	Bt1 1	
31	Bt2 2	Bt3 1	
32	Bt1 2	Bt3 1	
33	Bt1 1	Bt2 1	
34	Bt1 1	Bt2 1	
35	Bt1 2	Bt2 1	
36	Bt1 1	Bt3 1	
37	Bt1 3	
38	Bt3 1	
39	Bt2 2	
40	Bt1 1	Bt2 1	
41	Bt2 1	
42	Bt1 2	
43	Bt1 1	Bt2 1	Bt3 1	
44	Bt1 2	Bt2 1	
45	Bt1 1	
46	Bt2 1	
47	Bt2 2	Bt3 1	
48	Bt2 1	
49	Bt2 1	Bt3 1	
50	Bt1 1	Bt3 1	
51	Bt2 1	
52	Bt2 2	Bt3 1	
53	Bt2 1	
54	Bt1 1	Bt3 1	
55	Bt1 1	Bt2 1	
56	Bt1 1	Bt3 1	
57	Bt1 1	
58	Bt2 1	
59	Bt3 1	
60	Bt2 1	Bt3 1	
61	Bt3 1	
62	Bt1 1	Bt2 1	
63	Bt1 1	
64	Bt1 1	Bt2 2	
65	Bt1 1	Bt3 1	
66	Bt2 1	Bt3 2	
67	Bt1 2	
68	Bt3 1	
69	Bt2 2	Bt3 1	
70	Bt2 2	
71	Bt2 1	
72	Bt3 1	
73	Bt1 2	Bt2 1	
74	Bt1 1	
75	Bt1 1	Bt2 1	
76	Bt1 1	Bt3 1	
77	Bt1 1	Bt2 1	Bt3 1	
78	Bt2 1	
79	Bt1 1	
80	Bt2 1	Bt3 1	
81	Bt1 1	Bt2 1	Bt3 1	
82	Bt1 2	Bt2 1	
83	Bt1 1	Bt3 1	
84	Bt1 1	
85	Bt1 1	Bt2 1	
86	Bt3 1	
87	Bt2 1	Bt3 2	
88	Bt1 1	Bt2 1	
89	Bt1 1	Bt3 2	
90	Bt1 1	Bt2 2	
91	Bt1 1	Bt2 1	
92	Bt1 1	Bt3 1	
93	Bt1 2	
94	Bt1 1	
95	Bt2 1	
96	Bt3 1	
97	Bt1 1	Bt3 1	
98	Bt1 1	
99	Bt1 1	Bt2 1	Bt3 1	
100	Bt1 1	Bt3 2	