Name				229_n100_m200_bt3
Number_of_Customers		100
Number_of_Items			200
Number_of_ItemTypes		3
Number_of_Vehicles		38
TimeWindows			1

VEHICLE
Mass_Capacity			12595
CargoSpace_Length		60
CargoSpace_Width		25
CargoSpace_Height		30
Wheelbase			48
Max_Mass_FrontAxle		7100
Max_Mass_RearAxle		11500
Distance_FrontAxle_CargoSpace	4

CUSTOMERS
i		x		y		Demand		ReadyTime	DueDate		ServiceTime	DemandedMass	DemandedVolume
0		35		35		0		0		230		0		0		0
1		27		61		1		142		174		10		234.58		126
2		52		61		2		22		46		10		469.16		252
3		38		80		1		94		128		10		234.58		126
4		69		0		3		77		117		10		243.18		510
5		9		41		3		148		182		10		215.49		480
6		35		38		1		48		78		10		62.6		150
7		66		31		3		113		145		10		215.49		480
8		34		32		3		0		18		10		387.47		456
9		16		8		1		81		119		10		90.29		180
10		23		41		2		99		125		10		469.16		252
11		0		75		2		74		98		10		324.87		306
12		9		69		3		29		57		10		387.47		456
13		25		15		1		135		161		10		62.6		150
14		51		4		1		97		123		10		234.58		126
15		17		35		2		167		197		10		324.87		306
16		63		36		1		111		143		10		90.29		180
17		18		67		1		90		126		10		234.58		126
18		7		52		3		148		176		10		415.16		486
19		63		74		3		112		140		10		703.74		378
20		17		39		2		133		169		10		125.2		300
21		24		49		2		117		139		10		125.2		300
22		61		53		3		52		84		10		415.16		486
23		20		4		2		142		170		10		297.18		276
24		50		19		1		142		170		10		62.6		150
25		18		22		2		18		52		10		125.2		300
26		5		63		3		126		160		10		531.76		402
27		54		66		2		148		176		10		180.58		360
28		17		58		3		159		201		10		215.49		480
29		22		17		2		51		75		10		152.89		330
30		1		20		1		74		102		10		62.6		150
31		54		17		3		58		90		10		243.18		510
32		49		62		1		34		74		10		90.29		180
33		29		40		3		100		122		10		531.76		402
34		64		55		3		95		123		10		387.47		456
35		31		44		1		82		108		10		62.6		150
36		12		64		2		146		174		10		125.2		300
37		56		70		3		55		81		10		215.49		480
38		6		24		1		144		178		10		90.29		180
39		41		26		3		172		208		10		703.74		378
40		41		21		3		39		77		10		415.16		486
41		54		55		3		89		117		10		243.18		510
42		34		17		1		51		77		10		234.58		126
43		51		47		2		101		135		10		324.87		306
44		0		79		1		109		141		10		62.6		150
45		59		76		3		87		123		10		243.18		510
46		17		48		2		97		127		10		297.18		276
47		4		72		2		133		167		10		297.18		276
48		51		70		2		135		165		10		152.89		330
49		10		59		3		45		83		10		243.18		510
50		22		77		2		69		99		10		125.2		300
51		23		5		1		37		67		10		62.6		150
52		29		25		2		191		215		10		152.89		330
53		63		59		1		24		54		10		234.58		126
54		23		58		3		67		99		10		415.16		486
55		52		76		1		40		72		10		90.29		180
56		6		47		2		44		74		10		180.58		360
57		30		50		2		61		87		10		324.87		306
58		42		18		2		43		79		10		324.87		306
59		35		46		1		17		43		10		62.6		150
60		21		80		3		149		173		10		270.87		540
61		15		23		3		12		44		10		243.18		510
62		50		12		1		166		200		10		234.58		126
63		13		38		3		45		73		10		359.78		426
64		64		13		1		82		114		10		62.6		150
65		49		80		2		156		186		10		125.2		300
66		8		6		1		119		159		10		90.29		180
67		14		32		3		55		97		10		703.74		378
68		34		49		2		149		177		10		180.58		360
69		20		37		1		19		49		10		62.6		150
70		39		32		3		22		46		10		215.49		480
71		64		41		2		65		99		10		152.89		330
72		47		0		1		165		189		10		90.29		180
73		2		61		3		108		140		10		415.16		486
74		52		36		1		38		68		10		62.6		150
75		62		64		3		30		60		10		387.47		456
76		17		71		1		151		181		10		234.58		126
77		59		21		3		162		186		10		215.49		480
78		48		47		3		91		109		10		559.45		432
79		35		21		2		189		213		10		469.16		252
80		50		28		2		106		136		10		180.58		360
81		66		18		3		136		162		10		243.18		510
82		12		52		1		27		53		10		90.29		180
83		70		33		2		70		98		10		297.18		276
84		46		22		2		139		175		10		297.18		276
85		29		72		2		48		72		10		297.18		276
86		38		56		1		7		47		10		234.58		126
87		66		44		1		133		175		10		234.58		126
88		38		72		3		169		193		10		531.76		402
89		55		11		3		88		118		10		215.49		480
90		16		17		2		75		111		10		469.16		252
91		50		67		2		63		91		10		324.87		306
92		14		72		1		99		129		10		62.6		150
93		55		1		3		147		171		10		359.78		426
94		55		30		1		159		193		10		90.29		180
95		32		56		2		61		89		10		324.87		306
96		25		68		3		160		190		10		415.16		486
97		23		35		1		29		63		10		234.58		126
98		42		49		1		133		163		10		90.29		180
99		28		3		2		170		198		10		297.18		276
100		47		15		1		92		124		10		62.6		150

ITEMS
Type		Length		Width		Height		Mass		Fragility	LoadBearingStrength
Bt1		7		3		6		234.58		0		39.2191021
Bt2		15		4		3		90.29		0		25.2007048
Bt3		10		3		5		62.60		1		2.6419482

DEMANDS PER CUSTOMER
i	Type Quantity
1	Bt1 1	
2	Bt1 2	
3	Bt1 1	
4	Bt2 2	Bt3 1	
5	Bt2 1	Bt3 2	
6	Bt3 1	
7	Bt2 1	Bt3 2	
8	Bt1 1	Bt2 1	Bt3 1	
9	Bt2 1	
10	Bt1 2	
11	Bt1 1	Bt2 1	
12	Bt1 1	Bt2 1	Bt3 1	
13	Bt3 1	
14	Bt1 1	
15	Bt1 1	Bt2 1	
16	Bt2 1	
17	Bt1 1	
18	Bt1 1	Bt2 2	
19	Bt1 3	
20	Bt3 2	
21	Bt3 2	
22	Bt1 1	Bt2 2	
23	Bt1 1	Bt3 1	
24	Bt3 1	
25	Bt3 2	
26	Bt1 2	Bt3 1	
27	Bt2 2	
28	Bt2 1	Bt3 2	
29	Bt2 1	Bt3 1	
30	Bt3 1	
31	Bt2 2	Bt3 1	
32	Bt2 1	
33	Bt1 2	Bt3 1	
34	Bt1 1	Bt2 1	Bt3 1	
35	Bt3 1	
36	Bt3 2	
37	Bt2 1	Bt3 2	
38	Bt2 1	
39	Bt1 3	
40	Bt1 1	Bt2 2	
41	Bt2 2	Bt3 1	
42	Bt1 1	
43	Bt1 1	Bt2 1	
44	Bt3 1	
45	Bt2 2	Bt3 1	
46	Bt1 1	Bt3 1	
47	Bt1 1	Bt3 1	
48	Bt2 1	Bt3 1	
49	Bt2 2	Bt3 1	
50	Bt3 2	
51	Bt3 1	
52	Bt2 1	Bt3 1	
53	Bt1 1	
54	Bt1 1	Bt2 2	
55	Bt2 1	
56	Bt2 2	
57	Bt1 1	Bt2 1	
58	Bt1 1	Bt2 1	
59	Bt3 1	
60	Bt2 3	
61	Bt2 2	Bt3 1	
62	Bt1 1	
63	Bt1 1	Bt3 2	
64	Bt3 1	
65	Bt3 2	
66	Bt2 1	
67	Bt1 3	
68	Bt2 2	
69	Bt3 1	
70	Bt2 1	Bt3 2	
71	Bt2 1	Bt3 1	
72	Bt2 1	
73	Bt1 1	Bt2 2	
74	Bt3 1	
75	Bt1 1	Bt2 1	Bt3 1	
76	Bt1 1	
77	Bt2 1	Bt3 2	
78	Bt1 2	Bt2 1	
79	Bt1 2	
80	Bt2 2	
81	Bt2 2	Bt3 1	
82	Bt2 1	
83	Bt1 1	Bt3 1	
84	Bt1 1	Bt3 1	
85	Bt1 1	Bt3 1	
86	Bt1 1	
87	Bt1 1	
88	Bt1 2	Bt3 1	
89	Bt2 1	Bt3 2	
90	Bt1 2	
91	Bt1 1	Bt2 1	
92	Bt3 1	
93	Bt1 1	Bt3 2	
94	Bt2 1	
95	Bt1 1	Bt2 1	
96	Bt1 1	Bt2 2	
97	Bt1 1	
98	Bt2 1	
99	Bt1 1	Bt3 1	
100	Bt3 1	