Name				234_n100_m200_bt10
Number_of_Customers		100
Number_of_Items			200
Number_of_ItemTypes		10
Number_of_Vehicles		41
TimeWindows			1

VEHICLE
Mass_Capacity			12595
CargoSpace_Length		60
CargoSpace_Width		25
CargoSpace_Height		30
Wheelbase			48
Max_Mass_FrontAxle		7100
Max_Mass_RearAxle		11500
Distance_FrontAxle_CargoSpace	4

CUSTOMERS
i		x		y		Demand		ReadyTime	DueDate		ServiceTime	DemandedMass	DemandedVolume
0		35		35		0		0		230		0		0		0
1		22		38		3		170		188		10		552.72		696
2		41		47		1		2		34		10		141.54		234
3		24		72		2		82		102		10		178.61		381
4		13		20		3		10		42		10		688.9		1234
5		16		76		2		55		87		10		258.67		573
6		22		18		1		120		146		10		141.54		234
7		45		38		1		6		34		10		427.88		480
8		53		36		1		152		182		10		141.54		234
9		0		20		2		149		177		10		452.51		552
10		61		46		2		78		108		10		446.91		516
11		58		39		3		13		45		10		732.45		1532
12		15		12		2		168		200		10		446.13		676
13		35		38		3		0		33		10		450.14		981
14		40		14		3		175		191		10		438.04		982
15		26		18		1		80		122		10		427.88		480
16		44		62		1		110		152		10		427.88		480
17		11		51		3		148		172		10		882.86		1300
18		68		73		3		117		143		10		591.18		936
19		57		59		3		78		102		10		818.89		1600
20		5		50		3		22		56		10		314.55		579
21		39		11		1		97		135		10		67.2		165
22		1		37		3		56		80		10		584.8		1060
23		15		24		2		150		186		10		211.62		360
24		45		14		2		25		47		10		871.9		1568
25		44		49		1		77		109		10		105.81		180
26		31		64		1		38		70		10		105.81		180
27		69		70		3		126		162		10		438.04		982
28		58		27		2		126		154		10		574.62		1168
29		10		57		1		149		181		10		191.47		408
30		6		71		1		140		162		10		67.2		165
31		8		3		3		138		170		10		328.63		612
32		68		11		2		73		105		10		532.91		820
33		60		22		2		72		102		10		408.3		501
34		55		1		3		115		143		10		1055.3		1672
35		38		17		1		44		72		10		141.54		234
36		46		25		2		135		153		10		479.77		720
37		57		80		2		90		120		10		577.49		1018
38		17		16		3		119		147		10		643.98		960
39		39		41		1		29		61		10		138.67		384
40		49		29		2		115		149		10		250.08		600
41		45		29		3		47		81		10		960.45		1224
42		61		34		3		115		145		10		647.57		1144
43		21		3		1		106		128		10		138.67		384
44		63		5		1		36		72		10		111.41		216
45		7		58		2		32		62		10		210.84		520
46		0		56		1		39		67		10		138.67		384
47		26		60		3		28		62		10		352.38		754
48		55		62		2		53		79		10		205.87		549
49		10		6		3		52		82		10		680.83		930
50		10		29		3		12		42		10		915.72		1504
51		29		25		3		174		200		10		793.61		888
52		70		0		3		82		114		10		599.77		909
53		5		46		1		42		70		10		111.41		216
54		37		26		2		54		86		10		495.08		645
55		44		56		1		109		143		10		138.67		384
56		54		19		1		113		147		10		141.54		234
57		29		7		1		106		136		10		67.2		165
58		51		41		1		38		72		10		435.95		784
59		32		70		3		107		141		10		1055.3		1672
60		4		35		1		71		95		10		341.1		336
61		17		33		2		92		130		10		479.77		720
62		15		42		1		134		162		10		67.2		165
63		63		42		1		89		117		10		111.41		216
64		9		70		1		61		89		10		141.54		234
65		41		19		3		82		104		10		733.23		1372
66		40		33		2		161		201		10		172.23		505
67		31		20		2		131		149		10		244.48		564
68		15		38		2		84		112		10		210.84		520
69		62		79		2		70		98		10		569.42		714
70		9		37		1		97		131		10		435.95		784
71		0		67		1		50		82		10		111.41		216
72		14		16		3		82		112		10		394.49		684
73		63		38		2		175		203		10		768.98		816
74		18		50		2		71		103		10		863.83		1264
75		6		39		3		47		71		10		562.28		810
76		62		17		1		71		101		10		67.2		165
77		25		41		3		42		74		10		316.65		700
78		21		33		2		174		210		10		569.42		714
79		29		77		2		105		139		10		246.57		574
80		58		13		3		72		96		10		513.33		841
81		25		2		2		75		113		10		871.9		1568
82		17		3		3		88		108		10		688.9		1234
83		3		71		1		60		92		10		105.81		180
84		39		65		3		37		63		10		363.7		913
85		65		73		2		143		175		10		297.28		588
86		41		51		3		93		127		10		310.9		889
87		33		32		3		95		123		10		645.1		876
88		50		26		1		136		170		10		105.81		180
89		64		10		2		139		165		10		222.82		432
90		52		59		2		175		205		10		222.82		432
91		11		2		1		55		83		10		341.1		336
92		7		21		3		89		119		10		278.82		525
93		2		60		2		134		164		10		302.88		624
94		67		36		1		32		62		10		341.1		336
95		54		40		3		29		51		10		882.86		1300
96		38		1		3		108		144		10		471.68		1026
97		48		35		3		50		78		10		644.32		1036
98		35		8		1		149		181		10		427.88		480
99		55		15		1		175		199		10		105.81		180
100		36		78		1		44		76		10		341.1		336

ITEMS
Type		Length		Width		Height		Mass		Fragility	LoadBearingStrength
Bt1		16		7		7		435.95		0		26.6832863
Bt2		6		6		6		111.41		0		22.6984441
Bt3		11		5		3		67.20		1		3.7449722
Bt4		16		6		4		138.67		0		27.1569396
Bt5		13		6		3		141.54		0		25.1540744
Bt6		17		6		4		191.47		1		9.0684770
Bt7		7		6		8		341.10		0		32.6936678
Bt8		17		5		4		105.03		0		4.2836402
Bt9		10		3		6		105.81		0		24.0399704
Bt10		16		6		5		427.88		0		43.1428005

DEMANDS PER CUSTOMER
i	Type Quantity
1	Bt7 1	Bt9 2	
2	Bt5 1	
3	Bt2 1	Bt3 1	
4	Bt1 1	Bt2 1	Bt5 1	
5	Bt3 1	Bt6 1	
6	Bt5 1	
7	Bt10 1	
8	Bt5 1	
9	Bt2 1	Bt7 1	
10	Bt7 1	Bt9 1	
11	Bt1 1	Bt6 1	Bt8 1	
12	Bt7 1	Bt8 1	
13	Bt3 1	Bt6 2	
14	Bt5 1	Bt6 1	Bt8 1	
15	Bt10 1	
16	Bt10 1	
17	Bt1 1	Bt7 1	Bt9 1	
18	Bt2 1	Bt4 1	Bt7 1	
19	Bt1 1	Bt6 2	
20	Bt3 1	Bt5 1	Bt9 1	
21	Bt3 1	
22	Bt4 1	Bt7 1	Bt8 1	
23	Bt9 2	
24	Bt1 2	
25	Bt9 1	
26	Bt9 1	
27	Bt5 1	Bt6 1	Bt8 1	
28	Bt1 1	Bt4 1	
29	Bt6 1	
30	Bt3 1	
31	Bt2 2	Bt9 1	
32	Bt8 1	Bt10 1	
33	Bt3 1	Bt7 1	
34	Bt1 1	Bt6 1	Bt10 1	
35	Bt5 1	
36	Bt4 1	Bt7 1	
37	Bt1 1	Bt5 1	
38	Bt2 1	Bt6 1	Bt7 1	
39	Bt4 1	
40	Bt2 1	Bt4 1	
41	Bt6 1	Bt7 1	Bt10 1	
42	Bt1 1	Bt9 2	
43	Bt4 1	
44	Bt2 1	
45	Bt8 1	Bt9 1	
46	Bt4 1	
47	Bt5 1	Bt8 1	Bt9 1	
48	Bt3 1	Bt4 1	
49	Bt2 1	Bt5 1	Bt10 1	
50	Bt1 1	Bt4 1	Bt7 1	
51	Bt2 1	Bt7 2	
52	Bt3 1	Bt6 1	Bt7 1	
53	Bt2 1	
54	Bt3 1	Bt10 1	
55	Bt4 1	
56	Bt5 1	
57	Bt3 1	
58	Bt1 1	
59	Bt1 1	Bt6 1	Bt10 1	
60	Bt7 1	
61	Bt4 1	Bt7 1	
62	Bt3 1	
63	Bt2 1	
64	Bt5 1	
65	Bt1 1	Bt6 1	Bt9 1	
66	Bt3 1	Bt8 1	
67	Bt4 1	Bt9 1	
68	Bt8 1	Bt9 1	
69	Bt5 1	Bt10 1	
70	Bt1 1	
71	Bt2 1	
72	Bt2 1	Bt5 2	
73	Bt7 1	Bt10 1	
74	Bt1 1	Bt10 1	
75	Bt3 2	Bt10 1	
76	Bt3 1	
77	Bt8 1	Bt9 2	
78	Bt5 1	Bt10 1	
79	Bt5 1	Bt8 1	
80	Bt3 1	Bt7 1	Bt8 1	
81	Bt1 2	
82	Bt1 1	Bt2 1	Bt5 1	
83	Bt9 1	
84	Bt3 1	Bt6 1	Bt8 1	
85	Bt6 1	Bt9 1	
86	Bt3 1	Bt4 1	Bt8 1	
87	Bt2 1	Bt9 1	Bt10 1	
88	Bt9 1	
89	Bt2 2	
90	Bt2 2	
91	Bt7 1	
92	Bt3 1	Bt9 2	
93	Bt2 1	Bt6 1	
94	Bt7 1	
95	Bt1 1	Bt7 1	Bt9 1	
96	Bt4 1	Bt5 1	Bt6 1	
97	Bt2 1	Bt8 1	Bt10 1	
98	Bt10 1	
99	Bt9 1	
100	Bt7 1	