Name				238_n100_m200_bt100
Number_of_Customers		100
Number_of_Items			200
Number_of_ItemTypes		100
Number_of_Vehicles		34
TimeWindows			1

VEHICLE
Mass_Capacity			12595
CargoSpace_Length		60
CargoSpace_Width		25
CargoSpace_Height		30
Wheelbase			48
Max_Mass_FrontAxle		7100
Max_Mass_RearAxle		11500
Distance_FrontAxle_CargoSpace	4

CUSTOMERS
i		x		y		Demand		ReadyTime	DueDate		ServiceTime	DemandedMass	DemandedVolume
0		35		35		0		0		230		0		0		0
1		62		9		1		65		97		10		60.06		168
2		56		34		1		159		191		10		232.09		384
3		45		21		3		178		204		10		530.5		551
4		36		52		1		110		142		10		154.9		260
5		30		62		1		15		49		10		128.94		264
6		27		2		3		149		183		10		281.96		588
7		34		71		2		112		146		10		740.85		678
8		45		2		3		122		152		10		512.55		626
9		66		68		2		73		103		10		455.26		613
10		55		47		3		0		196		10		828.69		1225
11		8		79		1		80		102		10		290.54		216
12		66		77		1		109		139		10		161.98		340
13		35		47		3		59		89		10		466.71		657
14		66		4		3		0		176		10		361.5		390
15		62		17		3		23		43		10		268.64		426
16		51		23		2		162		200		10		550.14		538
17		61		69		1		0		177		10		51.97		90
18		26		62		2		45		83		10		260.29		370
19		35		59		1		22		48		10		247.75		300
20		9		1		2		153		189		10		297.79		452
21		27		59		2		81		117		10		414.39		525
22		68		23		2		73		99		10		339.1		504
23		59		80		2		49		85		10		192.16		264
24		26		66		3		61		91		10		482.59		752
25		39		11		3		91		121		10		802.95		1122
26		3		50		1		34		58		10		101.96		108
27		59		30		2		0		195		10		395.34		662
28		20		44		1		164		194		10		234.03		416
29		38		74		3		0		180		10		1004.64		1148
30		27		24		3		179		217		10		412.28		576
31		25		35		2		41		67		10		147.73		312
32		57		57		3		18		44		10		808.81		1001
33		38		55		2		82		110		10		150.72		378
34		8		26		3		151		179		10		379.75		533
35		61		56		2		171		201		10		150.39		372
36		68		42		1		0		186		10		98.6		200
37		7		18		2		0		187		10		174.31		312
38		42		44		1		159		197		10		427.57		612
39		44		11		2		139		161		10		295.73		474
40		10		14		3		40		64		10		379.57		524
41		13		56		2		132		162		10		213.45		315
42		50		11		2		0		191		10		340.27		504
43		53		72		2		0		178		10		191.87		456
44		2		31		1		83		109		10		497.63		560
45		47		16		2		0		197		10		765.02		945
46		24		49		2		76		104		10		496.76		768
47		0		25		1		0		183		10		560.04		720
48		11		11		2		156		184		10		256.34		516
49		19		1		3		164		194		10		777.41		918
50		47		38		1		0		207		10		372.5		448
51		4		43		1		166		186		10		453.74		768
52		20		31		2		31		69		10		220.29		330
53		44		59		2		0		194		10		287.53		276
54		51		43		2		0		202		10		352.23		584
55		51		36		2		142		170		10		773.93		704
56		19		65		1		145		177		10		469.77		560
57		3		25		2		0		186		10		831.47		952
58		7		8		1		27		51		10		149.16		240
59		31		31		2		0		214		10		218.22		252
60		34		31		2		51		71		10		217.29		318
61		49		59		3		151		181		10		940.58		1152
62		65		29		1		68		96		10		26.22		56
63		56		2		1		0		180		10		138.29		160
64		32		78		2		138		172		10		443.9		664
65		51		55		1		71		93		10		124.62		195
66		37		25		2		38		64		10		978.83		1032
67		16		63		3		43		77		10		826.11		1108
68		31		13		1		104		146		10		127.4		252
69		46		30		2		131		165		10		589.28		618
70		15		73		2		96		136		10		1041.45		1242
71		41		16		2		89		117		10		125.17		238
72		61		39		3		144		172		10		418.91		780
73		41		67		2		88		124		10		142.43		344
74		53		60		2		0		189		10		337.39		518
75		11		53		3		0		190		10		1066.07		1304
76		36		7		2		12		44		10		1090.11		924
77		51		48		2		0		199		10		743.15		800
78		21		71		3		101		135		10		1072.97		1210
79		9		48		2		135		175		10		111.96		222
80		66		64		3		166		188		10		339.87		588
81		64		61		1		105		141		10		51.97		90
82		21		77		1		114		146		10		149.02		150
83		14		77		1		120		152		10		168.32		240
84		40		62		3		0		192		10		269		483
85		26		6		2		77		101		10		749.27		650
86		22		66		3		28		50		10		1313.82		1412
87		21		40		1		0		205		10		560.04		720
88		36		63		2		0		191		10		386.04		460
89		19		55		3		91		113		10		510.88		504
90		64		43		2		154		184		10		693.05		792
91		15		15		3		65		93		10		377.44		630
92		49		33		2		157		189		10		161.85		246
93		46		56		3		65		93		10		886.05		922
94		64		49		3		0		187		10		256.55		382
95		51		5		1		118		146		10		211.33		240
96		18		4		3		121		167		10		578.04		808
97		54		19		1		0		195		10		372.5		448
98		54		37		2		89		125		10		244.54		288
99		9		40		1		138		166		10		147.47		312
100		59		63		3		164		190		10		537.5		824

ITEMS
Type		Length		Width		Height		Mass		Fragility	LoadBearingStrength
Bt1		13		2		3		68.13		0		23.1333336
Bt2		14		4		6		279.04		0		33.7772053
Bt3		12		4		8		293.51		0		30.8707994
Bt4		15		6		7		613.88		1		8.5941618
Bt5		9		4		6		290.54		1		78.5330051
Bt6		7		6		4		236.18		0		33.6189265
Bt7		13		4		8		234.03		0		18.1171857
Bt8		8		3		5		136.21		0		55.1473969
Bt9		13		5		3		59.57		0		7.6042104
Bt10		8		5		4		57.04		0		20.0528527
Bt11		10		2		6		116.44		0		136.2818923
Bt12		9		4		7		84.74		0		12.0882282
Bt13		13		5		3		124.62		0		37.2645170
Bt14		12		5		5		247.75		0		39.5254205
Bt15		7		6		4		77.28		0		15.6773266
Bt16		14		5		7		439.81		0		139.4937806
Bt17		12		7		7		811.07		0		61.8425495
Bt18		6		4		8		98.04		0		12.5893954
Bt19		8		3		6		43.83		0		14.9828353
Bt20		12		7		3		202.02		0		258.6131176
Bt21		12		2		6		70.45		1		4.8794433
Bt22		17		6		6		427.57		0		45.7827433
Bt23		11		5		5		192.36		0		10.4458742
Bt24		9		4		6		201.71		0		19.6295521
Bt25		14		4		7		194.82		0		12.6394837
Bt26		9		3		5		95.43		0		20.9005306
Bt27		9		3		4		44.33		0		51.8184796
Bt28		7		5		3		37.04		1		3.6138706
Bt29		9		3		6		132.54		0		44.4690612
Bt30		15		7		7		588.61		0		76.9440747
Bt31		12		7		7		518		1		7.8549505
Bt32		16		4		8		645.45		1		11.4982959
Bt33		6		4		6		131.38		0		51.6802757
Bt34		16		4		7		372.50		0		49.6692482
Bt35		6		4		5		76.27		0		33.4333586
Bt36		9		7		6		493.10		0		57.7918180
Bt37		13		5		4		154.90		1		5.8945462
Bt38		14		5		4		179.23		0		18.2609600
Bt39		10		3		8		211.33		0		18.9984913
Bt40		6		3		6		101.96		0		71.2632509
Bt41		9		3		4		86.84		0		40.7038455
Bt42		12		5		4		96.18		0		15.3037366
Bt43		6		5		6		168.99		0		183.5535527
Bt44		7		2		4		26.22		0		16.7084431
Bt45		12		4		5		149.16		0		19.4256350
Bt46		17		5		8		626.71		1		11.7756930
Bt47		16		7		5		469.77		0		36.8706545
Bt48		14		3		6		104.41		0		15.9064368
Bt49		8		3		8		128.48		0		21.5014108
Bt50		10		3		7		176.41		1		15.4295827
Bt51		14		3		3		63.99		0		67.6348291
Bt52		14		5		8		497.63		0		37.5156811
Bt53		13		7		4		259.84		1		30.2191345
Bt54		17		2		8		204.76		0		45.7222957
Bt55		10		4		5		98.60		0		41.3095041
Bt56		8		6		3		115.89		1		10.9272650
Bt57		14		3		4		60.06		0		20.5147585
Bt58		16		5		3		181.23		1		18.2731171
Bt59		15		3		8		331.63		0		108.3310769
Bt60		9		2		5		51.97		0		33.7119798
Bt61		10		3		4		45.85		0		63.6074428
Bt62		16		4		6		232.09		0		19.1230328
Bt63		12		7		8		647.20		0		36.3815621
Bt64		16		4		6		264.67		0		48.2865981
Bt65		17		4		5		161.98		0		12.5018848
Bt66		16		2		5		309.46		0		38.6166223
Bt67		13		4		5		131.34		0		16.6932261
Bt68		11		4		7		141.64		0		25.1676254
Bt69		16		6		8		694.22		0		104.7732619
Bt70		9		5		5		70.78		0		21.1305787
Bt71		10		4		4		138.29		0		31.2186195
Bt72		6		3		8		98.46		0		26.5366378
Bt73		10		5		5		124.08		0		20.1032733
Bt74		9		4		3		46.30		0		31.0136483
Bt75		8		5		3		63.66		0		38.1293703
Bt76		11		3		8		128.94		1		3.6395111
Bt77		16		6		6		501.78		0		67.1124523
Bt78		17		3		5		143.94		0		22.1478659
Bt79		11		4		8		128.61		0		13.5342482
Bt80		9		3		3		79.09		1		12.0277106
Bt81		8		6		4		62.93		0		21.8206317
Bt82		11		5		3		82.76		0		18.8816628
Bt83		7		6		6		127.40		0		13.0889638
Bt84		8		5		6		168.32		0		29.8440049
Bt85		10		2		7		100.58		0		59.6669806
Bt86		9		4		5		68.13		0		31.4705309
Bt87		10		3		5		149.02		1		14.3537463
Bt88		10		6		3		93.03		0		82.6218445
Bt89		7		5		7		115.87		0		41.9310564
Bt90		12		3		3		51.35		1		7.2613653
Bt91		13		3		8		163.19		1		5.8054106
Bt92		9		4		6		145.06		0		34.9312476
Bt93		11		4		8		203.97		1		6.5393662
Bt94		9		4		7		86.73		0		22.3548090
Bt95		6		5		7		195.75		1		10.9461030
Bt96		16		6		8		453.74		0		80.6789347
Bt97		15		6		8		560.04		0		50.2723026
Bt98		13		4		6		147.47		0		33.3302296
Bt99		12		5		6		334.19		1		7.9598557
Bt100		10		7		5		232.15		0		39.0639815

DEMANDS PER CUSTOMER
i	Type Quantity
1	Bt57 1	
2	Bt62 1	
3	Bt6 1	Bt23 1	Bt40 1	
4	Bt37 1	
5	Bt76 1	
6	Bt15 2	Bt83 1	
7	Bt14 1	Bt36 1	
8	Bt33 1	Bt50 1	Bt54 1	
9	Bt34 1	Bt82 1	
10	Bt25 1	Bt31 1	Bt89 1	
11	Bt5 1	
12	Bt65 1	
13	Bt18 1	Bt28 1	Bt59 1	
14	Bt8 1	Bt35 1	Bt87 1	
15	Bt1 1	Bt45 1	Bt90 1	
16	Bt10 1	Bt36 1	
17	Bt60 1	
18	Bt8 1	Bt73 1	
19	Bt14 1	
20	Bt54 1	Bt88 1	
21	Bt59 1	Bt82 1	
22	Bt2 1	Bt57 1	
23	Bt35 1	Bt56 1	
24	Bt38 1	Bt54 1	Bt55 1	
25	Bt16 1	Bt25 1	Bt84 1	
26	Bt40 1	
27	Bt91 1	Bt100 1	
28	Bt7 1	
29	Bt46 1	Bt59 1	Bt74 1	
30	Bt43 1	Bt56 1	Bt83 1	
31	Bt15 1	Bt21 1	
32	Bt28 1	Bt46 1	Bt92 1	
33	Bt51 1	Bt94 1	
34	Bt1 1	Bt89 1	Bt95 1	
35	Bt75 1	Bt94 1	
36	Bt55 1	
37	Bt18 1	Bt35 1	
38	Bt22 1	
39	Bt29 1	Bt91 1	
40	Bt15 1	Bt24 1	Bt85 1	
41	Bt28 1	Bt50 1	
42	Bt39 1	Bt76 1	
43	Bt76 1	Bt81 1	
44	Bt52 1	
45	Bt30 1	Bt50 1	
46	Bt62 1	Bt64 1	
47	Bt97 1	
48	Bt76 1	Bt83 1	
49	Bt31 1	Bt75 1	Bt95 1	
50	Bt34 1	
51	Bt96 1	
52	Bt60 1	Bt84 1	
53	Bt6 1	Bt90 1	
54	Bt54 1	Bt98 1	
55	Bt32 1	Bt49 1	
56	Bt47 1	
57	Bt46 1	Bt54 1	
58	Bt45 1	
59	Bt33 1	Bt41 1	
60	Bt1 1	Bt45 1	
61	Bt21 1	Bt34 1	Bt52 1	
62	Bt44 1	
63	Bt71 1	
64	Bt38 1	Bt64 1	
65	Bt13 1	
66	Bt59 1	Bt63 1	
67	Bt38 1	Bt41 1	Bt97 1	
68	Bt83 1	
69	Bt36 1	Bt42 1	
70	Bt4 1	Bt22 1	
71	Bt1 1	Bt10 1	
72	Bt18 1	Bt38 1	Bt68 1	
73	Bt19 1	Bt55 1	
74	Bt68 1	Bt95 1	
75	Bt47 1	Bt59 1	Bt64 1	
76	Bt2 1	Bt17 1	
77	Bt11 1	Bt46 1	
78	Bt16 1	Bt33 1	Bt77 1	
79	Bt1 1	Bt19 1	
80	Bt38 1	Bt57 1	Bt85 1	
81	Bt60 1	
82	Bt87 1	
83	Bt84 1	
84	Bt13 1	Bt88 1	Bt90 1	
85	Bt16 1	Bt66 1	
86	Bt43 1	Bt52 1	Bt63 1	
87	Bt97 1	
88	Bt14 1	Bt71 1	
89	Bt5 1	Bt43 1	Bt90 1	
90	Bt61 1	Bt63 1	
91	Bt15 1	Bt48 1	Bt95 1	
92	Bt80 1	Bt82 1	
93	Bt22 1	Bt66 1	Bt87 1	
94	Bt1 1	Bt10 1	Bt33 1	
95	Bt39 1	
96	Bt14 1	Bt21 1	Bt53 1	
97	Bt34 1	
98	Bt1 1	Bt50 1	
99	Bt98 1	
100	Bt50 1	Bt76 1	Bt100 1	