Name				241_n100_m200_bt3
Number_of_Customers		100
Number_of_Items			200
Number_of_ItemTypes		3
Number_of_Vehicles		23
TimeWindows			1

VEHICLE
Mass_Capacity			12595
CargoSpace_Length		60
CargoSpace_Width		25
CargoSpace_Height		30
Wheelbase			48
Max_Mass_FrontAxle		7100
Max_Mass_RearAxle		11500
Distance_FrontAxle_CargoSpace	4

CUSTOMERS
i		x		y		Demand		ReadyTime	DueDate		ServiceTime	DemandedMass	DemandedVolume
0               35              35              0               0               1000            0               0.00            0
1               15              8               2               0               956             10              439.06          2912
2               19              31              1               674             862             10              219.53          1456
3               28              10              2               0               964             10              653.81          2806
4               51              63              3               414             728             10              1020.81         3681
5               40              49              3               586             794             10              953.53          3206
6               34              78              1               666             918             10              219.53          1456
7               47              40              1               0               977             10              219.53          1456
8               65              40              3               208             440             10              1088.09         4156
9               24              54              2               0               968             10              586.53          2331
10              41              77              2               746             956             10              801.28          2225
11              13              38              2               0               957             10              801.28          2225
12              50              74              1               0               948             10              219.53          1456
13              49              53              1               0               967             10              367.00          875
14              50              79              2               138             426             10              801.28          2225
15              21              29              2               0               974             10              586.53          2331
16              65              78              3               315             557             10              953.53          3206
17              32              56              1               41              275             10              434.28          1350
18              47              27              2               0               959             10              801.28          2225
19              46              49              1               39              289             10              434.28          1350
20              23              18              2               215             447             10              801.28          2225
21              30              20              3               422             710             10              1168.28         3100
22              32              35              3               17              245             10              1020.81         3681
23              2               40              3               0               961             10              1020.81         3681
24              46              67              3               0               957             10              953.53          3206
25              44              56              2               275             569             10              868.56          2700
26              23              77              1               0               946             10              219.53          1456
27              58              56              3               590             862             10              1020.81         3681
28              26              62              3               406             732             10              1020.81         3681
29              26              38              2               728             950             10              653.81          2806
30              12              4               2               460             710             10              734.00          1750
31              43              20              2               335             577             10              653.81          2806
32              62              80              2               738             940             10              653.81          2806
33              17              33              3               709             1000            10              953.53          3206
34              69              25              1               0               230             10              219.53          1456
35              32              44              1               567             815             10              434.28          1350
36              44              8               1               115             369             10              367.00          875
37              37              41              1               394             644             10              219.53          1456
38              58              48              1               0               963             10              434.28          1350
39              57              29              2               0               967             10              801.28          2225
40              13              43              1               0               966             10              219.53          1456
41              45              3               2               52              278             10              653.81          2806
42              40              22              2               0               140             10              586.53          2331
43              15              24              2               0               958             10              734.00          1750
44              55              21              2               0               965             10              653.81          2806
45              23              48              3               694             946             10              1020.81         3681
46              41              46              3               0               977             10              1168.28         3100
47              61              57              2               715             945             10              586.53          2331
48              41              58              3               639             885             10              1020.81         3681
49              27              45              3               0               977             10              1020.81         3681
50              50              22              2               831             1000            10              801.28          2225
51              22              65              3               0               957             10              1302.84         4050
52              19              7               2               680             934             10              439.06          2912
53              33              39              2               0               985             10              801.28          2225
54              22              35              3               207             453             10              1088.09         4156
55              46              62              1               713             929             10              434.28          1350
56              53              70              3               0               950             10              953.53          3206
57              31              74              3               0               228             10              1020.81         3681
58              37              7               3               476             746             10              1020.81         3681
59              40              67              2               0               204             10              653.81          2806
60              30              27              1               0               954             10              367.00          875
61              47              68              3               0               954             10              1302.84         4050
62              62              47              2               0               960             10              801.28          2225
63              58              15              1               0               959             10              434.28          1350
64              15              21              1               0               965             10              367.00          875
65              21              43              3               0               973             10              1020.81         3681
66              15              18              1               472             660             10              434.28          1350
67              34              51              2               0               973             10              868.56          2700
68              19              50              3               0               968             10              953.53          3206
69              57              64              1               0               953             10              434.28          1350
70              36              72              3               0               952             10              1235.56         3575
71              15              39              1               0               969             10              219.53          1456
72              57              37              1               0               967             10              367.00          875
73              37              80              1               461             759             10              434.28          1350
74              21              54              2               308             582             10              653.81          2806
75              51              31              1               0               973             10              434.28          1350
76              49              60              2               0               961             10              868.56          2700
77              12              29              2               0               966             10              734.00          1750
78              48              34              3               667             925             10              1235.56         3575
79              19              14              3               0               956             10              1020.81         3681
80              60              38              1               53              279             10              219.53          1456
81              29              24              1               0               961             10              434.28          1350
82              35              54              3               0               971             10              1302.84         4050
83              10              61              3               0               953             10              1235.56         3575
84              39              11              3               444             700             10              1101.00         2625
85              25              67              2               560             862             10              734.00          1750
86              10              1               2               741             1000            10              734.00          1750
87              17              12              1               0               960             10              434.28          1350
88              14              26              2               591             833             10              801.28          2225
89              5               2               3               650             894             10              1088.09         4156
90              69              79              1               0               934             10              219.53          1456
91              40              33              3               0               984             10              1020.81         3681
92              52              41              1               0               971             10              219.53          1456
93              3               55              1               0               952             10              434.28          1350
94              0               33              3               0               954             10              953.53          3206
95              43              23              2               310             576             10              653.81          2806
96              58              75              2               0               943             10              653.81          2806
97              9               18              1               0               958             10              367.00          875
98              5               80              1               419             619             10              367.00          875
99              28              77              2               0               150             10              653.81          2806
100             18              67              2               0               953             10              586.53          2331

ITEMS
Type		Length		Width		Height		Mass		Fragility	LoadBearingStrength
Bt1		15		10		9		434.28		0		47.2902775
Bt2		25		5		7		367		0		26.3226017
Bt3		16		13		7		219.53		1		13.7193640

DEMANDS PER CUSTOMER
i	Type Quantity
1	Bt3 2	
2	Bt3 1	
3	Bt1 1	Bt3 1	
4	Bt1 1	Bt2 1	Bt3 1	
5	Bt2 2	Bt3 1	
6	Bt3 1	
7	Bt3 1	
8	Bt1 2	Bt3 1	
9	Bt2 1	Bt3 1	
10	Bt1 1	Bt2 1	
11	Bt1 1	Bt2 1	
12	Bt3 1	
13	Bt2 1	
14	Bt1 1	Bt2 1	
15	Bt2 1	Bt3 1	
16	Bt2 2	Bt3 1	
17	Bt1 1	
18	Bt1 1	Bt2 1	
19	Bt1 1	
20	Bt1 1	Bt2 1	
21	Bt1 1	Bt2 2	
22	Bt1 1	Bt2 1	Bt3 1	
23	Bt1 1	Bt2 1	Bt3 1	
24	Bt2 2	Bt3 1	
25	Bt1 2	
26	Bt3 1	
27	Bt1 1	Bt2 1	Bt3 1	
28	Bt1 1	Bt2 1	Bt3 1	
29	Bt1 1	Bt3 1	
30	Bt2 2	
31	Bt1 1	Bt3 1	
32	Bt1 1	Bt3 1	
33	Bt2 2	Bt3 1	
34	Bt3 1	
35	Bt1 1	
36	Bt2 1	
37	Bt3 1	
38	Bt1 1	
39	Bt1 1	Bt2 1	
40	Bt3 1	
41	Bt1 1	Bt3 1	
42	Bt2 1	Bt3 1	
43	Bt2 2	
44	Bt1 1	Bt3 1	
45	Bt1 1	Bt2 1	Bt3 1	
46	Bt1 1	Bt2 2	
47	Bt2 1	Bt3 1	
48	Bt1 1	Bt2 1	Bt3 1	
49	Bt1 1	Bt2 1	Bt3 1	
50	Bt1 1	Bt2 1	
51	Bt1 3	
52	Bt3 2	
53	Bt1 1	Bt2 1	
54	Bt1 2	Bt3 1	
55	Bt1 1	
56	Bt2 2	Bt3 1	
57	Bt1 1	Bt2 1	Bt3 1	
58	Bt1 1	Bt2 1	Bt3 1	
59	Bt1 1	Bt3 1	
60	Bt2 1	
61	Bt1 3	
62	Bt1 1	Bt2 1	
63	Bt1 1	
64	Bt2 1	
65	Bt1 1	Bt2 1	Bt3 1	
66	Bt1 1	
67	Bt1 2	
68	Bt2 2	Bt3 1	
69	Bt1 1	
70	Bt1 2	Bt2 1	
71	Bt3 1	
72	Bt2 1	
73	Bt1 1	
74	Bt1 1	Bt3 1	
75	Bt1 1	
76	Bt1 2	
77	Bt2 2	
78	Bt1 2	Bt2 1	
79	Bt1 1	Bt2 1	Bt3 1	
80	Bt3 1	
81	Bt1 1	
82	Bt1 3	
83	Bt1 2	Bt2 1	
84	Bt2 3	
85	Bt2 2	
86	Bt2 2	
87	Bt1 1	
88	Bt1 1	Bt2 1	
89	Bt1 2	Bt3 1	
90	Bt3 1	
91	Bt1 1	Bt2 1	Bt3 1	
92	Bt3 1	
93	Bt1 1	
94	Bt2 2	Bt3 1	
95	Bt1 1	Bt3 1	
96	Bt1 1	Bt3 1	
97	Bt2 1	
98	Bt2 1	
99	Bt1 1	Bt3 1	
100	Bt2 1	Bt3 1	