Name				243_n100_m200_bt3
Number_of_Customers		100
Number_of_Items			200
Number_of_ItemTypes		3
Number_of_Vehicles		25
TimeWindows			1

VEHICLE
Mass_Capacity			12595
CargoSpace_Length		60
CargoSpace_Width		25
CargoSpace_Height		30
Wheelbase			48
Max_Mass_FrontAxle		7100
Max_Mass_RearAxle		11500
Distance_FrontAxle_CargoSpace	4

CUSTOMERS
i		x		y		Demand		ReadyTime	DueDate		ServiceTime	DemandedMass	DemandedVolume
0		35		35		0		0		1000		0		0		0
1		39		31		3		99		339		10		1045.92		4695
2		8		77		1		0		940		10		440.58		2187
3		46		57		2		119		279		10		1041.5		4717
4		28		67		1		0		150		10		302.67		1254
5		27		48		3		0		974		10		1183.83		5628
6		26		27		3		0		977		10		908.01		3762
7		20		80		2		757		987		10		1041.5		4717
8		18		16		1		463		721		10		440.58		2187
9		1		79		2		135		399		10		743.25		3441
10		64		73		2		200		418		10		1201.84		5060
11		30		28		1		449		709		10		440.58		2187
12		28		8		2		345		575		10		903.59		3784
13		50		6		2		613		871		10		1041.5		4717
14		45		39		1		285		529		10		600.92		2530
15		40		23		3		397		615		10		1183.83		5628
16		55		59		2		0		958		10		743.25		3441
17		34		29		1		276		500		10		302.67		1254
18		39		26		2		860		1000		10		881.16		4374
19		58		39		1		475		737		10		600.92		2530
20		56		70		3		246		434		10		1642.42		7247
21		56		16		2		498		718		10		903.59		3784
22		41		13		2		0		967		10		1201.84		5060
23		59		66		2		0		950		10		743.25		3441
24		47		79		3		658		864		10		1642.42		7247
25		50		2		3		810		1000		10		1482.08		6904
26		3		16		2		469		663		10		1201.84		5060
27		28		14		3		104		322		10		908.01		3762
28		15		13		2		0		960		10		903.59		3784
29		67		40		3		24		286		10		1802.76		7590
30		53		19		1		0		965		10		440.58		2187
31		33		17		3		0		971		10		1642.42		7247
32		52		48		3		0		968		10		1482.08		6904
33		43		63		2		181		387		10		903.59		3784
34		29		43		1		420		704		10		302.67		1254
35		29		76		2		0		948		10		605.34		2508
36		64		38		3		0		960		10		1802.76		7590
37		3		69		1		0		943		10		440.58		2187
38		68		25		2		552		716		10		743.25		3441
39		9		25		2		0		962		10		605.34		2508
40		7		69		1		0		945		10		302.67		1254
41		24		58		3		0		964		10		1344.17		5971
42		22		11		2		0		962		10		1041.5		4717
43		22		74		3		649		873		10		1183.83		5628
44		26		24		2		237		457		10		605.34		2508
45		51		24		1		0		970		10		302.67		1254
46		57		78		2		0		941		10		903.59		3784
47		7		51		1		715		963		10		440.58		2187
48		48		53		3		0		967		10		1504.51		6314
49		21		36		2		689		937		10		903.59		3784
50		52		75		2		0		946		10		1041.5		4717
51		68		80		2		0		934		10		903.59		3784
52		69		34		2		0		955		10		903.59		3784
53		30		23		3		0		977		10		1504.51		6314
54		7		73		1		264		458		10		440.58		2187
55		15		46		2		0		967		10		605.34		2508
56		53		65		2		0		955		10		1041.5		4717
57		38		13		3		0		967		10		1045.92		4695
58		9		1		3		0		947		10		1642.42		7247
59		13		57		1		161		407		10		600.92		2530
60		4		24		1		425		675		10		440.58		2187
61		29		62		3		0		962		10		1344.17		5971
62		0		10		3		0		946		10		1321.74		6561
63		65		3		1		0		178		10		440.58		2187
64		27		35		1		440		710		10		600.92		2530
65		3		48		3		0		955		10		1344.17		5971
66		64		21		2		0		957		10		743.25		3441
67		6		18		1		0		956		10		600.92		2530
68		51		39		1		0		143		10		600.92		2530
69		42		79		2		0		945		10		903.59		3784
70		52		61		2		4		232		10		903.59		3784
71		33		22		3		247		501		10		1206.26		5038
72		65		52		3		9		337		10		1504.51		6314
73		30		71		1		737		963		10		600.92		2530
74		35		13		1		0		968		10		600.92		2530
75		45		2		3		0		955		10		1045.92		4695
76		29		20		2		0		973		10		1041.5		4717
77		17		19		2		0		204		10		743.25		3441
78		35		6		2		0		961		10		1041.5		4717
79		36		38		2		257		481		10		743.25		3441
80		45		11		2		439		665		10		1201.84		5060
81		70		48		3		0		952		10		1642.42		7247
82		30		49		1		0		975		10		302.67		1254
83		0		39		3		0		954		10		1206.26		5038
84		40		63		1		0		961		10		440.58		2187
85		45		71		1		0		138		10		600.92		2530
86		54		8		1		565		783		10		600.92		2530
87		3		64		2		0		946		10		605.34		2508
88		53		33		3		0		971		10		1206.26		5038
89		47		50		3		0		209		10		1183.83		5628
90		64		68		1		0		946		10		302.67		1254
91		17		79		1		0		942		10		302.67		1254
92		58		60		1		662		966		10		302.67		1254
93		32		44		3		432		686		10		1482.08		6904
94		44		23		2		0		975		10		605.34		2508
95		33		26		3		84		338		10		1482.08		6904
96		64		65		1		0		948		10		600.92		2530
97		28		38		1		0		982		10		600.92		2530
98		31		80		3		152		384		10		1344.17		5971
99		8		60		2		0		193		10		743.25		3441
100		33		53		2		0		971		10		903.59		3784

ITEMS
Type		Length		Width		Height		Mass		Fragility	LoadBearingStrength
Bt1		23		10		11		600.92		0		5.2823977
Bt2		19		6		11		302.67		0		13.1486633
Bt3		27		9		9		440.58		1		7.8855103

DEMANDS PER CUSTOMER
i	Type Quantity
1	Bt2 2	Bt3 1	
2	Bt3 1	
3	Bt1 1	Bt3 1	
4	Bt2 1	
5	Bt2 1	Bt3 2	
6	Bt2 3	
7	Bt1 1	Bt3 1	
8	Bt3 1	
9	Bt2 1	Bt3 1	
10	Bt1 2	
11	Bt3 1	
12	Bt1 1	Bt2 1	
13	Bt1 1	Bt3 1	
14	Bt1 1	
15	Bt2 1	Bt3 2	
16	Bt2 1	Bt3 1	
17	Bt2 1	
18	Bt3 2	
19	Bt1 1	
20	Bt1 2	Bt3 1	
21	Bt1 1	Bt2 1	
22	Bt1 2	
23	Bt2 1	Bt3 1	
24	Bt1 2	Bt3 1	
25	Bt1 1	Bt3 2	
26	Bt1 2	
27	Bt2 3	
28	Bt1 1	Bt2 1	
29	Bt1 3	
30	Bt3 1	
31	Bt1 2	Bt3 1	
32	Bt1 1	Bt3 2	
33	Bt1 1	Bt2 1	
34	Bt2 1	
35	Bt2 2	
36	Bt1 3	
37	Bt3 1	
38	Bt2 1	Bt3 1	
39	Bt2 2	
40	Bt2 1	
41	Bt1 1	Bt2 1	Bt3 1	
42	Bt1 1	Bt3 1	
43	Bt2 1	Bt3 2	
44	Bt2 2	
45	Bt2 1	
46	Bt1 1	Bt2 1	
47	Bt3 1	
48	Bt1 2	Bt2 1	
49	Bt1 1	Bt2 1	
50	Bt1 1	Bt3 1	
51	Bt1 1	Bt2 1	
52	Bt1 1	Bt2 1	
53	Bt1 2	Bt2 1	
54	Bt3 1	
55	Bt2 2	
56	Bt1 1	Bt3 1	
57	Bt2 2	Bt3 1	
58	Bt1 2	Bt3 1	
59	Bt1 1	
60	Bt3 1	
61	Bt1 1	Bt2 1	Bt3 1	
62	Bt3 3	
63	Bt3 1	
64	Bt1 1	
65	Bt1 1	Bt2 1	Bt3 1	
66	Bt2 1	Bt3 1	
67	Bt1 1	
68	Bt1 1	
69	Bt1 1	Bt2 1	
70	Bt1 1	Bt2 1	
71	Bt1 1	Bt2 2	
72	Bt1 2	Bt2 1	
73	Bt1 1	
74	Bt1 1	
75	Bt2 2	Bt3 1	
76	Bt1 1	Bt3 1	
77	Bt2 1	Bt3 1	
78	Bt1 1	Bt3 1	
79	Bt2 1	Bt3 1	
80	Bt1 2	
81	Bt1 2	Bt3 1	
82	Bt2 1	
83	Bt1 1	Bt2 2	
84	Bt3 1	
85	Bt1 1	
86	Bt1 1	
87	Bt2 2	
88	Bt1 1	Bt2 2	
89	Bt2 1	Bt3 2	
90	Bt2 1	
91	Bt2 1	
92	Bt2 1	
93	Bt1 1	Bt3 2	
94	Bt2 2	
95	Bt1 1	Bt3 2	
96	Bt1 1	
97	Bt1 1	
98	Bt1 1	Bt2 1	Bt3 1	
99	Bt2 1	Bt3 1	
100	Bt1 1	Bt2 1	