Name				245_n100_m200_bt3
Number_of_Customers		100
Number_of_Items			200
Number_of_ItemTypes		3
Number_of_Vehicles		19
TimeWindows			1

VEHICLE
Mass_Capacity			12595
CargoSpace_Length		60
CargoSpace_Width		25
CargoSpace_Height		30
Wheelbase			48
Max_Mass_FrontAxle		7100
Max_Mass_RearAxle		11500
Distance_FrontAxle_CargoSpace	4

CUSTOMERS
i		x		y		Demand		ReadyTime	DueDate		ServiceTime	DemandedMass	DemandedVolume
0		35		35		0		0		1000		0		0		0
1		9		53		3		525		773		10		2422.3		5832
2		65		67		1		539		753		10		150.54		720
3		40		68		3		174		474		10		1140		3888
4		17		65		3		0		955		10		1551.69		4284
5		0		16		1		0		950		10		380		1296
6		63		62		2		563		817		10		760		2592
7		4		17		1		152		364		10		380		1296
8		11		79		2		0		939		10		1401.15		3564
9		18		38		2		0		972		10		1171.69		2988
10		58		43		2		255		479		10		1171.69		2988
11		13		71		3		245		469		10		1781.15		4860
12		21		17		1		0		150		10		150.54		720
13		31		4		3		363		601		10		681.08		2736
14		29		58		3		191		435		10		1551.69		4284
15		59		61		1		0		954		10		380		1296
16		68		58		2		571		783		10		1171.69		2988
17		45		48		3		0		973		10		2192.84		5256
18		15		34		3		0		969		10		910.54		3312
19		24		57		1		0		965		10		1021.15		2268
20		64		71		2		0		943		10		1171.69		2988
21		61		1		2		0		947		10		2042.3		4536
22		68		65		2		611		903		10		1171.69		2988
23		39		16		2		0		970		10		2042.3		4536
24		68		61		3		0		947		10		1322.23		3708
25		26		17		1		287		537		10		380		1296
26		68		19		2		13		243		10		1171.69		2988
27		18		10		2		0		959		10		760		2592
28		9		19		1		593		813		10		380		1296
29		10		10		2		740		986		10		1171.69		2988
30		56		29		2		0		968		10		1171.69		2988
31		15		53		1		0		963		10		1021.15		2268
32		15		45		3		749		989		10		1322.23		3708
33		27		32		3		236		490		10		1551.69		4284
34		68		72		2		246		528		10		1401.15		3564
35		4		48		3		73		317		10		681.08		2736
36		28		54		3		0		969		10		1551.69		4284
37		58		5		1		0		174		10		150.54		720
38		35		20		1		105		325		10		380		1296
39		7		6		3		684		920		10		1140		3888
40		46		59		3		0		963		10		910.54		3312
41		49		45		3		0		972		10		1322.23		3708
42		41		64		2		605		853		10		760		2592
43		10		3		1		26		264		10		380		1296
44		43		30		1		0		980		10		380		1296
45		10		49		2		0		961		10		530.54		2016
46		36		79		2		654		896		10		1401.15		3564
47		45		38		3		179		415		10		2192.84		5256
48		52		37		1		0		210		10		150.54		720
49		33		66		3		0		958		10		1781.15		4860
50		43		14		3		369		629		10		1781.15		4860
51		63		35		1		0		962		10		1021.15		2268
52		53		27		3		0		970		10		2192.84		5256
53		55		46		3		0		967		10		910.54		3312
54		52		11		3		609		843		10		681.08		2736
55		18		62		2		813		1000		10		301.08		1440
56		5		80		3		696		914		10		910.54		3312
57		39		26		2		0		980		10		1401.15		3564
58		68		33		1		0		956		10		1021.15		2268
59		64		30		1		0		960		10		150.54		720
60		56		57		1		170		408		10		1021.15		2268
61		22		70		3		0		952		10		2192.84		5256
62		30		0		3		0		954		10		1551.69		4284
63		44		9		1		0		181		10		380		1296
64		45		17		1		0		969		10		150.54		720
65		4		61		1		0		949		10		150.54		720
66		63		17		3		526		798		10		1551.69		4284
67		8		77		3		0		940		10		1551.69		4284
68		20		30		1		412		638		10		1021.15		2268
69		52		19		2		744		998		10		530.54		2016
70		2		23		1		465		683		10		1021.15		2268
71		40		12		1		0		966		10		150.54		720
72		57		79		2		0		940		10		1171.69		2988
73		30		17		1		0		971		10		150.54		720
74		4		71		2		0		157		10		760		2592
75		5		13		2		577		843		10		1171.69		2988
76		41		47		1		390		640		10		150.54		720
77		50		52		2		0		967		10		1401.15		3564
78		67		22		2		0		955		10		301.08		1440
79		42		43		1		599		811		10		1021.15		2268
80		28		14		3		0		967		10		451.62		2160
81		10		40		3		0		964		10		1551.69		4284
82		8		69		3		333		545		10		1551.69		4284
83		8		26		1		414		630		10		150.54		720
84		40		7		3		0		961		10		1781.15		4860
85		28		29		2		0		980		10		1401.15		3564
86		65		40		1		0		170		10		150.54		720
87		39		51		2		0		973		10		1401.15		3564
88		66		50		3		0		955		10		1551.69		4284
89		28		67		1		0		957		10		1021.15		2268
90		2		38		1		0		956		10		380		1296
91		58		40		1		673		921		10		1021.15		2268
92		67		37		1		22		266		10		150.54		720
93		6		45		1		0		959		10		380		1296
94		69		7		2		0		945		10		1401.15		3564
95		31		36		2		0		985		10		1171.69		2988
96		42		75		2		267		509		10		530.54		2016
97		23		43		2		503		731		10		1401.15		3564
98		62		75		3		0		941		10		910.54		3312
99		49		78		3		57		281		10		1322.23		3708
100		63		24		2		0		959		10		1171.69		2988

ITEMS
Type		Length		Width		Height		Mass		Fragility	LoadBearingStrength
Bt1		12		10		6		150.54		0		9.5715375
Bt2		27		8		6		380		1		2.2087425
Bt3		18		14		9		1021.15		0		42.7146592

DEMANDS PER CUSTOMER
i	Type Quantity
1	Bt2 1	Bt3 2	
2	Bt1 1	
3	Bt2 3	
4	Bt1 1	Bt2 1	Bt3 1	
5	Bt2 1	
6	Bt2 2	
7	Bt2 1	
8	Bt2 1	Bt3 1	
9	Bt1 1	Bt3 1	
10	Bt1 1	Bt3 1	
11	Bt2 2	Bt3 1	
12	Bt1 1	
13	Bt1 2	Bt2 1	
14	Bt1 1	Bt2 1	Bt3 1	
15	Bt2 1	
16	Bt1 1	Bt3 1	
17	Bt1 1	Bt3 2	
18	Bt1 1	Bt2 2	
19	Bt3 1	
20	Bt1 1	Bt3 1	
21	Bt3 2	
22	Bt1 1	Bt3 1	
23	Bt3 2	
24	Bt1 2	Bt3 1	
25	Bt2 1	
26	Bt1 1	Bt3 1	
27	Bt2 2	
28	Bt2 1	
29	Bt1 1	Bt3 1	
30	Bt1 1	Bt3 1	
31	Bt3 1	
32	Bt1 2	Bt3 1	
33	Bt1 1	Bt2 1	Bt3 1	
34	Bt2 1	Bt3 1	
35	Bt1 2	Bt2 1	
36	Bt1 1	Bt2 1	Bt3 1	
37	Bt1 1	
38	Bt2 1	
39	Bt2 3	
40	Bt1 1	Bt2 2	
41	Bt1 2	Bt3 1	
42	Bt2 2	
43	Bt2 1	
44	Bt2 1	
45	Bt1 1	Bt2 1	
46	Bt2 1	Bt3 1	
47	Bt1 1	Bt3 2	
48	Bt1 1	
49	Bt2 2	Bt3 1	
50	Bt2 2	Bt3 1	
51	Bt3 1	
52	Bt1 1	Bt3 2	
53	Bt1 1	Bt2 2	
54	Bt1 2	Bt2 1	
55	Bt1 2	
56	Bt1 1	Bt2 2	
57	Bt2 1	Bt3 1	
58	Bt3 1	
59	Bt1 1	
60	Bt3 1	
61	Bt1 1	Bt3 2	
62	Bt1 1	Bt2 1	Bt3 1	
63	Bt2 1	
64	Bt1 1	
65	Bt1 1	
66	Bt1 1	Bt2 1	Bt3 1	
67	Bt1 1	Bt2 1	Bt3 1	
68	Bt3 1	
69	Bt1 1	Bt2 1	
70	Bt3 1	
71	Bt1 1	
72	Bt1 1	Bt3 1	
73	Bt1 1	
74	Bt2 2	
75	Bt1 1	Bt3 1	
76	Bt1 1	
77	Bt2 1	Bt3 1	
78	Bt1 2	
79	Bt3 1	
80	Bt1 3	
81	Bt1 1	Bt2 1	Bt3 1	
82	Bt1 1	Bt2 1	Bt3 1	
83	Bt1 1	
84	Bt2 2	Bt3 1	
85	Bt2 1	Bt3 1	
86	Bt1 1	
87	Bt2 1	Bt3 1	
88	Bt1 1	Bt2 1	Bt3 1	
89	Bt3 1	
90	Bt2 1	
91	Bt3 1	
92	Bt1 1	
93	Bt2 1	
94	Bt2 1	Bt3 1	
95	Bt1 1	Bt3 1	
96	Bt1 1	Bt2 1	
97	Bt2 1	Bt3 1	
98	Bt1 1	Bt2 2	
99	Bt1 2	Bt3 1	
100	Bt1 1	Bt3 1	