Name				246_n100_m200_bt10
Number_of_Customers		100
Number_of_Items			200
Number_of_ItemTypes		10
Number_of_Vehicles		19
TimeWindows			1

VEHICLE
Mass_Capacity			12595
CargoSpace_Length		60
CargoSpace_Width		25
CargoSpace_Height		30
Wheelbase			48
Max_Mass_FrontAxle		7100
Max_Mass_RearAxle		11500
Distance_FrontAxle_CargoSpace	4

CUSTOMERS
i		x		y		Demand		ReadyTime	DueDate		ServiceTime	DemandedMass	DemandedVolume
0		35		35		0		0		1000		0		0		0
1		12		24		3		510		772		10		2216.62		6312
2		25		19		1		0		971		10		221.48		1320
3		18		51		3		0		966		10		1008.82		4790
4		43		18		2		0		971		10		1106.59		4654
5		65		46		1		0		958		10		364.56		1144
6		39		61		2		0		963		10		739.74		2904
7		25		1		3		0		954		10		1649.53		6096
8		45		39		2		0		979		10		490.56		3206
9		5		37		3		0		959		10		1199.03		3876
10		33		41		1		0		983		10		364.56		1144
11		14		39		2		37		285		10		442.96		2640
12		65		61		2		649		837		10		1340.81		3872
13		18		56		2		0		962		10		571.08		1984
14		2		60		2		0		948		10		737.69		3878
15		39		56		3		259		535		10		1714.14		6168
16		33		77		3		0		947		10		1417.36		5904
17		5		67		1		662		932		10		459.29		972
18		55		56		2		0		961		10		1221.62		3108
19		54		34		2		0		970		10		1340.81		3872
20		33		61		1		0		963		10		767.97		1596
21		29		50		3		0		179		10		1797.04		4724
22		67		64		1		0		946		10		206.52		840
23		61		10		2		345		591		10		737.69		3878
24		26		50		1		0		972		10		221.48		1320
25		53		43		2		522		712		10		971.91		3096
26		16		76		1		0		944		10		453.65		1512
27		29		40		3		0		982		10		1023.78		5270
28		42		67		2		605		817		10		1811.91		6032
29		19		1		2		0		952		10		1221.62		3108
30		0		7		2		0		945		10		1210.84		5064
31		46		23		1		0		973		10		767.97		1596
32		57		49		3		119		359		10		866.69		3192
33		26		10		3		0		963		10		1492.75		4020
34		63		53		2		0		956		10		1187.11		3432
35		18		29		2		0		971		10		1281.84		3260
36		65		57		2		0		952		10		680.77		2292
37		0		18		2		0		951		10		971.91		3096
38		58		12		1		0		957		10		822.55		2288
39		42		70		3		0		954		10		870.08		4830
40		26		34		3		0		980		10		1336.47		4240
41		57		24		3		0		965		10		944.21		4718
42		6		24		3		0		958		10		1554.78		4752
43		43		56		1		0		967		10		453.65		1512
44		0		15		2		109		321		10		977.55		2556
45		2		41		2		691		973		10		1106.59		4654
46		12		51		1		0		961		10		767.97		1596
47		9		55		3		20		314		10		1134.42		3804
48		24		74		2		0		949		10		1340.81		3872
49		18		68		1		0		952		10		989.36		3744
50		40		26		3		0		979		10		1650.79		4324
51		51		69		2		0		952		10		802.3		3950
52		69		38		1		0		955		10		221.48		1320
53		45		33		2		0		979		10		586.04		2464
54		55		12		2		420		624		10		743.33		3338
55		36		12		2		548		744		10		490.56		3206
56		45		13		2		355		673		10		739.74		2904
57		29		7		3		0		961		10		1166.86		5094
58		37		3		2		0		957		10		724.78		2424
59		8		32		2		0		962		10		823.85		2116
60		59		19		1		0		961		10		459.29		972
61		70		70		3		0		940		10		1866.58		5896
62		2		29		3		0		956		10		1393.63		4272
63		50		30		2		0		974		10		1210.84		5064
64		4		20		1		548		792		10		364.56		1144
65		35		69		3		0		956		10		1193.39		4416
66		38		30		1		824		1000		10		221.48		1320
67		7		51		2		0		957		10		413.04		1680
68		42		22		3		567		863		10		1714.14		6168
69		69		10		2		699		943		10		571.08		1984
70		21		34		2		558		780		10		1507.62		5328
71		58		64		3		0		952		10		2210.98		6852
72		52		57		2		0		962		10		989.45		2916
73		47		48		3		0		972		10		619.56		2520
74		2		80		1		0		934		10		518.26		1584
75		27		75		1		0		949		10		518.26		1584
76		15		20		3		0		965		10		1258.53		4802
77		20		9		1		0		959		10		459.29		972
78		44		64		1		0		959		10		989.36		3744
79		22		18		3		0		968		10		2358.49		5480
80		51		22		1		0		969		10		284.04		2366
81		12		11		1		0		956		10		767.97		1596
82		46		73		3		0		950		10		887.29		3132
83		11		17		2		0		960		10		1353.92		4888
84		36		74		2		0		950		10		971.91		3096
85		63		80		2		328		542		10		1443.01		5256
86		67		6		3		0		946		10		1650.79		4324
87		33		13		3		71		293		10		1560.44		5728
88		65		0		3		540		832		10		1377.87		2916
89		41		45		1		0		978		10		284.04		2366
90		55		17		3		0		963		10		777.6		2824
91		23		23		1		0		973		10		518.26		1584
92		57		42		1		0		966		10		767.97		1596
93		34		32		3		482		662		10		1258.53		4802
94		21		64		1		0		957		10		284.04		2366
95		13		63		2		0		954		10		1106.59		4654
96		70		78		1		0		934		10		453.65		1512
97		49		35		1		0		976		10		364.56		1144
98		1		68		1		0		942		10		364.56		1144
99		48		77		1		0		946		10		206.52		840
100		27		64		2		0		959		10		818.21		2656

ITEMS
Type		Length		Width		Height		Mass		Fragility	LoadBearingStrength
Bt1		12		11		10		221.48		0		17.2065949
Bt2		12		10		7		206.52		0		27.6530909
Bt3		13		8		11		364.56		1		8.4828141
Bt4		24		7		9		453.65		0		31.7797271
Bt5		12		9		9		459.29		0		65.1642389
Bt6		19		12		7		767.97		0		16.0381919
Bt7		24		12		13		989.36		0		28.1765647
Bt8		12		11		12		518.26		0		22.4408133
Bt9		13		13		14		284.04		0		5.3652273
Bt10		26		11		8		822.55		1		8.2314296

DEMANDS PER CUSTOMER
i	Type Quantity
1	Bt5 1	Bt6 1	Bt7 1	
2	Bt1 1	
3	Bt2 1	Bt8 1	Bt9 1	
4	Bt9 1	Bt10 1	
5	Bt3 1	
6	Bt1 1	Bt8 1	
7	Bt2 1	Bt4 1	Bt7 1	
8	Bt2 1	Bt9 1	
9	Bt1 1	Bt5 1	Bt8 1	
10	Bt3 1	
11	Bt1 2	
12	Bt8 1	Bt10 1	
13	Bt2 1	Bt3 1	
14	Bt4 1	Bt9 1	
15	Bt2 1	Bt7 1	Bt8 1	
16	Bt1 1	Bt2 1	Bt7 1	
17	Bt5 1	
18	Bt4 1	Bt6 1	
19	Bt8 1	Bt10 1	
20	Bt6 1	
21	Bt2 1	Bt6 1	Bt10 1	
22	Bt2 1	
23	Bt4 1	Bt9 1	
24	Bt1 1	
25	Bt4 1	Bt8 1	
26	Bt4 1	
27	Bt1 1	Bt8 1	Bt9 1	
28	Bt7 1	Bt10 1	
29	Bt4 1	Bt6 1	
30	Bt1 1	Bt7 1	
31	Bt6 1	
32	Bt2 2	Bt4 1	
33	Bt2 1	Bt6 1	Bt8 1	
34	Bt3 1	Bt10 1	
35	Bt5 1	Bt10 1	
36	Bt1 1	Bt5 1	
37	Bt4 1	Bt8 1	
38	Bt10 1	
39	Bt1 1	Bt3 1	Bt9 1	
40	Bt3 1	Bt4 1	Bt8 1	
41	Bt2 1	Bt4 1	Bt9 1	
42	Bt8 3	
43	Bt4 1	
44	Bt5 1	Bt8 1	
45	Bt9 1	Bt10 1	
46	Bt6 1	
47	Bt1 1	Bt4 1	Bt5 1	
48	Bt8 1	Bt10 1	
49	Bt7 1	
50	Bt3 1	Bt6 1	Bt8 1	
51	Bt8 1	Bt9 1	
52	Bt1 1	
53	Bt1 1	Bt3 1	
54	Bt5 1	Bt9 1	
55	Bt2 1	Bt9 1	
56	Bt1 1	Bt8 1	
57	Bt3 1	Bt8 1	Bt9 1	
58	Bt2 1	Bt8 1	
59	Bt3 1	Bt5 1	
60	Bt5 1	
61	Bt1 1	Bt10 2	
62	Bt2 1	Bt3 1	Bt10 1	
63	Bt1 1	Bt7 1	
64	Bt3 1	
65	Bt1 1	Bt4 1	Bt8 1	
66	Bt1 1	
67	Bt2 2	
68	Bt2 1	Bt7 1	Bt8 1	
69	Bt2 1	Bt3 1	
70	Bt7 1	Bt8 1	
71	Bt4 1	Bt6 1	Bt7 1	
72	Bt1 1	Bt6 1	
73	Bt2 3	
74	Bt8 1	
75	Bt8 1	
76	Bt2 1	Bt6 1	Bt9 1	
77	Bt5 1	
78	Bt7 1	
79	Bt6 2	Bt10 1	
80	Bt9 1	
81	Bt6 1	
82	Bt1 1	Bt2 1	Bt5 1	
83	Bt3 1	Bt7 1	
84	Bt4 1	Bt8 1	
85	Bt4 1	Bt7 1	
86	Bt3 1	Bt6 1	Bt8 1	
87	Bt2 1	Bt3 1	Bt7 1	
88	Bt5 3	
89	Bt9 1	
90	Bt2 2	Bt3 1	
91	Bt8 1	
92	Bt6 1	
93	Bt2 1	Bt6 1	Bt9 1	
94	Bt9 1	
95	Bt9 1	Bt10 1	
96	Bt4 1	
97	Bt3 1	
98	Bt3 1	
99	Bt2 1	
100	Bt3 1	Bt4 1	