Name				252_n100_m200_bt100
Number_of_Customers		100
Number_of_Items			200
Number_of_ItemTypes		100
Number_of_Vehicles		32
TimeWindows			1

VEHICLE
Mass_Capacity			12595
CargoSpace_Length		60
CargoSpace_Width		25
CargoSpace_Height		30
Wheelbase			48
Max_Mass_FrontAxle		7100
Max_Mass_RearAxle		11500
Distance_FrontAxle_CargoSpace	4

CUSTOMERS
i		x		y		Demand		ReadyTime	DueDate		ServiceTime	DemandedMass	DemandedVolume
0		35		35		0		0		1000		0		0		0
1		17		69		2		0		951		10		1346.13		4884
2		25		28		2		569		837		10		1323.6		4203
3		35		57		2		164		338		10		2141.71		5892
4		0		31		2		152		394		10		2374.26		4378
5		46		64		3		0		958		10		2645.17		6140
6		46		58		2		0		964		10		864.64		4830
7		20		47		2		41		253		10		913.45		3052
8		49		38		1		0		975		10		1529		3332
9		3		43		2		532		788		10		1719.57		4736
10		23		33		3		0		977		10		1421.88		5041
11		40		51		2		312		600		10		1374.16		2737
12		27		69		2		0		955		10		1755.17		3656
13		17		54		3		0		963		10		2072.52		7224
14		24		18		2		778		1000		10		1997.83		6440
15		27		76		2		185		435		10		1088.08		3000
16		4		25		3		0		957		10		786.43		3973
17		33		0		1		465		751		10		642.01		1372
18		59		9		2		0		954		10		1555.59		4480
19		69		34		3		391		599		10		3356.81		8658
20		8		26		1		0		961		10		424.12		2240
21		58		80		1		689		921		10		500.34		4080
22		69		54		1		143		383		10		1539.29		5460
23		53		72		2		0		948		10		1496.31		4245
24		14		14		2		393		647		10		2816.38		4251
25		62		7		2		701		907		10		756.56		3230
26		42		70		1		0		954		10		579.11		2178
27		51		50		3		0		968		10		5185.44		10816
28		29		29		2		685		941		10		761.77		2754
29		37		71		3		0		953		10		2051.36		5975
30		31		22		1		0		976		10		329.69		1320
31		5		51		2		674		914		10		1262.44		3312
32		63		75		3		331		543		10		1776.12		4046
33		11		36		1		0		965		10		407.75		1728
34		13		42		3		286		530		10		1956.42		5664
35		31		42		3		0		981		10		3042.6		8778
36		1		70		1		0		941		10		459.21		1080
37		50		61		1		31		285		10		1066.18		1980
38		41		8		1		337		543		10		1066.18		1980
39		44		52		3		0		970		10		1121.96		5438
40		11		67		2		0		950		10		2086.85		5236
41		23		53		2		0		968		10		1581.64		3632
42		30		62		3		0		962		10		1914.49		6810
43		62		23		3		653		903		10		2402.23		6102
44		58		40		2		0		224		10		2158.45		6828
45		11		47		2		0		963		10		1317.13		5630
46		70		13		2		710		964		10		613.78		3336
47		63		28		1		0		961		10		156.73		420
48		34		6		3		821		1000		10		1885.94		6468
49		14		25		3		559		741		10		1303.18		4083
50		70		25		1		0		953		10		757.4		3564
51		15		59		1		407		649		10		266.74		1690
52		28		11		3		586		820		10		1748		7084
53		65		37		2		0		959		10		1719.57		4736
54		59		35		2		155		391		10		914.98		4404
55		56		47		3		0		965		10		2241.28		7395
56		41		41		1		376		644		10		1339.16		2184
57		32		71		3		0		953		10		2678.84		9087
58		38		17		2		503		751		10		1600.77		4200
59		0		55		3		0		949		10		3015.27		9420
60		18		39		2		93		357		10		1245.54		3795
61		65		46		3		827		1000		10		2140.18		7512
62		55		21		2		0		965		10		894.53		5486
63		4		34		2		195		431		10		2380.47		9074
64		31		13		3		0		967		10		3953.67		10018
65		13		7		1		33		271		10		1630.35		4620
66		67		27		1		47		295		10		266.74		1690
67		10		7		2		0		952		10		1965.46		4008
68		61		13		2		465		747		10		1148.87		2384
69		58		51		2		416		652		10		1600.34		3850
70		54		57		2		0		960		10		1429.26		6930
71		24		67		2		70		338		10		2541.68		5515
72		54		37		3		0		970		10		3920		5220
73		44		21		3		0		973		10		1794.05		5701
74		65		0		3		309		533		10		3013.29		8303
75		16		11		1		0		959		10		423.36		3536
76		8		60		2		199		455		10		1410.06		6236
77		32		75		1		0		949		10		839.84		2304
78		29		52		1		719		951		10		266.74		1690
79		58		58		1		0		957		10		2204.26		4004
80		33		45		2		0		979		10		2986.08		6534
81		8		77		2		0		940		10		987.16		4741
82		5		62		3		483		685		10		1996.48		7000
83		14		31		1		552		706		10		225.45		1674
84		60		64		2		0		951		10		2471.3		6200
85		35		77		3		0		948		10		1944.2		6402
86		33		63		3		0		961		10		3876.12		6264
87		35		19		1		0		974		10		916.6		3360
88		36		29		2		814		1000		10		1823.31		3306
89		25		79		1		0		944		10		1359.91		1904
90		46		45		2		750		956		10		987.16		4741
91		54		6		2		0		955		10		1417.92		3978
92		21		30		1		409		641		10		305.52		1771
93		18		29		2		648		954		10		1449.14		6348
94		67		23		1		0		955		10		500.34		4080
95		70		67		3		0		171		10		1815.71		6148
96		7		10		2		0		952		10		1079.45		6258
97		20		34		1		0		974		10		84.63		720
98		51		55		1		0		964		10		625.62		3024
99		1		47		3		553		781		10		1037.31		4254
100		44		38		1		98		332		10		424.12		2240

ITEMS
Type		Length		Width		Height		Mass		Fragility	LoadBearingStrength
Bt1		33		6		11		579.11		0		40.9446384
Bt2		26		11		8		1136.01		0		52.9573456
Bt3		28		10		8		424.12		0		20.6661434
Bt4		15		14		14		898.49		0		57.2404928
Bt5		19		8		13		1666.05		0		105.2390307
Bt6		14		12		9		423.63		1		4.0521525
Bt7		22		14		7		909.72		0		26.9383571
Bt8		35		7		12		1065.77		0		11.8753443
Bt9		23		11		8		598.25		0		13.0631912
Bt10		25		12		7		737.59		0		21.4936908
Bt11		35		12		13		1539.29		0		17.0432549
Bt12		33		6		7		142.61		0		9.6766225
Bt13		25		8		7		410.61		1		34.6423573
Bt14		18		9		9		418.82		0		16.7147037
Bt15		18		11		9		338.24		0		18.1506869
Bt16		34		13		8		423.36		0		34.2634608
Bt17		25		9		8		838.81		0		63.2460516
Bt18		25		14		7		992.01		0		84.4057864
Bt19		28		6		10		442.89		0		31.7583938
Bt20		23		12		12		769.78		1		5.3571981
Bt21		20		13		12		1141.56		1		8.0583415
Bt22		13		11		13		1002.10		0		22.8763987
Bt23		28		7		7		642.01		1		4.4993184
Bt24		20		12		11		1346.30		0		20.4331174
Bt25		13		10		13		266.74		0		8.4982673
Bt26		25		9		13		851.12		0		17.6538495
Bt27		25		11		9		915.85		1		9.0946582
Bt28		27		12		11		757.40		1		3.7362100
Bt29		26		7		12		1339.16		0		129.3200549
Bt30		30		11		12		2047.18		0		15.5055788
Bt31		34		6		13		285.53		1		2.3541017
Bt32		35		9		8		494.37		0		65.6616110
Bt33		29		7		14		827.85		0		120.5287634
Bt34		12		10		7		157.58		0		38.2016054
Bt35		22		6		10		329.69		0		13.2456371
Bt36		21		5		13		732.15		0		106.1321644
Bt37		15		5		10		298.01		0		62.7061865
Bt38		27		12		6		280.36		0		19.9862718
Bt39		28		13		11		2204.26		0		48.2041411
Bt40		24		8		7		445.63		0		23.5367884
Bt41		32		7		9		908.37		0		71.1341253
Bt42		29		13		14		2686.54		1		16.3824472
Bt43		22		5		12		645.19		0		274.5773123
Bt44		35		12		11		1630.35		0		13.7847906
Bt45		20		11		9		259.66		0		11.1862803
Bt46		12		5		12		84.63		0		47.4235709
Bt47		30		9		12		1391.35		0		24.5500187
Bt48		35		14		14		3436.91		0		48.4317171
Bt49		23		8		7		396.05		0		25.7288218
Bt50		17		14		14		1529		0		61.0291739
Bt51		24		12		7		773.47		0		36.6268704
Bt52		30		6		6		459.21		1		7.2360141
Bt53		14		5		6		156.73		0		27.1066827
Bt54		34		12		10		500.34		1		1.9364977
Bt55		16		8		8		230.30		0		8.9691819
Bt56		27		14		10		1659.36		1		11.6166711
Bt57		15		5		7		146.77		0		46.1785912
Bt58		14		14		6		1477.16		0		139.8867414
Bt59		28		14		9		569.63		0		22.8028546
Bt60		12		5		7		142.67		0		20.9156335
Bt61		32		9		8		839.84		0		24.7506340
Bt62		16		12		8		1546.41		0		75.5974484
Bt63		30		7		7		243.35		0		7.6174495
Bt64		33		14		8		1163.61		0		86.0776713
Bt65		25		7		13		1150.33		0		87.0224471
Bt66		15		11		12		1017.36		0		143.6808897
Bt67		35		12		8		916.60		0		29.6167487
Bt68		20		11		14		1177.13		0		221.6061813
Bt69		33		5		14		1110.52		0		27.4181675
Bt70		31		6		9		225.45		1		7.8391320
Bt71		18		12		13		1378.70		0		48.5490491
Bt72		17		8		12		1597.86		0		188.7465415
Bt73		29		12		13		1522.55		1		5.4798136
Bt74		16		8		9		223.70		0		54.9549185
Bt75		26		9		11		938.90		0		125.7008787
Bt76		35		13		10		857.92		0		11.3721599
Bt77		33		10		9		681.64		0		12.5529359
Bt78		25		5		9		473.27		0		28.4354574
Bt79		28		12		9		625.62		0		7.9128459
Bt80		34		7		8		1359.91		0		51.9201363
Bt81		19		9		8		619.16		0		35.9299742
Bt82		20		11		9		1066.18		0		44.9424510
Bt83		16		6		8		282.53		1		13.5225369
Bt84		31		12		12		993.83		0		19.0261309
Bt85		28		5		13		367.48		1		12.3317502
Bt86		14		6		8		172.86		0		40.7373586
Bt87		33		11		10		885.01		0		24.5684619
Bt88		31		8		13		1295.94		0		63.9261871
Bt89		34		8		7		990.45		1		6.6936510
Bt90		14		12		13		674.72		0		28.1555970
Bt91		29		12		14		720.74		0		12.5427832
Bt92		23		7		11		305.52		0		15.2470769
Bt93		24		6		12		407.75		0		33.3590092
Bt94		22		7		10		489.82		0		30.5067676
Bt95		34		7		9		309.15		1		1.9118264
Bt96		30		8		10		3609.90		0		121.2081703
Bt97		17		10		14		571.34		0		36.3623796
Bt98		15		13		10		471.17		1		3.7244068
Bt99		13		12		13		2910.51		1		38.6045628
Bt100		22		10		13		1271.34		0		97.9198007

DEMANDS PER CUSTOMER
i	Type Quantity
1	Bt8 1	Bt38 1	
2	Bt27 1	Bt93 1	
3	Bt73 1	Bt81 1	
4	Bt33 1	Bt62 1	
5	Bt13 1	Bt28 1	Bt58 1	
6	Bt1 1	Bt31 1	
7	Bt6 1	Bt94 1	
8	Bt50 1	
9	Bt6 1	Bt88 1	
10	Bt43 1	Bt92 1	Bt98 1	
11	Bt23 1	Bt36 1	
12	Bt2 1	Bt81 1	
13	Bt38 1	Bt69 1	Bt77 1	
14	Bt44 1	Bt85 1	
15	Bt19 1	Bt43 1	
16	Bt15 1	Bt60 1	Bt92 1	
17	Bt23 1	
18	Bt8 1	Bt94 1	
19	Bt13 1	Bt42 1	Bt45 1	
20	Bt3 1	
21	Bt54 1	
22	Bt11 1	
23	Bt26 1	Bt43 1	
24	Bt5 1	Bt65 1	
25	Bt25 1	Bt94 1	
26	Bt1 1	
27	Bt7 1	Bt17 1	Bt48 1	
28	Bt12 1	Bt81 1	
29	Bt35 1	Bt65 1	Bt97 1	
30	Bt35 1	
31	Bt6 1	Bt17 1	
32	Bt63 1	Bt80 1	Bt86 1	
33	Bt93 1	
34	Bt17 1	Bt19 1	Bt90 1	
35	Bt24 1	Bt28 1	Bt75 1	
36	Bt52 1	
37	Bt82 1	
38	Bt82 1	
39	Bt9 1	Bt38 1	Bt63 1	
40	Bt7 1	Bt68 1	
41	Bt2 1	Bt40 1	
42	Bt26 1	Bt57 1	Bt67 1	
43	Bt46 1	Bt71 1	Bt75 1	
44	Bt11 1	Bt81 1	
45	Bt52 1	Bt76 1	
46	Bt12 1	Bt98 1	
47	Bt53 1	
48	Bt3 1	Bt8 1	Bt49 1	
49	Bt10 1	Bt14 1	Bt57 1	
50	Bt28 1	
51	Bt25 1	
52	Bt54 1	Bt55 1	Bt66 1	
53	Bt6 1	Bt88 1	
54	Bt28 1	Bt34 1	
55	Bt8 1	Bt27 1	Bt45 1	
56	Bt29 1	
57	Bt11 1	Bt27 1	Bt74 1	
58	Bt21 1	Bt52 1	
59	Bt11 1	Bt46 1	Bt47 1	
60	Bt27 1	Bt35 1	
61	Bt61 1	Bt79 1	Bt90 1	
62	Bt16 1	Bt98 1	
63	Bt73 1	Bt76 1	
64	Bt18 1	Bt28 1	Bt39 1	
65	Bt44 1	
66	Bt25 1	
67	Bt24 1	Bt81 1	
68	Bt22 1	Bt57 1	
69	Bt69 1	Bt94 1	
70	Bt76 1	Bt97 1	
71	Bt47 1	Bt65 1	
72	Bt23 1	Bt85 1	Bt99 1	
73	Bt66 1	Bt92 1	Bt98 1	
74	Bt22 1	Bt66 1	Bt84 1	
75	Bt16 1	
76	Bt7 1	Bt54 1	
77	Bt61 1	
78	Bt25 1	
79	Bt39 1	
80	Bt30 1	Bt75 1	
81	Bt77 1	Bt92 1	
82	Bt26 1	Bt61 1	Bt92 1	
83	Bt70 1	
84	Bt3 1	Bt30 1	
85	Bt15 1	Bt24 1	Bt45 1	
86	Bt30 1	Bt62 1	Bt83 1	
87	Bt67 1	
88	Bt70 1	Bt72 1	
89	Bt80 1	
90	Bt77 1	Bt92 1	
91	Bt1 1	Bt17 1	
92	Bt92 1	
93	Bt31 1	Bt64 1	
94	Bt54 1	
95	Bt9 1	Bt18 1	Bt70 1	
96	Bt1 1	Bt54 1	
97	Bt46 1	
98	Bt79 1	
99	Bt40 1	Bt83 1	Bt95 1	
100	Bt3 1	