Name				253_n100_m200_bt100
Number_of_Customers		100
Number_of_Items			200
Number_of_ItemTypes		100
Number_of_Vehicles		29
TimeWindows			1

VEHICLE
Mass_Capacity			12595
CargoSpace_Length		60
CargoSpace_Width		25
CargoSpace_Height		30
Wheelbase			48
Max_Mass_FrontAxle		7100
Max_Mass_RearAxle		11500
Distance_FrontAxle_CargoSpace	4

CUSTOMERS
i		x		y		Demand		ReadyTime	DueDate		ServiceTime	DemandedMass	DemandedVolume
0		35		35		0		0		1000		0		0		0
1		67		64		1		0		246		10		553.22		3003
2		67		31		2		0		957		10		476.01		2212
3		6		28		3		0		960		10		1487.29		3312
4		9		79		3		0		938		10		2137.02		6136
5		47		29		3		0		976		10		1080.25		4826
6		13		74		3		0		945		10		2186.55		11338
7		69		79		1		0		934		10		1196.91		2079
8		20		19		2		0		968		10		1533.65		3624
9		40		5		2		0		172		10		1117.35		3348
10		12		19		3		0		961		10		1737.37		7944
11		62		5		1		0		949		10		881.59		4030
12		21		55		2		0		965		10		790.6		4706
13		55		42		2		0		968		10		1262.87		3528
14		35		18		2		0		973		10		4957.62		6619
15		27		50		2		0		973		10		591.19		4186
16		45		46		2		0		975		10		2773.44		6264
17		5		55		3		332		564		10		1992.43		9464
18		63		13		1		274		508		10		676.69		4284
19		36		59		2		0		965		10		996.84		2768
20		58		27		2		0		965		10		1303.6		8224
21		47		60		3		539		805		10		1503.46		9011
22		13		26		3		0		966		10		2347.23		5980
23		69		10		2		0		217		10		1038.87		3756
24		30		32		3		151		411		10		1083.77		5534
25		32		26		1		701		953		10		221.19		1716
26		57		62		2		431		669		10		2156.62		6240
27		52		35		1		423		677		10		1036.6		5096
28		9		46		2		0		961		10		2654.35		10864
29		61		27		3		0		962		10		1605.03		6104
30		65		77		3		0		938		10		1267.96		10038
31		17		62		2		530		734		10		1421.17		2805
32		15		37		2		0		140		10		918.89		6286
33		3		10		1		504		754		10		1357.14		4752
34		45		22		2		0		973		10		1562		10304
35		11		10		2		0		955		10		669.66		3688
36		47		0		1		0		953		10		369.03		1056
37		21		42		2		0		974		10		1459.34		4758
38		16		13		1		0		960		10		227		760
39		39		27		2		0		981		10		2150.06		7716
40		40		71		2		0		953		10		771.8		1826
41		31		74		2		0		950		10		1842.4		4488
42		26		27		3		0		225		10		1701.48		9844
43		20		61		1		479		741		10		293.15		1820
44		21		70		3		0		952		10		1219.3		4104
45		60		41		2		0		964		10		1110.83		3860
46		69		48		3		596		888		10		1123.19		4502
47		49		68		3		817		1000		10		1979.01		6888
48		51		21		3		0		968		10		2363		7069
49		36		68		2		0		956		10		4862.5		6632
50		31		5		3		0		959		10		3037.42		9277
51		35		71		1		0		954		10		2096.75		1980
52		66		6		2		0		947		10		755.29		4608
53		9		39		1		541		699		10		760.95		3640
54		0		53		2		0		950		10		1870.65		5280
55		21		29		2		0		974		10		1099.39		3971
56		16		47		2		0		967		10		945.13		4152
57		43		76		2		0		948		10		2564.61		5787
58		7		11		3		0		953		10		2585.76		8815
59		54		45		1		0		968		10		298.04		2366
60		69		36		1		0		955		10		1363.81		3510
61		1		28		2		0		955		10		720.2		4586
62		52		41		2		0		971		10		968.87		6494
63		64		17		1		0		955		10		2369.07		3430
64		8		74		1		0		942		10		801.05		6664
65		26		6		1		0		959		10		292.18		2210
66		28		67		2		0		957		10		700.77		2848
67		36		0		3		698		938		10		889.46		2849
68		63		52		3		0		957		10		3038.89		4411
69		55		7		3		0		955		10		971.13		3972
70		8		18		2		0		958		10		1848.29		4510
71		59		4		1		0		950		10		603.49		765
72		34		4		3		0		958		10		4491.54		6326
73		40		74		2		0		950		10		800.59		3926
74		65		21		1		366		620		10		801.05		6664
75		57		75		2		0		944		10		734.85		4310
76		17		28		3		367		601		10		1652.88		6176
77		45		10		1		222		470		10		118.13		924
78		41		53		1		0		971		10		221.19		1716
79		34		15		2		0		969		10		1209.59		4476
80		11		69		1		0		948		10		367.28		1200
81		53		16		1		0		963		10		367.28		1200
82		4		42		2		0		958		10		1825.82		5784
83		2		50		3		0		953		10		3114.38		10782
84		61		72		1		0		944		10		191.69		784
85		56		39		2		0		968		10		874.31		2401
86		10		36		3		0		964		10		1543.36		4590
87		70		15		1		0		949		10		678.43		840
88		69		24		2		0		954		10		1654.39		5532
89		59		34		1		416		680		10		1036.6		5096
90		33		9		1		0		963		10		1141.03		2352
91		2		79		2		0		935		10		3682.68		9207
92		56		33		3		0		968		10		3980.93		7192
93		37		39		1		0		985		10		161.1		1144
94		7		64		3		0		949		10		2867.92		10466
95		27		80		3		81		307		10		1192.1		3520
96		12		59		2		0		956		10		2022.17		5208
97		31		38		3		734		974		10		1310.07		7616
98		43		13		2		0		966		10		1139.21		3328
99		60		23		1		0		962		10		719.47		1728
100		53		74		2		0		947		10		1394.75		3691

ITEMS
Type		Length		Width		Height		Mass		Fragility	LoadBearingStrength
Bt1		34		6		8		577.24		0		76.3068709
Bt2		32		10		6		299.79		0		34.5102286
Bt3		26		7		10		293.15		0		12.7843084
Bt4		33		8		13		1473.37		1		17.7245530
Bt5		22		7		6		118.13		0		6.2135604
Bt6		17		11		13		651.38		0		14.5063307
Bt7		21		14		6		608.45		1		10.2567745
Bt8		21		6		8		168.87		0		4.9143856
Bt9		27		13		10		1363.81		0		18.9586020
Bt10		29		8		10		953.62		0		43.8401224
Bt11		28		14		13		1036.60		0		41.4987810
Bt12		35		7		6		558.92		0		22.4481441
Bt13		23		10		11		262.79		0		15.1709639
Bt14		21		12		6		475.74		1		10.0168834
Bt15		33		11		13		1949.84		0		28.5498793
Bt16		19		7		7		305.25		0		22.1959594
Bt17		30		13		14		617.11		0		34.6829243
Bt18		29		6		10		579.91		1		5.2520991
Bt19		23		12		8		1935.94		0		65.7722951
Bt20		16		11		13		861.84		0		185.0762701
Bt21		30		13		11		1332.59		0		48.6183171
Bt22		26		5		12		502.55		0		48.4956765
Bt23		17		13		8		369.87		0		5.3724479
Bt24		30		5		13		824.03		0		15.1745353
Bt25		13		8		11		161.10		0		17.0801194
Bt26		22		11		9		483.49		1		3.4570120
Bt27		22		12		13		1211.72		0		13.2770596
Bt28		28		12		11		3743.63		1		79.2770501
Bt29		22		7		12		725.16		1		13.8699701
Bt30		33		12		12		1357.14		0		12.8423363
Bt31		15		13		9		906.12		0		192.8530368
Bt32		31		10		11		598.36		1		3.7757435
Bt33		14		13		9		735.02		0		26.7314776
Bt34		14		7		8		191.69		0		20.9183437
Bt35		28		8		8		381.91		0		12.9379073
Bt36		21		14		8		1141.03		0		59.9942338
Bt37		14		5		12		678.43		0		75.6460294
Bt38		13		7		13		283.22		1		12.9258230
Bt39		27		9		8		862.60		1		15.7991642
Bt40		34		11		8		4101.55		0		96.4343564
Bt41		27		9		6		315.41		0		12.8545492
Bt42		14		13		13		298.04		1		1.4040659
Bt43		15		7		13		169.28		0		9.5664233
Bt44		18		7		11		165.96		0		18.5323626
Bt45		30		10		14		1853.30		0		20.9306752
Bt46		28		7		6		121.84		0		9.5138337
Bt47		18		10		12		1708.54		0		219.5607350
Bt48		29		10		6		424.65		1		3.7339900
Bt49		33		13		14		1707.61		1		16.6553803
Bt50		25		9		7		2261.45		1		230.4324716
Bt51		25		8		7		471.33		0		26.0812979
Bt52		19		5		8		227		0		24.2668104
Bt53		21		13		11		553.22		0		15.4781547
Bt54		31		13		9		856.07		0		24.9147829
Bt55		25		14		6		442.67		1		2.4947593
Bt56		13		10		8		277.37		1		21.1891880
Bt57		18		11		10		2096.75		0		153.9897379
Bt58		27		11		7		1196.91		0		45.5060664
Bt59		25		13		8		474.34		0		43.1730781
Bt60		20		7		11		448.01		0		23.6074349
Bt61		34		9		14		676.69		0		14.9291616
Bt62		12		6		11		137.81		0		23.9097747
Bt63		27		6		13		316.26		0		28.4140050
Bt64		22		5		7		282.48		0		68.3545159
Bt65		13		12		11		221.19		0		9.7950434
Bt66		28		10		13		760.95		0		9.9535155
Bt67		13		7		11		432.79		1		28.0421748
Bt68		12		8		11		318.86		0		133.8753355
Bt69		15		14		6		578.75		0		32.2612107
Bt70		14		5		6		94.10		0		22.1942321
Bt71		29		6		12		329.39		0		27.4146661
Bt72		17		10		12		817.68		0		53.1973771
Bt73		21		7		10		498.94		0		70.0951453
Bt74		35		8		14		620.85		0		13.2800844
Bt75		18		10		7		743.37		1		17.8467454
Bt76		18		7		11		389.22		0		14.3756478
Bt77		15		12		9		397.88		0		46.1386253
Bt78		30		7		8		671.05		0		23.5824121
Bt79		35		7		6		569.06		0		21.4073202
Bt80		35		7		14		2369.07		0		26.2232484
Bt81		24		11		13		633.45		0		14.9784724
Bt82		12		12		12		719.47		0		63.1596636
Bt83		23		9		10		835.65		0		20.9829169
Bt84		30		13		13		972.59		0		109.2033855
Bt85		31		13		10		881.59		0		15.3982209
Bt86		25		5		11		623.28		0		47.7688153
Bt87		34		11		12		1732.84		0		17.7461427
Bt88		22		9		7		367.29		0		14.3293729
Bt89		14		11		14		255.97		0		28.0592233
Bt90		17		10		13		292.18		0		12.7758935
Bt91		34		14		14		801.05		0		44.5338435
Bt92		24		5		10		367.28		0		18.2424356
Bt93		32		13		10		698.36		0		12.6972871
Bt94		22		6		8		369.03		1		16.4279205
Bt95		29		13		12		1247.07		0		10.9545616
Bt96		18		10		9		461.85		0		39.7813316
Bt97		17		5		9		603.49		0		148.7900878
Bt98		35		8		9		367.89		0		44.1750090
Bt99		12		11		8		489.32		1		7.7196274
Bt100		34		9		9		734.65		0		32.8626020

DEMANDS PER CUSTOMER
i	Type Quantity
1	Bt53 1	
2	Bt35 1	Bt70 1	
3	Bt37 1	Bt62 1	Bt78 1	
4	Bt4 1	Bt22 1	Bt25 1	
5	Bt3 1	Bt76 1	Bt77 1	
6	Bt13 1	Bt61 1	Bt95 1	
7	Bt58 1	
8	Bt39 1	Bt78 1	
9	Bt77 1	Bt82 1	
10	Bt11 1	Bt35 1	Bt68 1	
11	Bt85 1	
12	Bt59 1	Bt63 1	
13	Bt36 1	Bt46 1	
14	Bt40 1	Bt54 1	
15	Bt3 1	Bt42 1	
16	Bt57 1	Bt61 1	
17	Bt60 1	Bt75 1	Bt91 1	
18	Bt61 1	
19	Bt56 1	Bt82 1	
20	Bt22 1	Bt91 1	
21	Bt53 1	Bt71 1	Bt74 1	
22	Bt6 1	Bt58 1	Bt73 1	
23	Bt65 1	Bt72 1	
24	Bt5 1	Bt32 1	Bt92 1	
25	Bt65 1	
26	Bt21 1	Bt24 1	
27	Bt11 1	
28	Bt45 1	Bt91 1	
29	Bt36 1	Bt42 1	Bt44 1	
30	Bt8 1	Bt42 1	Bt91 1	
31	Bt72 1	Bt97 1	
32	Bt42 1	Bt74 1	
33	Bt30 1	
34	Bt66 1	Bt91 1	
35	Bt2 1	Bt23 1	
36	Bt94 1	
37	Bt31 1	Bt53 1	
38	Bt52 1	
39	Bt4 1	Bt61 1	
40	Bt64 1	Bt99 1	
41	Bt4 1	Bt94 1	
42	Bt22 1	Bt77 1	Bt91 1	
43	Bt3 1	
44	Bt8 1	Bt33 1	Bt41 1	
45	Bt3 1	Bt72 1	
46	Bt26 1	Bt34 1	Bt60 1	
47	Bt2 1	Bt9 1	Bt41 1	
48	Bt16 1	Bt21 1	Bt29 1	
49	Bt40 1	Bt66 1	
50	Bt6 1	Bt37 1	Bt49 1	
51	Bt57 1	
52	Bt46 1	Bt81 1	
53	Bt66 1	
54	Bt62 1	Bt87 1	
55	Bt6 1	Bt60 1	
56	Bt1 1	Bt98 1	
57	Bt47 1	Bt54 1	
58	Bt1 1	Bt6 1	Bt30 1	
59	Bt42 1	
60	Bt9 1	
61	Bt32 1	Bt46 1	
62	Bt61 1	Bt90 1	
63	Bt80 1	
64	Bt91 1	
65	Bt90 1	
66	Bt35 1	Bt68 1	
67	Bt62 1	Bt67 1	Bt68 1	
68	Bt57 1	Bt68 1	Bt86 1	
69	Bt1 1	Bt2 1	Bt70 1	
70	Bt6 1	Bt58 1	
71	Bt97 1	
72	Bt42 1	Bt57 2	
73	Bt22 1	Bt42 1	
74	Bt91 1	
75	Bt55 1	Bt90 1	
76	Bt10 1	Bt23 1	Bt71 1	
77	Bt5 1	
78	Bt65 1	
79	Bt10 1	Bt89 1	
80	Bt92 1	
81	Bt92 1	
82	Bt69 1	Bt95 1	
83	Bt21 1	Bt30 1	Bt48 1	
84	Bt34 1	
85	Bt16 1	Bt79 1	
86	Bt12 1	Bt39 1	Bt46 1	
87	Bt37 1	
88	Bt27 1	Bt55 1	
89	Bt11 1	
90	Bt36 1	
91	Bt15 1	Bt87 1	
92	Bt19 1	Bt34 1	Bt45 1	
93	Bt25 1	
94	Bt45 1	Bt63 1	Bt93 1	
95	Bt34 1	Bt39 1	Bt62 1	
96	Bt8 1	Bt45 1	
97	Bt3 1	Bt66 1	Bt89 1	
98	Bt20 1	Bt56 1	
99	Bt82 1	
100	Bt6 1	Bt75 1	