Name				254_n100_m200_bt100
Number_of_Customers		100
Number_of_Items			200
Number_of_ItemTypes		100
Number_of_Vehicles		33
TimeWindows			1

VEHICLE
Mass_Capacity			12595
CargoSpace_Length		60
CargoSpace_Width		25
CargoSpace_Height		30
Wheelbase			48
Max_Mass_FrontAxle		7100
Max_Mass_RearAxle		11500
Distance_FrontAxle_CargoSpace	4

CUSTOMERS
i		x		y		Demand		ReadyTime	DueDate		ServiceTime	DemandedMass	DemandedVolume
0		35		35		0		0		1000		0		0		0
1		33		63		2		70		312		10		1201.94		4340
2		9		45		2		0		962		10		1428.72		3400
3		13		34		1		794		1000		10		457.15		2223
4		68		56		1		479		719		10		114.56		1080
5		66		25		3		204		472		10		3091.32		9000
6		4		0		2		743		967		10		2437.42		6558
7		7		55		2		407		601		10		1134.67		4230
8		7		62		2		489		717		10		3142.82		5148
9		48		4		1		724		990		10		165.49		1380
10		38		77		3		0		947		10		1648.28		6084
11		24		30		2		0		195		10		2595.4		4774
12		13		51		1		0		962		10		408.4		3024
13		5		27		1		0		958		10		630.18		990
14		62		13		2		667		895		10		1353.87		4291
15		47		66		1		44		298		10		1715.69		1820
16		28		11		3		116		374		10		3966.48		7943
17		7		59		3		743		965		10		1569.06		5146
18		0		54		2		0		950		10		1536.23		3408
19		34		60		3		65		221		10		1686.84		4739
20		70		0		3		0		940		10		1393.71		9044
21		58		51		1		48		296		10		1050.88		3864
22		43		80		1		485		695		10		325.36		3185
23		13		80		3		391		625		10		2258.04		8540
24		20		23		1		738		940		10		3143.13		5239
25		15		29		2		834		1000		10		1322.95		5334
26		0		70		1		0		940		10		648.08		1800
27		44		56		2		0		272		10		2543.18		4544
28		41		50		3		0		973		10		2810.52		6488
29		7		67		1		0		947		10		657.37		2392
30		66		77		3		222		452		10		3882.71		7490
31		2		30		2		69		315		10		1153.67		3264
32		42		5		2		277		539		10		1316.78		5990
33		55		39		1		0		217		10		443.37		2873
34		67		68		2		461		683		10		1888.28		3481
35		6		32		3		746		944		10		2055		3960
36		64		0		3		764		1000		10		1732.74		4647
37		54		30		2		383		629		10		1235.56		2952
38		31		60		2		762		1000		10		672.99		2534
39		20		6		3		568		804		10		922.5		5301
40		10		75		1		322		594		10		896.91		1050
41		50		50		2		716		946		10		1095.11		2955
42		58		72		1		94		352		10		408.4		3024
43		20		2		1		0		953		10		594.78		1932
44		35		77		2		788		1000		10		2781.55		4106
45		9		10		1		718		922		10		842.11		1440
46		41		20		1		572		838		10		385.08		2156
47		16		64		3		678		866		10		2174.81		7216
48		12		30		2		0		966		10		5023.34		9199
49		62		52		2		646		858		10		2404.81		7560
50		2		78		2		0		183		10		1638.57		3534
51		40		58		1		314		532		10		319.07		1820
52		70		17		2		497		731		10		1164.34		2070
53		18		26		1		0		970		10		907.66		1440
54		70		48		1		0		952		10		910.76		2520
55		29		51		2		292		524		10		2699.29		7602
56		63		66		1		776		990		10		381.81		714
57		63		73		2		0		942		10		1400.31		3976
58		29		6		2		11		269		10		1210.89		5040
59		13		6		3		651		877		10		2640.46		6567
60		44		30		2		71		305		10		502.72		2810
61		21		11		1		786		1000		10		174.45		936
62		30		72		3		724		946		10		3839.81		7638
63		17		17		3		529		757		10		961.17		5496
64		15		40		2		0		969		10		757.56		2506
65		3		73		2		0		940		10		1215.67		5188
66		37		65		2		0		959		10		3677.49		7000
67		18		47		2		0		969		10		1617.72		5934
68		12		27		3		0		965		10		2523.41		7468
69		22		52		1		329		555		10		909.55		3360
70		57		43		1		0		966		10		1461.68		3654
71		44		70		3		365		625		10		1259.89		3342
72		29		43		3		528		770		10		2094.63		10437
73		38		69		2		592		856		10		1023.99		4293
74		27		60		2		20		278		10		3524.22		4242
75		13		56		3		0		959		10		1803.81		5810
76		2		59		1		0		187		10		2399.16		5082
77		28		24		3		0		976		10		1621.13		2502
78		61		45		3		784		1000		10		2255.51		5311
79		60		21		3		339		599		10		2256.59		4957
80		45		75		3		0		948		10		1992.13		5119
81		51		63		3		706		968		10		1513.29		5946
82		69		38		2		287		515		10		1689.6		4680
83		39		27		1		750		950		10		1050.18		3808
84		35		15		1		414		634		10		262.46		1232
85		27		56		3		800		1000		10		3122.24		8627
86		34		74		1		0		233		10		1050.88		3864
87		2		45		3		422		698		10		1486.85		5826
88		66		46		3		0		217		10		2700.55		6770
89		8		49		2		666		904		10		675.02		3123
90		14		20		2		0		964		10		1396.53		4668
91		16		75		3		117		389		10		4034.06		6594
92		25		2		2		0		233		10		518.61		2540
93		48		46		1		677		901		10		2399.16		5082
94		39		15		3		760		1000		10		1821.31		6028
95		18		44		1		305		559		10		1303.82		2926
96		23		27		3		565		743		10		4415.71		6294
97		44		9		2		466		716		10		1557.73		4608
98		15		68		1		39		263		10		587.34		1280
99		34		41		1		0		983		10		322.23		630
100		57		20		3		355		607		10		5226.65		6232

ITEMS
Type		Length		Width		Height		Mass		Fragility	LoadBearingStrength
Bt1		25		6		14		280.61		0		4.5784775
Bt2		20		9		10		919.91		0		41.6123575
Bt3		32		13		6		1123.08		0		35.7325569
Bt4		26		10		8		342.80		1		10.7814468
Bt5		14		7		9		455.58		1		29.5236645
Bt6		12		11		12		742.94		1		5.9985008
Bt7		25		11		10		1387.24		1		12.8505127
Bt8		20		7		13		1715.69		0		29.6318575
Bt9		21		6		7		668.72		0		281.6486901
Bt10		34		8		7		243.29		0		8.8223144
Bt11		14		13		8		221.02		0		12.2963991
Bt12		18		14		13		3675.22		0		562.4246947
Bt13		30		11		6		1150.72		0		46.7609996
Bt14		35		13		7		325.36		0		12.7958602
Bt15		27		13		14		1271.64		0		17.5462668
Bt16		28		6		13		812.21		1		4.2873529
Bt17		21		10		6		233.29		0		15.8295080
Bt18		19		10		9		834.54		0		19.5227049
Bt19		21		13		13		635.35		0		7.0629943
Bt20		23		14		6		594.78		1		15.5145377
Bt21		19		13		9		457.15		0		11.9318514
Bt22		21		14		9		1133.17		0		64.5468270
Bt23		20		13		7		291.18		0		25.3188337
Bt24		23		13		8		657.37		0		11.4957880
Bt25		28		6		11		1014.55		1		46.1778773
Bt26		25		5		7		497.28		0		154.8805116
Bt27		33		14		11		2399.16		0		32.3671701
Bt28		31		12		8		3497.38		0		113.9309674
Bt29		19		11		14		1303.82		0		47.4210161
Bt30		26		10		7		319.07		1		7.2181215
Bt31		23		10		6		476.61		0		19.6695972
Bt32		17		8		13		648.90		0		19.7863700
Bt33		14		10		12		755.41		1		9.1455089
Bt34		15		7		7		110.08		0		13.6340422
Bt35		27		5		7		283.69		0		17.2199498
Bt36		32		5		6		1362.46		1		71.8998757
Bt37		14		5		9		322.23		0		52.2285158
Bt38		33		12		8		1992.10		0		59.3901951
Bt39		30		5		11		429.29		0		15.9132417
Bt40		23		9		9		851.20		0		56.3022586
Bt41		15		12		8		907.66		0		73.4538730
Bt42		31		5		10		269.43		0		6.7838069
Bt43		15		10		12		648.08		0		115.3576549
Bt44		34		14		8		1050.18		0		32.0912478
Bt45		12		10		13		157.52		0		7.5812725
Bt46		24		13		10		1399.95		0		33.5062697
Bt47		13		12		7		243.91		0		12.0177561
Bt48		23		12		14		1050.88		0		24.5179384
Bt49		22		11		14		809.19		0		13.3748404
Bt50		23		10		9		566.84		0		28.5426311
Bt51		31		13		13		3143.13		0		83.8020198
Bt52		15		6		12		341.46		0		35.0842156
Bt53		17		12		9		515.86		0		20.3292129
Bt54		15		8		6		227.43		0		18.8003753
Bt55		31		12		8		1030.77		0		29.6898773
Bt56		23		11		7		1053.74		0		230.2059430
Bt57		18		6		10		114.56		0		7.6889556
Bt58		16		14		11		1306.30		0		66.8603791
Bt59		21		13		10		296.56		0		23.7350180
Bt60		17		13		13		443.37		1		2.6384729
Bt61		25		10		11		1203.41		0		26.3409830
Bt62		14		8		11		262.46		0		18.0365153
Bt63		19		10		7		680.10		0		52.5109180
Bt64		30		5		7		536.54		0		38.2398722
Bt65		31		13		8		2325.97		0		41.1836563
Bt66		28		12		9		1033.85		0		33.3547296
Bt67		26		9		14		1238.73		0		29.6035447
Bt68		21		8		14		435.19		1		3.3049119
Bt69		13		9		9		108.18		0		6.1110779
Bt70		23		9		7		601.82		0		23.0554387
Bt71		17		7		6		381.81		1		14.8844203
Bt72		26		12		14		1617		0		17.9277787
Bt73		32		14		9		1344.18		0		18.5353662
Bt74		19		12		14		2627.31		0		74.0818661
Bt75		35		12		8		909.55		0		18.8731654
Bt76		35		8		7		521.06		1		6.0657956
Bt77		16		10		12		1216.53		1		10.0674989
Bt78		29		6		11		2132.69		0		192.7950031
Bt79		23		5		12		165.49		0		4.2512700
Bt80		22		7		14		385.08		1		6.5070458
Bt81		15		10		7		896.91		0		77.3106117
Bt82		24		10		13		1532.08		0		135.9830277
Bt83		21		12		10		300.13		0		10.1500434
Bt84		18		5		11		630.18		0		56.5647906
Bt85		21		12		10		910.76		0		51.9690876
Bt86		18		14		12		408.40		1		3.1921868
Bt87		27		12		10		625.01		0		17.6042311
Bt88		34		13		9		2033.84		1		9.9589128
Bt89		17		8		9		724.02		1		7.4888588
Bt90		32		12		8		347.45		0		12.0137394
Bt91		20		8		8		587.34		0		61.2086803
Bt92		30		12		11		1880.21		0		70.2321424
Bt93		16		10		9		842.11		0		65.8604846
Bt94		29		14		9		1461.68		0		148.7591021
Bt95		22		5		6		107.72		0		4.8824274
Bt96		34		8		6		526.96		0		87.0560639
Bt97		35		6		11		914.55		0		41.0202252
Bt98		20		8		13		1236.88		0		41.7931132
Bt99		26		6		6		174.45		1		3.8203010
Bt100		25		13		14		474.67		0		19.3759430

DEMANDS PER CUSTOMER
i	Type Quantity
1	Bt23 1	Bt85 1	
2	Bt41 1	Bt76 1	
3	Bt21 1	
4	Bt57 1	
5	Bt59 1	Bt92 1	Bt97 1	
6	Bt7 1	Bt44 1	
7	Bt18 1	Bt83 1	
8	Bt13 1	Bt38 1	
9	Bt79 1	
10	Bt53 1	Bt86 1	Bt89 1	
11	Bt42 1	Bt65 1	
12	Bt86 1	
13	Bt84 1	
14	Bt56 1	Bt83 1	
15	Bt8 1	
16	Bt32 1	Bt51 1	Bt99 1	
17	Bt29 1	Bt45 1	Bt95 1	
18	Bt16 1	Bt89 1	
19	Bt20 2	Bt26 1	
20	Bt19 1	Bt35 1	Bt100 1	
21	Bt48 1	
22	Bt14 1	
23	Bt50 1	Bt77 1	Bt100 1	
24	Bt51 1	
25	Bt86 1	Bt97 1	
26	Bt43 1	
27	Bt58 1	Bt98 1	
28	Bt42 1	Bt78 1	Bt86 1	
29	Bt24 1	
30	Bt8 1	Bt22 1	Bt66 1	
31	Bt16 1	Bt52 1	
32	Bt93 1	Bt100 1	
33	Bt60 1	
34	Bt18 1	Bt56 1	
35	Bt2 1	Bt41 1	Bt54 1	
36	Bt40 1	Bt45 1	Bt89 1	
37	Bt9 1	Bt50 1	
38	Bt23 1	Bt71 1	
39	Bt34 1	Bt53 1	Bt59 1	
40	Bt81 1	
41	Bt40 1	Bt47 1	
42	Bt86 1	
43	Bt20 1	
44	Bt5 1	Bt65 1	
45	Bt93 1	
46	Bt80 1	
47	Bt10 1	Bt73 1	Bt91 1	
48	Bt51 1	Bt92 1	
49	Bt15 1	Bt22 1	
50	Bt89 1	Bt97 1	
51	Bt30 1	
52	Bt37 1	Bt93 1	
53	Bt41 1	
54	Bt85 1	
55	Bt27 1	Bt83 1	
56	Bt71 1	
57	Bt6 1	Bt24 1	
58	Bt83 1	Bt85 1	
59	Bt33 1	Bt40 1	Bt66 1	
60	Bt17 1	Bt42 1	
61	Bt99 1	
62	Bt22 1	Bt36 1	Bt73 1	
63	Bt4 1	Bt17 1	Bt80 1	
64	Bt11 1	Bt64 1	
65	Bt44 1	Bt79 1	
66	Bt44 1	Bt74 1	
67	Bt48 1	Bt50 1	
68	Bt30 1	Bt72 1	Bt91 1	
69	Bt75 1	
70	Bt94 1	
71	Bt9 1	Bt31 1	Bt57 1	
72	Bt19 1	Bt48 1	Bt86 1	
73	Bt21 1	Bt50 1	
74	Bt74 1	Bt81 1	
75	Bt2 1	Bt59 1	Bt91 1	
76	Bt27 1	
77	Bt9 1	Bt37 1	Bt84 1	
78	Bt32 1	Bt33 1	Bt40 1	
79	Bt58 1	Bt69 1	Bt93 1	
80	Bt2 1	Bt11 1	Bt40 1	
81	Bt39 1	Bt75 1	Bt99 1	
82	Bt45 1	Bt82 1	
83	Bt44 1	
84	Bt62 1	
85	Bt21 1	Bt61 1	Bt94 1	
86	Bt48 1	
87	Bt18 1	Bt47 1	Bt86 1	
88	Bt1 1	Bt61 1	Bt77 1	
89	Bt50 1	Bt69 1	
90	Bt49 1	Bt91 1	
91	Bt8 1	Bt25 1	Bt29 1	
92	Bt23 1	Bt54 1	
93	Bt27 1	
94	Bt24 1	Bt43 1	Bt53 1	
95	Bt29 1	
96	Bt28 1	Bt32 1	Bt42 1	
97	Bt55 1	Bt96 1	
98	Bt91 1	
99	Bt37 1	
100	Bt36 1	Bt74 1	Bt98 1	