Name				257_n100_m200_bt3
Number_of_Customers		100
Number_of_Items			200
Number_of_ItemTypes		3
Number_of_Vehicles		12
TimeWindows			1

VEHICLE
Mass_Capacity			12595
CargoSpace_Length		60
CargoSpace_Width		25
CargoSpace_Height		30
Wheelbase			48
Max_Mass_FrontAxle		7100
Max_Mass_RearAxle		11500
Distance_FrontAxle_CargoSpace	4

CUSTOMERS
i		x		y		Demand		ReadyTime	DueDate		ServiceTime	DemandedMass	DemandedVolume
0		35		35		0		0		1000		0		0		0
1		38		75		3		190		412		10		604.39		1169
2		69		9		1		360		606		10		206.16		392
3		3		2		2		0		944		10		387.35		973
4		57		27		2		0		966		10		387.35		973
5		20		18		2		0		967		10		390.56		1176
6		3		57		1		8		246		10		195.28		588
7		13		51		1		0		962		10		192.07		385
8		69		67		1		452		680		10		206.16		392
9		3		11		2		0		950		10		387.35		973
10		61		70		2		0		946		10		401.44		980
11		48		25		2		0		973		10		387.35		973
12		27		59		1		563		789		10		195.28		588
13		56		70		3		628		872		10		579.42		1358
14		65		5		2		0		947		10		398.23		777
15		53		21		1		0		967		10		195.28		588
16		5		71		1		0		943		10		206.16		392
17		30		28		3		0		981		10		582.63		1561
18		52		26		3		362		594		10		590.3		1162
19		45		0		3		0		953		10		607.6		1372
20		14		76		3		0		943		10		593.51		1365
21		56		80		2		0		940		10		401.44		980
22		24		75		2		0		948		10		398.23		777
23		26		28		1		744		980		10		192.07		385
24		53		33		2		0		971		10		398.23		777
25		70		40		1		0		954		10		195.28		588
26		24		45		2		0		975		10		412.32		784
27		27		21		2		0		973		10		387.35		973
28		4		21		1		0		955		10		206.16		392
29		65		9		3		0		950		10		582.63		1561
30		11		19		2		0		961		10		390.56		1176
31		69		62		1		0		946		10		195.28		588
32		70		20		2		0		951		10		401.44		980
33		14		19		2		0		963		10		390.56		1176
34		30		65		3		0		959		10		596.72		1568
35		46		4		2		0		957		10		390.56		1176
36		12		55		3		0		959		10		618.48		1176
37		62		8		1		0		951		10		192.07		385
38		7		16		1		0		956		10		192.07		385
39		55		50		2		0		145		10		387.35		973
40		34		78		2		0		946		10		401.44		980
41		30		52		1		0		972		10		206.16		392
42		61		48		3		0		960		10		585.84		1764
43		35		65		2		0		960		10		398.23		777
44		48		18		1		227		495		10		206.16		392
45		57		32		3		47		255		10		593.51		1365
46		63		66		3		0		948		10		585.84		1764
47		38		69		3		511		767		10		593.51		1365
48		66		69		2		0		943		10		387.35		973
49		47		63		3		669		921		10		582.63		1561
50		5		51		3		0		956		10		604.39		1169
51		51		49		2		0		968		10		398.23		777
52		67		31		2		102		382		10		398.23		777
53		35		24		2		573		859		10		401.44		980
54		6		39		1		0		960		10		192.07		385
55		10		4		3		438		666		10		585.84		1764
56		35		53		1		223		433		10		195.28		588
57		21		14		3		0		964		10		576.21		1155
58		56		55		3		0		961		10		596.72		1568
59		44		66		2		0		957		10		387.35		973
60		56		7		1		130		372		10		192.07		385
61		4		67		1		0		212		10		192.07		385
62		60		45		2		0		963		10		387.35		973
63		59		56		2		0		958		10		387.35		973
64		43		22		1		147		371		10		195.28		588
65		1		75		2		0		937		10		387.35		973
66		58		67		3		0		950		10		593.51		1365
67		17		12		2		0		960		10		387.35		973
68		39		32		2		0		985		10		384.14		770
69		43		25		2		0		977		10		398.23		777
70		20		0		3		0		951		10		593.51		1365
71		6		47		1		323		571		10		206.16		392
72		31		71		2		0		953		10		390.56		1176
73		33		10		3		0		964		10		590.3		1162
74		29		12		2		0		966		10		401.44		980
75		5		27		2		0		958		10		401.44		980
76		33		47		3		496		686		10		579.42		1358
77		64		63		2		0		949		10		412.32		784
78		54		17		3		0		963		10		604.39		1169
79		59		14		3		90		338		10		607.6		1372
80		45		12		2		0		964		10		398.23		777
81		30		48		1		397		651		10		206.16		392
82		65		76		3		0		939		10		590.3		1162
83		62		59		1		0		953		10		206.16		392
84		15		47		2		0		966		10		401.44		980
85		66		60		1		0		950		10		206.16		392
86		15		8		3		0		956		10		604.39		1169
87		53		66		1		0		954		10		206.16		392
88		1		19		1		0		952		10		206.16		392
89		14		5		1		0		953		10		206.16		392
90		68		55		3		0		951		10		593.51		1365
91		48		14		3		0		965		10		593.51		1365
92		17		61		2		0		958		10		401.44		980
93		16		55		1		0		962		10		195.28		588
94		59		8		1		0		953		10		195.28		588
95		54		4		3		0		953		10		593.51		1365
96		9		24		3		0		961		10		579.42		1358
97		34		7		1		496		706		10		195.28		588
98		8		8		3		0		951		10		590.3		1162
99		0		26		2		0		953		10		390.56		1176
100		15		2		1		0		951		10		195.28		588

ITEMS
Type		Length		Width		Height		Mass		Fragility	LoadBearingStrength
Bt1		14		7		6		195.28		1		2.5017363
Bt2		14		4		7		206.16		0		19.7579757
Bt3		11		5		7		192.07		0		12.3565553

DEMANDS PER CUSTOMER
i	Type Quantity
1	Bt2 2	Bt3 1	
2	Bt2 1	
3	Bt1 1	Bt3 1	
4	Bt1 1	Bt3 1	
5	Bt1 2	
6	Bt1 1	
7	Bt3 1	
8	Bt2 1	
9	Bt1 1	Bt3 1	
10	Bt1 1	Bt2 1	
11	Bt1 1	Bt3 1	
12	Bt1 1	
13	Bt1 1	Bt3 2	
14	Bt2 1	Bt3 1	
15	Bt1 1	
16	Bt2 1	
17	Bt1 2	Bt3 1	
18	Bt2 1	Bt3 2	
19	Bt1 1	Bt2 2	
20	Bt1 1	Bt2 1	Bt3 1	
21	Bt1 1	Bt2 1	
22	Bt2 1	Bt3 1	
23	Bt3 1	
24	Bt2 1	Bt3 1	
25	Bt1 1	
26	Bt2 2	
27	Bt1 1	Bt3 1	
28	Bt2 1	
29	Bt1 2	Bt3 1	
30	Bt1 2	
31	Bt1 1	
32	Bt1 1	Bt2 1	
33	Bt1 2	
34	Bt1 2	Bt2 1	
35	Bt1 2	
36	Bt2 3	
37	Bt3 1	
38	Bt3 1	
39	Bt1 1	Bt3 1	
40	Bt1 1	Bt2 1	
41	Bt2 1	
42	Bt1 3	
43	Bt2 1	Bt3 1	
44	Bt2 1	
45	Bt1 1	Bt2 1	Bt3 1	
46	Bt1 3	
47	Bt1 1	Bt2 1	Bt3 1	
48	Bt1 1	Bt3 1	
49	Bt1 2	Bt3 1	
50	Bt2 2	Bt3 1	
51	Bt2 1	Bt3 1	
52	Bt2 1	Bt3 1	
53	Bt1 1	Bt2 1	
54	Bt3 1	
55	Bt1 3	
56	Bt1 1	
57	Bt3 3	
58	Bt1 2	Bt2 1	
59	Bt1 1	Bt3 1	
60	Bt3 1	
61	Bt3 1	
62	Bt1 1	Bt3 1	
63	Bt1 1	Bt3 1	
64	Bt1 1	
65	Bt1 1	Bt3 1	
66	Bt1 1	Bt2 1	Bt3 1	
67	Bt1 1	Bt3 1	
68	Bt3 2	
69	Bt2 1	Bt3 1	
70	Bt1 1	Bt2 1	Bt3 1	
71	Bt2 1	
72	Bt1 2	
73	Bt2 1	Bt3 2	
74	Bt1 1	Bt2 1	
75	Bt1 1	Bt2 1	
76	Bt1 1	Bt3 2	
77	Bt2 2	
78	Bt2 2	Bt3 1	
79	Bt1 1	Bt2 2	
80	Bt2 1	Bt3 1	
81	Bt2 1	
82	Bt2 1	Bt3 2	
83	Bt2 1	
84	Bt1 1	Bt2 1	
85	Bt2 1	
86	Bt2 2	Bt3 1	
87	Bt2 1	
88	Bt2 1	
89	Bt2 1	
90	Bt1 1	Bt2 1	Bt3 1	
91	Bt1 1	Bt2 1	Bt3 1	
92	Bt1 1	Bt2 1	
93	Bt1 1	
94	Bt1 1	
95	Bt1 1	Bt2 1	Bt3 1	
96	Bt1 1	Bt3 2	
97	Bt1 1	
98	Bt2 1	Bt3 2	
99	Bt1 2	
100	Bt1 1	