Name				260_n100_m200_bt3
Number_of_Customers		100
Number_of_Items			200
Number_of_ItemTypes		3
Number_of_Vehicles		18
TimeWindows			1

VEHICLE
Mass_Capacity			12595
CargoSpace_Length		60
CargoSpace_Width		25
CargoSpace_Height		30
Wheelbase			48
Max_Mass_FrontAxle		7100
Max_Mass_RearAxle		11500
Distance_FrontAxle_CargoSpace	4

CUSTOMERS
i		x		y		Demand		ReadyTime	DueDate		ServiceTime	DemandedMass	DemandedVolume
0		35		35		0		0		1000		0		0		0
1		7		56		2		568		810		10		410.04		840
2		61		44		2		0		962		10		202.6		336
3		37		10		1		0		964		10		232.31		462
4		43		69		1		400		658		10		101.3		168
5		9		60		2		0		953		10		333.61		630
6		57		28		1		0		966		10		177.73		378
7		61		55		2		679		937		10		410.04		840
8		49		7		3		345		589		10		511.34		1008
9		29		66		1		0		958		10		101.3		168
10		40		45		1		0		978		10		177.73		378
11		19		35		3		0		974		10		642.35		1302
12		27		45		2		0		977		10		279.03		546
13		28		39		2		0		981		10		279.03		546
14		46		17		2		0		968		10		279.03		546
15		9		13		2		0		204		10		279.03		546
16		46		22		3		467		735		10		456.76		924
17		62		6		1		133		343		10		101.3		168
18		43		12		1		80		274		10		101.3		168
19		45		26		2		239		433		10		333.61		630
20		7		70		1		265		547		10		177.73		378
21		19		65		1		111		313		10		177.73		378
22		8		21		2		0		959		10		333.61		630
23		40		70		3		0		954		10		565.92		1092
24		12		5		3		0		952		10		565.92		1092
25		24		76		3		212		482		10		565.92		1092
26		61		73		3		93		363		10		380.33		714
27		31		73		2		452		738		10		333.61		630
28		17		19		2		0		965		10		355.46		756
29		17		30		2		0		971		10		279.03		546
30		14		24		3		0		147		10		380.33		714
31		3		17		3		148		384		10		565.92		1092
32		44		3		3		499		765		10		642.35		1302
33		51		74		2		0		947		10		333.61		630
34		57		40		3		476		682		10		565.92		1092
35		6		35		2		365		561		10		464.62		924
36		43		7		2		0		960		10		355.46		756
37		48		73		2		306		562		10		279.03		546
38		16		47		3		0		967		10		434.91		798
39		68		45		3		0		955		10		456.76		924
40		61		79		1		0		200		10		232.31		462
41		23		68		2		375		567		10		410.04		840
42		65		57		3		0		952		10		533.19		1134
43		25		54		2		0		232		10		333.61		630
44		29		78		1		0		194		10		177.73		378
45		26		7		1		56		292		10		232.31		462
46		52		30		1		338		610		10		101.3		168
47		6		29		3		124		354		10		303.9		504
48		11		10		2		479		709		10		355.46		756
49		63		39		2		404		630		10		202.6		336
50		15		51		2		0		964		10		279.03		546
51		41		15		3		0		969		10		511.34		1008
52		50		54		2		0		965		10		333.61		630
53		21		26		1		0		973		10		177.73		378
54		70		75		2		0		936		10		410.04		840
55		57		63		1		0		954		10		232.31		462
56		18		54		2		0		964		10		410.04		840
57		55		11		3		296		548		10		456.76		924
58		2		64		3		0		946		10		456.76		924
59		52		5		2		0		955		10		464.62		924
60		7		53		3		434		644		10		642.35		1302
61		60		18		1		0		959		10		101.3		168
62		41		42		2		320		586		10		202.6		336
63		68		50		1		0		953		10		177.73		378
64		22		22		2		419		627		10		355.46		756
65		63		24		3		108		380		10		587.77		1218
66		34		41		3		335		619		10		434.91		798
67		55		58		2		0		959		10		355.46		756
68		26		35		1		636		872		10		101.3		168
69		29		5		2		0		959		10		333.61		630
70		10		26		1		0		963		10		177.73		378
71		57		67		2		0		951		10		464.62		924
72		34		45		1		0		979		10		232.31		462
73		32		54		1		0		970		10		232.31		462
74		53		77		3		0		944		10		434.91		798
75		14		69		1		0		950		10		101.3		168
76		12		37		3		390		642		10		303.9		504
77		28		70		1		546		738		10		177.73		378
78		20		4		3		0		955		10		587.77		1218
79		63		34		3		0		961		10		456.76		924
80		70		66		1		0		943		10		177.73		378
81		17		40		3		0		971		10		642.35		1302
82		39		3		1		710		948		10		177.73		378
83		34		48		2		642		858		10		355.46		756
84		47		45		2		0		974		10		464.62		924
85		0		56		2		375		629		10		202.6		336
86		19		73		3		0		948		10		511.34		1008
87		36		0		1		349		553		10		101.3		168
88		48		49		1		759		957		10		177.73		378
89		2		69		1		0		942		10		232.31		462
90		31		38		3		0		985		10		456.76		924
91		64		29		2		223		437		10		410.04		840
92		55		35		2		0		970		10		279.03		546
93		12		76		2		414		618		10		355.46		756
94		68		79		3		0		935		10		511.34		1008
95		3		59		1		555		771		10		232.31		462
96		41		77		1		0		947		10		101.3		168
97		46		68		1		67		337		10		177.73		378
98		53		21		2		426		638		10		333.61		630
99		24		65		3		622		868		10		642.35		1302
100		59		23		3		0		176		10		456.76		924

ITEMS
Type		Length		Width		Height		Mass		Fragility	LoadBearingStrength
Bt1		11		6		7		232.31		0		26.6866343
Bt2		9		6		7		177.73		0		24.9075969
Bt3		8		3		7		101.30		1		5.3439220

DEMANDS PER CUSTOMER
i	Type Quantity
1	Bt1 1	Bt2 1	
2	Bt3 2	
3	Bt1 1	
4	Bt3 1	
5	Bt1 1	Bt3 1	
6	Bt2 1	
7	Bt1 1	Bt2 1	
8	Bt1 1	Bt2 1	Bt3 1	
9	Bt3 1	
10	Bt2 1	
11	Bt1 2	Bt2 1	
12	Bt2 1	Bt3 1	
13	Bt2 1	Bt3 1	
14	Bt2 1	Bt3 1	
15	Bt2 1	Bt3 1	
16	Bt2 2	Bt3 1	
17	Bt3 1	
18	Bt3 1	
19	Bt1 1	Bt3 1	
20	Bt2 1	
21	Bt2 1	
22	Bt1 1	Bt3 1	
23	Bt1 2	Bt3 1	
24	Bt1 2	Bt3 1	
25	Bt1 2	Bt3 1	
26	Bt2 1	Bt3 2	
27	Bt1 1	Bt3 1	
28	Bt2 2	
29	Bt2 1	Bt3 1	
30	Bt2 1	Bt3 2	
31	Bt1 2	Bt3 1	
32	Bt1 2	Bt2 1	
33	Bt1 1	Bt3 1	
34	Bt1 2	Bt3 1	
35	Bt1 2	
36	Bt2 2	
37	Bt2 1	Bt3 1	
38	Bt1 1	Bt3 2	
39	Bt2 2	Bt3 1	
40	Bt1 1	
41	Bt1 1	Bt2 1	
42	Bt2 3	
43	Bt1 1	Bt3 1	
44	Bt2 1	
45	Bt1 1	
46	Bt3 1	
47	Bt3 3	
48	Bt2 2	
49	Bt3 2	
50	Bt2 1	Bt3 1	
51	Bt1 1	Bt2 1	Bt3 1	
52	Bt1 1	Bt3 1	
53	Bt2 1	
54	Bt1 1	Bt2 1	
55	Bt1 1	
56	Bt1 1	Bt2 1	
57	Bt2 2	Bt3 1	
58	Bt2 2	Bt3 1	
59	Bt1 2	
60	Bt1 2	Bt2 1	
61	Bt3 1	
62	Bt3 2	
63	Bt2 1	
64	Bt2 2	
65	Bt1 1	Bt2 2	
66	Bt1 1	Bt3 2	
67	Bt2 2	
68	Bt3 1	
69	Bt1 1	Bt3 1	
70	Bt2 1	
71	Bt1 2	
72	Bt1 1	
73	Bt1 1	
74	Bt1 1	Bt3 2	
75	Bt3 1	
76	Bt3 3	
77	Bt2 1	
78	Bt1 1	Bt2 2	
79	Bt2 2	Bt3 1	
80	Bt2 1	
81	Bt1 2	Bt2 1	
82	Bt2 1	
83	Bt2 2	
84	Bt1 2	
85	Bt3 2	
86	Bt1 1	Bt2 1	Bt3 1	
87	Bt3 1	
88	Bt2 1	
89	Bt1 1	
90	Bt2 2	Bt3 1	
91	Bt1 1	Bt2 1	
92	Bt2 1	Bt3 1	
93	Bt2 2	
94	Bt1 1	Bt2 1	Bt3 1	
95	Bt1 1	
96	Bt3 1	
97	Bt2 1	
98	Bt1 1	Bt3 1	
99	Bt1 2	Bt2 1	
100	Bt2 2	Bt3 1	