Name				262_n100_m200_bt10
Number_of_Customers		100
Number_of_Items			200
Number_of_ItemTypes		10
Number_of_Vehicles		13
TimeWindows			1

VEHICLE
Mass_Capacity			12595
CargoSpace_Length		60
CargoSpace_Width		25
CargoSpace_Height		30
Wheelbase			48
Max_Mass_FrontAxle		7100
Max_Mass_RearAxle		11500
Distance_FrontAxle_CargoSpace	4

CUSTOMERS
i		x		y		Demand		ReadyTime	DueDate		ServiceTime	DemandedMass	DemandedVolume
0		35		35		0		0		1000		0		0		0
1		36		26		1		407		705		10		148.45		160
2		45		70		2		0		953		10		144.89		352
3		42		61		1		0		963		10		89.12		224
4		34		79		1		0		220		10		148.45		160
5		66		16		1		0		953		10		110.44		324
6		60		57		2		0		956		10		243.84		434
7		15		15		1		0		961		10		89.12		224
8		12		71		1		0		947		10		116.23		385
9		40		19		1		0		973		10		65.44		165
10		37		51		3		450		696		10		451.62		530
11		58		54		3		792		1000		10		389.11		738
12		6		28		3		0		960		10		1018.35		1148
13		66		79		1		175		445		10		55.77		128
14		19		14		1		0		963		10		65.44		165
15		9		51		1		0		959		10		116.23		385
16		30		35		2		0		985		10		204.22		288
17		53		32		2		105		335		10		204.22		288
18		34		4		3		42		278		10		266.26		466
19		70		40		1		0		954		10		154.72		210
20		9		35		2		0		964		10		597.06		664
21		44		39		1		0		980		10		110.44		324
22		11		24		2		0		963		10		186.57		305
23		24		48		2		0		972		10		306.23		449
24		4		33		1		833		1000		10		448.61		504
25		21		65		2		0		956		10		365.56		385
26		36		10		2		0		964		10		269.58		300
27		59		80		1		0		939		10		110.44		324
28		46		16		3		0		968		10		279.33		490
29		45		13		1		575		813		10		148.45		160
30		63		66		2		0		948		10		210.25		364
31		55		40		1		0		969		10		154.72		210
32		30		42		1		0		981		10		55.77		128
33		21		47		2		0		971		10		603.33		714
34		39		3		2		0		957		10		597.06		664
35		67		13		3		0		951		10		776.16		1053
36		34		60		3		80		370		10		325.35		428
37		33		0		1		0		954		10		89.12		224
38		62		62		2		0		951		10		186.57		305
39		17		19		2		0		965		10		270.95		595
40		45		9		2		0		962		10		220.16		375
41		63		71		3		0		944		10		395.35		673
42		47		75		2		0		948		10		226.67		709
43		26		41		2		311		547		10		338.24		365
44		49		36		1		0		975		10		116.23		385
45		64		34		1		0		960		10		154.72		210
46		54		76		1		0		944		10		217.11		225
47		37		21		3		369		543		10		275.69		529
48		39		40		3		0		983		10		167.31		384
49		6		52		2		0		956		10		270.95		595
50		32		23		1		0		977		10		154.72		210
51		35		13		3		0		968		10		299.61		562
52		3		25		1		0		956		10		448.61		504
53		60		73		2		351		609		10		237.36		525
54		37		75		1		827		1000		10		55.77		128
55		44		51		3		774		1000		10		297.01		629
56		15		35		3		0		970		10		335.02		465
57		61		3		2		802		1000		10		237.36		525
58		50		43		2		0		973		10		121.21		293
59		17		73		2		0		947		10		303.17		370
60		3		45		3		0		956		10		620.61		1017
61		18		4		3		0		954		10		1051.94		1218
62		58		30		2		0		966		10		303.17		370
63		57		6		2		0		953		10		242.26		280
64		48		2		2		0		954		10		186.57		305
65		10		12		1		0		956		10		121.13		140
66		52		80		2		0		941		10		338.24		365
67		64		22		3		0		958		10		560.15		760
68		12		67		2		0		950		10		265.16		534
69		56		63		2		0		203		10		175.88		489
70		16		23		2		0		967		10		258.89		484
71		2		54		1		0		951		10		121.13		140
72		24		33		1		0		978		10		116.23		385
73		57		16		3		0		960		10		293.34		512
74		23		78		3		256		562		10		413.61		694
75		0		75		1		0		936		10		448.61		504
76		24		62		2		0		214		10		269.58		300
77		32		51		3		0		973		10		520.28		595
78		43		79		1		507		751		10		89.12		224
79		49		56		1		0		964		10		148.45		160
80		8		44		1		0		961		10		448.61		504
81		69		33		3		2		194		10		418.03		460
82		43		1		3		7		241		10		360.07		819
83		34		32		3		0		986		10		380.91		930
84		32		15		3		0		969		10		321.58		994
85		31		18		3		0		972		10		427.6		563
86		67		70		1		0		942		10		55.77		128
87		2		20		3		317		535		10		1007.66		1332
88		13		53		2		492		764		10		282.55		390
89		53		7		2		0		956		10		504.38		632
90		56		69		3		0		950		10		776.16		1053
91		26		20		2		0		149		10		172		513
92		2		7		2		0		946		10		665.72		729
93		62		31		2		0		962		10		296.9		320
94		46		5		3		0		958		10		360.07		819
95		41		66		2		0		958		10		231.57		464
96		28		61		3		0		963		10		398.78		775
97		11		79		3		0		939		10		1007.66		1332
98		70		66		3		0		943		10		285.6		540
99		11		0		3		0		947		10		454.68		609
100		31		31		3		0		984		10		242.34		433

ITEMS
Type		Length		Width		Height		Mass		Fragility	LoadBearingStrength
Bt1		7		4		8		89.12		0		6.4354260
Bt2		15		5		3		217.11		1		15.6891866
Bt3		10		4		4		148.45		0		36.9513893
Bt4		8		4		4		55.77		0		21.5277831
Bt5		7		6		5		154.72		1		5.3199684
Bt6		10		2		7		121.13		0		17.7411599
Bt7		12		7		6		448.61		0		48.0105738
Bt8		11		5		7		116.23		0		9.2282673
Bt9		11		5		3		65.44		0		13.0364394
Bt10		9		6		6		110.44		0		23.7194525

DEMANDS PER CUSTOMER
i	Type Quantity
1	Bt3 1	
2	Bt1 1	Bt4 1	
3	Bt1 1	
4	Bt3 1	
5	Bt10 1	
6	Bt1 1	Bt5 1	
7	Bt1 1	
8	Bt8 1	
9	Bt9 1	
10	Bt3 2	Bt5 1	
11	Bt2 1	Bt4 1	Bt8 1	
12	Bt6 1	Bt7 2	
13	Bt4 1	
14	Bt9 1	
15	Bt8 1	
16	Bt3 1	Bt4 1	
17	Bt3 1	Bt4 1	
18	Bt4 2	Bt5 1	
19	Bt5 1	
20	Bt3 1	Bt7 1	
21	Bt10 1	
22	Bt6 1	Bt9 1	
23	Bt1 1	Bt2 1	
24	Bt7 1	
25	Bt2 1	Bt3 1	
26	Bt3 1	Bt6 1	
27	Bt10 1	
28	Bt3 1	Bt9 2	
29	Bt3 1	
30	Bt1 1	Bt6 1	
31	Bt5 1	
32	Bt4 1	
33	Bt5 1	Bt7 1	
34	Bt3 1	Bt7 1	
35	Bt2 1	Bt7 1	Bt10 1	
36	Bt3 1	Bt4 1	Bt6 1	
37	Bt1 1	
38	Bt6 1	Bt9 1	
39	Bt5 1	Bt8 1	
40	Bt5 1	Bt9 1	
41	Bt1 2	Bt2 1	
42	Bt8 1	Bt10 1	
43	Bt2 1	Bt6 1	
44	Bt8 1	
45	Bt5 1	
46	Bt2 1	
47	Bt1 1	Bt6 1	Bt9 1	
48	Bt4 3	
49	Bt5 1	Bt8 1	
50	Bt5 1	
51	Bt1 1	Bt4 1	Bt5 1	
52	Bt7 1	
53	Bt6 1	Bt8 1	
54	Bt4 1	
55	Bt6 1	Bt9 1	Bt10 1	
56	Bt3 1	Bt6 1	Bt9 1	
57	Bt6 1	Bt8 1	
58	Bt4 1	Bt9 1	
59	Bt3 1	Bt5 1	
60	Bt4 1	Bt7 1	Bt8 1	
61	Bt5 1	Bt7 2	
62	Bt3 1	Bt5 1	
63	Bt6 2	
64	Bt6 1	Bt9 1	
65	Bt6 1	
66	Bt2 1	Bt6 1	
67	Bt4 2	Bt7 1	
68	Bt5 1	Bt10 1	
69	Bt9 1	Bt10 1	
70	Bt3 1	Bt10 1	
71	Bt6 1	
72	Bt8 1	
73	Bt1 1	Bt3 1	Bt4 1	
74	Bt3 1	Bt5 1	Bt10 1	
75	Bt7 1	
76	Bt3 1	Bt6 1	
77	Bt2 1	Bt3 1	Bt5 1	
78	Bt1 1	
79	Bt3 1	
80	Bt7 1	
81	Bt3 2	Bt6 1	
82	Bt1 1	Bt5 1	Bt8 1	
83	Bt3 1	Bt8 2	
84	Bt1 1	Bt8 2	
85	Bt2 1	Bt4 1	Bt5 1	
86	Bt4 1	
87	Bt7 2	Bt10 1	
88	Bt2 1	Bt9 1	
89	Bt4 1	Bt7 1	
90	Bt2 1	Bt7 1	Bt10 1	
91	Bt4 1	Bt8 1	
92	Bt2 1	Bt7 1	
93	Bt3 2	
94	Bt1 1	Bt5 1	Bt8 1	
95	Bt6 1	Bt10 1	
96	Bt2 1	Bt8 1	Bt9 1	
97	Bt7 2	Bt10 1	
98	Bt5 1	Bt9 2	
99	Bt1 1	Bt2 1	Bt3 1	
100	Bt4 1	Bt6 1	Bt9 1	