Name				265_n100_m200_bt10
Number_of_Customers		100
Number_of_Items			200
Number_of_ItemTypes		10
Number_of_Vehicles		21
TimeWindows			1

VEHICLE
Mass_Capacity			12595
CargoSpace_Length		60
CargoSpace_Width		25
CargoSpace_Height		30
Wheelbase			48
Max_Mass_FrontAxle		7100
Max_Mass_RearAxle		11500
Distance_FrontAxle_CargoSpace	4

CUSTOMERS
i		x		y		Demand		ReadyTime	DueDate		ServiceTime	DemandedMass	DemandedVolume
0		35		35		0		0		1000		0		0		0
1		27		33		2		462		672		10		145.89		300
2		29		48		2		0		975		10		167.04		420
3		33		14		3		766		1000		10		543.49		674
4		43		66		2		0		233		10		280.86		332
5		19		72		2		0		209		10		148.16		222
6		30		78		1		654		910		10		61.35		96
7		33		21		2		169		399		10		481.92		510
8		49		47		2		0		243		10		326.75		387
9		52		12		3		177		409		10		486.54		627
10		36		0		3		0		226		10		208.49		324
11		8		6		2		0		950		10		280.32		392
12		15		57		3		635		885		10		342.21		428
13		9		38		3		121		317		10		655.62		978
14		66		18		3		0		954		10		393.56		507
15		70		41		2		0		954		10		146.6		288
16		23		75		2		0		948		10		171.04		324
17		44		28		3		839		1000		10		433.19		612
18		14		23		2		390		650		10		122.7		192
19		15		4		1		0		953		10		85.79		132
20		63		0		3		254		528		10		415.23		594
21		41		28		1		361		613		10		195.07		200
22		68		7		1		422		686		10		85.79		132
23		51		24		1		0		970		10		286.05		384
24		50		20		3		510		726		10		195.99		330
25		61		5		2		0		950		10		352.86		504
26		42		55		1		0		968		10		83.52		210
27		29		64		1		0		960		10		240.96		255
28		42		74		3		58		326		10		189.51		312
29		30		25		1		336		522		10		195.07		200
30		39		15		1		572		782		10		61.35		96
31		54		44		2		0		968		10		264.02		444
32		47		28		1		680		880		10		61.35		96
33		37		80		2		47		327		10		481.12		584
34		54		9		3		0		957		10		588.36		735
35		27		20		2		677		949		10		123.72		186
36		46		19		2		27		273		10		245.58		372
37		26		51		2		616		902		10		348.42		474
38		16		71		1		187		453		10		240.96		255
39		23		27		3		280		562		10		350.35		516
40		58		59		1		380		632		10		66.81		120
41		4		68		3		244		554		10		363.66		447
42		20		56		3		0		964		10		409.77		570
43		20		15		1		22		288		10		240.96		255
44		63		45		1		642		908		10		195.07		200
45		67		49		2		483		723		10		326.21		447
46		2		71		1		530		776		10		240.96		255
47		61		60		1		64		316		10		83.52		210
48		25		9		2		186		458		10		481.12		584
49		34		59		3		213		453		10		432.65		672
50		11		20		1		525		751		10		195.07		200
51		3		51		3		410		666		10		550.61		768
52		0		78		3		481		809		10		343.23		422
53		59		53		1		401		693		10		85.79		132
54		41		38		1		0		983		10		61.35		96
55		58		26		1		0		965		10		178.77		252
56		40		48		3		622		802		10		419.67		624
57		22		9		3		12		278		10		434.21		606
58		20		30		1		479		735		10		85.79		132
59		48		8		3		575		781		10		750.87		1020
60		43		10		1		314		558		10		83.52		210
61		38		68		1		90		340		10		195.07		200
62		32		33		1		441		699		10		240.96		255
63		27		14		1		533		775		10		85.25		192
64		34		52		3		266		454		10		459.09		644
65		37		19		3		849		1000		10		419.91		594
66		57		77		1		0		942		10		178.77		252
67		17		13		2		0		961		10		347.4		480
68		30		1		3		635		915		10		364.38		542
69		66		78		3		651		925		10		326.93		474
70		22		60		3		159		407		10		214.97		342
71		24		1		1		277		535		10		240.96		255
72		12		77		2		0		942		10		144.87		306
73		2		13		3		585		781		10		210.53		312
74		26		36		1		0		980		10		195.07		200
75		31		11		3		0		151		10		505.52		639
76		18		43		1		347		573		10		178.77		252
77		11		3		3		0		950		10		564.64		794
78		56		21		3		606		862		10		232.87		474
79		70		25		3		436		654		10		502.84		575
80		4		61		3		0		949		10		319.81		380
81		30		15		2		665		885		10		128.16		216
82		34		29		1		415		665		10		85.79		132
83		20		6		1		0		162		10		178.77		252
84		3		30		1		22		298		10		66.81		120
85		55		30		3		0		969		10		433.67		666
86		25		17		3		132		352		10		348.08		594
87		45		75		3		331		593		10		231.85		480
88		49		58		1		34		290		10		61.35		96
89		12		15		1		533		781		10		83.52		210
90		43		47		3		0		975		10		419.91		594
91		15		40		2		140		446		10		245.58		372
92		69		44		1		248		478		10		62.37		90
93		7		60		3		409		665		10		363.66		447
94		22		40		3		0		976		10		550.61		768
95		46		53		2		0		968		10		167.04		420
96		36		56		2		654		874		10		352.86		504
97		60		63		2		526		758		10		278.59		410
98		43		52		1		398		656		10		62.37		90
99		36		77		1		483		705		10		85.25		192
100		3		74		2		575		779		10		264.56		384

ITEMS
Type		Length		Width		Height		Mass		Fragility	LoadBearingStrength
Bt1		11		4		3		85.79		0		45.2892396
Bt2		9		7		4		178.77		0		89.1368656
Bt3		6		4		4		61.35		0		33.6973950
Bt4		10		5		4		195.07		0		22.9425849
Bt5		8		6		4		85.25		1		12.0670339
Bt6		15		2		3		62.37		0		17.7012768
Bt7		8		6		8		286.05		0		56.8207907
Bt8		10		3		7		83.52		0		4.9214737
Bt9		8		5		3		66.81		1		3.4542893
Bt10		17		3		5		240.96		0		91.7620619

DEMANDS PER CUSTOMER
i	Type Quantity
1	Bt6 1	Bt8 1	
2	Bt8 2	
3	Bt4 1	Bt6 1	Bt7 1	
4	Bt1 1	Bt4 1	
5	Bt1 1	Bt6 1	
6	Bt3 1	
7	Bt10 2	
8	Bt1 1	Bt10 1	
9	Bt2 1	Bt9 1	Bt10 1	
10	Bt1 1	Bt3 2	
11	Bt4 1	Bt5 1	
12	Bt1 1	Bt3 1	Bt4 1	
13	Bt7 2	Bt8 1	
14	Bt1 1	Bt9 1	Bt10 1	
15	Bt3 1	Bt5 1	
16	Bt1 1	Bt5 1	
17	Bt1 1	Bt3 1	Bt7 1	
18	Bt3 2	
19	Bt1 1	
20	Bt6 1	Bt7 1	Bt9 1	
21	Bt4 1	
22	Bt1 1	
23	Bt7 1	
24	Bt6 1	Bt9 2	
25	Bt7 1	Bt9 1	
26	Bt8 1	
27	Bt10 1	
28	Bt3 2	Bt9 1	
29	Bt4 1	
30	Bt3 1	
31	Bt2 1	Bt5 1	
32	Bt3 1	
33	Bt4 1	Bt7 1	
34	Bt3 1	Bt7 1	Bt10 1	
35	Bt3 1	Bt6 1	
36	Bt2 1	Bt9 1	
37	Bt6 1	Bt7 1	
38	Bt10 1	
39	Bt1 2	Bt2 1	
40	Bt9 1	
41	Bt3 2	Bt10 1	
42	Bt3 1	Bt6 1	Bt7 1	
43	Bt10 1	
44	Bt4 1	
45	Bt5 1	Bt10 1	
46	Bt10 1	
47	Bt8 1	
48	Bt4 1	Bt7 1	
49	Bt3 1	Bt5 1	Bt7 1	
50	Bt4 1	
51	Bt1 1	Bt2 1	Bt7 1	
52	Bt1 1	Bt4 1	Bt6 1	
53	Bt1 1	
54	Bt3 1	
55	Bt2 1	
56	Bt7 1	Bt9 2	
57	Bt1 1	Bt6 1	Bt7 1	
58	Bt1 1	
59	Bt2 1	Bt7 2	
60	Bt8 1	
61	Bt4 1	
62	Bt10 1	
63	Bt5 1	
64	Bt2 1	Bt4 1	Bt5 1	
65	Bt2 2	Bt6 1	
66	Bt2 1	
67	Bt3 1	Bt7 1	
68	Bt1 1	Bt4 1	Bt8 1	
69	Bt1 1	Bt2 1	Bt6 1	
70	Bt1 1	Bt6 1	Bt9 1	
71	Bt10 1	
72	Bt3 1	Bt8 1	
73	Bt1 1	Bt6 2	
74	Bt4 1	
75	Bt1 1	Bt2 1	Bt10 1	
76	Bt2 1	
77	Bt4 1	Bt7 1	Bt8 1	
78	Bt5 2	Bt6 1	
79	Bt4 1	Bt9 1	Bt10 1	
80	Bt4 1	Bt6 2	
81	Bt3 1	Bt9 1	
82	Bt1 1	
83	Bt2 1	
84	Bt9 1	
85	Bt5 1	Bt6 1	Bt7 1	
86	Bt1 1	Bt2 1	Bt8 1	
87	Bt3 1	Bt5 2	
88	Bt3 1	
89	Bt8 1	
90	Bt2 2	Bt6 1	
91	Bt2 1	Bt9 1	
92	Bt6 1	
93	Bt3 2	Bt10 1	
94	Bt1 1	Bt2 1	Bt7 1	
95	Bt8 2	
96	Bt7 1	Bt9 1	
97	Bt4 1	Bt8 1	
98	Bt6 1	
99	Bt5 1	
100	Bt1 1	Bt2 1	