Name				270_n100_m200_bt100
Number_of_Customers		100
Number_of_Items			200
Number_of_ItemTypes		100
Number_of_Vehicles		24
TimeWindows			1

VEHICLE
Mass_Capacity			12595
CargoSpace_Length		60
CargoSpace_Width		25
CargoSpace_Height		30
Wheelbase			48
Max_Mass_FrontAxle		7100
Max_Mass_RearAxle		11500
Distance_FrontAxle_CargoSpace	4

CUSTOMERS
i		x		y		Demand		ReadyTime	DueDate		ServiceTime	DemandedMass	DemandedVolume
0		35		35		0		0		1000		0		0		0
1		8		69		1		40		260		10		111.23		162
2		55		34		2		392		634		10		434.93		740
3		47		2		3		168		404		10		657.39		756
4		39		12		2		0		205		10		315.67		423
5		39		70		3		214		482		10		318.32		593
6		2		53		3		0		231		10		944.41		712
7		20		67		3		180		440		10		860.82		1027
8		36		68		3		596		884		10		720.4		1128
9		68		67		2		0		191		10		400.9		842
10		24		49		3		246		468		10		522.43		988
11		35		30		1		815		1000		10		83.96		196
12		15		46		2		587		811		10		383.61		704
13		15		37		2		119		391		10		249.14		408
14		44		20		3		286		502		10		590.02		957
15		51		26		3		254		454		10		448.33		935
16		67		53		1		289		551		10		187.85		416
17		62		1		2		538		776		10		401.62		679
18		16		13		1		599		809		10		167.82		240
19		44		30		2		841		1000		10		295.96		490
20		38		49		1		671		919		10		167.6		168
21		23		2		2		0		206		10		410.03		696
22		48		67		2		298		548		10		168.96		375
23		24		45		1		751		1000		10		34.93		108
24		3		1		2		471		697		10		268.41		441
25		31		65		3		521		765		10		1184.11		927
26		0		49		2		121		397		10		836.38		616
27		67		40		3		376		630		10		421.17		1040
28		13		25		1		53		271		10		348.29		390
29		24		69		2		69		289		10		334.27		610
30		47		25		1		0		221		10		284.85		450
31		64		29		2		374		626		10		148.43		268
32		37		23		3		706		904		10		604.77		998
33		56		3		2		621		853		10		472.7		866
34		4		64		3		508		792		10		413.32		536
35		20		37		1		494		740		10		194.69		224
36		6		5		1		523		749		10		362.74		192
37		29		70		3		824		1000		10		656.39		808
38		36		61		3		780		1000		10		630.63		838
39		59		74		1		408		624		10		289.67		680
40		10		42		1		448		714		10		73.93		180
41		42		68		1		488		718		10		136.27		312
42		30		54		2		418		684		10		642.8		692
43		31		16		1		353		641		10		270.86		425
44		2		16		2		420		670		10		220.38		360
45		32		69		1		333		559		10		278.77		288
46		56		24		3		0		265		10		370.03		644
47		9		4		2		219		469		10		216.9		459
48		39		74		2		643		891		10		244.11		384
49		60		61		1		303		551		10		492.05		672
50		43		13		2		341		589		10		711.54		904
51		6		47		2		78		358		10		452.82		528
52		68		34		3		818		1000		10		444.41		852
53		17		70		2		508		746		10		584.66		680
54		60		64		1		757		1000		10		189.37		208
55		67		13		3		689		893		10		833.39		775
56		23		36		3		0		147		10		663.47		918
57		20		31		1		410		630		10		492.05		672
58		62		19		2		11		227		10		324.12		728
59		50		39		1		68		352		10		100.59		126
60		64		41		2		570		840		10		197.31		294
61		18		79		3		578		836		10		723.33		876
62		8		20		2		469		675		10		579.97		312
63		16		63		3		367		589		10		449.61		345
64		32		0		1		166		394		10		167.82		240
65		3		59		2		470		716		10		255.14		432
66		65		46		2		836		1000		10		310.32		378
67		64		24		2		80		300		10		364.23		575
68		54		57		1		282		488		10		59.24		140
69		7		58		3		0		240		10		661.39		660
70		6		76		2		574		802		10		565.52		510
71		25		65		1		54		300		10		168.89		216
72		24		40		2		40		316		10		362.11		516
73		66		71		3		55		311		10		349.3		830
74		40		35		3		453		675		10		716.23		1022
75		41		60		1		509		761		10		467.75		480
76		52		79		3		620		830		10		767.45		928
77		38		32		3		489		775		10		362.27		527
78		55		18		2		13		243		10		346.01		475
79		33		59		3		331		581		10		499.13		551
80		0		26		2		619		857		10		379.11		762
81		1		32		1		426		656		10		116.91		200
82		41		38		2		148		428		10		601.06		584
83		34		41		3		637		913		10		794.93		705
84		18		42		2		405		637		10		174.34		396
85		52		50		3		389		633		10		339.05		544
86		11		74		3		35		293		10		1171.61		1103
87		11		69		1		755		969		10		58.35		128
88		50		62		1		471		781		10		173.12		135
89		26		80		1		397		595		10		111.23		162
90		42		26		1		315		533		10		216.5		252
91		16		28		2		228		452		10		372.24		464
92		36		52		2		267		527		10		766.47		898
93		34		74		1		814		1000		10		47.83		126
94		50		1		2		115		353		10		340.94		375
95		60		29		3		403		623		10		592		705
96		45		66		3		108		312		10		813.08		992
97		27		3		1		0		160		10		312.14		400
98		46		74		1		198		438		10		298.75		455
99		27		40		1		715		915		10		34.93		108
100		69		3		3		526		754		10		474.9		795

ITEMS
Type		Length		Width		Height		Mass		Fragility	LoadBearingStrength
Bt1		15		6		5		284.85		0		12.1369896
Bt2		17		4		4		169.88		0		31.8956716
Bt3		10		3		3		86.70		0		78.8965042
Bt4		11		3		8		196.30		0		21.2938906
Bt5		12		5		8		467.75		0		19.8802069
Bt6		17		6		4		284.08		0		13.1657034
Bt7		13		3		6		161.13		1		7.0527452
Bt8		14		5		7		694.22		0		41.9125942
Bt9		13		5		7		298.75		1		18.8571653
Bt10		9		5		3		61.10		1		5.2771784
Bt11		8		5		5		71.26		0		12.7522185
Bt12		17		5		8		643.65		1		16.5742655
Bt13		7		3		7		80.63		0		87.0123212
Bt14		14		5		7		164.42		0		36.9966526
Bt15		14		2		5		59.24		0		26.5890223
Bt16		10		2		6		112.01		0		38.7799824
Bt17		15		3		7		291.44		0		43.4534196
Bt18		10		2		6		65.48		0		18.5507774
Bt19		7		4		7		83.96		0		12.6572629
Bt20		9		3		4		34.93		0		12.6896903
Bt21		13		4		4		189.37		0		29.4337644
Bt22		7		6		7		130.09		1		4.1446189
Bt23		12		7		8		301.79		0		6.4348355
Bt24		14		5		4		522.49		0		83.6361218
Bt25		11		4		5		282.51		0		49.4731733
Bt26		6		6		4		51.49		0		27.0839693
Bt27		11		3		3		125.33		1		12.0861583
Bt28		15		2		4		217.23		0		72.8004986
Bt29		14		4		5		190.79		0		19.3412817
Bt30		7		2		6		38.07		0		7.5892847
Bt31		10		4		5		116.91		0		19.7135848
Bt32		8		6		8		537.81		0		37.6274601
Bt33		12		4		6		278.77		0		50.0850559
Bt34		8		4		7		67.89		0		13.7449700
Bt35		12		3		3		78.03		0		27.9478727
Bt36		17		4		4		214.69		0		60.0174114
Bt37		9		3		8		168.89		0		62.3574272
Bt38		15		5		4		129.83		0		8.6402380
Bt39		17		5		8		289.67		1		2.6470129
Bt40		13		5		7		206.93		0		25.9561150
Bt41		10		6		4		167.82		0		53.4186995
Bt42		17		4		7		444.75		0		50.7360380
Bt43		12		6		6		213.73		0		24.8805439
Bt44		6		5		7		105.17		0		10.4907514
Bt45		11		5		5		119.12		0		25.3522574
Bt46		6		5		6		73.93		0		96.9181231
Bt47		9		6		3		111.23		1		10.5450784
Bt48		17		3		8		402.85		1		9.6088834
Bt49		7		5		5		153.13		0		44.7643901
Bt50		12		5		5		205.38		0		24.9402058
Bt51		7		3		3		32.59		0		35.9938634
Bt52		9		2		7		100.59		0		40.4793929
Bt53		16		4		3		362.74		0		186.7635986
Bt54		14		4		4		194.69		0		112.0109972
Bt55		15		6		4		198.06		0		11.7825567
Bt56		13		6		5		348.29		0		92.7455993
Bt57		15		5		7		528.87		0		23.2091046
Bt58		11		6		3		147.62		1		20.6882074
Bt59		7		7		8		389.46		0		43.5575566
Bt60		9		2		6		156.31		1		12.1689593
Bt61		11		5		8		433.07		0		37.3683259
Bt62		8		4		4		58.35		1		7.9867773
Bt63		17		6		3		207.31		0		30.3427957
Bt64		9		7		4		216.50		0		45.9131821
Bt65		10		7		8		707.66		1		49.6826431
Bt66		17		3		5		103.48		1		4.1506724
Bt67		8		5		4		49.42		0		18.9985142
Bt68		16		6		7		492.05		0		35.4671510
Bt69		6		4		4		49.69		0		19.8541907
Bt70		9		3		8		70.02		0		57.3289268
Bt71		7		6		3		84.49		0		31.6482474
Bt72		15		6		3		351.19		0		145.2078867
Bt73		14		3		6		209.73		0		22.6103595
Bt74		7		2		6		79.91		0		21.4047160
Bt75		15		3		3		173.12		0		282.9258057
Bt76		9		7		5		216.66		0		12.8853896
Bt77		8		7		3		167.60		0		63.9696482
Bt78		8		5		4		129.35		0		42.2101237
Bt79		14		4		6		313.89		0		27.8027349
Bt80		17		4		6		194.21		0		15.9251200
Bt81		13		4		8		187.85		0		21.3545665
Bt82		11		5		7		339.62		1		18.7182193
Bt83		7		5		8		103.20		0		78.0484291
Bt84		11		6		7		202.30		0		19.8925067
Bt85		14		5		7		363.62		1		12.5873808
Bt86		9		5		5		435.68		0		342.5979064
Bt87		11		3		5		320.01		0		104.6121509
Bt88		13		3		4		75.75		0		44.4688567
Bt89		13		4		6		136.27		0		10.8509362
Bt90		7		6		3		47.83		0		44.3666701
Bt91		16		7		6		310.74		0		28.4670374
Bt92		12		2		7		164.27		0		44.4881407
Bt93		17		5		5		270.86		1		7.8481042
Bt94		15		5		8		375.69		0		32.5048386
Bt95		7		4		7		133.39		1		7.8404103
Bt96		14		7		6		372.93		1		39.5997783
Bt97		16		5		3		174.05		0		34.0961046
Bt98		6		3		6		99.01		0		55.1168500
Bt99		10		5		4		74.65		0		52.1000902
Bt100		10		5		8		312.14		1		19.0939586

DEMANDS PER CUSTOMER
i	Type Quantity
1	Bt47 1	
2	Bt15 1	Bt94 1	
3	Bt33 1	Bt37 1	Bt73 1	
4	Bt76 1	Bt98 1	
5	Bt7 1	Bt30 1	Bt45 1	
6	Bt21 1	Bt28 1	Bt32 1	
7	Bt63 1	Bt79 1	Bt82 1	
8	Bt14 1	Bt42 1	Bt47 1	
9	Bt39 1	Bt47 1	
10	Bt30 1	Bt39 1	Bt54 1	
11	Bt19 1	
12	Bt2 1	Bt43 1	
13	Bt29 1	Bt62 1	
14	Bt9 1	Bt19 1	Bt63 1	
15	Bt13 1	Bt35 1	Bt39 1	
16	Bt81 1	
17	Bt40 1	Bt54 1	
18	Bt41 1	
19	Bt29 1	Bt44 1	
20	Bt77 1	
21	Bt4 1	Bt43 1	
22	Bt18 1	Bt66 1	
23	Bt20 1	
24	Bt10 1	Bt63 1	
25	Bt2 1	Bt8 1	Bt87 1	
26	Bt24 1	Bt79 1	
27	Bt23 1	Bt26 1	Bt34 1	
28	Bt56 1	
29	Bt1 1	Bt67 1	
30	Bt1 1	
31	Bt67 1	Bt98 1	
32	Bt17 1	Bt45 1	Bt80 1	
33	Bt1 1	Bt81 1	
34	Bt31 1	Bt64 1	Bt74 1	
35	Bt54 1	
36	Bt53 1	
37	Bt18 1	Bt33 1	Bt100 1	
38	Bt42 1	Bt47 1	Bt99 1	
39	Bt39 1	
40	Bt46 1	
41	Bt89 1	
42	Bt61 1	Bt73 1	
43	Bt93 1	
44	Bt26 1	Bt37 1	
45	Bt33 1	
46	Bt10 1	Bt30 1	Bt93 1	
47	Bt13 1	Bt89 1	
48	Bt54 1	Bt67 1	
49	Bt68 1	
50	Bt12 1	Bt34 1	
51	Bt33 1	Bt97 1	
52	Bt22 1	Bt43 1	Bt52 1	
53	Bt5 1	Bt31 1	
54	Bt21 1	
55	Bt56 1	Bt67 1	Bt86 1	
56	Bt1 1	Bt37 1	Bt73 1	
57	Bt68 1	
58	Bt81 1	Bt89 1	
59	Bt52 1	
60	Bt58 1	Bt69 1	
61	Bt54 1	Bt64 1	Bt100 1	
62	Bt28 1	Bt53 1	
63	Bt69 1	Bt74 1	Bt87 1	
64	Bt41 1	
65	Bt63 1	Bt90 1	
66	Bt52 1	Bt73 1	
67	Bt9 1	Bt18 1	
68	Bt15 1	
69	Bt19 1	Bt36 1	Bt53 1	
70	Bt28 1	Bt56 1	
71	Bt37 1	
72	Bt6 1	Bt35 1	
73	Bt14 1	Bt26 1	Bt95 1	
74	Bt2 1	Bt55 1	Bt56 1	
75	Bt5 1	
76	Bt16 1	Bt25 1	Bt96 1	
77	Bt49 1	Bt88 1	Bt95 1	
78	Bt76 1	Bt78 1	
79	Bt34 1	Bt47 1	Bt87 1	
80	Bt14 1	Bt36 1	
81	Bt31 1	
82	Bt42 1	Bt60 1	
83	Bt2 1	Bt21 1	Bt86 1	
84	Bt30 1	Bt89 1	
85	Bt21 1	Bt46 1	Bt88 1	
86	Bt10 1	Bt48 1	Bt65 1	
87	Bt62 1	
88	Bt75 1	
89	Bt47 1	
90	Bt64 1	
91	Bt62 1	Bt79 1	
92	Bt48 1	Bt85 1	
93	Bt90 1	
94	Bt41 1	Bt75 1	
95	Bt46 1	Bt55 1	Bt87 1	
96	Bt53 1	Bt94 1	Bt99 1	
97	Bt100 1	
98	Bt9 1	
99	Bt20 1	
100	Bt9 1	Bt15 1	Bt31 1	