Name				282_n100_m200_bt100
Number_of_Customers		100
Number_of_Items			200
Number_of_ItemTypes		100
Number_of_Vehicles		36
TimeWindows			1

VEHICLE
Mass_Capacity			12595
CargoSpace_Length		60
CargoSpace_Width		25
CargoSpace_Height		30
Wheelbase			48
Max_Mass_FrontAxle		7100
Max_Mass_RearAxle		11500
Distance_FrontAxle_CargoSpace	4

CUSTOMERS
i		x		y		Demand		ReadyTime	DueDate		ServiceTime	DemandedMass	DemandedVolume
0		35		35		0		0		1000		0		0		0
1		66		0		3		378		590		10		2160.33		5220
2		53		66		1		762		1000		10		486.69		1728
3		55		7		3		408		610		10		2042.36		4885
4		0		14		2		732		926		10		2133.3		7884
5		25		26		1		162		394		10		221.87		828
6		51		52		2		144		338		10		2943.63		7048
7		43		55		2		17		279		10		1656.28		5928
8		43		72		2		214		490		10		1150.93		3840
9		18		46		2		673		923		10		2311.67		5594
10		18		7		3		242		466		10		2089.45		7190
11		40		66		2		377		645		10		2811.9		5525
12		35		55		3		447		687		10		1773.86		7670
13		16		1		3		0		146		10		1767.52		5917
14		52		45		2		324		546		10		1196.67		4102
15		64		13		3		676		934		10		1611.07		6896
16		52		77		3		342		624		10		2377.89		6096
17		9		33		2		778		1000		10		1541.53		3540
18		49		29		2		267		553		10		972.51		3804
19		13		63		1		830		1000		10		1023.98		2860
20		7		44		2		350		612		10		799.13		2256
21		24		68		2		0		170		10		2481.18		5994
22		18		62		2		544		770		10		3194.78		8400
23		7		19		1		606		838		10		812.17		2366
24		24		52		2		727		993		10		1574.91		3486
25		66		48		3		385		613		10		2133.5		4811
26		62		52		3		577		867		10		1513.26		4865
27		58		25		1		804		1000		10		833.68		1400
28		58		77		2		22		258		10		893.49		2023
29		6		53		3		0		246		10		3104.71		11084
30		42		63		2		665		943		10		1176.27		6770
31		61		3		1		704		944		10		708.94		2873
32		60		45		1		335		589		10		2265.31		3822
33		37		8		3		556		776		10		2114.86		6335
34		66		59		2		652		884		10		1030.15		4368
35		37		39		3		0		121		10		1545.2		6416
36		40		75		1		546		792		10		3972.82		3828
37		18		49		3		70		302		10		3025.64		6962
38		46		68		3		507		743		10		1784.65		5930
39		70		20		1		702		920		10		519.88		1463
40		46		19		1		592		890		10		1682.7		2728
41		49		69		2		0		194		10		2121.95		3439
42		6		78		1		398		626		10		544.23		1296
43		21		61		2		739		925		10		539.43		1885
44		31		36		3		796		1000		10		2354.11		7240
45		0		5		3		317		553		10		2895.16		9630
46		54		10		3		822		1000		10		2247.43		5562
47		19		72		3		134		418		10		5294.72		11557
48		27		71		1		380		620		10		519.88		1463
49		32		63		2		693		911		10		2175.65		2550
50		54		60		3		609		901		10		2367.26		6448
51		2		8		1		454		674		10		623.39		2340
52		33		21		3		244		498		10		2468.52		4939
53		41		24		1		798		998		10		1095.42		1008
54		64		27		3		67		291		10		2103.97		7117
55		14		37		3		589		841		10		1773.4		5796
56		16		58		2		111		349		10		837.39		2503
57		70		67		1		288		530		10		2875.35		5208
58		40		52		1		0		182		10		1023.98		2860
59		56		80		3		499		711		10		4874.02		6016
60		15		13		2		35		261		10		4314.95		4724
61		56		41		2		739		1000		10		2733.93		6974
62		20		3		2		637		893		10		3032.82		5840
63		24		3		3		114		346		10		2804.71		7409
64		37		4		2		133		423		10		1990.41		4706
65		63		43		2		4		250		10		2342.03		5383
66		49		8		1		411		679		10		570.97		1800
67		70		46		3		414		630		10		989.62		4565
68		41		7		1		524		782		10		1682.7		2728
69		70		9		1		812		1000		10		171.49		1248
70		66		30		2		218		446		10		1784.37		5047
71		43		31		1		725		1000		10		552.36		2400
72		32		9		2		380		598		10		1237.17		3255
73		64		20		1		159		395		10		1095.42		1008
74		13		69		1		189		459		10		598.57		1440
75		47		77		3		0		203		10		1614.81		4320
76		26		47		1		79		353		10		708.94		2873
77		54		27		3		0		179		10		884.51		3383
78		2		26		1		108		324		10		1412.91		1430
79		63		9		2		250		472		10		2417.91		6774
80		29		23		1		244		484		10		1097.17		2015
81		11		20		3		261		505		10		3475.95		7414
82		45		25		3		40		366		10		2462.78		9225
83		20		22		3		840		1000		10		2516		7014
84		2		18		2		656		836		10		5068.01		7946
85		57		50		1		288		524		10		4335.23		5684
86		23		48		1		0		208		10		519.88		1463
87		1		37		1		485		699		10		2382.7		1764
88		18		37		1		187		435		10		400.38		1078
89		16		72		3		154		396		10		1878.88		6303
90		36		16		1		560		814		10		623.39		2340
91		9		5		3		446		668		10		2969.39		6678
92		57		19		1		166		436		10		869.21		4356
93		59		63		1		0		184		10		820.49		2772
94		62		40		1		119		355		10		255.34		1925
95		30		80		1		61		285		10		833.68		1400
96		3		69		2		479		719		10		1556.27		5436
97		59		60		3		182		444		10		3234.43		8974
98		13		79		3		629		905		10		1928.4		4723
99		27		33		3		155		375		10		5050.73		7614
100		29		68		1		369		637		10		1026.53		2431

ITEMS
Type		Length		Width		Height		Mass		Fragility	LoadBearingStrength
Bt1		17		13		11		1098.98		1		10.7482446
Bt2		31		10		6		623.79		1		8.8802093
Bt3		33		6		14		820.49		0		29.8968379
Bt4		20		14		14		1822.15		0		33.9234208
Bt5		13		13		14		812.17		0		18.3968684
Bt6		22		10		7		786.84		0		19.3110233
Bt7		19		14		13		1695.39		0		34.5899345
Bt8		14		10		7		273.29		0		6.7322547
Bt9		31		8		11		1682.70		0		47.9011559
Bt10		17		11		13		1026.53		0		22.3283276
Bt11		30		12		12		1260.93		1		7.9443519
Bt12		24		8		9		839.63		0		52.0410832
Bt13		18		10		13		812.28		0		16.1556448
Bt14		12		9		6		114.36		0		9.0565987
Bt15		31		5		13		1097.17		0		40.4497641
Bt16		14		6		7		231.32		0		13.8557297
Bt17		24		11		9		363.36		0		7.4458861
Bt18		29		14		14		4335.23		1		41.9193282
Bt19		14		5		12		163.31		0		5.4061563
Bt20		31		11		10		773.76		0		16.3901071
Bt21		21		14		13		2265.31		0		28.4692372
Bt22		35		9		14		725.28		0		6.2187663
Bt23		27		6		8		544.23		0		21.4049167
Bt24		34		8		13		971.85		1		5.6039435
Bt25		22		10		7		929.34		1		61.8760312
Bt26		20		11		13		1023.98		0		33.7022460
Bt27		32		7		10		263.58		0		3.5499063
Bt28		35		5		11		255.34		0		21.5635368
Bt29		33		14		12		1117.78		0		22.3571065
Bt30		18		9		10		1034.21		1		6.7997973
Bt31		32		12		9		1238.99		0		24.1647936
Bt32		12		11		14		601.86		0		22.3932265
Bt33		29		8		11		913.61		0		34.0660992
Bt34		21		13		9		509.02		0		21.7880090
Bt35		35		13		12		2065.53		1		7.2052592
Bt36		23		6		6		221.87		0		50.9835101
Bt37		21		6		10		528.70		0		38.5624905
Bt38		17		13		13		708.94		0		8.1110264
Bt39		28		11		14		1118.10		0		15.0110442
Bt40		24		8		10		1210.67		0		77.9279762
Bt41		32		9		13		826.82		1		2.9816189
Bt42		25		9		12		1097.91		0		15.6934398
Bt43		17		5		7		322.25		0		57.2883524
Bt44		32		11		13		1314.06		0		26.0792047
Bt45		35		13		12		2568.91		0		15.5484348
Bt46		29		12		11		3972.82		0		67.5086352
Bt47		30		14		8		402.51		0		4.3969969
Bt48		12		8		13		171.49		0		19.6554787
Bt49		19		13		12		3729.64		1		35.6504773
Bt50		16		7		10		762.74		0		56.1932334
Bt51		20		13		7		450.01		0		46.1713018
Bt52		12		7		12		627.64		0		63.6368009
Bt53		15		9		8		201.32		1		18.3953431
Bt54		14		11		9		525.55		0		23.0280677
Bt55		21		5		7		306.23		0		19.9239605
Bt56		19		7		11		519.88		0		45.7225111
Bt57		26		5		11		1412.91		0		307.5513463
Bt58		30		6		13		623.39		1		4.8505923
Bt59		25		11		14		449.22		0		9.1976673
Bt60		22		7		7		400.38		0		61.7600274
Bt61		24		7		6		1083.94		1		23.9003700
Bt62		18		12		8		486.69		1		36.2743138
Bt63		35		5		13		963.88		0		26.8062049
Bt64		14		11		13		985.72		0		147.3784684
Bt65		13		9		8		512.03		0		28.0399875
Bt66		14		14		9		2382.70		1		23.4072284
Bt67		33		12		11		869.21		0		49.0204332
Bt68		26		5		13		558.26		0		31.2008625
Bt69		16		9		7		1095.42		0		185.7896428
Bt70		25		12		14		1169.59		0		14.1322425
Bt71		34		9		8		692.83		0		84.5865584
Bt72		26		12		11		367.32		0		11.8366180
Bt73		12		9		10		687.06		1		17.3742432
Bt74		25		12		8		552.36		0		26.6131876
Bt75		33		14		12		1321.02		0		17.1765616
Bt76		35		5		8		833.68		0		11.9253896
Bt77		17		5		8		517.55		1		11.6403893
Bt78		27		13		14		1794.12		0		13.7367473
Bt79		29		6		13		732.78		0		33.3680963
Bt80		13		7		7		367.94		0		26.7651120
Bt81		17		14		13		1712.92		0		52.7409507
Bt82		34		14		11		1845.22		1		6.5836603
Bt83		35		8		8		664.33		0		17.4271538
Bt84		15		10		6		96		0		31.0774328
Bt85		35		11		9		828.73		0		25.4478473
Bt86		18		10		10		570.97		0		26.1371798
Bt87		27		12		9		1591.19		0		62.3196895
Bt88		29		12		6		547.75		0		20.6619413
Bt89		17		8		13		531.16		0		15.9538984
Bt90		23		11		11		563.78		0		16.4646412
Bt91		28		6		13		422.79		0		25.7775515
Bt92		12		12		10		598.57		0		101.1780433
Bt93		31		14		12		2875.35		0		285.6396377
Bt94		22		10		8		585.31		1		7.0282818
Bt95		32		14		10		1372.63		0		17.7225364
Bt96		28		11		13		2324.10		0		77.8544387
Bt97		18		10		11		477.35		0		39.1200297
Bt98		15		13		11		245.41		1		3.5774180
Bt99		31		8		8		522.50		0		13.4780864
Bt100		33		12		6		1583.08		0		116.1585963

DEMANDS PER CUSTOMER
i	Type Quantity
1	Bt13 1	Bt50 1	Bt94 1	
2	Bt62 1	
3	Bt30 1	Bt50 1	Bt98 1	
4	Bt13 1	Bt75 1	
5	Bt36 1	
6	Bt9 1	Bt11 1	
7	Bt62 1	Bt70 1	
8	Bt74 1	Bt92 1	
9	Bt77 1	Bt78 1	
10	Bt39 1	Bt60 1	Bt86 1	
11	Bt1 1	Bt81 1	
12	Bt22 1	Bt51 1	Bt92 1	
13	Bt28 1	Bt33 1	Bt92 1	
14	Bt80 1	Bt85 1	
15	Bt23 1	Bt47 1	Bt83 1	
16	Bt19 1	Bt58 1	Bt87 1	
17	Bt26 1	Bt77 1	
18	Bt51 1	Bt99 1	
19	Bt26 1	
20	Bt48 1	Bt52 1	
21	Bt73 1	Bt78 1	
22	Bt4 1	Bt95 1	
23	Bt5 1	
24	Bt5 1	Bt50 1	
25	Bt8 1	Bt10 1	Bt76 1	
26	Bt34 1	Bt62 1	Bt77 1	
27	Bt76 1	
28	Bt54 1	Bt80 1	
29	Bt22 1	Bt78 1	Bt94 1	
30	Bt20 1	Bt47 1	
31	Bt38 1	
32	Bt21 1	
33	Bt43 1	Bt63 1	Bt85 1	
34	Bt47 1	Bt52 1	
35	Bt24 1	Bt84 1	Bt97 1	
36	Bt46 1	
37	Bt21 1	Bt83 1	Bt84 1	
38	Bt32 1	Bt51 1	Bt79 1	
39	Bt56 1	
40	Bt9 1	
41	Bt10 1	Bt69 1	
42	Bt23 1	
43	Bt48 1	Bt80 1	
44	Bt44 1	Bt77 1	Bt99 1	
45	Bt2 1	Bt4 1	Bt59 1	
46	Bt25 1	Bt79 1	Bt94 1	
47	Bt21 1	Bt35 1	Bt63 1	
48	Bt56 1	
49	Bt50 1	Bt57 1	
50	Bt38 1	Bt57 1	Bt98 1	
51	Bt58 1	
52	Bt10 1	Bt16 1	Bt40 1	
53	Bt69 1	
54	Bt26 1	Bt34 1	Bt86 1	
55	Bt2 1	Bt32 1	Bt88 1	
56	Bt55 1	Bt89 1	
57	Bt93 1	
58	Bt26 1	
59	Bt6 1	Bt14 1	Bt46 1	
60	Bt49 1	Bt94 1	
61	Bt57 1	Bt75 1	
62	Bt4 1	Bt40 1	
63	Bt7 1	Bt38 1	Bt60 1	
64	Bt10 1	Bt63 1	
65	Bt4 1	Bt56 1	
66	Bt86 1	
67	Bt19 1	Bt28 1	Bt86 1	
68	Bt9 1	
69	Bt48 1	
70	Bt3 1	Bt63 1	
71	Bt74 1	
72	Bt8 1	Bt63 1	
73	Bt69 1	
74	Bt92 1	
75	Bt27 1	Bt76 1	Bt77 1	
76	Bt38 1	
77	Bt19 1	Bt53 1	Bt56 1	
78	Bt57 1	
79	Bt2 1	Bt78 1	
80	Bt15 1	
81	Bt40 1	Bt74 1	Bt81 1	
82	Bt11 1	Bt34 1	Bt71 1	
83	Bt23 1	Bt31 1	Bt79 1	
84	Bt18 1	Bt79 1	
85	Bt18 1	
86	Bt56 1	
87	Bt66 1	
88	Bt60 1	
89	Bt50 1	Bt74 1	Bt90 1	
90	Bt58 1	
91	Bt76 1	Bt81 1	Bt91 1	
92	Bt67 1	
93	Bt3 1	
94	Bt28 1	
95	Bt76 1	
96	Bt67 1	Bt73 1	
97	Bt47 1	Bt59 1	Bt66 1	
98	Bt25 1	Bt55 1	Bt71 1	
99	Bt46 1	Bt54 1	Bt74 1	
100	Bt10 1	