Name				284_n100_m200_bt100
Number_of_Customers		100
Number_of_Items			200
Number_of_ItemTypes		100
Number_of_Vehicles		35
TimeWindows			1

VEHICLE
Mass_Capacity			12595
CargoSpace_Length		60
CargoSpace_Width		25
CargoSpace_Height		30
Wheelbase			48
Max_Mass_FrontAxle		7100
Max_Mass_RearAxle		11500
Distance_FrontAxle_CargoSpace	4

CUSTOMERS
i		x		y		Demand		ReadyTime	DueDate		ServiceTime	DemandedMass	DemandedVolume
0		35		35		0		0		1000		0		0		0
1		47		46		1		264		476		10		2135.01		4464
2		53		36		3		763		949		10		903.14		4304
3		7		6		3		627		885		10		2452.64		8982
4		38		5		1		127		407		10		1141.16		4464
5		10		1		2		497		759		10		1109.83		5058
6		37		53		2		62		312		10		884.51		2810
7		38		41		2		820		1000		10		1978.15		4046
8		58		49		1		591		841		10		457.53		1428
9		38		2		1		652		950		10		2111.13		4576
10		67		76		2		683		919		10		827.45		3549
11		28		45		3		35		265		10		3051.89		8947
12		10		52		1		569		763		10		607.94		1782
13		3		5		3		8		260		10		2793.11		7300
14		60		6		2		298		538		10		483.98		2460
15		9		31		2		477		723		10		7899.65		6810
16		18		56		3		619		827		10		3705.66		11284
17		26		6		2		499		743		10		1290.5		2942
18		39		25		2		248		518		10		1276.38		8190
19		58		28		1		509		737		10		1573.56		1520
20		64		16		2		775		1000		10		1935.15		3872
21		63		36		1		454		678		10		1573.56		1520
22		36		75		1		508		776		10		691.57		1183
23		24		17		3		145		331		10		1609.36		10502
24		45		71		2		383		603		10		3574.32		6408
25		9		19		3		549		805		10		1517.74		4390
26		51		41		3		334		558		10		4098.86		5499
27		21		73		1		181		437		10		732.61		2592
28		65		23		3		216		478		10		1669.04		4920
29		30		71		1		700		1000		10		1003.62		1674
30		59		2		2		622		866		10		1945.84		4858
31		63		48		2		0		214		10		737.9		4386
32		56		14		2		815		1000		10		1206.96		4193
33		21		65		3		298		530		10		4168.7		9984
34		66		8		1		769		979		10		704.77		1848
35		20		34		2		0		237		10		1311.01		4772
36		22		55		1		453		673		10		1710.77		1700
37		61		80		2		164		410		10		2165.9		6448
38		70		32		3		779		1000		10		1775.28		5916
39		14		23		2		15		275		10		1255.88		5226
40		67		47		3		747		977		10		1646.61		10083
41		57		63		1		677		937		10		1284.53		1848
42		23		21		3		0		168		10		1341.58		7958
43		5		59		2		650		910		10		1115.72		7535
44		63		30		2		209		457		10		1925.38		5136
45		42		4		1		747		997		10		5741.17		4704
46		15		45		2		496		802		10		1776.14		6356
47		3		11		2		233		523		10		3917.92		6804
48		10		58		1		859		1000		10		1005.08		3528
49		69		60		3		95		355		10		1802.64		4918
50		24		9		1		456		710		10		249.78		1200
51		54		5		2		119		343		10		1997.3		4428
52		35		40		2		0		159		10		6432.74		5887
53		28		11		3		664		916		10		2864.93		4411
54		27		3		1		839		1000		10		474.39		1224
55		5		77		3		682		942		10		1746.77		7974
56		38		8		2		82		292		10		1787.63		6324
57		40		49		3		435		675		10		2804.48		7097
58		5		62		1		0		199		10		292.09		1386
59		16		9		1		136		410		10		2325.44		4032
60		16		29		3		211		483		10		1951.08		3954
61		29		61		3		766		1000		10		2427.8		5449
62		45		42		2		748		996		10		2621.08		5558
63		20		44		1		134		390		10		710.63		3080
64		20		14		3		59		317		10		999.25		3176
65		69		8		1		698		922		10		1710.77		1700
66		2		41		2		736		932		10		738.04		2816
67		40		62		1		272		516		10		2009.01		4032
68		60		61		2		402		632		10		2039.06		4761
69		20		19		3		0		219		10		2237.95		6010
70		12		37		3		817		1000		10		2688.7		5688
71		7		40		2		0		277		10		2664.94		3096
72		51		28		3		232		438		10		1357.23		3539
73		1		33		1		100		296		10		502.67		2016
74		34		8		2		469		763		10		2638.93		7132
75		49		25		3		39		247		10		2005.47		7671
76		41		67		2		588		856		10		1094.94		3878
77		41		33		2		0		148		10		2607.73		5364
78		38		71		3		340		612		10		2075.44		3642
79		45		65		2		766		1000		10		1548.12		3132
80		30		16		1		377		605		10		1280.21		2160
81		9		25		2		220		502		10		858.6		3675
82		14		61		1		507		737		10		1280.21		2160
83		31		47		1		74		318		10		1573.56		1520
84		55		80		1		267		503		10		186.59		1624
85		1		59		3		484		710		10		3393.62		5696
86		4		49		2		102		328		10		1172.26		2639
87		26		71		3		423		677		10		2402		5641
88		14		78		1		106		318		10		1450.58		4900
89		69		79		2		278		520		10		2258.79		5232
90		55		23		3		243		485		10		3161.85		5257
91		10		79		2		577		809		10		906.47		2649
92		6		26		2		0		160		10		1352.36		3212
93		26		26		1		627		859		10		135.48		960
94		44		76		1		421		673		10		515.14		1980
95		13		28		1		775		1000		10		1527.97		2790
96		12		42		3		480		706		10		4000.44		7332
97		43		57		2		86		332		10		344.66		3192
98		57		40		2		625		847		10		988.42		3976
99		1		0		3		597		843		10		2949.62		4968
100		20		51		3		88		280		10		3381.4		4814

ITEMS
Type		Length		Width		Height		Mass		Fragility	LoadBearingStrength
Bt1		26		8		13		1021.85		0		11.9924123
Bt2		35		14		10		1450.58		1		28.8879840
Bt3		29		8		7		186.59		0		26.8971463
Bt4		22		13		9		376.16		0		7.7987713
Bt5		22		5		13		445.95		0		17.0515228
Bt6		18		9		13		2158.48		0		29.4924908
Bt7		26		14		7		530.89		0		24.4685806
Bt8		17		11		7		1540.61		1		18.0400057
Bt9		27		12		10		1233.89		0		43.7795969
Bt10		16		12		10		219.97		0		29.1239632
Bt11		28		5		14		545.97		1		26.0855000
Bt12		35		9		7		499.27		1		5.6922358
Bt13		12		6		11		1224.52		1		25.3434730
Bt14		17		12		7		457.53		0		23.8867206
Bt15		21		8		11		1284.53		0		61.0136259
Bt16		31		9		6		1003.62		0		44.5887235
Bt17		30		8		12		880.49		0		58.1348374
Bt18		31		6		12		1188.35		0		26.6981677
Bt19		35		9		14		1064.21		0		6.7239310
Bt20		34		13		13		1662.94		1		6.4295758
Bt21		32		12		11		2431.77		1		8.2564116
Bt22		28		9		14		1343.04		0		85.9195610
Bt23		31		14		13		745.49		0		13.1316916
Bt24		30		12		6		1280.21		0		34.3166040
Bt25		17		9		12		1264.69		0		33.3993110
Bt26		22		13		13		1940.18		0		45.1070062
Bt27		18		12		12		732.61		0		16.3818352
Bt28		25		7		6		716.74		0		196.1438197
Bt29		21		9		6		278.23		0		84.1119479
Bt30		14		14		14		816.71		0		16.3134693
Bt31		22		5		9		306.40		0		14.6015360
Bt32		28		14		12		5741.17		0		86.2303970
Bt33		22		13		6		765.52		0		32.4305698
Bt34		12		9		9		267.91		0		18.4338509
Bt35		14		14		8		158.07		0		20.8887787
Bt36		28		9		13		2574.88		0		61.8726993
Bt37		30		14		9		721.46		0		14.0279252
Bt38		26		13		6		494.30		0		12.2075032
Bt39		24		5		13		203.18		0		5.9401928
Bt40		19		8		11		878.37		0		127.6651503
Bt41		23		12		12		1648.81		0		199.1370136
Bt42		15		10		8		249.78		0		9.3048207
Bt43		23		7		9		390.25		0		23.4897032
Bt44		13		6		11		237.03		0		10.2080622
Bt45		20		10		6		516.22		0		23.0408093
Bt46		14		9		12		844.55		0		66.6314275
Bt47		23		5		14		634.73		0		18.1661212
Bt48		29		14		7		1245.73		1		11.0582652
Bt49		17		8		6		191.67		0		14.0170919
Bt50		31		10		9		1527.97		1		63.0820626
Bt51		16		5		12		135.48		0		15.9178894
Bt52		34		5		10		1710.77		1		41.1194796
Bt53		19		7		10		459.87		0		30.9914737
Bt54		25		13		6		647.44		0		25.7104134
Bt55		14		10		11		473.99		0		11.0752988
Bt56		15		12		11		515.14		0		22.4754158
Bt57		31		5		12		646.47		0		17.5254306
Bt58		22		7		9		292.09		0		14.1796988
Bt59		19		13		6		652.30		1		55.8404560
Bt60		25		12		11		660.69		0		11.1870020
Bt61		28		11		10		710.63		0		24.2003284
Bt62		25		6		10		914.19		0		35.0659472
Bt63		14		13		8		325.56		1		3.9954687
Bt64		26		9		13		409.72		0		26.5505360
Bt65		31		10		13		1141.90		0		71.5210061
Bt66		18		11		9		607.94		0		15.5526317
Bt67		12		12		12		591.67		1		7.3064402
Bt68		21		11		7		372.25		0		50.7822395
Bt69		14		9		14		839.49		0		28.5609710
Bt70		17		12		6		474.39		0		22.3307510
Bt71		28		12		6		1223.65		1		98.7571700
Bt72		29		11		7		879.83		0		31.0806652
Bt73		31		12		12		2135.01		0		118.1482939
Bt74		32		13		11		2111.13		0		57.7093305
Bt75		24		11		9		1248.88		0		58.2798078
Bt76		31		8		12		1058.13		0		23.5447273
Bt77		14		13		6		1108.71		1		45.2826783
Bt78		12		12		14		502.67		0		12.6979132
Bt79		23		7		7		327.71		1		3.8156049
Bt80		16		11		11		636.25		0		26.2451802
Bt81		34		12		12		1650.28		0		25.9903513
Bt82		35		11		11		455.03		0		4.4215047
Bt83		29		5		14		1278.04		0		49.1347771
Bt84		13		13		7		691.57		0		44.4697961
Bt85		21		6		11		2017.43		0		115.8912820
Bt86		31		6		8		216.07		1		8.5119195
Bt87		13		7		6		303.52		0		36.9643348
Bt88		20		12		9		1529.61		0		166.6520610
Bt89		28		11		6		704.77		0		24.6708939
Bt90		31		12		12		1141.16		0		33.9129023
Bt91		19		8		10		1573.56		1		37.2241704
Bt92		28		8		9		700.11		0		26.0542263
Bt93		22		5		9		506.46		0		45.5692225
Bt94		24		14		12		2325.44		0		37.9921760
Bt95		21		14		12		1005.08		1		5.1895852
Bt96		14		11		8		355.97		0		19.5508828
Bt97		32		14		7		517.09		0		13.4957090
Bt98		14		12		8		328.18		1		6.3371827
Bt99		15		6		11		619.08		0		50.2416603
Bt100		32		9		14		2009.01		0		290.5747036

DEMANDS PER CUSTOMER
i	Type Quantity
1	Bt73 1	
2	Bt39 1	Bt68 1	Bt79 1	
3	Bt31 1	Bt90 1	Bt95 1	
4	Bt90 1	
5	Bt64 1	Bt92 1	
6	Bt42 1	Bt47 1	
7	Bt83 1	Bt92 1	
8	Bt14 1	
9	Bt74 1	
10	Bt12 1	Bt98 1	
11	Bt26 1	Bt37 1	Bt43 1	
12	Bt66 1	
13	Bt7 1	Bt27 1	Bt88 1	
14	Bt34 1	Bt86 1	
15	Bt6 1	Bt32 1	
16	Bt23 1	Bt47 1	Bt94 1	
17	Bt5 1	Bt46 1	
18	Bt7 1	Bt23 1	
19	Bt91 1	
20	Bt13 1	Bt61 1	
21	Bt91 1	
22	Bt84 1	
23	Bt23 1	Bt39 1	Bt60 1	
24	Bt75 1	Bt94 1	
25	Bt29 1	Bt33 1	Bt55 1	
26	Bt8 1	Bt24 1	Bt83 1	
27	Bt27 1	
28	Bt54 1	Bt56 1	Bt93 1	
29	Bt16 1	
30	Bt48 1	Bt92 1	
31	Bt64 1	Bt98 1	
32	Bt30 1	Bt43 1	
33	Bt9 1	Bt15 1	Bt81 1	
34	Bt89 1	
35	Bt30 1	Bt38 1	
36	Bt52 1	
37	Bt41 1	Bt97 1	
38	Bt27 1	Bt39 1	Bt69 1	
39	Bt19 1	Bt49 1	
40	Bt7 1	Bt60 1	Bt82 1	
41	Bt15 1	
42	Bt23 1	Bt34 1	Bt98 1	
43	Bt60 1	Bt82 1	
44	Bt25 1	Bt60 1	
45	Bt32 1	
46	Bt2 1	Bt63 1	
47	Bt22 1	Bt36 1	
48	Bt95 1	
49	Bt1 1	Bt31 1	Bt70 1	
50	Bt42 1	
51	Bt25 1	Bt27 1	
52	Bt32 1	Bt84 1	
53	Bt5 1	Bt8 1	Bt40 1	
54	Bt70 1	
55	Bt4 1	Bt19 1	Bt31 1	
56	Bt57 1	Bt90 1	
57	Bt37 1	Bt52 1	Bt68 1	
58	Bt58 1	
59	Bt94 1	
60	Bt28 1	Bt40 1	Bt96 1	
61	Bt16 1	Bt27 1	Bt84 1	
62	Bt22 1	Bt83 1	
63	Bt61 1	
64	Bt5 1	Bt42 1	Bt87 1	
65	Bt52 1	
66	Bt5 1	Bt58 1	
67	Bt100 1	
68	Bt41 1	Bt43 1	
69	Bt48 1	Bt80 1	Bt96 1	
70	Bt24 1	Bt38 1	Bt62 1	
71	Bt6 1	Bt93 1	
72	Bt49 1	Bt55 1	Bt84 1	
73	Bt78 1	
74	Bt2 1	Bt18 1	
75	Bt62 1	Bt80 1	Bt82 1	
76	Bt29 1	Bt30 1	
77	Bt22 1	Bt25 1	
78	Bt25 1	Bt49 1	Bt99 1	
79	Bt24 1	Bt34 1	
80	Bt24 1	
81	Bt7 1	Bt79 1	
82	Bt24 1	
83	Bt91 1	
84	Bt3 1	
85	Bt50 1	Bt58 1	Bt91 1	
86	Bt46 1	Bt79 1	
87	Bt59 1	Bt76 1	Bt84 1	
88	Bt2 1	
89	Bt42 1	Bt100 1	
90	Bt30 1	Bt79 1	Bt85 1	
91	Bt43 1	Bt45 1	
92	Bt40 1	Bt55 1	
93	Bt51 1	
94	Bt56 1	
95	Bt50 1	
96	Bt9 1	Bt36 1	Bt49 1	
97	Bt3 1	Bt35 1	
98	Bt7 1	Bt14 1	
99	Bt15 1	Bt51 1	Bt88 1	
100	Bt29 1	Bt88 1	Bt91 1	