Name				292_n100_m200_bt10
Number_of_Customers		100
Number_of_Items			200
Number_of_ItemTypes		10
Number_of_Vehicles		11
TimeWindows			1

VEHICLE
Mass_Capacity			12595
CargoSpace_Length		60
CargoSpace_Width		25
CargoSpace_Height		30
Wheelbase			48
Max_Mass_FrontAxle		7100
Max_Mass_RearAxle		11500
Distance_FrontAxle_CargoSpace	4

CUSTOMERS
i		x		y		Demand		ReadyTime	DueDate		ServiceTime	DemandedMass	DemandedVolume
0		35		35		0		0		1000		0		0		0
1		64		12		3		0		952		10		523.28		624
2		13		33		1		0		967		10		163.75		180
3		14		67		1		0		951		10		163.75		180
4		64		50		2		0		957		10		228.93		282
5		52		80		1		776		1000		10		58.97		72
6		60		29		2		0		964		10		347.87		450
7		21		5		3		0		956		10		362.29		540
8		50		30		3		693		945		10		443.64		528
9		13		37		2		0		967		10		275.19		396
10		16		35		3		0		971		10		435.99		582
11		23		39		2		0		977		10		99.7		192
12		10		59		1		0		955		10		65.18		102
13		5		55		2		0		953		10		374.31		462
14		6		16		2		351		579		10		237.32		318
15		1		17		2		643		879		10		222.72		252
16		4		21		1		0		955		10		49.85		96
17		9		23		3		0		961		10		167.79		240
18		52		12		3		597		867		10		389.47		642
19		10		28		2		0		964		10		231.11		288
20		67		80		3		0		934		10		546.45		678
21		10		9		2		228		488		10		198.82		258
22		11		12		2		0		956		10		297.94		324
23		1		24		2		0		954		10		181.5		222
24		68		11		3		0		949		10		470.08		540
25		7		8		2		0		951		10		412.58		498
26		61		64		1		0		951		10		58.97		72
27		31		52		1		0		972		10		49.85		96
28		1		33		2		0		955		10		312.72		342
29		65		23		2		0		957		10		335.89		396
30		48		7		3		238		458		10		248.67		354
31		33		69		3		572		858		10		210.99		492
32		6		60		3		625		765		10		264		360
33		42		80		1		662		908		10		172.14		216
34		65		59		1		0		951		10		49.85		96
35		68		18		3		0		952		10		336.68		414
36		59		74		1		0		944		10		76.01		210
37		11		54		2		448		658		10		141.19		312
38		63		70		3		0		945		10		280.96		384
39		9		38		2		0		963		10		301.35		510
40		16		70		2		0		950		10		386.14		486
41		48		3		1		0		955		10		263.61		336
42		35		16		2		0		971		10		198.54		360
43		53		35		2		0		972		10		198.54		360
44		20		31		3		0		974		10		289.61		486
45		52		51		3		0		966		10		508.67		636
46		37		73		2		0		951		10		228.93		282
47		32		57		1		848		1000		10		263.61		336
48		53		4		3		582		798		10		200.16		384
49		31		6		3		0		960		10		289.61		486
50		10		73		1		0		944		10		148.97		162
51		3		3		1		0		944		10		263.61		336
52		31		13		3		0		967		10		690.97		852
53		17		54		1		0		963		10		65.18		102
54		4		46		2		467		683		10		290.52		402
55		46		17		3		0		968		10		637.92		798
56		40		46		2		0		977		10		224.98		372
57		14		58		1		627		859		10		65.18		102
58		41		31		2		0		982		10		239.76		390
59		20		67		2		0		954		10		124.15		174
60		36		25		3		0		979		10		592.4		774
61		63		42		1		298		528		10		148.97		162
62		6		29		1		0		960		10		163.75		180
63		44		67		2		0		956		10		527.22		672
64		60		17		1		0		959		10		58.97		72
65		60		25		1		0		963		10		172.14		216
66		3		9		3		436		654		10		699.36		888
67		1		53		2		148		346		10		231.11		288
68		13		49		1		0		963		10		172.14		216
69		17		17		3		207		447		10		439.49		564
70		57		37		3		0		967		10		561.23		696
71		37		56		2		646		908		10		321.11		378
72		22		21		2		0		970		10		321.11		378
73		52		15		3		0		963		10		458.42		546
74		9		70		1		0		946		10		58.97		72
75		26		47		1		0		975		10		172.14		216
76		54		47		1		422		646		10		49.85		96
77		57		15		2		0		960		10		231.11		288
78		47		14		1		0		965		10		225.34		300
79		24		72		3		140		390		10		538.8		732
80		9		80		1		0		938		10		76.01		210
81		59		59		2		0		956		10		214.15		264
82		23		56		3		0		965		10		690.97		852
83		24		31		2		0		978		10		389.09		480
84		54		74		2		0		946		10		248.15		426
85		70		66		2		0		943		10		108.82		168
86		27		17		2		0		970		10		198.82		258
87		35		19		1		4		196		10		122.53		150
88		13		17		3		0		961		10		389.47		642
89		66		42		1		0		958		10		76.01		210
90		70		49		3		0		952		10		584.72		714
91		63		34		3		288		490		10		558.28		702
92		18		0		1		0		951		10		49.85		96
93		53		55		1		0		963		10		263.61		336
94		48		41		3		0		975		10		380.08		450
95		23		79		2		0		944		10		222.72		252
96		28		34		3		0		982		10		298.73		462
97		23		63		1		0		959		10		65.18		102
98		61		77		3		0		940		10		386.29		480
99		18		59		2		43		309		10		221.99		312
100		15		63		1		0		955		10		49.85		96

ITEMS
Type		Length		Width		Height		Mass		Fragility	LoadBearingStrength
Bt1		9		3		6		148.97		0		11.1551271
Bt2		6		2		8		49.85		0		136.6297816
Bt3		7		5		6		76.01		0		19.7178740
Bt4		15		5		4		225.34		1		8.6297773
Bt5		17		2		3		65.18		0		48.6024992
Bt6		10		3		6		163.75		0		18.4103770
Bt7		8		6		7		263.61		0		44.6624405
Bt8		6		3		4		58.97		1		9.1719686
Bt9		6		5		5		122.53		0		25.5638602
Bt10		6		6		6		172.14		0		30.7954328

DEMANDS PER CUSTOMER
i	Type Quantity
1	Bt1 2	Bt4 1	
2	Bt6 1	
3	Bt6 1	
4	Bt5 1	Bt6 1	
5	Bt8 1	
6	Bt4 1	Bt9 1	
7	Bt3 1	Bt6 1	Bt9 1	
8	Bt1 1	Bt9 1	Bt10 1	
9	Bt2 1	Bt4 1	
10	Bt2 1	Bt7 1	Bt9 1	
11	Bt2 2	
12	Bt5 1	
13	Bt1 1	Bt4 1	
14	Bt5 1	Bt10 1	
15	Bt6 1	Bt8 1	
16	Bt2 1	
17	Bt2 1	Bt8 2	
18	Bt2 1	Bt3 1	Bt7 1	
19	Bt8 1	Bt10 1	
20	Bt1 1	Bt4 1	Bt10 1	
21	Bt1 1	Bt2 1	
22	Bt1 2	
23	Bt8 1	Bt9 1	
24	Bt1 2	Bt10 1	
25	Bt1 1	Bt7 1	
26	Bt8 1	
27	Bt2 1	
28	Bt1 1	Bt6 1	
29	Bt6 1	Bt10 1	
30	Bt1 1	Bt2 2	
31	Bt3 2	Bt8 1	
32	Bt1 1	Bt2 1	Bt5 1	
33	Bt10 1	
34	Bt2 1	
35	Bt1 1	Bt5 1	Bt9 1	
36	Bt3 1	
37	Bt3 1	Bt5 1	
38	Bt2 1	Bt8 1	Bt10 1	
39	Bt3 1	Bt4 1	
40	Bt7 1	Bt9 1	
41	Bt7 1	
42	Bt3 1	Bt9 1	
43	Bt3 1	Bt9 1	
44	Bt2 1	Bt3 1	Bt6 1	
45	Bt7 1	Bt9 2	
46	Bt5 1	Bt6 1	
47	Bt7 1	
48	Bt3 1	Bt5 1	Bt8 1	
49	Bt2 1	Bt3 1	Bt6 1	
50	Bt1 1	
51	Bt7 1	
52	Bt6 1	Bt7 2	
53	Bt5 1	
54	Bt4 1	Bt5 1	
55	Bt1 1	Bt4 1	Bt7 1	
56	Bt1 1	Bt3 1	
57	Bt5 1	
58	Bt3 1	Bt6 1	
59	Bt5 1	Bt8 1	
60	Bt5 1	Bt7 2	
61	Bt1 1	
62	Bt6 1	
63	Bt7 2	
64	Bt8 1	
65	Bt10 1	
66	Bt7 2	Bt10 1	
67	Bt8 1	Bt10 1	
68	Bt10 1	
69	Bt1 1	Bt4 1	Bt5 1	
70	Bt4 1	Bt6 1	Bt10 1	
71	Bt1 1	Bt10 1	
72	Bt1 1	Bt10 1	
73	Bt6 1	Bt9 1	Bt10 1	
74	Bt8 1	
75	Bt10 1	
76	Bt2 1	
77	Bt8 1	Bt10 1	
78	Bt4 1	
79	Bt2 1	Bt4 1	Bt7 1	
80	Bt3 1	
81	Bt1 1	Bt5 1	
82	Bt6 1	Bt7 2	
83	Bt4 1	Bt6 1	
84	Bt3 1	Bt10 1	
85	Bt2 1	Bt8 1	
86	Bt1 1	Bt2 1	
87	Bt9 1	
88	Bt2 1	Bt3 1	Bt7 1	
89	Bt3 1	
90	Bt1 1	Bt7 1	Bt10 1	
91	Bt7 1	Bt9 1	Bt10 1	
92	Bt2 1	
93	Bt7 1	
94	Bt1 1	Bt8 1	Bt10 1	
95	Bt6 1	Bt8 1	
96	Bt3 1	Bt6 1	Bt8 1	
97	Bt5 1	
98	Bt1 1	Bt5 1	Bt10 1	
99	Bt2 1	Bt10 1	
100	Bt2 1	