Name				294_n100_m200_bt10
Number_of_Customers		100
Number_of_Items			200
Number_of_ItemTypes		10
Number_of_Vehicles		20
TimeWindows			1

VEHICLE
Mass_Capacity			12595
CargoSpace_Length		60
CargoSpace_Width		25
CargoSpace_Height		30
Wheelbase			48
Max_Mass_FrontAxle		7100
Max_Mass_RearAxle		11500
Distance_FrontAxle_CargoSpace	4

CUSTOMERS
i		x		y		Demand		ReadyTime	DueDate		ServiceTime	DemandedMass	DemandedVolume
0		35		35		0		0		1000		0		0		0
1		33		69		1		39		239		10		312.84		576
2		63		6		1		0		949		10		64.89		126
3		67		75		2		0		938		10		132.1		330
4		63		42		2		0		961		10		570.39		835
5		70		29		1		815		1000		10		240.34		385
6		44		44		1		0		977		10		330.05		450
7		31		18		3		0		972		10		267.14		453
8		7		30		3		0		961		10		281.72		600
9		39		26		2		685		899		10		258.36		498
10		1		52		3		0		951		10		821.13		1321
11		18		19		2		340		576		10		334		525
12		49		12		1		115		353		10		64.89		126
13		10		29		3		0		964		10		498.7		883
14		59		47		1		700		972		10		136.2		162
15		19		70		2		0		951		10		201.09		288
16		64		60		3		482		682		10		513.93		864
17		54		58		2		454		716		10		508.29		745
18		41		74		2		0		950		10		196.24		291
19		24		70		2		0		953		10		361.46		459
20		55		34		1		363		567		10		136.2		162
21		67		15		2		0		952		10		262.7		330
22		10		23		3		0		962		10		600.79		846
23		63		29		2		485		731		10		376.54		547
24		22		39		3		0		976		10		664.05		975
25		5		20		1		285		507		10		131.35		165
26		17		77		2		0		944		10		258.36		498
27		68		68		2		0		943		10		159.56		264
28		55		73		2		0		947		10		466.25		612
29		7		43		3		0		960		10		436.58		676
30		52		26		1		0		970		10		66.05		165
31		68		43		2		87		343		10		570.39		835
32		46		69		3		0		954		10		517.07		648
33		48		19		2		696		900		10		570.39		835
34		62		0		2		0		945		10		187.02		198
35		14		53		1		49		311		10		131.35		165
36		30		57		3		519		737		10		574.37		1122
37		39		48		2		627		869		10		361.46		459
38		52		14		3		0		962		10		566.35		1077
39		44		18		2		57		303		10		390.11		696
40		10		58		2		0		956		10		132.1		330
41		36		8		2		0		962		10		406.35		675
42		69		78		3		202		400		10		646.69		1060
43		37		14		3		0		968		10		394.56		660
44		22		78		2		0		945		10		376.54		547
45		10		10		2		818		1000		10		272.4		324
46		35		42		2		116		346		10		332.84		486
47		42		27		1		739		993		10		93.51		99
48		58		10		3		0		956		10		518.26		951
49		20		28		1		619		871		10		312.84		576
50		56		39		3		745		953		10		462.15		780
51		57		2		2		168		374		10		332.84		486
52		8		39		3		423		639		10		517.1		912
53		36		27		3		608		916		10		394.56		660
54		53		70		2		0		950		10		229.71		261
55		16		43		3		548		760		10		459.83		702
56		42		79		2		0		945		10		508.29		745
57		11		38		1		0		965		10		64.89		126
58		52		54		1		0		964		10		131.35		165
59		17		2		1		719		967		10		122.16		336
60		3		33		3		0		217		10		707.78		1152
61		25		39		3		0		979		10		546.73		935
62		70		48		1		804		1000		10		122.16		336
63		17		29		3		0		971		10		662.89		936
64		59		29		3		745		937		10		537.7		840
65		33		55		3		0		969		10		443.78		867
66		52		32		3		379		603		10		724.99		1026
67		55		29		2		0		969		10		215.67		435
68		21		65		1		659		891		10		267.95		360
69		10		44		2		701		947		10		423.56		549
70		10		52		1		0		959		10		240.34		385
71		64		76		1		544		774		10		122.16		336
72		28		30		3		0		981		10		472.4		840
73		8		72		2		705		941		10		396.1		615
74		30		35		1		758		998		10		93.51		99
75		28		23		3		0		976		10		639.64		910
76		6		48		1		0		958		10		66.05		165
77		20		34		3		70		320		10		821.13		1321
78		8		26		3		0		961		10		690.57		1278
79		51		20		1		0		968		10		122.16		336
80		61		69		1		0		947		10		312.84		576
81		0		19		1		667		895		10		267.95		360
82		51		60		1		0		960		10		64.89		126
83		24		32		3		242		532		10		821.13		1321
84		20		23		1		779		1000		10		93.51		99
85		42		68		2		272		486		10		553.18		961
86		1		80		2		348		584		10		444.19		741
87		61		24		3		27		259		10		537.7		840
88		24		5		1		715		949		10		64.89		126
89		7		75		1		296		534		10		66.05		165
90		4		4		3		0		946		10		566.35		1077
91		41		51		1		531		761		10		131.35		165
92		22		51		1		0		969		10		330.05		450
93		69		8		1		0		946		10		93.51		99
94		27		10		2		0		963		10		362.5		721
95		47		75		2		0		948		10		201.09		288
96		26		13		3		0		966		10		262.29		456
97		29		41		1		0		981		10		93.51		99
98		59		61		2		341		575		10		262.7		330
99		46		60		2		445		695		10		132.1		330
100		11		26		2		397		621		10		267.55		327

ITEMS
Type		Length		Width		Height		Mass		Fragility	LoadBearingStrength
Bt1		11		3		5		66.05		0		6.1853118
Bt2		12		5		6		267.95		0		63.5367170
Bt3		7		3		6		64.89		0		15.4386724
Bt4		16		6		6		312.84		0		14.6137652
Bt5		11		3		5		131.35		0		21.8803415
Bt6		15		6		5		330.05		1		13.5688156
Bt7		11		7		5		240.34		0		56.6630626
Bt8		9		6		3		136.20		0		9.7364504
Bt9		11		3		3		93.51		1		5.8969394
Bt10		12		7		4		122.16		0		8.3757312

DEMANDS PER CUSTOMER
i	Type Quantity
1	Bt4 1	
2	Bt3 1	
3	Bt1 2	
4	Bt6 1	Bt7 1	
5	Bt7 1	
6	Bt6 1	
7	Bt1 1	Bt3 1	Bt8 1	
8	Bt1 1	Bt9 1	Bt10 1	
9	Bt8 1	Bt10 1	
10	Bt2 1	Bt4 1	Bt7 1	
11	Bt1 1	Bt2 1	
12	Bt3 1	
13	Bt7 1	Bt8 1	Bt10 1	
14	Bt8 1	
15	Bt3 1	Bt8 1	
16	Bt3 1	Bt4 1	Bt8 1	
17	Bt2 1	Bt7 1	
18	Bt3 1	Bt5 1	
19	Bt2 1	Bt9 1	
20	Bt8 1	
21	Bt5 2	
22	Bt2 2	Bt3 1	
23	Bt7 1	Bt8 1	
24	Bt1 1	Bt2 1	Bt6 1	
25	Bt5 1	
26	Bt8 1	Bt10 1	
27	Bt1 1	Bt9 1	
28	Bt6 1	Bt8 1	
29	Bt3 1	Bt5 1	Bt7 1	
30	Bt1 1	
31	Bt6 1	Bt7 1	
32	Bt6 1	Bt9 2	
33	Bt6 1	Bt7 1	
34	Bt9 2	
35	Bt5 1	
36	Bt6 1	Bt10 2	
37	Bt2 1	Bt9 1	
38	Bt4 1	Bt5 1	Bt10 1	
39	Bt2 1	Bt10 1	
40	Bt1 2	
41	Bt4 1	Bt9 1	
42	Bt4 1	Bt7 1	Bt9 1	
43	Bt8 2	Bt10 1	
44	Bt7 1	Bt8 1	
45	Bt8 2	
46	Bt2 1	Bt3 1	
47	Bt9 1	
48	Bt1 1	Bt6 1	Bt10 1	
49	Bt4 1	
50	Bt1 2	Bt6 1	
51	Bt2 1	Bt3 1	
52	Bt3 1	Bt6 1	Bt10 1	
53	Bt8 2	Bt10 1	
54	Bt8 1	Bt9 1	
55	Bt3 2	Bt6 1	
56	Bt2 1	Bt7 1	
57	Bt3 1	
58	Bt5 1	
59	Bt10 1	
60	Bt3 1	Bt4 1	Bt6 1	
61	Bt1 1	Bt7 2	
62	Bt10 1	
63	Bt2 1	Bt3 1	Bt6 1	
64	Bt4 1	Bt5 1	Bt9 1	
65	Bt1 1	Bt3 1	Bt4 1	
66	Bt3 1	Bt6 2	
67	Bt9 1	Bt10 1	
68	Bt2 1	
69	Bt6 1	Bt9 1	
70	Bt7 1	
71	Bt10 1	
72	Bt1 1	Bt4 1	Bt9 1	
73	Bt1 1	Bt6 1	
74	Bt9 1	
75	Bt2 1	Bt5 1	Bt7 1	
76	Bt1 1	
77	Bt2 1	Bt4 1	Bt7 1	
78	Bt3 1	Bt4 2	
79	Bt10 1	
80	Bt4 1	
81	Bt2 1	
82	Bt3 1	
83	Bt2 1	Bt4 1	Bt7 1	
84	Bt9 1	
85	Bt4 1	Bt7 1	
86	Bt4 1	Bt5 1	
87	Bt4 1	Bt5 1	Bt9 1	
88	Bt3 1	
89	Bt1 1	
90	Bt4 1	Bt5 1	Bt10 1	
91	Bt5 1	
92	Bt6 1	
93	Bt9 1	
94	Bt7 1	Bt10 1	
95	Bt3 1	Bt8 1	
96	Bt1 1	Bt3 1	Bt5 1	
97	Bt9 1	
98	Bt5 2	
99	Bt1 2	
100	Bt5 1	Bt8 1	