Name				296_n100_m200_bt100
Number_of_Customers		100
Number_of_Items			200
Number_of_ItemTypes		100
Number_of_Vehicles		27
TimeWindows			1

VEHICLE
Mass_Capacity			12595
CargoSpace_Length		60
CargoSpace_Width		25
CargoSpace_Height		30
Wheelbase			48
Max_Mass_FrontAxle		7100
Max_Mass_RearAxle		11500
Distance_FrontAxle_CargoSpace	4

CUSTOMERS
i		x		y		Demand		ReadyTime	DueDate		ServiceTime	DemandedMass	DemandedVolume
0		35		35		0		0		1000		0		0		0
1		46		37		3		696		980		10		333.82		504
2		6		78		1		39		263		10		187.76		204
3		24		30		3		390		624		10		494.46		477
4		5		45		1		234		444		10		125.94		196
5		66		75		3		337		531		10		219.7		408
6		36		3		2		122		304		10		557.39		519
7		21		2		3		815		993		10		793.41		1099
8		41		44		1		807		977		10		25.93		72
9		40		75		1		767		1000		10		125.94		196
10		14		52		3		349		627		10		163.35		318
11		22		80		2		394		600		10		342.38		348
12		51		7		1		585		841		10		21.35		70
13		38		68		2		763		1000		10		281.81		428
14		51		3		2		183		397		10		261.38		435
15		49		78		3		246		474		10		556.5		838
16		6		33		2		767		1000		10		303.85		381
17		60		43		2		298		556		10		314.73		492
18		2		25		1		493		707		10		249.69		273
19		15		42		3		474		716		10		655.68		797
20		22		53		3		395		661		10		468.24		480
21		33		63		2		583		763		10		336.67		408
22		50		15		1		30		272		10		293.7		320
23		11		45		3		526		730		10		832.34		1140
24		39		64		1		250		506		10		119.38		144
25		36		80		2		701		995		10		259.21		735
26		42		10		2		666		874		10		371.02		451
27		59		69		2		682		954		10		381.27		472
28		61		63		1		28		294		10		148.17		180
29		48		43		2		15		255		10		362.57		363
30		17		74		1		91		319		10		173.86		294
31		55		25		2		53		251		10		209.28		404
32		47		14		2		481		719		10		303.33		426
33		61		80		2		712		956		10		628.47		719
34		20		60		3		589		853		10		511.83		1052
35		42		19		3		0		206		10		957.31		1632
36		47		74		1		485		729		10		17.19		54
37		63		33		3		114		362		10		186.66		502
38		69		65		1		659		841		10		93.06		180
39		9		58		2		698		930		10		648.33		652
40		26		26		3		468		726		10		649.25		876
41		34		60		1		193		451		10		194.98		240
42		26		19		1		9		273		10		144		240
43		60		7		2		662		952		10		422.49		796
44		36		45		3		0		133		10		366.56		496
45		20		40		3		475		679		10		653.06		729
46		16		39		3		743		1000		10		964.18		1251
47		58		46		2		476		718		10		377.59		350
48		34		56		2		72		298		10		814.87		848
49		32		38		1		304		550		10		99.14		216
50		32		47		1		165		395		10		93.06		180
51		59		73		2		339		571		10		790.2		638
52		47		2		2		388		632		10		316.58		510
53		22		69		3		0		213		10		465.31		568
54		24		7		1		591		821		10		144.47		390
55		14		9		1		468		742		10		93.06		180
56		6		27		1		27		293		10		169.1		540
57		69		10		3		485		697		10		727.81		1064
58		11		35		3		0		128		10		541.45		669
59		33		20		1		636		846		10		107.65		168
60		31		9		3		0		215		10		439.91		496
61		10		62		1		376		634		10		107.65		168
62		58		62		2		191		463		10		416.1		630
63		26		55		2		345		529		10		891.12		889
64		31		6		2		173		445		10		107.75		222
65		65		61		3		589		879		10		1492.84		1552
66		60		40		2		470		750		10		482.55		795
67		44		72		1		479		755		10		55.52		96
68		42		14		2		303		565		10		400.94		597
69		62		29		2		421		633		10		250.47		560
70		16		25		3		106		340		10		601.39		659
71		63		77		1		822		1000		10		58.19		147
72		16		12		2		9		261		10		268.76		670
73		17		28		1		206		452		10		77.63		112
74		10		80		2		205		461		10		112.61		222
75		51		59		2		494		724		10		306.51		400
76		13		4		1		261		485		10		249.69		273
77		48		21		1		87		367		10		456.91		315
78		20		33		2		775		1000		10		742.83		688
79		70		36		3		278		566		10		754.78		860
80		18		55		1		257		475		10		147.58		156
81		4		6		2		815		1000		10		617.3		422
82		8		14		1		179		419		10		185.02		256
83		26		37		3		694		960		10		522.46		932
84		10		69		3		599		865		10		615.37		813
85		29		1		1		110		356		10		415.31		432
86		19		25		2		640		860		10		428.18		435
87		23		64		2		214		444		10		244.19		342
88		46		49		2		0		151		10		327.15		333
89		30		23		1		0		278		10		144.47		390
90		28		52		3		110		358		10		696.24		864
91		25		40		2		410		648		10		269.78		370
92		67		40		3		319		525		10		677.23		1000
93		63		20		2		459		711		10		72.34		216
94		55		16		3		370		616		10		584.97		728
95		32		77		2		255		495		10		800.86		1092
96		28		40		1		679		913		10		212.47		264
97		64		13		3		845		1000		10		329.81		624
98		68		30		2		647		885		10		360.59		321
99		53		20		3		281		541		10		609.08		875
100		52		53		3		399		635		10		552.63		900

ITEMS
Type		Length		Width		Height		Mass		Fragility	LoadBearingStrength
Bt1		10		2		5		92.62		1		5.3794837
Bt2		12		4		6		203.19		1		16.6807566
Bt3		15		5		7		375.01		1		11.1013046
Bt4		17		5		6		301.06		1		30.2371520
Bt5		14		4		7		304.18		0		43.0937037
Bt6		12		6		7		498.40		0		14.3846758
Bt7		10		5		8		267.02		0		147.0801596
Bt8		16		6		8		755.12		0		41.9722597
Bt9		12		5		6		238.94		0		131.0635030
Bt10		6		4		3		30.29		0		49.6084254
Bt11		12		7		5		170.05		0		35.0495978
Bt12		8		3		3		65		0		54.3932681
Bt13		8		5		4		159.60		0		27.7241027
Bt14		7		3		6		44.03		0		89.8086022
Bt15		9		4		8		118.90		0		116.3955013
Bt16		12		6		6		415.31		0		16.4338398
Bt17		15		3		6		174.04		0		18.1527366
Bt18		15		5		3		305.07		0		77.5115435
Bt19		8		5		8		293.70		0		37.2333862
Bt20		14		6		8		421.82		0		232.9134374
Bt21		8		7		7		154.18		1		4.5303757
Bt22		14		5		6		128.63		0		5.6714723
Bt23		9		3		8		99.14		1		16.1059915
Bt24		16		6		7		462.45		0		18.3526262
Bt25		15		5		3		224.40		1		11.0304869
Bt26		15		3		7		456.91		0		77.8829013
Bt27		10		4		4		162.51		0		56.5170945
Bt28		16		4		7		547.85		1		19.2175130
Bt29		14		4		3		90.64		0		14.5929799
Bt30		10		6		3		148.17		0		26.4167825
Bt31		11		3		5		108.28		0		66.2626837
Bt32		9		4		3		102.75		0		33.9248649
Bt33		8		4		8		185.02		0		26.8645083
Bt34		11		7		3		116.93		0		23.5754124
Bt35		8		6		3		119.38		0		51.9344155
Bt36		7		4		3		82.17		0		27.3279338
Bt37		12		2		3		25.93		0		27.4898352
Bt38		7		2		7		92.75		0		52.6227323
Bt39		11		3		4		129.47		0		27.6597843
Bt40		7		3		7		58.19		1		6.2368397
Bt41		7		6		4		96.29		0		23.3881724
Bt42		13		5		6		144.47		1		4.1402299
Bt43		12		2		4		40.68		1		12.1709102
Bt44		17		7		8		730.15		0		15.9433514
Bt45		10		3		8		239.63		0		22.2196018
Bt46		9		6		5		177.16		1		10.7646926
Bt47		7		5		4		60.09		0		11.0147537
Bt48		16		6		3		221.72		0		32.8133599
Bt49		8		7		3		90.56		0		24.0200282
Bt50		17		3		5		259.82		0		78.4444562
Bt51		12		5		8		401.94		1		8.2988008
Bt52		17		5		7		296.19		0		25.3763944
Bt53		15		4		3		93.06		1		45.2645769
Bt54		17		2		6		269.20		0		43.3021848
Bt55		8		7		5		124.29		0		14.5981514
Bt56		7		6		7		173.86		0		18.4040131
Bt57		6		3		8		46.41		0		7.6909757
Bt58		12		6		7		278.97		0		84.6614776
Bt59		6		4		7		95.42		0		97.3509169
Bt60		7		6		4		107.65		0		23.3725880
Bt61		17		4		3		187.76		0		30.1186630
Bt62		13		4		6		221.67		0		31.3320502
Bt63		10		4		6		144		1		9.4841718
Bt64		6		6		8		150.24		0		25.5740561
Bt65		15		7		7		518.13		0		18.1405461
Bt66		13		3		4		147.58		0		63.4240823
Bt67		15		4		8		255.86		0		37.9126727
Bt68		7		4		4		77.63		0		91.3560167
Bt69		14		5		6		338.41		0		221.4383160
Bt70		17		2		6		100.48		0		55.9887186
Bt71		13		4		6		235.67		0		61.2631370
Bt72		13		5		3		186		0		110.5584902
Bt73		17		2		3		68.68		0		27.1976446
Bt74		15		7		3		130.58		1		5.7137841
Bt75		15		6		6		169.10		0		17.4902904
Bt76		9		2		7		44.92		0		3.7491459
Bt77		17		5		5		454.61		0		69.9013475
Bt78		13		3		7		249.69		0		20.4038755
Bt79		10		5		7		288.70		0		90.8907825
Bt80		6		4		4		55.52		0		32.7233608
Bt81		11		7		8		641.43		0		98.6588662
Bt82		11		4		6		212.47		0		21.4339240
Bt83		12		2		8		141.07		0		50.0092298
Bt84		15		5		8		296.55		0		29.7698992
Bt85		7		6		5		317.50		0		259.4647058
Bt86		10		7		5		587.01		0		71.0764618
Bt87		10		4		5		108.80		1		5.6314244
Bt88		16		5		3		194.98		0		62.9913055
Bt89		14		2		7		125.94		1		14.4938787
Bt90		7		2		5		21.35		0		6.9836518
Bt91		11		4		6		124.41		0		18.4340758
Bt92		8		6		5		229.02		1		32.3494172
Bt93		8		3		7		61.91		0		15.6713178
Bt94		10		2		8		71.41		0		32.4894036
Bt95		6		4		8		167.57		0		41.8029651
Bt96		9		2		3		17.19		1		5.0037293
Bt97		12		2		5		83.86		0		18.6453392
Bt98		15		3		5		110.68		0		29.5094688
Bt99		15		4		6		264.44		0		122.1348766
Bt100		9		6		6		128.65		0		19.8575337

DEMANDS PER CUSTOMER
i	Type Quantity
1	Bt37 1	Bt59 1	Bt82 1	
2	Bt61 1	
3	Bt31 1	Bt73 1	Bt85 1	
4	Bt89 1	
5	Bt10 1	Bt12 1	Bt91 1	
6	Bt26 1	Bt70 1	
7	Bt22 1	Bt28 1	Bt34 1	
8	Bt37 1	
9	Bt89 1	
10	Bt29 1	Bt80 1	Bt96 1	
11	Bt32 1	Bt45 1	
12	Bt90 1	
13	Bt47 1	Bt48 1	
14	Bt2 1	Bt40 1	
15	Bt11 1	Bt19 1	Bt38 1	
16	Bt14 1	Bt50 1	
17	Bt53 1	Bt62 1	
18	Bt78 1	
19	Bt15 1	Bt36 1	Bt77 1	
20	Bt32 1	Bt41 1	Bt54 1	
21	Bt60 1	Bt92 1	
22	Bt19 1	
23	Bt24 1	Bt30 1	Bt48 1	
24	Bt35 1	
25	Bt22 1	Bt74 1	
26	Bt33 1	Bt72 1	
27	Bt13 1	Bt62 1	
28	Bt30 1	
29	Bt32 1	Bt50 1	
30	Bt56 1	
31	Bt70 1	Bt87 1	
32	Bt39 1	Bt56 1	
33	Bt56 1	Bt77 1	
34	Bt21 1	Bt22 1	Bt92 1	
35	Bt9 1	Bt20 1	Bt84 1	
36	Bt96 1	
37	Bt15 1	Bt57 1	Bt90 1	
38	Bt53 1	
39	Bt28 1	Bt70 1	
40	Bt2 1	Bt60 1	Bt69 1	
41	Bt88 1	
42	Bt63 1	
43	Bt84 1	Bt89 1	
44	Bt45 1	Bt80 1	Bt94 1	
45	Bt16 1	Bt31 1	Bt39 1	
46	Bt3 1	Bt16 1	Bt56 1	
47	Bt47 1	Bt85 1	
48	Bt7 1	Bt28 1	
49	Bt23 1	
50	Bt53 1	
51	Bt2 1	Bt86 1	
52	Bt72 1	Bt74 1	
53	Bt38 1	Bt79 1	Bt97 1	
54	Bt42 1	
55	Bt53 1	
56	Bt75 1	
57	Bt34 1	Bt38 1	Bt65 1	
58	Bt50 1	Bt96 1	Bt99 1	
59	Bt60 1	
60	Bt13 1	Bt43 1	Bt45 1	
61	Bt60 1	
62	Bt9 1	Bt46 1	
63	Bt78 1	Bt81 1	
64	Bt49 1	Bt96 1	
65	Bt8 1	Bt41 1	Bt81 1	
66	Bt72 1	Bt84 1	
67	Bt80 1	
68	Bt3 1	Bt37 1	
69	Bt21 1	Bt41 1	
70	Bt14 1	Bt32 1	Bt77 1	
71	Bt40 1	
72	Bt42 1	Bt55 1	
73	Bt68 1	
74	Bt59 1	Bt96 1	
75	Bt27 1	Bt63 1	
76	Bt78 1	
77	Bt26 1	
78	Bt28 1	Bt88 1	
79	Bt6 1	Bt66 1	Bt87 1	
80	Bt66 1	
81	Bt10 1	Bt86 1	
82	Bt33 1	
83	Bt4 1	Bt38 1	Bt100 1	
84	Bt32 1	Bt51 1	Bt98 1	
85	Bt16 1	
86	Bt85 1	Bt98 1	
87	Bt40 1	Bt72 1	
88	Bt25 1	Bt32 1	
89	Bt42 1	
90	Bt26 1	Bt98 1	Bt100 1	
91	Bt1 1	Bt46 1	
92	Bt20 1	Bt39 1	Bt89 1	
93	Bt37 1	Bt57 1	
94	Bt19 1	Bt41 1	Bt88 1	
95	Bt24 1	Bt69 1	
96	Bt82 1	
97	Bt10 1	Bt11 1	Bt39 1	
98	Bt18 1	Bt80 1	
99	Bt5 1	Bt15 1	Bt72 1	
100	Bt22 1	Bt88 1	Bt92 1	