Name				299_n100_m200_bt100
Number_of_Customers		100
Number_of_Items			200
Number_of_ItemTypes		100
Number_of_Vehicles		14
TimeWindows			1

VEHICLE
Mass_Capacity			12595
CargoSpace_Length		60
CargoSpace_Width		25
CargoSpace_Height		30
Wheelbase			48
Max_Mass_FrontAxle		7100
Max_Mass_RearAxle		11500
Distance_FrontAxle_CargoSpace	4

CUSTOMERS
i		x		y		Demand		ReadyTime	DueDate		ServiceTime	DemandedMass	DemandedVolume
0		35		35		0		0		1000		0		0		0
1		54		1		2		0		951		10		625.04		730
2		54		39		2		612		820		10		133.98		189
3		69		44		3		0		954		10		599.57		780
4		20		68		2		0		264		10		376.1		574
5		39		29		1		0		982		10		140.27		288
6		2		74		1		0		938		10		542.43		576
7		50		73		2		0		949		10		248.32		553
8		9		58		1		819		1000		10		26.96		72
9		32		6		2		0		960		10		151.02		183
10		20		2		3		0		953		10		488.35		744
11		28		19		3		0		972		10		852.05		1236
12		11		4		1		0		950		10		248.47		480
13		10		23		1		127		415		10		149.89		315
14		55		59		2		461		689		10		247.26		384
15		42		76		2		0		948		10		519.83		714
16		68		4		3		769		1000		10		555.62		1170
17		41		7		3		89		329		10		579.41		1186
18		64		26		2		0		959		10		704.49		664
19		42		18		2		0		971		10		451.05		803
20		22		37		3		0		976		10		1066.19		982
21		63		40		3		338		600		10		877.5		1020
22		22		77		3		0		946		10		438.12		785
23		37		59		2		336		602		10		229.58		372
24		50		21		1		0		969		10		81.4		126
25		40		80		2		0		239		10		161		216
26		68		68		3		0		943		10		345.45		562
27		38		47		3		0		977		10		841.06		976
28		5		58		3		0		952		10		870.77		702
29		68		79		2		0		935		10		314.24		382
30		15		42		1		0		968		10		248.47		480
31		34		56		2		0		968		10		1028.48		1038
32		47		31		3		0		977		10		821.51		958
33		41		48		2		0		975		10		276.04		406
34		6		7		1		0		949		10		145.46		264
35		0		2		1		0		941		10		243.82		425
36		27		42		2		0		979		10		196.7		198
37		31		80		2		0		944		10		516.21		575
38		70		26		1		0		211		10		703.51		714
39		46		64		2		0		958		10		1183.74		1547
40		14		17		2		0		962		10		428.81		582
41		15		61		2		0		957		10		332.27		551
42		47		46		2		0		973		10		268.54		368
43		54		7		1		635		909		10		191.05		576
44		25		78		2		0		945		10		362.82		702
45		65		35		3		401		641		10		947.38		1151
46		7		52		2		0		957		10		275.43		552
47		56		76		2		0		943		10		499.93		775
48		27		6		3		366		628		10		552.86		780
49		46		28		1		0		976		10		162.24		192
50		35		2		2		0		957		10		278.1		390
51		21		16		2		0		966		10		451.05		803
52		11		76		3		0		942		10		631.84		933
53		9		42		2		0		963		10		763.4		624
54		64		65		2		0		948		10		405.14		750
55		60		76		3		0		941		10		623.57		658
56		57		67		2		0		951		10		169.85		252
57		60		9		2		0		953		10		441.26		1005
58		70		60		2		507		735		10		326.43		543
59		14		79		1		0		941		10		74.61		72
60		30		25		2		0		978		10		331.95		306
61		43		27		1		334		646		10		63.19		72
62		60		57		3		0		220		10		701.96		804
63		44		71		3		0		952		10		512.28		616
64		27		24		3		0		976		10		824.57		1127
65		20		61		3		0		959		10		607.83		808
66		4		62		1		0		948		10		113.27		168
67		68		56		1		486		798		10		432.6		576
68		6		0		1		0		944		10		101.31		150
69		57		20		2		0		963		10		916.36		1015
70		44		52		1		349		579		10		143.31		448
71		60		50		2		0		960		10		445.12		460
72		1		13		3		231		445		10		599.49		1140
73		4		38		1		0		958		10		195.21		425
74		5		28		1		0		959		10		38.86		63
75		25		64		2		0		959		10		884.83		930
76		37		26		1		0		980		10		352.79		384
77		68		32		1		0		956		10		88.45		126
78		33		19		2		0		973		10		627.81		1001
79		9		66		1		0		949		10		877.5		952
80		29		11		2		0		965		10		492.16		888
81		33		72		3		0		952		10		1290.73		1884
82		57		10		2		524		754		10		366.06		423
83		32		36		3		675		877		10		366.4		768
84		33		39		3		0		985		10		254.91		492
85		16		73		1		0		947		10		149.89		315
86		65		68		3		0		945		10		936.89		1043
87		17		53		2		0		964		10		552.25		1073
88		22		26		2		0		974		10		777.23		792
89		35		53		1		160		386		10		84.78		200
90		48		13		1		0		964		10		735.66		616
91		48		16		2		0		966		10		1125.97		1432
92		8		39		2		841		1000		10		361.32		672
93		62		70		2		0		945		10		159.3		194
94		13		35		1		0		968		10		26.96		72
95		64		45		1		0		959		10		486.87		840
96		55		62		3		0		956		10		813.4		1002
97		48		53		2		0		967		10		756.36		857
98		16		32		2		0		203		10		162.58		480
99		34		12		3		0		966		10		212.92		348
100		37		68		3		0		956		10		515.97		1096

ITEMS
Type		Length		Width		Height		Mass		Fragility	LoadBearingStrength
Bt1		9		5		3		135.97		1		6.1581038
Bt2		6		5		4		112.16		1		30.1077993
Bt3		15		4		6		185.99		1		10.8583913
Bt4		13		6		6		371.26		0		77.3842298
Bt5		10		4		7		118.05		0		8.2328303
Bt6		13		4		5		204.11		0		11.0462259
Bt7		11		6		6		350.04		0		136.1924238
Bt8		11		4		6		145.46		0		42.1924806
Bt9		15		7		8		486.87		0		25.5016437
Bt10		14		5		7		209.46		0		20.8544961
Bt11		12		6		8		542.43		0		33.8348065
Bt12		12		4		8		352.79		1		18.9096654
Bt13		7		7		3		54.58		0		54.3236436
Bt14		12		6		8		191.05		1		23.9703605
Bt15		7		5		6		74.63		0		27.3734282
Bt16		6		3		4		63.19		0		44.7403495
Bt17		13		6		5		292.08		0		72.8762564
Bt18		11		5		3		70.59		0		10.3491938
Bt19		10		5		4		155.27		0		11.7855263
Bt20		7		3		3		38.86		0		51.6082643
Bt21		10		5		3		243.23		0		29.0951726
Bt22		7		5		6		178.94		0		71.1343378
Bt23		17		7		7		480.23		1		4.3976287
Bt24		6		5		6		99.16		1		3.0533532
Bt25		11		4		3		52.62		0		15.7668507
Bt26		17		5		5		243.82		0		21.9346607
Bt27		9		5		7		149.89		0		21.2021956
Bt28		16		6		4		345.83		0		53.1754131
Bt29		9		7		6		255.84		0		22.8139503
Bt30		13		4		6		175.33		0		24.6714937
Bt31		8		4		3		33.58		0		11.7742391
Bt32		6		4		4		37.18		0		58.6023076
Bt33		14		6		6		202.13		0		25.6676309
Bt34		17		4		3		172.97		0		63.0723919
Bt35		17		7		5		400.77		0		23.5293871
Bt36		10		5		3		101.31		0		36.1388366
Bt37		7		3		6		122.09		0		36.4653902
Bt38		12		4		8		586.44		0		26.6679328
Bt39		12		4		3		85.69		0		36.6539440
Bt40		12		3		6		194.86		0		35.5151156
Bt41		9		3		8		81.63		0		9.9646281
Bt42		9		4		8		140.27		0		17.1389318
Bt43		7		4		4		87.49		0		168.0799897
Bt44		8		6		6		210.08		0		17.0432712
Bt45		16		3		6		131.53		1		2.8545429
Bt46		14		6		8		665.07		0		114.2540538
Bt47		16		4		7		143.31		1		5.1130477
Bt48		9		6		6		227.75		1		6.0840076
Bt49		12		4		5		176.96		0		21.5924182
Bt50		16		4		7		291.34		0		106.7208436
Bt51		8		3		7		113.27		0		170.3037584
Bt52		8		6		5		90.56		0		28.5117424
Bt53		12		6		6		512.54		0		95.3598261
Bt54		15		7		7		324.44		0		18.1650923
Bt55		10		2		3		54.37		0		82.9398019
Bt56		16		3		8		290.03		0		57.4590326
Bt57		14		5		3		185.94		0		65.2242632
Bt58		14		3		3		88.45		0		25.4138148
Bt59		11		3		8		179.38		0		45.9191192
Bt60		14		6		7		392.12		0		28.1998102
Bt61		17		5		3		252.79		0		60.0169057
Bt62		10		3		5		83.89		0		52.1825761
Bt63		11		7		8		735.66		0		38.1597605
Bt64		16		6		5		288.32		0		30.7279670
Bt65		7		6		3		95.12		0		28.8053680
Bt66		15		6		6		1041.74		0		62.0805711
Bt67		8		5		5		84.78		0		14.9423268
Bt68		17		5		5		195.21		0		27.0918739
Bt69		15		6		5		636.36		0		41.2881132
Bt70		17		7		6		703.51		1		13.7138110
Bt71		15		3		6		296.95		0		48.7783497
Bt72		16		5		5		152.61		0		26.2295853
Bt73		10		6		8		196.90		1		8.5090615
Bt74		11		5		5		245.23		0		23.8224874
Bt75		7		3		6		232.79		0		120.4536563
Bt76		9		2		3		38.49		1		4.0338183
Bt77		8		5		7		244.94		0		30.9815094
Bt78		12		6		8		432.60		0		93.2132018
Bt79		9		5		6		116.82		1		3.0797333
Bt80		16		3		4		162.24		0		91.3057591
Bt81		17		5		4		332.96		1		8.9074282
Bt82		8		5		8		272.78		0		84.3410448
Bt83		6		4		3		26.96		0		13.7913810
Bt84		10		3		8		77.30		1		4.5080841
Bt85		12		4		5		72.02		0		12.8126971
Bt86		9		6		7		135.07		1		4.5252488
Bt87		6		4		3		74.61		1		6.9006292
Bt88		17		7		8		877.50		0		67.2857981
Bt89		11		2		3		33.75		0		12.0605758
Bt90		8		2		8		125.55		0		25.4653479
Bt91		9		6		3		151.36		0		179.8998301
Bt92		6		6		4		87.80		0		26.6115497
Bt93		8		4		8		192.15		0		51.3304129
Bt94		16		5		4		263.42		0		37.9715087
Bt95		12		5		6		218.86		1		30.8486524
Bt96		6		3		7		81.40		0		25.1470030
Bt97		17		2		4		162.39		0		33.3635639
Bt98		12		2		4		48.84		0		28.9336808
Bt99		12		5		8		248.47		0		20.4042005
Bt100		14		5		3		165.86		1		13.3674811

DEMANDS PER CUSTOMER
i	Type Quantity
1	Bt17 1	Bt81 1	
2	Bt20 1	Bt65 1	
3	Bt40 1	Bt48 1	Bt49 1	
4	Bt47 1	Bt75 1	
5	Bt42 1	
6	Bt11 1	
7	Bt10 1	Bt20 1	
8	Bt83 1	
9	Bt2 1	Bt20 1	
10	Bt24 2	Bt56 1	
11	Bt20 1	Bt23 1	Bt81 1	
12	Bt99 1	
13	Bt27 1	
14	Bt32 1	Bt44 1	
15	Bt17 1	Bt48 1	
16	Bt33 2	Bt91 1	
17	Bt10 1	Bt41 1	Bt64 1	
18	Bt5 1	Bt38 1	
19	Bt29 1	Bt68 1	
20	Bt31 1	Bt63 1	Bt71 1	
21	Bt24 1	Bt46 1	Bt51 1	
22	Bt8 1	Bt26 1	Bt98 1	
23	Bt25 1	Bt49 1	
24	Bt96 1	
25	Bt2 1	Bt98 1	
26	Bt43 1	Bt57 1	Bt85 1	
27	Bt32 1	Bt50 1	Bt53 1	
28	Bt37 1	Bt38 1	Bt80 1	
29	Bt37 1	Bt93 1	
30	Bt99 1	
31	Bt60 1	Bt69 1	
32	Bt53 1	Bt79 1	Bt93 1	
33	Bt62 1	Bt93 1	
34	Bt8 1	
35	Bt26 1	
36	Bt37 1	Bt87 1	
37	Bt61 1	Bt94 1	
38	Bt70 1	
39	Bt23 1	Bt70 1	
40	Bt29 1	Bt34 1	
41	Bt26 1	Bt58 1	
42	Bt19 1	Bt51 1	
43	Bt14 1	
44	Bt48 1	Bt86 1	
45	Bt26 1	Bt46 1	Bt76 1	
46	Bt83 1	Bt99 1	
47	Bt24 1	Bt35 1	
48	Bt17 1	Bt59 1	Bt96 1	
49	Bt80 1	
50	Bt22 1	Bt24 1	
51	Bt29 1	Bt68 1	
52	Bt54 1	Bt75 1	Bt87 1	
53	Bt38 1	Bt49 1	
54	Bt64 1	Bt79 1	
55	Bt61 1	Bt74 1	Bt90 1	
56	Bt58 1	Bt96 1	
57	Bt54 1	Bt79 1	
58	Bt18 1	Bt29 1	
59	Bt87 1	
60	Bt24 1	Bt75 1	
61	Bt16 1	
62	Bt4 1	Bt71 1	Bt89 1	
63	Bt57 1	Bt77 1	Bt96 1	
64	Bt53 1	Bt68 1	Bt79 1	
65	Bt90 1	Bt94 1	Bt95 1	
66	Bt51 1	
67	Bt78 1	
68	Bt36 1	
69	Bt20 1	Bt88 1	
70	Bt47 1	
71	Bt2 1	Bt81 1	
72	Bt4 1	Bt14 1	Bt32 1	
73	Bt68 1	
74	Bt20 1	
75	Bt69 1	Bt99 1	
76	Bt12 1	
77	Bt58 1	
78	Bt68 1	Bt78 1	
79	Bt88 1	
80	Bt33 1	Bt56 1	
81	Bt4 1	Bt9 1	Bt78 1	
82	Bt51 1	Bt61 1	
83	Bt2 1	Bt14 1	Bt16 1	
84	Bt8 1	Bt18 1	Bt20 1	
85	Bt27 1	
86	Bt28 2	Bt74 1	
87	Bt23 1	Bt85 1	
88	Bt2 1	Bt46 1	
89	Bt67 1	
90	Bt63 1	
91	Bt88 1	Bt99 1	
92	Bt3 1	Bt30 1	
93	Bt89 1	Bt90 1	
94	Bt83 1	
95	Bt9 1	
96	Bt40 1	Bt57 1	Bt78 1	
97	Bt26 1	Bt53 1	
98	Bt52 1	Bt85 1	
99	Bt25 1	Bt39 1	Bt87 1	
100	Bt29 1	Bt47 1	Bt79 1	