Name				300_n100_m200_bt100
Number_of_Customers		100
Number_of_Items			200
Number_of_ItemTypes		100
Number_of_Vehicles		25
TimeWindows			1

VEHICLE
Mass_Capacity			12595
CargoSpace_Length		60
CargoSpace_Width		25
CargoSpace_Height		30
Wheelbase			48
Max_Mass_FrontAxle		7100
Max_Mass_RearAxle		11500
Distance_FrontAxle_CargoSpace	4

CUSTOMERS
i		x		y		Demand		ReadyTime	DueDate		ServiceTime	DemandedMass	DemandedVolume
0		35		35		0		0		1000		0		0		0
1		69		61		1		757		1000		10		182.73		280
2		61		72		3		6		198		10		780.68		768
3		47		78		3		213		455		10		420.75		640
4		12		73		1		738		964		10		70.39		192
5		66		79		1		318		586		10		246.94		270
6		23		0		2		503		695		10		640.75		742
7		12		11		2		143		441		10		1379.34		774
8		9		36		3		645		899		10		517.21		720
9		54		47		2		651		903		10		521.51		720
10		48		5		2		207		439		10		528.71		865
11		7		48		3		55		293		10		334.38		624
12		61		57		1		651		915		10		197.32		280
13		54		79		3		4		262		10		537.12		1024
14		6		42		3		57		231		10		808.45		1109
15		66		49		1		99		331		10		233.61		250
16		30		36		2		578		864		10		540.04		670
17		26		0		3		34		310		10		724.68		804
18		7		69		2		766		1000		10		406.25		472
19		49		47		1		671		875		10		165.95		300
20		12		35		2		244		470		10		422.21		928
21		52		44		3		738		984		10		878.36		1164
22		45		26		2		548		774		10		479		398
23		60		8		2		41		273		10		1254.99		938
24		2		63		3		739		977		10		491.75		1154
25		11		77		1		115		369		10		45.65		84
26		32		78		1		762		974		10		121.2		210
27		17		38		1		0		181		10		130.86		320
28		64		31		1		0		214		10		57.09		120
29		41		26		1		502		696		10		38.19		102
30		61		67		3		581		763		10		625.61		524
31		2		80		2		60		262		10		332.4		693
32		32		5		3		251		501		10		470.91		686
33		53		9		3		0		148		10		426.06		564
34		34		27		2		159		379		10		499.67		530
35		36		43		1		514		764		10		349.68		360
36		1		70		3		494		730		10		555		1077
37		40		66		1		460		698		10		233.61		250
38		19		25		1		286		532		10		121.2		210
39		30		23		2		0		197		10		1654.19		1014
40		48		37		3		295		489		10		453.69		859
41		2		33		2		253		559		10		398.58		468
42		52		16		3		147		447		10		840.75		1140
43		24		72		3		265		483		10		842.22		1236
44		34		1		2		138		392		10		504.46		1012
45		5		59		2		505		715		10		861.91		994
46		46		56		2		0		208		10		646.25		684
47		3		12		2		286		522		10		1141.87		912
48		47		69		1		473		751		10		135.68		320
49		15		54		1		474		696		10		261.28		336
50		61		37		2		407		649		10		731.22		648
51		64		10		3		554		790		10		725.47		740
52		57		78		1		551		813		10		45.8		48
53		62		80		2		760		1000		10		581.13		894
54		35		72		2		780		1000		10		265.17		264
55		17		61		2		701		929		10		783.59		670
56		15		33		3		0		233		10		563.59		856
57		14		47		1		0		148		10		193.59		204
58		23		56		3		145		345		10		905.81		736
59		2		77		1		33		267		10		101.55		320
60		26		66		3		365		569		10		334.76		776
61		23		68		2		709		1000		10		657.92		684
62		45		64		3		205		457		10		488.89		752
63		23		16		2		754		982		10		389.46		664
64		47		50		3		878		1000		10		1087.99		1240
65		61		27		1		293		549		10		223.52		192
66		35		40		2		63		311		10		448.26		512
67		39		11		2		99		337		10		255.93		384
68		51		73		1		138		434		10		153.16		240
69		18		53		3		805		1000		10		563.16		915
70		54		27		2		576		812		10		202.62		360
71		5		1		2		657		899		10		321.3		354
72		43		67		3		191		469		10		652.51		802
73		68		13		3		0		199		10		432.33		610
74		49		63		2		37		297		10		797.91		930
75		27		36		1		553		793		10		556.73		504
76		23		9		1		733		989		10		454.3		576
77		67		65		2		223		525		10		406.96		648
78		29		29		1		122		370		10		157.43		384
79		44		33		3		0		206		10		399.16		541
80		11		69		2		159		391		10		1175.7		780
81		70		74		2		527		707		10		432.53		466
82		49		54		1		285		533		10		233.61		250
83		70		7		2		292		542		10		1219.69		678
84		55		75		1		401		677		10		433.2		350
85		32		71		3		237		507		10		366.22		612
86		25		29		3		675		909		10		1397.44		1016
87		62		53		1		282		540		10		165.95		300
88		60		50		2		544		786		10		400.5		464
89		14		59		3		138		358		10		1003.45		1016
90		20		56		1		0		175		10		480.3		384
91		55		58		1		0		176		10		101.55		320
92		33		31		2		518		754		10		194.27		545
93		16		28		1		92		312		10		101.19		180
94		27		52		3		132		382		10		482.01		1024
95		69		36		1		211		501		10		480.3		384
96		34		22		3		0		210		10		927.99		1336
97		12		6		3		784		1000		10		539.35		676
98		3		30		2		44		242		10		155.06		405
99		31		19		1		258		542		10		105.41		84
100		41		80		2		338		588		10		425.95		612

ITEMS
Type		Length		Width		Height		Mass		Fragility	LoadBearingStrength
Bt1		15		2		6		70.74		1		11.2297652
Bt2		13		2		5		186.55		0		64.3752753
Bt3		11		7		5		288.33		0		30.3432414
Bt4		14		6		7		492.57		1		48.9831917
Bt5		6		5		7		121.20		0		13.5436398
Bt6		12		5		5		165.95		0		8.3003709
Bt7		9		6		8		148.95		0		15.9302912
Bt8		9		4		8		135.99		0		6.8146054
Bt9		10		5		7		251.65		0		23.2895480
Bt10		8		6		8		157.43		1		24.4993770
Bt11		16		4		5		101.55		0		11.7479662
Bt12		13		5		4		243.44		1		48.3488582
Bt13		17		6		7		1053.70		0		50.5173149
Bt14		15		3		5		92.72		0		66.7611991
Bt15		15		5		7		249.19		0		33.7817276
Bt16		17		4		4		161.68		0		88.9230177
Bt17		15		2		4		96.28		0		38.1550420
Bt18		8		5		3		37.06		0		10.2036472
Bt19		6		6		5		248.02		1		62.9050381
Bt20		12		6		5		344.30		0		61.1947536
Bt21		8		6		4		70.39		0		11.5742848
Bt22		16		6		4		349.30		1		19.5579110
Bt23		15		2		5		140.35		0		12.7634320
Bt24		11		3		6		88.17		0		14.8399646
Bt25		8		5		3		71.12		0		19.6660989
Bt26		15		3		4		62.34		1		5.3163061
Bt27		15		7		7		290.57		0		6.7374433
Bt28		7		6		3		64.50		0		75.4051300
Bt29		16		3		5		145.53		0		101.0486307
Bt30		14		4		3		81.52		0		22.0897201
Bt31		8		3		3		41.65		0		22.8426365
Bt32		13		5		3		177.99		0		49.3605562
Bt33		12		5		6		260.80		0		40.3125604
Bt34		15		6		7		1173.89		0		127.2547075
Bt35		6		2		4		45.80		1		47.1924926
Bt36		13		3		5		93.21		0		13.6630100
Bt37		12		2		6		205.45		0		75.6104319
Bt38		17		4		8		264.78		0		34.2827567
Bt39		12		4		4		64.63		0		8.9917191
Bt40		10		5		5		233.61		1		39.7156882
Bt41		17		4		5		279.52		0		41.9516141
Bt42		14		7		4		351.98		0		92.9533283
Bt43		8		6		7		242.79		0		84.7628224
Bt44		16		4		6		197.60		0		20.2733006
Bt45		9		7		5		185.47		1		4.1923614
Bt46		9		6		5		246.94		0		64.5366967
Bt47		8		7		4		127.44		0		96.4272697
Bt48		16		3		4		119.50		0		30.2880231
Bt49		13		5		6		342.72		0		43.2969870
Bt50		12		4		7		312.52		0		37.4236876
Bt51		11		2		3		122		0		109.5542439
Bt52		13		6		6		239.68		0		60.0873858
Bt53		7		5		8		197.32		0		96.9224365
Bt54		14		7		4		389.10		0		93.5011401
Bt55		16		6		4		480.30		0		31.6695580
Bt56		16		5		3		260.84		0		60.2661763
Bt57		9		4		5		101.19		0		28.4159138
Bt58		10		6		8		369.78		0		30.7404274
Bt59		7		3		4		105.41		0		78.3376416
Bt60		12		6		5		349.68		0		49.1352417
Bt61		16		6		6		454.30		0		86.8798953
Bt62		12		3		4		108.68		1		12.0951011
Bt63		17		4		3		193.59		0		34.4711543
Bt64		8		4		5		110.79		0		118.3866109
Bt65		12		2		6		67.57		1		11.9392971
Bt66		17		4		3		210.24		0		20.3096398
Bt67		16		7		7		370.20		1		8.1023075
Bt68		16		4		5		412.83		0		63.1765825
Bt69		14		6		6		556.73		1		12.9718068
Bt70		14		5		5		433.20		0		42.1525954
Bt71		17		2		3		38.19		0		28.2287307
Bt72		6		6		8		207.71		0		60.2044035
Bt73		14		5		8		386.99		0		28.2099437
Bt74		7		4		3		45.65		1		4.5706983
Bt75		16		3		7		261.28		0		33.4100133
Bt76		9		4		8		146.84		0		51.0254663
Bt77		6		6		3		54.28		0		18.0422389
Bt78		6		2		3		14.55		0		24.8466457
Bt79		15		6		5		428.13		0		110.3940517
Bt80		8		5		8		135.68		0		38.9668649
Bt81		10		6		4		153.16		0		34.4909825
Bt82		8		5		5		63.05		1		2.6792515
Bt83		10		7		4		182.73		1		8.6165037
Bt84		16		4		5		130.86		0		46.0622101
Bt85		14		6		5		355.56		0		37.5887998
Bt86		15		5		7		348.96		0		23.6896488
Bt87		11		5		8		403.65		0		21.4992767
Bt88		17		6		7		333.11		0		71.8126101
Bt89		13		5		8		643.24		0		27.8970677
Bt90		13		2		5		120.01		0		121.5167681
Bt91		16		4		6		338.30		0		60.3522279
Bt92		9		4		5		167.28		0		35.3385328
Bt93		7		4		8		201.29		0		103.0483604
Bt94		8		2		8		87.98		1		7.2149873
Bt95		14		4		8		173.49		0		12.6220912
Bt96		6		4		8		223.52		1		11.3762289
Bt97		14		7		7		430.13		1		17.5903380
Bt98		12		4		8		192.14		0		31.9837724
Bt99		10		4		3		57.09		0		20.9921822
Bt100		10		7		7		305.18		0		27.4712045

DEMANDS PER CUSTOMER
i	Type Quantity
1	Bt83 1	
2	Bt37 2	Bt58 1	
3	Bt1 1	Bt83 1	Bt92 1	
4	Bt21 1	
5	Bt46 1	
6	Bt9 1	Bt54 1	
7	Bt34 1	Bt37 1	
8	Bt26 1	Bt63 1	Bt75 1	
9	Bt6 1	Bt85 1	
10	Bt15 1	Bt41 1	
11	Bt25 2	Bt98 1	
12	Bt53 1	
13	Bt38 1	Bt39 1	Bt72 1	
14	Bt21 1	Bt54 1	Bt86 1	
15	Bt40 1	
16	Bt49 1	Bt53 1	
17	Bt64 1	Bt66 1	Bt87 1	
18	Bt83 1	Bt96 1	
19	Bt6 1	
20	Bt10 1	Bt38 1	
21	Bt58 1	Bt61 1	Bt77 1	
22	Bt35 1	Bt70 1	
23	Bt13 1	Bt93 1	
24	Bt11 1	Bt88 1	Bt99 1	
25	Bt74 1	
26	Bt5 1	
27	Bt84 1	
28	Bt99 1	
29	Bt71 1	
30	Bt2 1	Bt37 1	Bt40 1	
31	Bt14 1	Bt52 1	
32	Bt8 1	Bt46 1	Bt94 1	
33	Bt60 1	Bt71 2	
34	Bt9 1	Bt19 1	
35	Bt60 1	
36	Bt7 1	Bt86 1	Bt99 1	
37	Bt40 1	
38	Bt5 1	
39	Bt34 1	Bt55 1	
40	Bt10 1	Bt45 1	Bt64 1	
41	Bt20 1	Bt77 1	
42	Bt57 1	Bt58 2	
43	Bt54 1	Bt88 1	Bt90 1	
44	Bt38 1	Bt52 1	
45	Bt69 1	Bt100 1	
46	Bt6 1	Bt55 1	
47	Bt13 1	Bt24 1	
48	Bt80 1	
49	Bt75 1	
50	Bt89 1	Bt94 1	
51	Bt2 1	Bt64 1	Bt79 1	
52	Bt35 1	
53	Bt19 1	Bt88 1	
54	Bt31 1	Bt96 1	
55	Bt23 1	Bt89 1	
56	Bt20 1	Bt35 1	Bt95 1	
57	Bt63 1	
58	Bt19 1	Bt78 1	Bt89 1	
59	Bt11 1	
60	Bt10 1	Bt31 1	Bt80 1	
61	Bt57 1	Bt69 1	
62	Bt16 1	Bt48 1	Bt72 1	
63	Bt53 1	Bt98 1	
64	Bt4 1	Bt12 1	Bt42 1	
65	Bt96 1	
66	Bt17 1	Bt42 1	
67	Bt26 1	Bt63 1	
68	Bt81 1	
69	Bt10 1	Bt36 1	Bt50 1	
70	Bt29 1	Bt99 1	
71	Bt90 1	Bt93 1	
72	Bt31 1	Bt79 1	Bt83 1	
73	Bt2 1	Bt82 1	Bt83 1	
74	Bt58 1	Bt79 1	
75	Bt69 1	
76	Bt61 1	
77	Bt52 1	Bt92 1	
78	Bt10 1	
79	Bt3 1	Bt17 1	Bt78 1	
80	Bt13 1	Bt51 1	
81	Bt50 1	Bt90 1	
82	Bt40 1	
83	Bt34 1	Bt35 1	
84	Bt70 1	
85	Bt29 1	Bt48 1	Bt57 1	
86	Bt11 1	Bt34 1	Bt51 1	
87	Bt6 1	
88	Bt50 1	Bt94 1	
89	Bt48 1	Bt55 1	Bt87 1	
90	Bt55 1	
91	Bt11 1	
92	Bt11 1	Bt14 1	
93	Bt57 1	
94	Bt21 1	Bt38 1	Bt76 1	
95	Bt55 1	
96	Bt16 1	Bt70 1	Bt88 1	
97	Bt64 1	Bt75 1	Bt92 1	
98	Bt14 1	Bt26 1	
99	Bt59 1	
100	Bt21 1	Bt85 1	