Name				363_n060_m400_bt3
Number_of_Customers		60
Number_of_Items			400
Number_of_ItemTypes		3
Number_of_Vehicles		49
TimeWindows			1

VEHICLE
Mass_Capacity			12595
CargoSpace_Length		60
CargoSpace_Width		25
CargoSpace_Height		30
Wheelbase			48
Max_Mass_FrontAxle		7100
Max_Mass_RearAxle		11500
Distance_FrontAxle_CargoSpace	4

CUSTOMERS
i		x		y		Demand		ReadyTime	DueDate		ServiceTime	DemandedMass	DemandedVolume
0		35		35		0		0		230		0		0		0
1		30		26		9		0		209		10		4756.21		24176
2		42		47		7		41		67		10		3776.1		19468
3		19		52		5		0		196		10		2662.55		18582
4		64		73		6		85		119		10		3022.54		20364
5		51		64		9		0		186		10		4578.29		29272
6		44		73		7		52		84		10		2995.71		16036
7		14		66		5		94		120		10		2795.99		14760
8		61		25		9		66		94		10		5143.03		30286
9		61		2		6		0		177		10		2375.59		13110
10		19		63		8		0		187		10		4307.26		24942
11		11		27		8		157		181		10		4218.3		27490
12		58		13		9		47		77		10		4451.6		24306
13		45		8		7		0		191		10		3642.66		23290
14		7		61		5		153		175		10		2231.25		13746
15		11		3		9		0		180		10		4882.9		29142
16		15		8		3		0		186		10		1555.75		8908
17		65		47		6		0		187		10		3282.67		21508
18		70		45		3		0		183		10		1555.75		8908
19		55		28		8		184		214		10		4047.13		23798
20		44		15		6		125		163		10		2591.24		15528
21		13		41		6		0		197		10		2806.89		17946
22		58		17		3		156		178		10		1555.75		8908
23		70		72		5		111		139		10		2751.51		16034
24		1		28		4		112		140		10		2131.39		13108
25		24		76		5		95		125		10		2751.51		16034
26		39		7		8		0		191		10		4522.91		27360
27		36		59		6		0		195		10		2895.85		15398
28		3		6		6		44		74		10		3327.15		20234
29		4		25		6		0		187		10		2895.85		15398
30		64		63		9		45		71		10		4146.99		24436
31		10		50		7		172		198		10		3515.97		18324
32		3		56		7		35		67		10		3947.27		23160
33		59		75		8		134		158		10		4047.13		23798
34		56		38		5		0		198		10		2795.99		14760
35		5		37		8		0		189		10		3831.48		21380
36		32		2		6		0		186		10		3155.98		16542
37		16		29		5		0		200		10		2275.73		12472
38		57		46		4		106		144		10		1915.74		10690
39		31		65		6		121		147		10		3200.46		15268
40		58		29		8		74		100		10		4091.61		22524
41		67		8		7		62		92		10		3902.79		24434
42		27		57		6		0		196		10		2806.89		17946
43		57		51		7		0		192		10		2995.71		16036
44		21		78		9		39		75		10		4711.73		25450
45		56		21		9		35		73		10		4882.9		29142
46		27		27		8		0		208		10		4262.78		26216
47		50		38		7		0		204		10		3902.79		24434
48		4		1		8		0		173		10		4091.61		22524
49		70		38		4		0		184		10		2131.39		13108
50		27		52		9		0		201		10		4622.77		27998
51		42		56		5		0		197		10		2275.73		12472
52		52		16		9		73		101		10		4407.12		25580
53		27		65		9		0		188		10		4146.99		24436
54		2		44		7		70		98		10		3471.49		19598
55		23		69		7		58		88		10		3687.14		22016
56		29		49		4		90		122		10		1700.09		8272
57		22		66		9		0		186		10		4882.9		29142
58		6		30		5		0		190		10		2535.86		13616
59		51		53		9		84		120		10		4927.38		27868
60		50		13		5		0		193		10		2535.86		13616

ITEMS
Type		Length		Width		Height		Mass		Fragility	LoadBearingStrength
Bt1		25		12		14		575.64		0		7.4093096
Bt2		19		14		11		620.12		0		16.5964982
Bt3		18		11		9		359.99		1		2.3017688

DEMANDS PER CUSTOMER
i	Type Quantity
1	Bt1 1	Bt2 5	Bt3 3	
2	Bt1 1	Bt2 4	Bt3 2	
3	Bt1 4	Bt3 1	
4	Bt1 4	Bt3 2	
5	Bt1 5	Bt2 1	Bt3 3	
6	Bt1 1	Bt2 1	Bt3 5	
7	Bt1 1	Bt2 3	Bt3 1	
8	Bt1 4	Bt2 4	Bt3 1	
9	Bt1 1	Bt3 5	
10	Bt1 3	Bt2 3	Bt3 2	
11	Bt1 5	Bt2 1	Bt3 2	
12	Bt1 2	Bt2 3	Bt3 4	
13	Bt1 4	Bt2 1	Bt3 2	
14	Bt1 2	Bt3 3	
15	Bt1 4	Bt2 3	Bt3 2	
16	Bt1 1	Bt2 1	Bt3 1	
17	Bt1 4	Bt2 1	Bt3 1	
18	Bt1 1	Bt2 1	Bt3 1	
19	Bt1 3	Bt2 2	Bt3 3	
20	Bt1 2	Bt3 4	
21	Bt1 3	Bt3 3	
22	Bt1 1	Bt2 1	Bt3 1	
23	Bt1 2	Bt2 2	Bt3 1	
24	Bt1 2	Bt2 1	Bt3 1	
25	Bt1 2	Bt2 2	Bt3 1	
26	Bt1 4	Bt2 3	Bt3 1	
27	Bt1 1	Bt2 2	Bt3 3	
28	Bt1 3	Bt2 2	Bt3 1	
29	Bt1 1	Bt2 2	Bt3 3	
30	Bt1 3	Bt2 1	Bt3 5	
31	Bt1 1	Bt2 3	Bt3 3	
32	Bt1 3	Bt2 3	Bt3 1	
33	Bt1 3	Bt2 2	Bt3 3	
34	Bt1 1	Bt2 3	Bt3 1	
35	Bt1 2	Bt2 2	Bt3 4	
36	Bt1 1	Bt2 3	Bt3 2	
37	Bt1 1	Bt2 1	Bt3 3	
38	Bt1 1	Bt2 1	Bt3 2	
39	Bt2 4	Bt3 2	
40	Bt1 2	Bt2 3	Bt3 3	
41	Bt1 4	Bt2 2	Bt3 1	
42	Bt1 3	Bt3 3	
43	Bt1 1	Bt2 1	Bt3 5	
44	Bt1 2	Bt2 4	Bt3 3	
45	Bt1 4	Bt2 3	Bt3 2	
46	Bt1 4	Bt2 2	Bt3 2	
47	Bt1 4	Bt2 2	Bt3 1	
48	Bt1 2	Bt2 3	Bt3 3	
49	Bt1 2	Bt2 1	Bt3 1	
50	Bt1 4	Bt2 2	Bt3 3	
51	Bt1 1	Bt2 1	Bt3 3	
52	Bt1 3	Bt2 2	Bt3 4	
53	Bt1 3	Bt2 1	Bt3 5	
54	Bt1 2	Bt2 2	Bt3 3	
55	Bt1 3	Bt2 2	Bt3 2	
56	Bt2 1	Bt3 3	
57	Bt1 4	Bt2 3	Bt3 2	
58	Bt1 1	Bt2 2	Bt3 2	
59	Bt1 3	Bt2 4	Bt3 2	
60	Bt1 1	Bt2 2	Bt3 2	