Name				365_n060_m400_bt3
Number_of_Customers		60
Number_of_Items			400
Number_of_ItemTypes		3
Number_of_Vehicles		46
TimeWindows			1

VEHICLE
Mass_Capacity			12595
CargoSpace_Length		60
CargoSpace_Width		25
CargoSpace_Height		30
Wheelbase			48
Max_Mass_FrontAxle		7100
Max_Mass_RearAxle		11500
Distance_FrontAxle_CargoSpace	4

CUSTOMERS
i		x		y		Demand		ReadyTime	DueDate		ServiceTime	DemandedMass	DemandedVolume
0		35		35		0		0		230		0		0		0
1		29		65		5		0		189		10		2407.17		12628
2		38		37		5		93		121		10		2452.83		14776
3		52		75		4		0		176		10		1944.86		13336
4		39		50		8		175		209		10		4068.06		23392
5		34		76		7		138		168		10		3468.77		17656
6		42		62		6		79		105		10		2958.65		10280
7		46		26		9		150		180		10		4441.2		24324
8		38		11		8		0		195		10		4157.23		21752
9		42		44		6		120		158		10		3093.48		10788
10		66		11		8		87		115		10		4022.4		21244
11		13		32		5		0		197		10		2407.17		12628
12		37		3		9		158		190		10		4619.54		21044
13		61		54		6		0		187		10		3095.63		16724
14		62		79		8		37		67		10		3933.23		22884
15		59		30		9		0		195		10		4349.88		20028
16		4		22		6		0		186		10		2871.63		17856
17		51		6		6		0		186		10		2915.14		14068
18		20		25		6		0		201		10		2825.97		15708
19		29		45		6		59		93		10		2960.8		16216
20		47		3		9		0		185		10		4397.69		28112
21		67		35		7		0		188		10		3379.6		19296
22		47		60		8		102		120		10		4157.23		21752
23		68		59		8		0		179		10		4159.38		27688
24		36		43		5		0		26		10		2631.17		11496
25		41		12		8		0		196		10		4065.91		17456
26		6		2		7		56		80		10		3201.26		22576
27		42		79		7		0		175		10		3514.43		19804
28		28		6		8		90		114		10		3978.89		25032
29		44		9		3		0		192		10		1434.74		5960
30		2		28		6		100		132		10		3184.8		15084
31		14		77		6		0		173		10		2960.8		16216
32		54		31		9		0		200		10		4486.86		26472
33		15		57		4		35		67		10		2034.03		11696
34		37		0		8		0		184		10		3798.4		22376
35		67		48		7		97		127		10		3425.26		21444
36		50		23		8		0		200		10		3933.23		22884
37		39		21		6		0		205		10		3095.63		16724
38		31		0		7		109		139		10		3425.26		21444
39		5		13		7		0		182		10		3377.45		13360
40		28		12		6		56		90		10		3006.46		18364
41		63		40		6		0		191		10		3049.97		14576
42		11		12		9		0		186		10		4486.86		26472
43		54		69		9		0		181		10		4486.86		26472
44		54		6		4		75		101		10		2034.03		11696
45		57		3		8		156		188		10		3798.4		22376
46		25		68		6		0		185		10		2915.14		14068
47		52		16		4		29		69		10		2034.03		11696
48		0		64		6		123		155		10		3141.29		18872
49		12		19		9		0		191		10		4532.52		28620
50		42		50		4		67		101		10		2034.03		11696
51		48		56		8		0		195		10		3887.57		20736
52		46		13		6		0		195		10		2915.14		14068
53		8		39		8		144		170		10		4200.74		17964
54		31		11		7		63		97		10		3560.09		21952
55		38		61		5		0		193		10		2452.83		14776
56		27		75		4		0		179		10		2123.2		10056
57		62		15		6		26		42		10		3049.97		14576
58		62		24		9		52		76		10		4306.37		23816
59		21		47		6		131		165		10		3006.46		18364
60		42		32		5		163		195		10		2587.66		15284

ITEMS
Type		Length		Width		Height		Mass		Fragility	LoadBearingStrength
Bt1		23		13		12		553.63		0		3.7436437
Bt2		18		10		8		507.97		1		4.6311413
Bt3		20		11		14		418.80		0		29.5188732

DEMANDS PER CUSTOMER
i	Type Quantity
1	Bt1 1	Bt2 2	Bt3 2	
2	Bt1 2	Bt2 1	Bt3 2	
3	Bt1 2	Bt3 2	
4	Bt1 4	Bt2 2	Bt3 2	
5	Bt1 2	Bt2 3	Bt3 2	
6	Bt2 5	Bt3 1	
7	Bt1 3	Bt2 3	Bt3 3	
8	Bt1 4	Bt2 3	Bt3 1	
9	Bt1 1	Bt2 5	
10	Bt1 3	Bt2 3	Bt3 2	
11	Bt1 1	Bt2 2	Bt3 2	
12	Bt1 3	Bt2 5	Bt3 1	
13	Bt1 3	Bt2 2	Bt3 1	
14	Bt1 3	Bt2 2	Bt3 3	
15	Bt1 1	Bt2 5	Bt3 3	
16	Bt1 2	Bt2 1	Bt3 3	
17	Bt1 1	Bt2 3	Bt3 2	
18	Bt1 1	Bt2 2	Bt3 3	
19	Bt1 2	Bt2 2	Bt3 2	
20	Bt1 4	Bt2 1	Bt3 4	
21	Bt1 2	Bt2 2	Bt3 3	
22	Bt1 4	Bt2 3	Bt3 1	
23	Bt1 6	Bt3 2	
24	Bt1 2	Bt2 3	
25	Bt1 2	Bt2 5	Bt3 1	
26	Bt1 2	Bt3 5	
27	Bt1 3	Bt2 2	Bt3 2	
28	Bt1 4	Bt2 1	Bt3 3	
29	Bt2 2	Bt3 1	
30	Bt1 3	Bt2 3	
31	Bt1 2	Bt2 2	Bt3 2	
32	Bt1 4	Bt2 2	Bt3 3	
33	Bt1 2	Bt2 1	Bt3 1	
34	Bt1 2	Bt2 2	Bt3 4	
35	Bt1 3	Bt2 1	Bt3 3	
36	Bt1 3	Bt2 2	Bt3 3	
37	Bt1 3	Bt2 2	Bt3 1	
38	Bt1 3	Bt2 1	Bt3 3	
39	Bt2 5	Bt3 2	
40	Bt1 3	Bt2 1	Bt3 2	
41	Bt1 2	Bt2 3	Bt3 1	
42	Bt1 4	Bt2 2	Bt3 3	
43	Bt1 4	Bt2 2	Bt3 3	
44	Bt1 2	Bt2 1	Bt3 1	
45	Bt1 2	Bt2 2	Bt3 4	
46	Bt1 1	Bt2 3	Bt3 2	
47	Bt1 2	Bt2 1	Bt3 1	
48	Bt1 4	Bt2 1	Bt3 1	
49	Bt1 5	Bt2 1	Bt3 3	
50	Bt1 2	Bt2 1	Bt3 1	
51	Bt1 2	Bt2 3	Bt3 3	
52	Bt1 1	Bt2 3	Bt3 2	
53	Bt1 3	Bt2 5	
54	Bt1 4	Bt2 1	Bt3 2	
55	Bt1 2	Bt2 1	Bt3 2	
56	Bt1 2	Bt2 2	
57	Bt1 2	Bt2 3	Bt3 1	
58	Bt1 2	Bt2 3	Bt3 4	
59	Bt1 3	Bt2 1	Bt3 2	
60	Bt1 3	Bt2 1	Bt3 1	