Name				366_n060_m400_bt10
Number_of_Customers		60
Number_of_Items			400
Number_of_ItemTypes		10
Number_of_Vehicles		43
TimeWindows			1

VEHICLE
Mass_Capacity			12595
CargoSpace_Length		60
CargoSpace_Width		25
CargoSpace_Height		30
Wheelbase			48
Max_Mass_FrontAxle		7100
Max_Mass_RearAxle		11500
Distance_FrontAxle_CargoSpace	4

CUSTOMERS
i		x		y		Demand		ReadyTime	DueDate		ServiceTime	DemandedMass	DemandedVolume
0		35		35		0		0		230		0		0		0
1		13		41		5		67		111		10		1167.91		6112
2		65		7		9		34		70		10		2789.35		13968
3		42		54		9		103		129		10		2774.44		14463
4		0		69		4		121		145		10		1260.3		6507
5		6		72		6		74		102		10		2236		10976
6		66		54		9		0		183		10		2613.88		16090
7		30		15		7		174		204		10		2013.41		9662
8		40		30		9		0		212		10		2452.01		11827
9		54		75		9		0		175		10		2918.06		15639
10		26		25		9		0		206		10		2498.17		11914
11		36		2		9		33		63		10		3270.02		17198
12		70		59		5		142		180		10		1606.82		8773
13		58		41		7		79		109		10		2088.79		12330
14		45		41		5		170		204		10		1569.9		8954
15		44		80		9		136		172		10		3135.12		17432
16		54		55		5		0		192		10		1323.75		7255
17		65		72		3		0		172		10		1135.46		5173
18		25		36		7		8		36		10		2518.09		12757
19		69		20		9		65		95		10		2695.49		14259
20		59		28		6		113		143		10		2239.58		11771
21		24		4		9		51		81		10		2832.47		16327
22		37		56		5		103		127		10		1639.27		8079
23		2		2		5		0		173		10		1818.55		9853
24		52		70		8		78		100		10		2803.5		16256
25		29		45		7		179		205		10		2516.95		11181
26		5		53		6		163		189		10		1639.73		9466
27		62		55		6		43		77		10		1751.68		8920
28		23		65		5		19		49		10		1858.21		9490
29		66		50		5		157		191		10		1455.22		6771
30		23		76		5		152		180		10		1457.71		7023
31		60		4		7		111		143		10		2698.56		14100
32		48		68		7		49		87		10		1912.36		9439
33		44		31		7		136		166		10		1713.75		9047
34		6		50		8		32		62		10		2816.39		16455
35		32		51		6		0		203		10		1910.43		8690
36		27		28		7		27		47		10		2726.64		13169
37		48		76		4		0		176		10		1364.19		7859
38		16		39		6		0		200		10		2111.72		10778
39		28		77		6		151		181		10		1511.57		8172
40		54		20		8		78		104		10		2706.88		16973
41		23		56		6		68		90		10		2055.69		13674
42		63		10		7		124		162		10		2417.32		12196
43		38		68		7		42		72		10		1911.32		9692
44		67		1		6		0		173		10		1503.76		8014
45		59		7		6		43		73		10		2223.23		10709
46		7		34		5		0		191		10		1837.09		11186
47		15		14		7		22		52		10		1923.3		9557
48		26		69		6		0		184		10		1783.92		10905
49		49		42		6		172		192		10		1598.2		9090
50		14		59		6		161		193		10		1792.47		8810
51		32		30		4		156		188		10		1100.64		6403
52		18		5		7		156		188		10		2341.49		11057
53		64		36		7		64		92		10		1743.11		9736
54		63		63		9		0		180		10		2652.46		14560
55		64		59		7		91		113		10		2043.66		10146
56		67		33		9		87		117		10		2517.79		13584
57		30		56		3		118		150		10		900.43		4466
58		13		38		9		56		82		10		2641.22		13636
59		43		27		8		124		150		10		1987.74		11099
60		12		79		7		0		170		10		2036.53		11235

ITEMS
Type		Length		Width		Height		Mass		Fragility	LoadBearingStrength
Bt1		13		13		11		466.34		0		11.1432882
Bt2		24		5		11		214.76		0		19.4652499
Bt3		22		9		6		190.01		1		5.0353146
Bt4		14		13		6		242.44		0		8.3953305
Bt5		14		7		13		239.70		0		6.2373006
Bt6		28		5		11		313.99		0		5.2916250
Bt7		34		6		10		429.42		1		10.1106978
Bt8		24		6		8		231.31		0		9.5176857
Bt9		35		12		8		468.33		0		7.9284656
Bt10		19		13		9		357.13		0		11.8747164

DEMANDS PER CUSTOMER
i	Type Quantity
1	Bt2 1	Bt4 1	Bt5 2	Bt8 1	
2	Bt1 2	Bt3 1	Bt4 3	Bt5 1	Bt8 1	Bt9 1	
3	Bt1 1	Bt2 1	Bt4 2	Bt5 2	Bt7 1	Bt8 1	Bt9 1	
4	Bt4 1	Bt7 1	Bt8 1	Bt10 1	
5	Bt1 1	Bt5 1	Bt6 1	Bt7 2	Bt10 1	
6	Bt2 2	Bt3 2	Bt5 1	Bt6 2	Bt9 2	
7	Bt1 1	Bt4 3	Bt8 2	Bt10 1	
8	Bt1 1	Bt3 1	Bt4 1	Bt6 2	Bt8 4	
9	Bt1 1	Bt4 4	Bt6 1	Bt8 1	Bt9 2	
10	Bt4 4	Bt5 1	Bt6 2	Bt7 1	Bt8 1	
11	Bt1 2	Bt5 2	Bt7 1	Bt10 4	
12	Bt1 1	Bt3 1	Bt4 1	Bt5 1	Bt9 1	
13	Bt3 1	Bt4 2	Bt8 1	Bt9 1	Bt10 2	
14	Bt3 1	Bt4 1	Bt5 1	Bt7 1	Bt9 1	
15	Bt1 1	Bt2 1	Bt4 2	Bt7 1	Bt9 1	Bt10 3	
16	Bt3 1	Bt6 1	Bt8 2	Bt10 1	
17	Bt1 1	Bt5 1	Bt7 1	
18	Bt1 1	Bt4 2	Bt5 1	Bt7 2	Bt9 1	
19	Bt1 1	Bt2 1	Bt3 1	Bt4 1	Bt5 1	Bt6 2	Bt10 2	
20	Bt1 1	Bt2 1	Bt7 2	Bt8 1	Bt9 1	
21	Bt1 1	Bt2 1	Bt3 1	Bt5 2	Bt6 1	Bt8 1	Bt9 2	
22	Bt1 1	Bt2 2	Bt6 1	Bt7 1	
23	Bt1 1	Bt2 1	Bt5 1	Bt7 1	Bt9 1	
24	Bt3 2	Bt6 2	Bt7 2	Bt9 2	
25	Bt1 3	Bt2 1	Bt4 1	Bt7 1	Bt8 1	
26	Bt2 1	Bt5 2	Bt8 1	Bt10 2	
27	Bt1 1	Bt2 1	Bt4 1	Bt5 1	Bt8 1	Bt10 1	
28	Bt1 2	Bt2 1	Bt4 1	Bt9 1	
29	Bt1 1	Bt3 1	Bt4 2	Bt6 1	
30	Bt1 1	Bt2 1	Bt6 1	Bt8 2	
31	Bt6 3	Bt7 3	Bt9 1	
32	Bt1 1	Bt3 1	Bt5 2	Bt6 1	Bt8 2	
33	Bt1 1	Bt2 1	Bt3 3	Bt8 2	
34	Bt3 1	Bt4 1	Bt7 2	Bt8 1	Bt9 2	Bt10 1	
35	Bt1 2	Bt3 1	Bt4 1	Bt6 1	Bt8 1	
36	Bt1 3	Bt6 2	Bt8 1	Bt9 1	
37	Bt1 1	Bt2 2	Bt9 1	
38	Bt1 2	Bt5 2	Bt8 1	Bt9 1	
39	Bt2 2	Bt3 1	Bt7 1	Bt8 2	
40	Bt4 1	Bt5 1	Bt8 2	Bt9 3	Bt10 1	
41	Bt2 1	Bt3 1	Bt9 2	Bt10 2	
42	Bt1 2	Bt5 1	Bt6 1	Bt8 2	Bt9 1	
43	Bt2 1	Bt4 1	Bt5 2	Bt6 1	Bt7 1	Bt8 1	
44	Bt2 1	Bt3 1	Bt5 1	Bt6 2	Bt8 1	
45	Bt1 2	Bt3 1	Bt6 1	Bt7 1	Bt10 1	
46	Bt5 1	Bt7 1	Bt8 1	Bt9 2	
47	Bt1 1	Bt2 2	Bt4 1	Bt5 1	Bt6 1	Bt8 1	
48	Bt2 1	Bt3 1	Bt5 1	Bt6 1	Bt9 1	Bt10 1	
49	Bt3 1	Bt8 3	Bt10 2	
50	Bt5 1	Bt7 2	Bt8 3	
51	Bt2 2	Bt6 1	Bt10 1	
52	Bt1 1	Bt5 1	Bt6 1	Bt7 2	Bt8 2	
53	Bt2 3	Bt3 1	Bt5 2	Bt7 1	
54	Bt1 1	Bt2 1	Bt3 1	Bt4 2	Bt5 1	Bt8 1	Bt9 1	Bt10 1	
55	Bt1 1	Bt3 1	Bt4 2	Bt6 1	Bt8 1	Bt10 1	
56	Bt2 1	Bt4 3	Bt5 2	Bt6 2	Bt9 1	
57	Bt5 1	Bt7 1	Bt8 1	
58	Bt1 1	Bt2 1	Bt3 1	Bt5 1	Bt6 3	Bt8 1	Bt10 1	
59	Bt2 1	Bt3 2	Bt4 1	Bt5 2	Bt6 1	Bt10 1	
60	Bt1 1	Bt3 2	Bt4 1	Bt5 2	Bt9 1	