Name				376_n060_m400_bt3
Number_of_Customers		60
Number_of_Items			400
Number_of_ItemTypes		3
Number_of_Vehicles		29
TimeWindows			1

VEHICLE
Mass_Capacity			12595
CargoSpace_Length		60
CargoSpace_Width		25
CargoSpace_Height		30
Wheelbase			48
Max_Mass_FrontAxle		7100
Max_Mass_RearAxle		11500
Distance_FrontAxle_CargoSpace	4

CUSTOMERS
i		x		y		Demand		ReadyTime	DueDate		ServiceTime	DemandedMass	DemandedVolume
0		35		35		0		0		230		0		0		0
1		2		23		4		122		148		10		530.91		722
2		20		63		6		101		127		10		715.11		1057
3		47		19		6		50		82		10		671.33		1122
4		45		59		7		123		155		10		697.76		1387
5		54		79		7		102		126		10		1066.56		1426
6		58		27		6		175		201		10		758.89		992
7		39		63		6		112		136		10		508.82		1070
8		14		15		8		107		137		10		1386.84		1548
9		5		35		6		109		133		10		758.89		992
10		2		57		5		123		151		10		1163.6		1260
11		24		63		9		99		127		10		1250.76		1761
12		0		54		6		57		85		10		908.79		1356
13		63		77		6		126		166		10		758.89		992
14		45		30		7		37		69		10		1347.8		1595
15		59		2		3		156		186		10		579.43		639
16		67		72		6		46		80		10		952.57		1291
17		26		78		7		91		121		10		904.05		1374
18		36		43		9		111		143		10		1088.25		1709
19		7		68		9		93		123		10		1206.98		1826
20		28		12		8		97		131		10		1061.82		1444
21		42		54		5		34		72		10		557.34		987
22		54		43		5		132		158		10		1001.09		1208
23		4		8		7		155		175		10		860.27		1439
24		13		53		7		157		195		10		979		1556
25		12		44		7		87		111		10		1347.8		1595
26		5		52		7		49		77		10		1066.56		1426
27		69		15		9		139		163		10		1281.93		2008
28		54		50		4		159		179		10		487.13		787
29		68		48		6		143		169		10		508.82		1070
30		51		15		9		55		85		10		1263.37		1449
31		60		62		8		24		50		10		974.26		1574
32		1		36		7		146		172		10		785.32		1257
33		20		2		7		32		64		10		1185.29		1543
34		2		71		6		70		98		10		833.84		1174
35		67		51		6		72		94		10		790.06		1239
36		30		15		7		161		181		10		829.1		1192
37		22		80		9		46		72		10		1413.27		1813
38		18		51		6		92		128		10		508.82		1070
39		6		57		6		23		55		10		1071.3		1408
40		30		3		6		100		130		10		746.28		1304
41		4		62		8		105		131		10		1343.06		1613
42		21		28		6		178		202		10		952.57		1291
43		43		15		6		68		90		10		833.84		1174
44		22		67		7		75		107		10		991.61		1244
45		68		32		7		72		100		10		1022.78		1491
46		10		25		4		178		202		10		487.13		787
47		68		3		7		146		176		10		1066.56		1426
48		38		56		8		17		47		10		693.02		1405
49		5		71		7		82		116		10		1066.56		1426
50		46		78		9		104		124		10		1175.81		1579
51		63		20		8		142		170		10		1018.04		1509
52		30		37		6		144		176		10		552.6		1005
53		43		6		4		116		146		10		487.13		787
54		50		48		7		133		163		10		872.88		1127
55		42		9		7		25		55		10		860.27		1439
56		15		29		9		13		39		10		1769.46		2164
57		52		53		8		13		37		10		855.53		1457
58		23		0		7		54		88		10		947.83		1309
59		14		20		7		147		171		10		947.83		1309
60		22		76		3		93		119		10		416.92		587

ITEMS
Type		Length		Width		Height		Mass		Fragility	LoadBearingStrength
Bt1		15		3		3		113.99		1		4.4482089
Bt2		10		5		4		70.21		0		7.0157342
Bt3		14		6		3		232.72		0		11.5389162

DEMANDS PER CUSTOMER
i	Type Quantity
1	Bt1 2	Bt2 1	Bt3 1	
2	Bt1 3	Bt2 2	Bt3 1	
3	Bt1 2	Bt2 3	Bt3 1	
4	Bt1 1	Bt2 5	Bt3 1	
5	Bt1 2	Bt2 2	Bt3 3	
6	Bt1 4	Bt2 1	Bt3 1	
7	Bt1 2	Bt2 4	
8	Bt1 4	Bt3 4	
9	Bt1 4	Bt2 1	Bt3 1	
10	Bt3 5	
11	Bt1 3	Bt2 3	Bt3 3	
12	Bt2 3	Bt3 3	
13	Bt1 4	Bt2 1	Bt3 1	
14	Bt1 1	Bt2 1	Bt3 5	
15	Bt1 1	Bt3 2	
16	Bt1 1	Bt2 2	Bt3 3	
17	Bt1 2	Bt2 3	Bt3 2	
18	Bt1 3	Bt2 4	Bt3 2	
19	Bt1 2	Bt2 4	Bt3 3	
20	Bt1 4	Bt2 2	Bt3 2	
21	Bt1 1	Bt2 3	Bt3 1	
22	Bt2 1	Bt3 4	
23	Bt1 1	Bt2 4	Bt3 2	
24	Bt2 4	Bt3 3	
25	Bt1 1	Bt2 1	Bt3 5	
26	Bt1 2	Bt2 2	Bt3 3	
27	Bt2 5	Bt3 4	
28	Bt1 1	Bt2 2	Bt3 1	
29	Bt1 2	Bt2 4	
30	Bt1 7	Bt3 2	
31	Bt1 2	Bt2 4	Bt3 2	
32	Bt1 3	Bt2 3	Bt3 1	
33	Bt1 1	Bt2 2	Bt3 4	
34	Bt1 2	Bt2 2	Bt3 2	
35	Bt1 1	Bt2 3	Bt3 2	
36	Bt1 4	Bt2 2	Bt3 1	
37	Bt1 3	Bt2 2	Bt3 4	
38	Bt1 2	Bt2 4	
39	Bt2 2	Bt3 4	
40	Bt2 4	Bt3 2	
41	Bt1 3	Bt2 1	Bt3 4	
42	Bt1 1	Bt2 2	Bt3 3	
43	Bt1 2	Bt2 2	Bt3 2	
44	Bt1 4	Bt2 1	Bt3 2	
45	Bt1 1	Bt2 3	Bt3 3	
46	Bt1 1	Bt2 2	Bt3 1	
47	Bt1 2	Bt2 2	Bt3 3	
48	Bt1 3	Bt2 5	
49	Bt1 2	Bt2 2	Bt3 3	
50	Bt1 5	Bt2 2	Bt3 2	
51	Bt1 3	Bt2 3	Bt3 2	
52	Bt1 3	Bt2 3	
53	Bt1 1	Bt2 2	Bt3 1	
54	Bt1 5	Bt2 1	Bt3 1	
55	Bt1 1	Bt2 4	Bt3 2	
56	Bt2 2	Bt3 7	
57	Bt1 3	Bt2 4	Bt3 1	
58	Bt1 3	Bt2 2	Bt3 2	
59	Bt1 3	Bt2 2	Bt3 2	
60	Bt1 1	Bt2 1	Bt3 1	