Name				379_n060_m400_bt3
Number_of_Customers		60
Number_of_Items			400
Number_of_ItemTypes		3
Number_of_Vehicles		16
TimeWindows			1

VEHICLE
Mass_Capacity			12595
CargoSpace_Length		60
CargoSpace_Width		25
CargoSpace_Height		30
Wheelbase			48
Max_Mass_FrontAxle		7100
Max_Mass_RearAxle		11500
Distance_FrontAxle_CargoSpace	4

CUSTOMERS
i		x		y		Demand		ReadyTime	DueDate		ServiceTime	DemandedMass	DemandedVolume
0		35		35		0		0		230		0		0		0
1		62		28		7		121		149		10		1009.91		1816
2		59		64		6		79		103		10		909.96		1620
3		17		50		7		163		195		10		851.69		1488
4		28		76		6		73		93		10		830.85		1456
5		69		50		8		0		182		10		1322.88		2520
6		6		12		7		0		182		10		930.8		1652
7		22		39		7		0		206		10		985.6		1832
8		17		72		9		0		178		10		1161.19		2240
9		36		1		7		121		143		10		955.11		1636
10		41		76		7		91		127		10		906.49		1668
11		40		42		6		0		211		10		703.12		1324
12		14		4		9		107		137		10		1106.39		2060
13		30		10		7		66		90		10		906.49		1668
14		42		10		8		44		76		10		1079.37		1816
15		42		28		6		0		210		10		703.12		1324
16		46		19		8		0		200		10		1164.66		2192
17		29		17		6		144		160		10		806.54		1472
18		27		33		5		155		187		10		524.06		964
19		14		12		4		0		188		10		551.84		900
20		57		19		5		0		192		10		603.17		1128
21		26		40		3		191		217		10		427.58		720
22		61		34		8		0		193		10		1109.86		2012
23		32		72		6		0		182		10		909.96		1620
24		39		20		7		35		63		10		876		1472
25		37		76		5		0		178		10		651.79		1096
26		5		4		5		0		176		10		706.59		1276
27		42		72		8		0		182		10		1188.97		2176
28		55		56		7		0		191		10		936.98		1864
29		56		59		8		147		175		10		1061.24		2044
30		47		1		9		0		183		10		1343.72		2552
31		5		72		6		152		188		10		776.05		1276
32		33		63		6		0		191		10		782.23		1488
33		2		37		5		0		186		10		730.9		1260
34		48		10		8		0		191		10		951.64		1684
35		36		7		5		0		191		10		840.5		1620
36		62		61		9		159		189		10		1209.81		2208
37		68		76		5		136		162		10		524.06		964
38		2		40		8		0		186		10		1109.86		2012
39		35		51		7		10		42		10		821.2		1292
40		4		79		6		0		166		10		830.85		1456
41		18		1		9		38		66		10		1209.81		2208
42		11		65		8		81		105		10		1055.06		1832
43		10		10		7		0		184		10		906.49		1668
44		29		42		8		88		126		10		903.02		1716
45		35		47		8		0		208		10		1055.06		1832
46		50		68		5		45		71		10		682.28		1292
47		1		14		8		76		116		10		1061.24		2044
48		36		73		9		117		145		10		1106.39		2060
49		59		7		7		0		183		10		1009.91		1816
50		5		31		3		56		94		10		378.96		752
51		28		52		5		0		201		10		682.28		1292
52		41		34		7		88		120		10		985.6		1832
53		3		43		9		21		55		10		1227.94		1980
54		60		76		6		158		186		10		885.65		1636
55		27		64		4		0		189		10		582.33		1096
56		26		15		6		0		198		10		885.65		1636
57		52		63		4		0		187		10		551.84		900
58		0		73		7		60		90		10		772.58		1324
59		10		15		9		92		114		10		1288.92		2372
60		43		24		5		0		206		10		761.39		1456

ITEMS
Type		Length		Width		Height		Mass		Fragility	LoadBearingStrength
Bt1		9		5		4		124.26		1		3.0755856
Bt2		12		5		6		179.06		0		14.7215428
Bt3		7		4		7		99.95		0		74.2139139

DEMANDS PER CUSTOMER
i	Type Quantity
1	Bt1 3	Bt2 3	Bt3 1	
2	Bt1 3	Bt2 3	
3	Bt1 3	Bt2 1	Bt3 3	
4	Bt1 3	Bt2 2	Bt3 1	
5	Bt1 2	Bt2 6	
6	Bt1 3	Bt2 2	Bt3 2	
7	Bt1 2	Bt2 3	Bt3 2	
8	Bt1 1	Bt2 3	Bt3 5	
9	Bt1 4	Bt2 2	Bt3 1	
10	Bt1 2	Bt2 2	Bt3 3	
11	Bt1 1	Bt2 1	Bt3 4	
12	Bt1 2	Bt2 2	Bt3 5	
13	Bt1 2	Bt2 2	Bt3 3	
14	Bt1 5	Bt2 2	Bt3 1	
15	Bt1 1	Bt2 1	Bt3 4	
16	Bt1 2	Bt2 4	Bt3 2	
17	Bt1 2	Bt2 2	Bt3 2	
18	Bt1 1	Bt3 4	
19	Bt1 3	Bt2 1	
20	Bt1 1	Bt2 1	Bt3 3	
21	Bt1 2	Bt2 1	
22	Bt1 3	Bt2 3	Bt3 2	
23	Bt1 3	Bt2 3	
24	Bt1 4	Bt2 1	Bt3 2	
25	Bt1 3	Bt2 1	Bt3 1	
26	Bt1 2	Bt2 2	Bt3 1	
27	Bt1 3	Bt2 4	Bt3 1	
28	Bt2 3	Bt3 4	
29	Bt1 1	Bt2 3	Bt3 4	
30	Bt1 2	Bt2 5	Bt3 2	
31	Bt1 4	Bt2 1	Bt3 1	
32	Bt1 1	Bt2 2	Bt3 3	
33	Bt1 3	Bt2 2	
34	Bt1 3	Bt2 1	Bt3 4	
35	Bt1 1	Bt2 4	
36	Bt1 3	Bt2 3	Bt3 3	
37	Bt1 1	Bt3 4	
38	Bt1 3	Bt2 3	Bt3 2	
39	Bt1 5	Bt3 2	
40	Bt1 3	Bt2 2	Bt3 1	
41	Bt1 3	Bt2 3	Bt3 3	
42	Bt1 4	Bt2 2	Bt3 2	
43	Bt1 2	Bt2 2	Bt3 3	
44	Bt1 1	Bt2 1	Bt3 6	
45	Bt1 4	Bt2 2	Bt3 2	
46	Bt1 1	Bt2 2	Bt3 2	
47	Bt1 1	Bt2 3	Bt3 4	
48	Bt1 2	Bt2 2	Bt3 5	
49	Bt1 3	Bt2 3	Bt3 1	
50	Bt2 1	Bt3 2	
51	Bt1 1	Bt2 2	Bt3 2	
52	Bt1 2	Bt2 3	Bt3 2	
53	Bt1 7	Bt2 2	
54	Bt1 2	Bt2 3	Bt3 1	
55	Bt1 1	Bt2 2	Bt3 1	
56	Bt1 2	Bt2 3	Bt3 1	
57	Bt1 3	Bt2 1	
58	Bt1 3	Bt3 4	
59	Bt1 3	Bt2 4	Bt3 2	
60	Bt1 1	Bt2 3	Bt3 1	