Name				382_n060_m400_bt10
Number_of_Customers		60
Number_of_Items			400
Number_of_ItemTypes		10
Number_of_Vehicles		26
TimeWindows			1

VEHICLE
Mass_Capacity			12595
CargoSpace_Length		60
CargoSpace_Width		25
CargoSpace_Height		30
Wheelbase			48
Max_Mass_FrontAxle		7100
Max_Mass_RearAxle		11500
Distance_FrontAxle_CargoSpace	4

CUSTOMERS
i		x		y		Demand		ReadyTime	DueDate		ServiceTime	DemandedMass	DemandedVolume
0		35		35		0		0		230		0		0		0
1		43		27		6		0		28		10		836.76		1628
2		43		76		3		83		109		10		669.85		1253
3		29		2		7		110		140		10		983.02		2184
4		16		60		8		46		78		10		1100.07		2963
5		3		74		7		64		84		10		1064.89		2099
6		13		25		7		139		159		10		977.2		2143
7		48		20		5		127		151		10		717.57		1589
8		65		73		5		31		65		10		714.23		1430
9		4		77		8		101		127		10		1390.64		2644
10		20		59		7		133		157		10		1129.34		2139
11		7		40		5		31		61		10		1090.28		2363
12		61		67		7		128		162		10		1336.22		2418
13		46		34		6		40		68		10		1134.13		2077
14		23		45		7		68		88		10		1476.89		2854
15		12		0		6		35		63		10		1024.34		1994
16		31		17		5		117		157		10		1027.79		2174
17		40		1		8		167		205		10		1038.98		2354
18		40		79		5		90		114		10		886.33		2048
19		69		75		4		38		74		10		845.99		1628
20		59		75		6		89		121		10		848.55		1803
21		19		76		9		67		91		10		1392.63		2865
22		62		45		6		121		157		10		665.27		1580
23		54		23		8		144		172		10		1666.31		3283
24		53		77		6		60		94		10		1100.5		1794
25		41		21		8		68		100		10		1447.18		2590
26		40		63		6		67		103		10		976.97		2517
27		49		26		7		13		43		10		1008.63		2341
28		14		72		5		128		160		10		689.93		1447
29		49		70		6		165		193		10		908.02		1696
30		2		49		4		30		64		10		629.18		1678
31		21		28		4		154		182		10		633.16		1356
32		59		80		4		124		158		10		753.33		1153
33		35		67		7		42		68		10		1285.58		2365
34		20		9		9		103		139		10		1361.06		2999
35		24		25		7		32		70		10		998.33		1822
36		12		20		6		99		127		10		871.34		1711
37		66		56		7		108		134		10		956.21		2093
38		3		61		8		166		188		10		1432.4		2740
39		3		22		7		129		167		10		1221.96		2532
40		30		33		4		39		73		10		830.01		1643
41		29		20		7		71		103		10		1443.66		2954
42		44		2		6		170		198		10		1197.37		2588
43		47		13		6		148		180		10		1146.29		2432
44		70		70		5		143		167		10		714.98		1629
45		15		35		9		64		94		10		1176.13		2972
46		37		32		8		184		210		10		1235.83		2641
47		14		41		9		139		165		10		1626.78		3335
48		5		34		9		161		187		10		1387.36		2976
49		1		5		4		145		179		10		864.23		1848
50		7		78		9		104		140		10		1517.12		2841
51		32		9		8		141		169		10		1620.34		3146
52		40		67		5		22		52		10		787.86		1811
53		31		66		6		156		192		10		988.1		2122
54		28		72		9		52		72		10		1494.8		3010
55		59		31		7		127		153		10		1375.29		2590
56		16		31		7		75		105		10		1351.24		2201
57		58		57		9		56		90		10		1499.99		2574
58		17		72		9		77		103		10		1860.81		3471
59		9		59		9		54		88		10		1360.88		3093
60		15		2		9		30		66		10		1580.64		2815

ITEMS
Type		Length		Width		Height		Mass		Fragility	LoadBearingStrength
Bt1		10		6		7		192.82		0		10.1801919
Bt2		17		5		7		194.38		0		11.2808007
Bt3		17		2		7		130.17		0		20.1424696
Bt4		11		7		4		150.01		1		14.3880911
Bt5		10		4		8		140.32		1		4.4067920
Bt6		17		5		7		346.86		0		14.3114858
Bt7		9		5		6		204.65		0		71.2429797
Bt8		8		6		8		107.48		0		10.7217189
Bt9		6		6		4		100.91		0		79.4430152
Bt10		14		3		4		100.10		0		104.6386963

DEMANDS PER CUSTOMER
i	Type Quantity
1	Bt1 2	Bt4 1	Bt9 1	Bt10 2	
2	Bt1 1	Bt3 1	Bt6 1	
3	Bt1 1	Bt3 1	Bt5 1	Bt7 1	Bt8 2	Bt10 1	
4	Bt1 1	Bt2 1	Bt4 1	Bt5 1	Bt8 3	Bt10 1	
5	Bt3 2	Bt4 1	Bt6 1	Bt8 1	Bt10 2	
6	Bt2 1	Bt3 1	Bt5 1	Bt7 1	Bt8 1	Bt10 2	
7	Bt1 1	Bt2 1	Bt3 1	Bt10 2	
8	Bt1 1	Bt3 1	Bt4 1	Bt5 1	Bt9 1	
9	Bt1 1	Bt2 1	Bt4 1	Bt6 1	Bt7 1	Bt9 2	Bt10 1	
10	Bt4 2	Bt5 2	Bt6 1	Bt9 2	
11	Bt2 2	Bt4 1	Bt6 1	Bt7 1	
12	Bt3 1	Bt6 2	Bt7 1	Bt8 1	Bt10 2	
13	Bt3 1	Bt5 1	Bt6 1	Bt7 2	Bt8 1	
14	Bt1 1	Bt4 3	Bt5 1	Bt6 2	
15	Bt1 3	Bt5 1	Bt7 1	Bt9 1	
16	Bt1 2	Bt2 1	Bt6 1	Bt9 1	
17	Bt1 1	Bt3 1	Bt4 2	Bt8 2	Bt9 1	Bt10 1	
18	Bt1 1	Bt2 2	Bt7 1	Bt10 1	
19	Bt2 1	Bt6 1	Bt7 1	Bt10 1	
20	Bt1 1	Bt2 1	Bt3 2	Bt9 1	Bt10 1	
21	Bt1 1	Bt2 1	Bt3 2	Bt4 2	Bt5 1	Bt7 1	Bt10 1	
22	Bt4 1	Bt8 2	Bt10 3	
23	Bt1 1	Bt2 1	Bt5 2	Bt6 2	Bt7 1	Bt10 1	
24	Bt1 2	Bt7 3	Bt9 1	
25	Bt1 1	Bt3 2	Bt6 2	Bt10 3	
26	Bt1 1	Bt2 3	Bt9 1	Bt10 1	
27	Bt1 1	Bt2 1	Bt7 1	Bt8 2	Bt9 2	
28	Bt1 1	Bt2 1	Bt9 3	
29	Bt4 1	Bt5 1	Bt7 2	Bt8 1	Bt9 1	
30	Bt2 2	Bt5 1	Bt10 1	
31	Bt1 1	Bt4 2	Bt5 1	
32	Bt6 1	Bt7 1	Bt9 2	
33	Bt1 1	Bt4 2	Bt5 1	Bt6 1	Bt7 1	Bt9 1	
34	Bt1 1	Bt2 1	Bt3 1	Bt4 1	Bt5 2	Bt7 1	Bt8 1	Bt9 1	
35	Bt1 1	Bt3 2	Bt5 1	Bt7 1	Bt10 2	
36	Bt2 1	Bt3 1	Bt5 1	Bt7 1	Bt9 2	
37	Bt2 1	Bt3 1	Bt4 1	Bt5 2	Bt9 1	Bt10 1	
38	Bt3 1	Bt4 2	Bt6 2	Bt8 1	Bt9 1	Bt10 1	
39	Bt1 1	Bt2 2	Bt3 1	Bt7 2	Bt9 1	
40	Bt1 1	Bt4 1	Bt5 1	Bt6 1	
41	Bt1 2	Bt2 1	Bt6 1	Bt7 2	Bt8 1	
42	Bt1 2	Bt2 1	Bt3 1	Bt5 1	Bt6 1	
43	Bt1 1	Bt2 1	Bt6 1	Bt7 1	Bt8 1	Bt10 1	
44	Bt2 1	Bt3 1	Bt4 1	Bt5 1	Bt10 1	
45	Bt2 2	Bt3 1	Bt5 1	Bt8 2	Bt9 2	Bt10 1	
46	Bt1 1	Bt3 1	Bt4 1	Bt6 1	Bt8 2	Bt9 1	Bt10 1	
47	Bt2 1	Bt3 1	Bt4 2	Bt6 2	Bt8 1	Bt9 1	Bt10 1	
48	Bt1 1	Bt2 2	Bt4 2	Bt7 1	Bt9 1	Bt10 2	
49	Bt1 1	Bt2 1	Bt3 1	Bt6 1	
50	Bt1 1	Bt4 1	Bt5 3	Bt6 1	Bt7 1	Bt9 2	
51	Bt1 2	Bt3 2	Bt5 2	Bt6 2	
52	Bt1 1	Bt2 1	Bt3 2	Bt5 1	
53	Bt1 2	Bt4 1	Bt5 1	Bt7 1	Bt8 1	
54	Bt2 1	Bt3 3	Bt4 1	Bt6 1	Bt7 1	Bt8 1	Bt9 1	
55	Bt4 2	Bt5 2	Bt6 2	Bt9 1	
56	Bt4 1	Bt5 1	Bt6 1	Bt7 3	Bt10 1	
57	Bt1 1	Bt3 1	Bt4 1	Bt7 4	Bt8 1	Bt9 1	
58	Bt1 1	Bt2 1	Bt3 1	Bt5 1	Bt6 2	Bt7 2	Bt10 1	
59	Bt1 2	Bt2 1	Bt3 2	Bt7 1	Bt8 2	Bt9 1	
60	Bt1 1	Bt4 1	Bt5 2	Bt6 1	Bt7 2	Bt9 1	Bt10 1	