Name				385_n060_m400_bt10
Number_of_Customers		60
Number_of_Items			400
Number_of_ItemTypes		10
Number_of_Vehicles		26
TimeWindows			1

VEHICLE
Mass_Capacity			12595
CargoSpace_Length		60
CargoSpace_Width		25
CargoSpace_Height		30
Wheelbase			48
Max_Mass_FrontAxle		7100
Max_Mass_RearAxle		11500
Distance_FrontAxle_CargoSpace	4

CUSTOMERS
i		x		y		Demand		ReadyTime	DueDate		ServiceTime	DemandedMass	DemandedVolume
0		35		35		0		0		230		0		0		0
1		28		36		7		121		149		10		1844.24		2191
2		69		61		7		124		150		10		1185.85		1430
3		20		65		5		28		64		10		612		947
4		33		42		4		82		112		10		1110.61		1178
5		47		54		6		178		208		10		1322.46		1392
6		61		17		7		156		182		10		1303.26		1575
7		4		36		3		44		68		10		507.98		588
8		10		62		8		78		110		10		1721.8		1998
9		50		14		7		94		130		10		1264.5		1145
10		27		41		8		44		66		10		1679.95		2020
11		30		67		9		120		150		10		1353		1798
12		63		10		8		169		197		10		1239.66		1451
13		48		41		8		38		72		10		1925.44		1632
14		27		75		9		94		120		10		1738.98		2264
15		42		30		6		60		92		10		946.44		1242
16		38		45		8		119		151		10		1269.69		1518
17		12		48		7		82		118		10		1460.81		1432
18		37		42		7		12		40		10		1709.12		1784
19		0		25		6		71		101		10		877.09		1106
20		14		26		6		45		75		10		723.9		1159
21		23		77		5		92		124		10		652.78		891
22		42		4		7		92		120		10		1380.08		1795
23		22		27		6		156		190		10		1008.68		1268
24		18		62		5		129		157		10		1124.61		1088
25		13		9		9		26		52		10		1123.79		1638
26		56		7		9		134		160		10		1530.93		2073
27		6		75		5		138		176		10		1076.33		1220
28		0		29		9		79		103		10		1700.09		1908
29		67		26		6		30		64		10		1348.87		1269
30		65		38		8		122		150		10		1284.86		1439
31		29		56		7		45		75		10		2020.36		1678
32		20		1		8		93		123		10		1730.18		1896
33		47		4		8		131		147		10		1129.07		1766
34		55		48		6		18		56		10		890.2		1015
35		63		33		8		47		85		10		1494.03		1688
36		67		48		7		152		192		10		1519.98		1546
37		7		57		7		136		168		10		1185.85		1430
38		52		18		5		134		154		10		922.88		956
39		38		67		8		158		182		10		1025.67		1612
40		23		52		7		111		135		10		1629.17		1960
41		44		43		9		192		216		10		1979.02		2058
42		15		32		7		134		166		10		1219.68		1731
43		24		13		6		159		187		10		1104.82		1465
44		4		49		5		122		148		10		1071.77		1191
45		16		77		4		126		152		10		648.66		925
46		26		59		7		29		59		10		1425.81		1724
47		50		60		8		147		177		10		1039.14		1637
48		24		47		6		127		159		10		1343.54		1369
49		59		53		8		61		93		10		1301.37		1678
50		9		16		5		77		105		10		824.54		762
51		69		11		3		96		120		10		455.16		759
52		40		62		4		43		67		10		808.61		870
53		9		68		8		50		86		10		1467.98		1616
54		42		26		7		177		213		10		1380.84		1541
55		26		62		7		111		147		10		1230.22		1570
56		15		68		8		141		173		10		1139.74		1308
57		5		62		9		71		99		10		1944.66		1996
58		18		37		5		84		112		10		643.65		1019
59		66		45		4		158		184		10		940.44		742
60		10		42		4		173		205		10		597.65		1004

ITEMS
Type		Length		Width		Height		Mass		Fragility	LoadBearingStrength
Bt1		6		6		3		123.20		1		7.1583151
Bt2		15		3		6		269.96		0		29.5932907
Bt3		15		5		3		279.10		0		83.9099487
Bt4		13		3		3		37.62		0		6.6262676
Bt5		7		4		5		74.78		0		13.4383308
Bt6		12		6		6		302.72		0		9.0174511
Bt7		7		5		5		107.92		0		19.2293983
Bt8		10		7		3		114.82		0		7.3448931
Bt9		7		5		7		142.49		0		13.7624202
Bt10		11		3		7		395.44		1		68.1076984

DEMANDS PER CUSTOMER
i	Type Quantity
1	Bt2 1	Bt3 2	Bt6 3	Bt7 1	
2	Bt2 2	Bt3 1	Bt5 3	Bt9 1	
3	Bt2 1	Bt4 1	Bt5 1	Bt8 2	
4	Bt2 1	Bt6 1	Bt9 1	Bt10 1	
5	Bt2 1	Bt3 1	Bt4 2	Bt6 1	Bt10 1	
6	Bt2 1	Bt4 1	Bt5 1	Bt6 1	Bt7 1	Bt8 1	Bt10 1	
7	Bt1 1	Bt2 1	Bt8 1	
8	Bt2 1	Bt3 1	Bt5 1	Bt6 1	Bt8 1	Bt9 2	Bt10 1	
9	Bt1 2	Bt4 1	Bt5 1	Bt8 1	Bt10 2	
10	Bt3 1	Bt5 2	Bt6 2	Bt7 1	Bt9 1	Bt10 1	
11	Bt1 1	Bt4 1	Bt5 2	Bt6 1	Bt8 3	Bt10 1	
12	Bt1 2	Bt4 1	Bt5 2	Bt6 1	Bt7 1	Bt10 1	
13	Bt2 1	Bt3 1	Bt4 2	Bt8 1	Bt10 3	
14	Bt2 1	Bt4 2	Bt6 2	Bt7 1	Bt9 2	Bt10 1	
15	Bt2 1	Bt3 1	Bt4 1	Bt5 1	Bt9 2	
16	Bt1 2	Bt3 2	Bt4 1	Bt9 3	
17	Bt2 1	Bt5 2	Bt7 1	Bt9 1	Bt10 2	
18	Bt1 1	Bt5 1	Bt6 2	Bt8 1	Bt10 2	
19	Bt5 3	Bt8 1	Bt9 1	Bt10 1	
20	Bt1 1	Bt4 2	Bt6 1	Bt7 1	Bt8 1	
21	Bt2 2	Bt4 3	
22	Bt5 2	Bt6 2	Bt8 2	Bt10 1	
23	Bt1 2	Bt2 1	Bt5 1	Bt6 1	Bt8 1	
24	Bt2 1	Bt3 1	Bt4 1	Bt9 1	Bt10 1	
25	Bt1 1	Bt2 1	Bt5 2	Bt7 3	Bt8 1	Bt9 1	
26	Bt3 2	Bt4 2	Bt5 2	Bt6 2	Bt9 1	
27	Bt2 2	Bt3 1	Bt8 1	Bt9 1	
28	Bt1 1	Bt2 1	Bt3 1	Bt4 1	Bt5 2	Bt6 1	Bt9 1	Bt10 1	
29	Bt2 1	Bt4 1	Bt7 1	Bt9 1	Bt10 2	
30	Bt1 1	Bt3 1	Bt5 2	Bt7 1	Bt8 2	Bt10 1	
31	Bt2 1	Bt3 1	Bt9 2	Bt10 3	
32	Bt1 1	Bt2 1	Bt3 1	Bt5 1	Bt6 1	Bt9 2	Bt10 1	
33	Bt1 1	Bt4 2	Bt5 1	Bt6 2	Bt7 1	Bt9 1	
34	Bt2 1	Bt4 2	Bt5 2	Bt10 1	
35	Bt4 2	Bt5 1	Bt6 1	Bt7 1	Bt9 1	Bt10 2	
36	Bt1 1	Bt2 1	Bt3 1	Bt5 2	Bt6 1	Bt10 1	
37	Bt2 2	Bt3 1	Bt5 3	Bt9 1	
38	Bt2 1	Bt5 2	Bt7 1	Bt10 1	
39	Bt2 1	Bt4 1	Bt5 1	Bt7 2	Bt9 3	
40	Bt2 1	Bt6 2	Bt7 2	Bt9 1	Bt10 1	
41	Bt7 1	Bt8 1	Bt9 4	Bt10 3	
42	Bt3 1	Bt4 1	Bt5 1	Bt6 2	Bt7 1	Bt8 1	
43	Bt1 1	Bt3 1	Bt6 1	Bt8 1	Bt9 2	
44	Bt1 1	Bt6 1	Bt7 1	Bt9 1	Bt10 1	
45	Bt1 1	Bt6 1	Bt7 1	Bt8 1	
46	Bt2 1	Bt3 2	Bt4 1	Bt6 1	Bt8 1	Bt9 1	
47	Bt1 1	Bt4 1	Bt5 1	Bt6 1	Bt7 2	Bt9 2	
48	Bt1 1	Bt2 2	Bt9 2	Bt10 1	
49	Bt1 2	Bt3 1	Bt6 1	Bt7 2	Bt8 1	Bt9 1	
50	Bt1 2	Bt5 1	Bt7 1	Bt10 1	
51	Bt4 1	Bt6 1	Bt8 1	
52	Bt3 2	Bt7 1	Bt9 1	
53	Bt1 2	Bt2 1	Bt4 1	Bt6 1	Bt7 2	Bt10 1	
54	Bt2 2	Bt7 2	Bt8 2	Bt10 1	
55	Bt1 1	Bt2 2	Bt5 2	Bt6 1	Bt8 1	
56	Bt1 2	Bt3 2	Bt4 1	Bt5 1	Bt7 1	Bt8 1	
57	Bt2 1	Bt3 1	Bt4 1	Bt5 2	Bt6 1	Bt8 1	Bt10 2	
58	Bt1 1	Bt4 2	Bt6 1	Bt9 1	
59	Bt5 2	Bt10 2	
60	Bt4 1	Bt6 1	Bt8 1	Bt9 1	