Name				391_n060_m400_bt3
Number_of_Customers		60
Number_of_Items			400
Number_of_ItemTypes		3
Number_of_Vehicles		53
TimeWindows			1

VEHICLE
Mass_Capacity			12595
CargoSpace_Length		60
CargoSpace_Width		25
CargoSpace_Height		30
Wheelbase			48
Max_Mass_FrontAxle		7100
Max_Mass_RearAxle		11500
Distance_FrontAxle_CargoSpace	4

CUSTOMERS
i		x		y		Demand		ReadyTime	DueDate		ServiceTime	DemandedMass	DemandedVolume
0		35		35		0		0		230		0		0		0
1		36		80		8		86		124		10		4891.36		16788
2		26		54		6		92		124		10		3231.74		12628
3		45		19		6		20		54		10		6077.42		14320
4		17		55		9		146		174		10		5171.89		17948
5		47		15		7		138		170		10		4760.83		16904
6		67		71		8		0		171		10		4741.36		15512
7		21		64		4		39		69		10		1122.12		4640
8		43		68		6		0		186		10		5128.86		13756
9		17		64		5		0		185		10		1852.65		9628
10		54		10		4		38		64		10		2520.68		9032
11		52		40		7		24		60		10		6357.95		15480
12		9		15		7		80		108		10		5559.39		16192
13		60		39		5		44		74		10		1852.65		9628
14		8		72		7		59		79		10		7606.51		18596
15		41		76		9		102		130		10		6420.45		21064
16		4		38		8		0		188		10		5689.92		16076
17		12		41		6		38		68		10		3381.74		13904
18		47		44		5		0		33		10		2651.21		8916
19		16		61		9		100		136		10		6120.45		18512
20		12		56		6		99		127		10		5128.86		13756
21		61		4		9		45		75		10		7519.01		22904
22		52		31		7		0		202		10		7606.51		18596
23		54		60		8		161		199		10		5839.92		17352
24		49		53		8		147		181		10		4092.8		17500
25		18		52		6		166		188		10		5278.86		15032
26		11		3		4		0		180		10		2370.68		7756
27		50		47		6		96		128		10		4030.3		11916
28		66		17		6		158		190		10		3880.3		10640
29		1		12		8		151		185		10		6139.92		19904
30		16		30		7		39		67		10		4610.83		15628
31		30		58		7		85		115		10		4460.83		14352
32		62		59		5		106		136		10		4848.33		12596
33		18		76		5		52		78		10		2651.21		8916
34		17		48		8		19		53		10		5839.92		17352
35		69		17		5		41		65		10		4848.33		12596
36		22		21		7		115		151		10		4610.83		15628
37		66		33		9		98		128		10		6420.45		21064
38		17		36		9		18		48		10		4523.33		19936
39		60		56		7		82		110		10		4460.83		14352
40		8		0		8		0		175		10		4891.36		16788
41		34		13		7		0		197		10		5709.39		17468
42		23		47		7		20		46		10		4160.83		11800
43		32		2		9		134		170		10		8317.57		22192
44		0		57		8		96		122		10		5989.92		18628
45		25		69		5		52		86		10		2801.21		10192
46		31		47		5		81		109		10		3899.77		12032
47		64		67		9		0		176		10		5171.89		17948
48		3		25		5		83		107		10		3749.77		10756
49		50		76		7		0		176		10		6657.95		18032
50		45		38		4		115		149		10		3469.24		9596
51		9		49		7		64		90		10		4610.83		15628
52		61		48		5		0		190		10		4698.33		11320
53		24		51		5		69		97		10		4698.33		11320
54		48		24		5		0		202		10		5946.89		14436
55		26		19		7		0		201		10		3962.27		17616
56		28		16		6		0		199		10		7175.98		16160
57		68		30		4		43		69		10		2220.68		6480
58		57		25		9		0		195		10		5021.89		16672
59		55		21		6		29		59		10		4180.3		13192
60		63		0		9		57		81		10		8317.57		22192

ITEMS
Type		Length		Width		Height		Mass		Fragility	LoadBearingStrength
Bt1		29		6		14		430.53		0		5.0025563
Bt2		29		5		8		280.53		0		15.7357011
Bt3		25		12		10		1379.09		1		6.6178389

DEMANDS PER CUSTOMER
i	Type Quantity
1	Bt1 3	Bt2 3	Bt3 2	
2	Bt1 3	Bt2 2	Bt3 1	
3	Bt2 2	Bt3 4	
4	Bt1 3	Bt2 4	Bt3 2	
5	Bt1 4	Bt2 1	Bt3 2	
6	Bt1 2	Bt2 4	Bt3 2	
7	Bt2 4	
8	Bt1 1	Bt2 2	Bt3 3	
9	Bt1 3	Bt2 2	
10	Bt1 2	Bt2 1	Bt3 1	
11	Bt2 3	Bt3 4	
12	Bt1 2	Bt2 2	Bt3 3	
13	Bt1 3	Bt2 2	
14	Bt1 1	Bt2 1	Bt3 5	
15	Bt1 4	Bt2 2	Bt3 3	
16	Bt1 1	Bt2 4	Bt3 3	
17	Bt1 4	Bt2 1	Bt3 1	
18	Bt1 1	Bt2 3	Bt3 1	
19	Bt1 2	Bt2 4	Bt3 3	
20	Bt1 1	Bt2 2	Bt3 3	
21	Bt1 4	Bt2 1	Bt3 4	
22	Bt1 1	Bt2 1	Bt3 5	
23	Bt1 2	Bt2 3	Bt3 3	
24	Bt1 5	Bt2 2	Bt3 1	
25	Bt1 2	Bt2 1	Bt3 3	
26	Bt1 1	Bt2 2	Bt3 1	
27	Bt1 1	Bt2 3	Bt3 2	
28	Bt2 4	Bt3 2	
29	Bt1 4	Bt2 1	Bt3 3	
30	Bt1 3	Bt2 2	Bt3 2	
31	Bt1 2	Bt2 3	Bt3 2	
32	Bt1 1	Bt2 1	Bt3 3	
33	Bt1 1	Bt2 3	Bt3 1	
34	Bt1 2	Bt2 3	Bt3 3	
35	Bt1 1	Bt2 1	Bt3 3	
36	Bt1 3	Bt2 2	Bt3 2	
37	Bt1 4	Bt2 2	Bt3 3	
38	Bt1 6	Bt2 2	Bt3 1	
39	Bt1 2	Bt2 3	Bt3 2	
40	Bt1 3	Bt2 3	Bt3 2	
41	Bt1 3	Bt2 1	Bt3 3	
42	Bt2 5	Bt3 2	
43	Bt1 2	Bt2 2	Bt3 5	
44	Bt1 3	Bt2 2	Bt3 3	
45	Bt1 2	Bt2 2	Bt3 1	
46	Bt1 2	Bt2 1	Bt3 2	
47	Bt1 3	Bt2 4	Bt3 2	
48	Bt1 1	Bt2 2	Bt3 2	
49	Bt1 2	Bt2 1	Bt3 4	
50	Bt1 1	Bt2 1	Bt3 2	
51	Bt1 3	Bt2 2	Bt3 2	
52	Bt2 2	Bt3 3	
53	Bt2 2	Bt3 3	
54	Bt1 1	Bt3 4	
55	Bt1 6	Bt3 1	
56	Bt2 1	Bt3 5	
57	Bt2 3	Bt3 1	
58	Bt1 2	Bt2 5	Bt3 2	
59	Bt1 2	Bt2 2	Bt3 2	
60	Bt1 2	Bt2 2	Bt3 5	