Name				395_n060_m400_bt3
Number_of_Customers		60
Number_of_Items			400
Number_of_ItemTypes		3
Number_of_Vehicles		43
TimeWindows			1

VEHICLE
Mass_Capacity			12595
CargoSpace_Length		60
CargoSpace_Width		25
CargoSpace_Height		30
Wheelbase			48
Max_Mass_FrontAxle		7100
Max_Mass_RearAxle		11500
Distance_FrontAxle_CargoSpace	4

CUSTOMERS
i		x		y		Demand		ReadyTime	DueDate		ServiceTime	DemandedMass	DemandedVolume
0		35		35		0		0		230		0		0		0
1		15		60		8		0		187		10		3909.78		19352
2		9		15		5		106		128		10		2315.83		10348
3		33		14		8		0		198		10		2975.32		12146
4		25		67		7		0		186		10		2588.57		11978
5		66		17		5		0		184		10		2264.21		11356
6		65		0		5		0		173		10		1944.12		9122
7		53		53		9		0		194		10		3873.2		19302
8		19		18		7		99		129		10		2294.29		9240
9		35		77		6		108		138		10		2893.62		15270
10		17		22		8		0		197		10		3935.59		18848
11		44		69		7		0		184		10		2614.38		11474
12		62		79		6		0		168		10		2599.34		12532
13		19		49		6		0		198		10		3239.52		17000
14		47		22		6		0		202		10		2625.15		12028
15		0		59		7		0		177		10		3254.56		15942
16		8		31		6		0		192		10		2893.62		15270
17		62		23		8		115		147		10		2923.7		13154
18		35		80		4		0		175		10		1583.18		8450
19		10		56		9		0		187		10		3604.73		16060
20		70		61		9		87		109		10		3578.92		16564
21		20		58		5		131		157		10		2956.01		14816
22		43		49		9		0		203		10		3578.92		16564
23		16		2		5		0		181		10		1624.03		6888
24		29		27		9		0		210		10		4244.91		20528
25		64		47		5		25		53		10		1624.03		6888
26		13		79		5		152		180		10		1572.41		7896
27		32		48		4		0		206		10		1288.9		5712
28		2		38		6		0		186		10		3291.14		15992
29		42		77		4		0		177		10		1608.99		7946
30		8		41		9		0		192		10		3821.58		20310
31		65		69		3		0		174		10		1325.48		5762
32		4		54		4		0		183		10		1634.8		7442
33		48		78		6		159		187		10		1984.97		7560
34		0		5		4		0		173		10		1314.71		5208
35		62		37		6		83		119		10		2201.82		11810
36		48		10		8		0		191		10		2949.51		12650
37		58		10		9		0		186		10		3899.01		18798
38		27		34		7		0		211		10		2934.47		13708
39		1		75		9		0		167		10		4244.91		20528
40		41		32		5		0		213		10		1944.12		9122
41		61		61		4		0		183		10		1954.89		9676
42		37		69		3		32		60		10		1273.86		6770
43		26		12		8		83		113		10		2897.89		13658
44		44		35		7		0		211		10		3280.37		15438
45		27		15		6		0		198		10		2201.82		11810
46		18		70		9		0		181		10		3207.21		15338
47		9		35		8		101		129		10		2923.7		13154
48		6		16		7		0		185		10		3254.56		15942
49		48		33		8		0		206		10		2923.7		13154
50		47		18		6		137		167		10		2971.05		13758
51		22		62		7		0		190		10		3280.37		15438
52		59		41		5		0		195		10		1969.93		8618
53		40		22		9		0		206		10		3630.54		15556
54		8		62		9		0		181		10		3873.2		19302
55		37		58		9		88		120		10		3604.73		16060
56		53		23		9		0		198		10		3873.2		19302
57		42		12		8		0		195		10		3192.17		16396
58		49		14		5		0		194		10		1624.03		6888
59		41		0		7		0		184		10		2614.38		11474
60		24		53		8		0		198		10		3269.6		14884

ITEMS
Type		Length		Width		Height		Mass		Fragility	LoadBearingStrength
Bt1		14		12		7		335.13		1		3.5950243
Bt2		31		10		11		655.22		0		27.8534953
Bt3		28		6		10		309.32		0		9.1987951

DEMANDS PER CUSTOMER
i	Type Quantity
1	Bt1 2	Bt2 4	Bt3 2	
2	Bt1 3	Bt2 2	
3	Bt1 6	Bt2 1	Bt3 1	
4	Bt1 3	Bt2 1	Bt3 3	
5	Bt1 1	Bt2 2	Bt3 2	
6	Bt1 2	Bt2 1	Bt3 2	
7	Bt1 2	Bt2 3	Bt3 4	
8	Bt1 5	Bt3 2	
9	Bt2 3	Bt3 3	
10	Bt1 3	Bt2 4	Bt3 1	
11	Bt1 4	Bt2 1	Bt3 2	
12	Bt1 2	Bt2 2	Bt3 2	
13	Bt2 4	Bt3 2	
14	Bt1 3	Bt2 2	Bt3 1	
15	Bt1 2	Bt2 3	Bt3 2	
16	Bt2 3	Bt3 3	
17	Bt1 4	Bt2 1	Bt3 3	
18	Bt2 1	Bt3 3	
19	Bt1 5	Bt2 2	Bt3 2	
20	Bt1 4	Bt2 2	Bt3 3	
21	Bt1 1	Bt2 4	
22	Bt1 4	Bt2 2	Bt3 3	
23	Bt1 3	Bt3 2	
24	Bt1 3	Bt2 4	Bt3 2	
25	Bt1 3	Bt3 2	
26	Bt1 1	Bt3 4	
27	Bt1 2	Bt3 2	
28	Bt1 2	Bt2 4	
29	Bt1 1	Bt2 1	Bt3 2	
30	Bt2 3	Bt3 6	
31	Bt1 2	Bt2 1	
32	Bt1 2	Bt2 1	Bt3 1	
33	Bt1 5	Bt3 1	
34	Bt1 3	Bt3 1	
35	Bt2 1	Bt3 5	
36	Bt1 5	Bt2 1	Bt3 2	
37	Bt1 3	Bt2 3	Bt3 3	
38	Bt1 3	Bt2 2	Bt3 2	
39	Bt1 3	Bt2 4	Bt3 2	
40	Bt1 2	Bt2 1	Bt3 2	
41	Bt1 1	Bt2 2	Bt3 1	
42	Bt2 1	Bt3 2	
43	Bt1 3	Bt2 1	Bt3 4	
44	Bt1 3	Bt2 3	Bt3 1	
45	Bt2 1	Bt3 5	
46	Bt1 3	Bt2 1	Bt3 5	
47	Bt1 4	Bt2 1	Bt3 3	
48	Bt1 2	Bt2 3	Bt3 2	
49	Bt1 4	Bt2 1	Bt3 3	
50	Bt1 3	Bt2 3	
51	Bt1 3	Bt2 3	Bt3 1	
52	Bt1 3	Bt2 1	Bt3 1	
53	Bt1 6	Bt2 2	Bt3 1	
54	Bt1 2	Bt2 3	Bt3 4	
55	Bt1 5	Bt2 2	Bt3 2	
56	Bt1 2	Bt2 3	Bt3 4	
57	Bt1 1	Bt2 2	Bt3 5	
58	Bt1 3	Bt3 2	
59	Bt1 4	Bt2 1	Bt3 2	
60	Bt1 4	Bt2 2	Bt3 2	