Name				409_n060_m400_bt3
Number_of_Customers		60
Number_of_Items			400
Number_of_ItemTypes		3
Number_of_Vehicles		22
TimeWindows			1

VEHICLE
Mass_Capacity			12595
CargoSpace_Length		60
CargoSpace_Width		25
CargoSpace_Height		30
Wheelbase			48
Max_Mass_FrontAxle		7100
Max_Mass_RearAxle		11500
Distance_FrontAxle_CargoSpace	4

CUSTOMERS
i		x		y		Demand		ReadyTime	DueDate		ServiceTime	DemandedMass	DemandedVolume
0		35		35		0		0		230		0		0		0
1		23		27		7		40		64		10		1486.54		2868
2		19		19		7		151		171		10		1253.27		2436
3		42		24		6		93		129		10		1115.44		2166
4		17		40		6		0		201		10		1060.25		2052
5		57		69		8		53		83		10		1624.37		3138
6		45		2		8		70		102		10		1692.07		3228
7		50		23		9		119		147		10		1927.77		3750
8		39		16		4		151		185		10		661.7		1308
9		55		2		7		0		181		10		1910.4		3594
10		24		22		5		0		202		10		1223.39		2304
11		64		5		6		0		178		10		1471.6		2802
12		19		62		9		108		134		10		1885.09		3612
13		63		41		5		49		85		10		1100.5		2100
14		46		51		9		0		200		10		1940.28		3726
15		52		50		7		70		92		10		1308.46		2550
16		31		79		7		120		148		10		1787.51		3390
17		20		8		8		152		186		10		1993.04		3750
18		33		41		7		54		84		10		1609.43		3072
19		66		44		5		0		187		10		1401.47		2622
20		48		56		6		91		127		10		1115.44		2166
21		1		60		4		163		193		10		839.78		1626
22		58		65		5		68		108		10		977.61		1896
23		36		50		9		72		100		10		2050.66		3954
24		26		49		7		139		175		10		1431.35		2754
25		68		26		6		33		65		10		1293.52		2484
26		15		54		7		106		130		10		1677.13		3162
27		2		12		7		0		179		10		1198.08		2322
28		16		13		4		64		94		10		661.7		1308
29		56		17		7		0		192		10		1486.54		2868
30		27		9		6		40		72		10		1102.93		2190
31		2		34		9		46		66		10		2063.17		3930
32		8		22		6		29		57		10		1060.25		2052
33		12		45		8		122		154		10		1857.64		3570
34		39		42		3		119		141		10		701.95		1356
35		26		67		7		116		148		10		1609.43		3072
36		32		29		7		108		136		10		1554.24		2958
37		62		73		9		0		173		10		2118.36		4044
38		22		56		9		107		139		10		1762.2		3408
39		42		42		5		43		77		10		1210.88		2328
40		22		45		7		0		203		10		1486.54		2868
41		4		23		5		0		186		10		854.72		1692
42		58		72		8		31		59		10		1624.37		3138
43		6		16		5		0		185		10		965.1		1920
44		18		57		8		17		49		10		1925.34		3660
45		28		46		6		43		67		10		1225.82		2394
46		30		76		7		0		178		10		1554.24		2958
47		55		66		6		0		183		10		1361.22		2574
48		55		35		9		0		200		10		1817.39		3522
49		28		14		5		118		152		10		1100.5		2100
50		55		6		9		94		128		10		1927.77		3750
51		50		7		4		114		142		10		839.78		1626
52		47		7		5		83		115		10		799.53		1578
53		64		47		6		69		95		10		1225.82		2394
54		1		1		4		96		124		10		962.67		1830
55		28		29		7		135		167		10		1130.38		2232
56		38		57		9		112		152		10		1952.79		3702
57		39		60		8		46		74		10		1925.34		3660
58		11		13		6		150		184		10		1170.63		2280
59		30		1		6		124		150		10		1471.6		2802
60		70		55		9		60		96		10		2118.36		4044

ITEMS
Type		Length		Width		Height		Mass		Fragility	LoadBearingStrength
Bt1		9		6		5		137.83		0		5.8300687
Bt2		16		4		6		193.02		0		16.1611204
Bt3		14		6		7		315.91		1		4.7613768

DEMANDS PER CUSTOMER
i	Type Quantity
1	Bt1 2	Bt2 3	Bt3 2	
2	Bt1 4	Bt2 2	Bt3 1	
3	Bt1 3	Bt2 2	Bt3 1	
4	Bt1 4	Bt2 1	Bt3 1	
5	Bt1 3	Bt2 3	Bt3 2	
6	Bt1 4	Bt2 1	Bt3 3	
7	Bt1 1	Bt2 6	Bt3 2	
8	Bt1 2	Bt2 2	
9	Bt1 1	Bt2 1	Bt3 5	
10	Bt1 2	Bt3 3	
11	Bt1 1	Bt2 2	Bt3 3	
12	Bt1 4	Bt2 2	Bt3 3	
13	Bt1 2	Bt2 1	Bt3 2	
14	Bt1 3	Bt2 3	Bt3 3	
15	Bt1 3	Bt2 3	Bt3 1	
16	Bt1 1	Bt2 2	Bt3 4	
17	Bt1 3	Bt3 5	
18	Bt1 2	Bt2 2	Bt3 3	
19	Bt1 1	Bt3 4	
20	Bt1 3	Bt2 2	Bt3 1	
21	Bt1 1	Bt2 2	Bt3 1	
22	Bt1 2	Bt2 2	Bt3 1	
23	Bt1 1	Bt2 5	Bt3 3	
24	Bt1 3	Bt2 2	Bt3 2	
25	Bt1 2	Bt2 2	Bt3 2	
26	Bt1 3	Bt3 4	
27	Bt1 5	Bt2 1	Bt3 1	
28	Bt1 2	Bt2 2	
29	Bt1 2	Bt2 3	Bt3 2	
30	Bt1 1	Bt2 5	
31	Bt1 3	Bt2 2	Bt3 4	
32	Bt1 4	Bt2 1	Bt3 1	
33	Bt1 1	Bt2 4	Bt3 3	
34	Bt2 2	Bt3 1	
35	Bt1 2	Bt2 2	Bt3 3	
36	Bt1 3	Bt2 1	Bt3 3	
37	Bt1 2	Bt2 3	Bt3 4	
38	Bt1 4	Bt2 3	Bt3 2	
39	Bt2 3	Bt3 2	
40	Bt1 2	Bt2 3	Bt3 2	
41	Bt1 2	Bt2 3	
42	Bt1 3	Bt2 3	Bt3 2	
43	Bt2 5	
44	Bt1 2	Bt2 2	Bt3 4	
45	Bt1 1	Bt2 4	Bt3 1	
46	Bt1 3	Bt2 1	Bt3 3	
47	Bt1 3	Bt3 3	
48	Bt1 3	Bt2 4	Bt3 2	
49	Bt1 2	Bt2 1	Bt3 2	
50	Bt1 1	Bt2 6	Bt3 2	
51	Bt1 1	Bt2 2	Bt3 1	
52	Bt1 3	Bt2 2	
53	Bt1 1	Bt2 4	Bt3 1	
54	Bt1 1	Bt2 1	Bt3 2	
55	Bt1 4	Bt2 3	
56	Bt1 5	Bt3 4	
57	Bt1 2	Bt2 2	Bt3 4	
58	Bt1 2	Bt2 3	Bt3 1	
59	Bt1 1	Bt2 2	Bt3 3	
60	Bt1 2	Bt2 3	Bt3 4	