Name				414_n060_m400_bt10
Number_of_Customers		60
Number_of_Items			400
Number_of_ItemTypes		10
Number_of_Vehicles		15
TimeWindows			1

VEHICLE
Mass_Capacity			12595
CargoSpace_Length		60
CargoSpace_Width		25
CargoSpace_Height		30
Wheelbase			48
Max_Mass_FrontAxle		7100
Max_Mass_RearAxle		11500
Distance_FrontAxle_CargoSpace	4

CUSTOMERS
i		x		y		Demand		ReadyTime	DueDate		ServiceTime	DemandedMass	DemandedVolume
0		35		35		0		0		230		0		0		0
1		43		74		7		130		156		10		717.1		1357
2		40		45		9		0		208		10		982.12		2401
3		64		71		7		0		173		10		637.69		1635
4		68		42		5		0		186		10		445.28		758
5		22		54		8		0		196		10		759.42		1805
6		70		45		5		0		183		10		427.69		648
7		59		58		5		74		92		10		469.7		1162
8		70		12		7		41		69		10		893.34		2162
9		8		34		3		0		192		10		280.25		450
10		45		68		4		49		79		10		314.03		730
11		53		52		9		0		195		10		776.59		1440
12		62		2		9		0		177		10		934.17		2058
13		52		79		6		0		172		10		659.55		1446
14		12		38		5		0		196		10		544.67		1113
15		25		26		6		0		206		10		462.44		786
16		56		6		5		0		184		10		498.52		971
17		48		53		9		0		197		10		792.15		1923
18		26		58		6		0		195		10		452.38		1212
19		69		76		8		0		166		10		714.01		1913
20		53		42		8		0		200		10		606.28		1336
21		44		54		9		0		198		10		828.42		1800
22		28		68		5		0		186		10		490.7		1051
23		63		76		8		0		170		10		892.26		1744
24		29		64		7		144		182		10		564.02		1406
25		49		5		6		82		110		10		666.99		1649
26		64		38		7		0		190		10		687.28		1802
27		48		76		5		106		132		10		508.6		1269
28		0		33		9		0		184		10		775.37		1881
29		32		80		9		0		174		10		1024.18		2780
30		38		19		4		81		111		10		268.69		606
31		14		79		4		0		171		10		283.15		702
32		52		5		9		0		185		10		805.31		1684
33		32		42		5		0		212		10		400.22		836
34		67		31		9		0		187		10		894.57		1759
35		54		32		8		0		200		10		828.93		1890
36		11		0		8		0		177		10		1058.57		2276
37		60		51		7		158		180		10		515.9		1256
38		7		4		7		0		178		10		635.38		1243
39		63		19		7		0		187		10		633		1594
40		37		31		6		0		215		10		492.91		1422
41		66		17		5		0		184		10		394.8		782
42		59		42		9		0		195		10		802.24		1564
43		49		70		6		75		109		10		474.22		1168
44		14		34		9		179		215		10		977.85		2320
45		31		5		5		0		189		10		497.29		1245
46		22		69		6		125		157		10		838.74		1569
47		11		25		4		0		194		10		369.54		664
48		5		19		8		0		186		10		790.92		2125
49		1		62		3		0		176		10		264.8		760
50		48		42		9		0		205		10		727.55		1710
51		59		16		7		0		189		10		562.96		1142
52		5		47		7		0		187		10		666.79		1793
53		25		34		9		0		209		10		985.75		2160
54		58		25		7		0		194		10		742.07		1890
55		14		75		9		0		174		10		794.51		1977
56		13		52		5		38		70		10		593.27		1396
57		31		28		5		0		211		10		574.13		1411
58		47		14		8		94		122		10		771.53		1697
59		50		67		4		0		184		10		308.92		822
60		3		6		5		80		102		10		449.95		1207

ITEMS
Type		Length		Width		Height		Mass		Fragility	LoadBearingStrength
Bt1		10		2		6		50.28		0		19.4359335
Bt2		13		2		7		72.95		0		26.7550389
Bt3		17		2		7		92.86		1		3.4575820
Bt4		6		3		7		84.34		0		19.2049710
Bt5		10		6		6		104.88		0		21.6912262
Bt6		17		5		5		171.56		0		6.9878711
Bt7		8		2		8		75.27		0		25.3432506
Bt8		8		4		5		83.87		0		24.8012877
Bt9		7		4		3		119.86		1		8.4848105
Bt10		16		5		3		76.05		0		11.1955419

DEMANDS PER CUSTOMER
i	Type Quantity
1	Bt2 2	Bt6 1	Bt8 1	Bt9 2	Bt10 1	
2	Bt5 4	Bt6 1	Bt7 1	Bt9 2	Bt10 1	
3	Bt2 2	Bt3 1	Bt6 1	Bt7 1	Bt10 2	
4	Bt2 1	Bt3 1	Bt4 1	Bt7 1	Bt9 1	
5	Bt1 1	Bt4 2	Bt5 2	Bt6 1	Bt7 1	Bt8 1	
6	Bt2 1	Bt4 1	Bt7 2	Bt9 1	
7	Bt3 1	Bt5 1	Bt9 1	Bt10 2	
8	Bt1 1	Bt2 1	Bt6 4	Bt8 1	
9	Bt4 1	Bt9 1	Bt10 1	
10	Bt2 2	Bt3 1	Bt7 1	
11	Bt1 1	Bt2 1	Bt3 1	Bt4 2	Bt9 2	Bt10 2	
12	Bt1 1	Bt3 2	Bt6 2	Bt7 1	Bt8 1	Bt9 1	Bt10 1	
13	Bt2 1	Bt4 1	Bt6 2	Bt7 1	Bt8 1	
14	Bt3 1	Bt4 1	Bt6 1	Bt9 1	Bt10 1	
15	Bt1 1	Bt4 3	Bt7 1	Bt8 1	
16	Bt1 1	Bt2 1	Bt6 1	Bt8 1	Bt9 1	
17	Bt1 1	Bt2 2	Bt4 1	Bt5 1	Bt6 1	Bt7 1	Bt8 1	Bt10 1	
18	Bt1 1	Bt2 2	Bt5 1	Bt7 1	Bt10 1	
19	Bt1 1	Bt5 1	Bt6 1	Bt7 1	Bt8 1	Bt10 3	
20	Bt1 2	Bt3 2	Bt4 2	Bt7 1	Bt10 1	
21	Bt3 5	Bt4 1	Bt8 1	Bt9 1	Bt10 1	
22	Bt1 1	Bt2 1	Bt6 1	Bt9 1	Bt10 1	
23	Bt3 1	Bt4 2	Bt6 2	Bt8 2	Bt9 1	
24	Bt3 1	Bt7 1	Bt8 2	Bt10 3	
25	Bt2 1	Bt3 1	Bt5 2	Bt6 1	Bt9 1	
26	Bt3 1	Bt5 3	Bt8 1	Bt9 1	Bt10 1	
27	Bt3 2	Bt6 1	Bt7 1	Bt10 1	
28	Bt1 2	Bt2 2	Bt3 1	Bt4 1	Bt5 1	Bt6 1	Bt7 1	
29	Bt3 1	Bt4 2	Bt5 4	Bt6 2	
30	Bt1 2	Bt3 1	Bt7 1	
31	Bt1 1	Bt2 1	Bt8 1	Bt10 1	
32	Bt2 1	Bt4 1	Bt5 1	Bt7 1	Bt9 2	Bt10 3	
33	Bt2 1	Bt3 1	Bt7 2	Bt8 1	
34	Bt1 1	Bt4 1	Bt5 1	Bt6 1	Bt8 2	Bt9 2	Bt10 1	
35	Bt2 1	Bt3 1	Bt4 2	Bt6 2	Bt7 1	Bt10 1	
36	Bt3 1	Bt4 1	Bt6 4	Bt7 1	Bt9 1	
37	Bt1 2	Bt5 1	Bt7 2	Bt8 1	Bt10 1	
38	Bt1 2	Bt3 1	Bt6 1	Bt7 2	Bt9 1	
39	Bt1 1	Bt2 1	Bt5 3	Bt7 1	Bt9 1	
40	Bt1 1	Bt2 1	Bt5 2	Bt8 1	Bt10 1	
41	Bt4 1	Bt7 2	Bt8 1	Bt10 1	
42	Bt2 1	Bt3 1	Bt4 2	Bt5 1	Bt7 1	Bt8 2	Bt9 1	
43	Bt1 1	Bt5 1	Bt7 1	Bt8 2	Bt10 1	
44	Bt2 1	Bt3 2	Bt5 1	Bt6 2	Bt7 1	Bt9 1	Bt10 1	
45	Bt2 1	Bt3 1	Bt6 1	Bt8 1	Bt10 1	
46	Bt4 1	Bt6 3	Bt9 2	
47	Bt2 1	Bt3 1	Bt8 1	Bt9 1	
48	Bt2 1	Bt3 1	Bt5 2	Bt6 1	Bt8 2	Bt10 1	
49	Bt5 1	Bt8 1	Bt10 1	
50	Bt1 2	Bt2 1	Bt3 1	Bt4 1	Bt5 1	Bt9 1	Bt10 2	
51	Bt1 2	Bt2 1	Bt3 2	Bt8 1	Bt9 1	
52	Bt1 1	Bt5 2	Bt6 1	Bt7 1	Bt8 1	Bt10 1	
53	Bt2 1	Bt3 1	Bt4 1	Bt5 1	Bt6 2	Bt8 2	Bt9 1	
54	Bt1 1	Bt5 1	Bt6 2	Bt8 2	Bt10 1	
55	Bt2 3	Bt3 1	Bt6 1	Bt7 1	Bt8 1	Bt10 2	
56	Bt2 1	Bt3 1	Bt4 1	Bt6 2	
57	Bt2 1	Bt5 2	Bt6 1	Bt9 1	
58	Bt1 1	Bt2 1	Bt3 1	Bt5 1	Bt6 1	Bt7 1	Bt8 1	Bt9 1	
59	Bt2 1	Bt8 1	Bt10 2	
60	Bt1 2	Bt2 1	Bt5 1	Bt6 1	