Name				424_n060_m400_bt3
Number_of_Customers		60
Number_of_Items			400
Number_of_ItemTypes		3
Number_of_Vehicles		51
TimeWindows			1

VEHICLE
Mass_Capacity			12595
CargoSpace_Length		60
CargoSpace_Width		25
CargoSpace_Height		30
Wheelbase			48
Max_Mass_FrontAxle		7100
Max_Mass_RearAxle		11500
Distance_FrontAxle_CargoSpace	4

CUSTOMERS
i		x		y		Demand		ReadyTime	DueDate		ServiceTime	DemandedMass	DemandedVolume
0		35		35		0		0		1000		0		0		0
1		2		51		5		0		953		10		4106.25		13920
2		19		70		9		0		951		10		5058.59		22976
3		10		20		7		747		959		10		5759.47		17968
4		32		22		5		0		976		10		2244.41		11648
5		38		80		6		585		827		10		4540.51		16104
6		8		72		8		0		944		10		6266.84		20880
7		50		29		6		171		357		10		4394.29		14648
8		50		48		9		0		970		10		5916.4		23384
9		39		36		9		0		985		10		5989.51		24112
10		58		28		7		0		965		10		4190.07		18608
11		66		57		4		0		951		10		2814.18		11328
12		45		18		5		0		970		10		4817.84		12872
13		55		73		7		0		947		10		5832.58		18696
14		44		57		8		0		966		10		4697.44		21520
15		32		12		7		0		966		10		6617.28		18376
16		66		31		7		0		958		10		4901.66		17560
17		64		74		5		0		941		10		3248.44		13512
18		33		79		5		0		945		10		3960.03		12464
19		43		8		7		0		961		10		6617.28		18376
20		0		56		5		0		949		10		3960.03		12464
21		53		29		6		0		971		10		5252.1		15056
22		43		27		9		0		978		10		6774.21		23792
23		35		23		4		0		209		10		3452.66		9552
24		60		63		4		0		952		10		2594.85		9144
25		55		57		8		543		787		10		4478.11		19336
26		5		62		5		0		949		10		4033.14		13192
27		70		19		4		0		951		10		3525.77		10280
28		56		41		6		0		968		10		4540.51		16104
29		54		24		8		0		968		10		6266.84		20880
30		24		7		8		426		674		10		7124.65		21288
31		68		39		9		0		956		10		6627.99		22336
32		6		20		5		0		180		10		4033.14		13192
33		50		5		5		0		242		10		3321.55		14240
34		19		22		7		701		923		10		5905.69		19424
35		2		46		8		0		955		10		5409.03		20472
36		23		70		8		0		953		10		7124.65		21288
37		8		50		8		0		959		10		4478.11		19336
38		25		0		5		0		953		10		3960.03		12464
39		23		46		5		0		973		10		3960.03		12464
40		4		23		9		0		956		10		6701.1		23064
41		40		25		7		0		978		10		5686.36		17240
42		56		69		5		0		950		10		3321.55		14240
43		65		5		8		0		947		10		6266.84		20880
44		11		4		9		0		950		10		5989.51		24112
45		13		53		6		539		751		10		4467.4		15376
46		1		26		8		690		918		10		7124.65		21288
47		42		79		7		0		945		10		4974.77		18288
48		1		12		6		0		948		10		4540.51		16104
49		5		15		4		0		953		10		2814.18		11328
50		47		71		5		0		952		10		4817.84		12872
51		40		49		5		0		975		10		4744.73		12144
52		15		70		5		0		949		10		3248.44		13512
53		9		76		7		385		655		10		5686.36		17240
54		5		45		9		0		958		10		5204.81		24432
55		13		77		9		0		942		10		4985.48		22248
56		31		76		9		0		948		10		5916.4		23384
57		60		52		6		684		864		10		3536.48		14240
58		18		56		6		137		371		10		5325.21		15784
59		11		45		8		135		361		10		5409.03		20472
60		9		7		9		0		951		10		5843.29		22656

ITEMS
Type		Length		Width		Height		Mass		Fragility	LoadBearingStrength
Bt1		14		12		13		434.26		1		8.8618254
Bt2		32		7		13		507.37		0		14.4746920
Bt3		27		8		12		1292.07		0		29.8859438

DEMANDS PER CUSTOMER
i	Type Quantity
1	Bt2 3	Bt3 2	
2	Bt1 4	Bt2 4	Bt3 1	
3	Bt1 2	Bt2 2	Bt3 3	
4	Bt1 4	Bt2 1	
5	Bt1 1	Bt2 3	Bt3 2	
6	Bt1 2	Bt2 3	Bt3 3	
7	Bt1 3	Bt2 1	Bt3 2	
8	Bt1 3	Bt2 4	Bt3 2	
9	Bt1 2	Bt2 5	Bt3 2	
10	Bt1 2	Bt2 4	Bt3 1	
11	Bt2 3	Bt3 1	
12	Bt1 1	Bt2 1	Bt3 3	
13	Bt1 1	Bt2 3	Bt3 3	
14	Bt1 2	Bt2 5	Bt3 1	
15	Bt1 1	Bt2 2	Bt3 4	
16	Bt1 3	Bt2 2	Bt3 2	
17	Bt1 1	Bt2 3	Bt3 1	
18	Bt1 2	Bt2 1	Bt3 2	
19	Bt1 1	Bt2 2	Bt3 4	
20	Bt1 2	Bt2 1	Bt3 2	
21	Bt1 2	Bt2 1	Bt3 3	
22	Bt1 2	Bt2 4	Bt3 3	
23	Bt1 2	Bt3 2	
24	Bt1 3	Bt3 1	
25	Bt1 5	Bt2 2	Bt3 1	
26	Bt1 1	Bt2 2	Bt3 2	
27	Bt1 1	Bt2 1	Bt3 2	
28	Bt1 1	Bt2 3	Bt3 2	
29	Bt1 2	Bt2 3	Bt3 3	
30	Bt1 1	Bt2 3	Bt3 4	
31	Bt1 4	Bt2 2	Bt3 3	
32	Bt1 1	Bt2 2	Bt3 2	
33	Bt2 4	Bt3 1	
34	Bt2 4	Bt3 3	
35	Bt1 3	Bt2 3	Bt3 2	
36	Bt1 1	Bt2 3	Bt3 4	
37	Bt1 5	Bt2 2	Bt3 1	
38	Bt1 2	Bt2 1	Bt3 2	
39	Bt1 2	Bt2 1	Bt3 2	
40	Bt1 3	Bt2 3	Bt3 3	
41	Bt1 3	Bt2 1	Bt3 3	
42	Bt2 4	Bt3 1	
43	Bt1 2	Bt2 3	Bt3 3	
44	Bt1 2	Bt2 5	Bt3 2	
45	Bt1 2	Bt2 2	Bt3 2	
46	Bt1 1	Bt2 3	Bt3 4	
47	Bt1 2	Bt2 3	Bt3 2	
48	Bt1 1	Bt2 3	Bt3 2	
49	Bt2 3	Bt3 1	
50	Bt1 1	Bt2 1	Bt3 3	
51	Bt1 2	Bt3 3	
52	Bt1 1	Bt2 3	Bt3 1	
53	Bt1 3	Bt2 1	Bt3 3	
54	Bt1 2	Bt2 6	Bt3 1	
55	Bt1 5	Bt2 3	Bt3 1	
56	Bt1 3	Bt2 4	Bt3 2	
57	Bt1 4	Bt2 1	Bt3 1	
58	Bt1 1	Bt2 2	Bt3 3	
59	Bt1 3	Bt2 3	Bt3 2	
60	Bt1 4	Bt2 3	Bt3 2	