Name				425_n060_m400_bt3
Number_of_Customers		60
Number_of_Items			400
Number_of_ItemTypes		3
Number_of_Vehicles		37
TimeWindows			1

VEHICLE
Mass_Capacity			12595
CargoSpace_Length		60
CargoSpace_Width		25
CargoSpace_Height		30
Wheelbase			48
Max_Mass_FrontAxle		7100
Max_Mass_RearAxle		11500
Distance_FrontAxle_CargoSpace	4

CUSTOMERS
i		x		y		Demand		ReadyTime	DueDate		ServiceTime	DemandedMass	DemandedVolume
0		35		35		0		0		1000		0		0		0
1		69		79		9		0		209		10		3318.23		21140
2		68		53		9		791		1000		10		2969.76		20390
3		18		70		6		339		527		10		2199.87		13330
4		19		76		5		84		324		10		1315.26		12020
5		49		35		8		0		167		10		2901.05		17520
6		55		37		5		199		431		10		1915.87		12760
7		9		6		6		144		384		10		2199.87		13330
8		8		38		9		740		962		10		2969.76		20390
9		47		46		7		614		886		10		2676.53		15420
10		38		10		7		773		1000		10		2016.44		16210
11		32		14		7		459		653		10		2580.2		14660
12		55		26		7		318		518		10		2424.39		15430
13		8		61		7		99		329		10		2364.91		16960
14		28		40		9		756		970		10		2969.76		20390
15		42		15		6		145		413		10		2392.53		14850
16		69		16		6		185		407		10		1888.25		14870
17		29		75		5		783		1000		10		1374.74		10490
18		29		49		7		0		257		10		2364.91		16960
19		20		40		8		0		204		10		3153.19		17510
20		19		58		6		86		398		10		2199.87		13330
21		15		76		4		359		559		10		1654.5		8370
22		58		69		9		248		504		10		2717.62		20400
23		9		45		9		646		918		10		2717.62		20400
24		35		40		8		0		190		10		2685.76		19820
25		34		46		9		473		737		10		3318.23		21140
26		58		6		5		668		932		10		1626.88		10480
27		33		10		6		811		995		10		2452.01		13320
28		36		64		5		153		373		10		1975.35		11230
29		56		78		6		68		316		10		1888.25		14870
30		53		71		5		580		828		10		1218.93		11260
31		38		16		7		444		718		10		2172.25		15440
32		56		54		9		785		1000		10		2910.28		21920
33		27		3		7		310		588		10		2424.39		15430
34		26		25		5		490		708		10		2071.68		11990
35		20		29		6		0		148		10		1636.11		14880
36		63		29		6		434		672		10		1888.25		14870
37		70		37		5		264		490		10		1411.59		12780
38		57		9		6		432		720		10		1947.73		13340
39		66		79		5		487		757		10		1819.54		12000
40		23		15		7		196		458		10		2112.77		16970
41		35		7		5		292		520		10		1315.26		12020
42		23		25		7		689		919		10		2328.06		14670
43		41		69		4		779		1000		10		1090.74		9920
44		69		65		6		756		1000		10		2452.01		13320
45		64		22		8		531		813		10		2782.09		20580
46		67		58		8		529		755		10		2745.24		18290
47		5		18		8		661		937		10		2937.9		19810
48		64		75		6		75		345		10		2140.39		14860
49		55		31		4		551		757		10		1187.07		10680
50		62		26		7		559		821		10		2053.29		18500
51		2		24		7		619		849		10		2112.77		16970
52		46		11		6		500		766		10		2140.39		14860
53		11		21		8		621		861		10		2745.24		18290
54		59		16		8		0		196		10		2337.29		19070
55		21		53		5		333		565		10		1975.35		11230
56		36		30		7		877		1000		10		2268.58		16200
57		0		44		4		314		576		10		1342.88		9910
58		52		75		9		50		264		10		3726.18		20360
59		20		36		6		519		745		10		1636.11		14880
60		62		36		9		264		474		10		3066.09		21150

ITEMS
Type		Length		Width		Height		Mass		Fragility	LoadBearingStrength
Bt1		22		13		10		320.85		0		2.2681767
Bt2		35		6		10		224.52		1		8.3564512
Bt3		19		11		10		476.66		0		27.8582925

DEMANDS PER CUSTOMER
i	Type Quantity
1	Bt1 3	Bt2 2	Bt3 4	
2	Bt1 2	Bt2 4	Bt3 3	
3	Bt1 1	Bt2 2	Bt3 3	
4	Bt1 2	Bt2 3	
5	Bt1 1	Bt2 3	Bt3 4	
6	Bt1 3	Bt3 2	
7	Bt1 1	Bt2 2	Bt3 3	
8	Bt1 2	Bt2 4	Bt3 3	
9	Bt1 1	Bt2 2	Bt3 4	
10	Bt1 2	Bt2 4	Bt3 1	
11	Bt2 3	Bt3 4	
12	Bt1 1	Bt2 3	Bt3 3	
13	Bt1 3	Bt2 2	Bt3 2	
14	Bt1 2	Bt2 4	Bt3 3	
15	Bt1 3	Bt3 3	
16	Bt1 3	Bt2 2	Bt3 1	
17	Bt2 4	Bt3 1	
18	Bt1 3	Bt2 2	Bt3 2	
19	Bt1 1	Bt2 2	Bt3 5	
20	Bt1 1	Bt2 2	Bt3 3	
21	Bt2 1	Bt3 3	
22	Bt1 2	Bt2 5	Bt3 2	
23	Bt1 2	Bt2 5	Bt3 2	
24	Bt1 4	Bt2 2	Bt3 2	
25	Bt1 3	Bt2 2	Bt3 4	
26	Bt2 3	Bt3 2	
27	Bt1 1	Bt2 1	Bt3 4	
28	Bt1 1	Bt2 1	Bt3 3	
29	Bt1 3	Bt2 2	Bt3 1	
30	Bt1 1	Bt2 4	
31	Bt1 1	Bt2 4	Bt3 2	
32	Bt1 4	Bt2 3	Bt3 2	
33	Bt1 1	Bt2 3	Bt3 3	
34	Bt1 2	Bt3 3	
35	Bt1 3	Bt2 3	
36	Bt1 3	Bt2 2	Bt3 1	
37	Bt1 3	Bt2 2	
38	Bt1 1	Bt2 3	Bt3 2	
39	Bt1 2	Bt2 1	Bt3 2	
40	Bt1 3	Bt2 3	Bt3 1	
41	Bt1 2	Bt2 3	
42	Bt2 4	Bt3 3	
43	Bt1 2	Bt2 2	
44	Bt1 1	Bt2 1	Bt3 4	
45	Bt1 5	Bt2 1	Bt3 2	
46	Bt1 2	Bt2 3	Bt3 3	
47	Bt1 4	Bt2 1	Bt3 3	
48	Bt1 3	Bt2 1	Bt3 2	
49	Bt1 3	Bt2 1	
50	Bt1 5	Bt2 2	
51	Bt1 3	Bt2 3	Bt3 1	
52	Bt1 3	Bt2 1	Bt3 2	
53	Bt1 2	Bt2 3	Bt3 3	
54	Bt1 3	Bt2 4	Bt3 1	
55	Bt1 1	Bt2 1	Bt3 3	
56	Bt1 2	Bt2 3	Bt3 2	
57	Bt1 2	Bt2 1	Bt3 1	
58	Bt1 2	Bt2 1	Bt3 6	
59	Bt1 3	Bt2 3	
60	Bt1 3	Bt2 3	Bt3 3	