Name				426_n060_m400_bt10
Number_of_Customers		60
Number_of_Items			400
Number_of_ItemTypes		10
Number_of_Vehicles		47
TimeWindows			1

VEHICLE
Mass_Capacity			12595
CargoSpace_Length		60
CargoSpace_Width		25
CargoSpace_Height		30
Wheelbase			48
Max_Mass_FrontAxle		7100
Max_Mass_RearAxle		11500
Distance_FrontAxle_CargoSpace	4

CUSTOMERS
i		x		y		Demand		ReadyTime	DueDate		ServiceTime	DemandedMass	DemandedVolume
0		35		35		0		0		1000		0		0		0
1		66		37		6		249		515		10		1693.62		12204
2		34		47		4		0		224		10		1334.52		10544
3		57		23		8		0		234		10		2410.62		18392
4		21		44		4		301		523		10		1585.38		10948
5		16		79		9		662		922		10		2847.04		19334
6		26		19		8		715		969		10		2721.93		20526
7		46		38		9		760		980		10		2824.49		21356
8		25		69		7		265		483		10		2333.3		17452
9		35		20		9		499		767		10		2813.49		20058
10		24		61		5		619		795		10		1454.53		12058
11		28		66		8		585		839		10		2585.86		20616
12		36		15		9		829		1000		10		2996.02		22206
13		52		22		4		0		243		10		1747.08		11388
14		34		51		7		641		877		10		1990.85		14238
15		61		20		5		424		698		10		1353.78		10122
16		64		22		5		0		211		10		1594.73		9518
17		23		55		9		841		1000		10		2518.55		19424
18		7		23		6		0		166		10		1763.45		14240
19		45		12		8		780		1000		10		2128.75		15228
20		22		17		8		403		573		10		2239.01		17178
21		5		14		6		513		699		10		2170.44		16552
22		68		73		6		126		386		10		1442.53		9542
23		1		26		7		802		988		10		2125.04		16252
24		7		50		6		82		336		10		1436.51		11140
25		32		60		6		691		925		10		2031.56		13716
26		54		51		8		80		348		10		3069.45		20154
27		41		74		6		476		724		10		2384		13610
28		59		1		6		772		1000		10		1613.26		10064
29		22		48		7		139		377		10		2177.28		17022
30		9		6		8		728		960		10		2375.52		18264
31		36		43		7		741		971		10		2331.18		16190
32		23		38		5		338		604		10		1999.25		13912
33		48		78		9		670		902		10		2659.33		19294
34		20		77		8		0		218		10		2606.7		20588
35		62		36		4		287		539		10		1116.77		7560
36		62		13		6		616		832		10		1909.35		14560
37		18		64		9		375		599		10		2277.31		17318
38		11		36		8		283		619		10		2482.65		18720
39		63		9		5		0		217		10		1575.82		10814
40		0		13		4		34		328		10		558.04		3956
41		18		28		6		364		544		10		1664.14		12980
42		13		3		5		760		1000		10		1108.18		8208
43		61		5		7		308		580		10		2167.41		16430
44		13		61		4		727		945		10		1515.36		12180
45		56		45		5		680		916		10		1613.87		10714
46		8		43		7		701		953		10		1827.28		14166
47		27		76		6		741		1000		10		2158.71		16294
48		69		24		9		591		851		10		2522.83		18634
49		50		42		5		479		645		10		1332.05		10228
50		27		38		9		299		527		10		2785.8		20634
51		3		43		6		757		1000		10		1469.89		11000
52		23		74		9		490		732		10		2514.61		18372
53		19		33		6		604		830		10		2347.46		15336
54		27		1		5		332		542		10		1510.74		9416
55		56		35		9		0		221		10		1985.02		12480
56		4		2		7		448		674		10		2425.24		15376
57		56		39		7		745		967		10		1986.81		14898
58		43		29		5		532		808		10		1474.38		10028
59		42		64		7		301		549		10		2393.45		15628
60		48		52		7		837		1000		10		1907.13		13762

ITEMS
Type		Length		Width		Height		Mass		Fragility	LoadBearingStrength
Bt1		30		5		6		162.86		1		2.2086890
Bt2		32		12		10		728.93		1		15.0788222
Bt3		25		7		14		326.33		0		27.9955088
Bt4		30		12		10		417.77		0		22.1159028
Bt5		34		7		14		400.36		0		14.4445046
Bt6		19		12		13		413.87		0		21.4796941
Bt7		12		9		6		102.52		0		20.9250349
Bt8		24		6		14		265.95		0		15.0517009
Bt9		32		5		11		190.14		0		7.4849271
Bt10		23		7		12		334.43		0		7.8262639

DEMANDS PER CUSTOMER
i	Type Quantity
1	Bt3 2	Bt6 1	Bt7 1	Bt9 1	Bt10 1	
2	Bt4 1	Bt5 1	Bt6 1	Bt7 1	
3	Bt3 2	Bt4 1	Bt5 2	Bt7 2	Bt10 1	
4	Bt2 1	Bt5 1	Bt8 1	Bt9 1	
5	Bt1 2	Bt2 1	Bt3 1	Bt4 1	Bt6 1	Bt7 1	Bt8 2	
6	Bt1 1	Bt3 1	Bt4 1	Bt5 2	Bt6 1	Bt8 1	Bt10 1	
7	Bt3 2	Bt4 1	Bt5 2	Bt6 1	Bt7 2	Bt10 1	
8	Bt1 1	Bt4 1	Bt5 1	Bt6 2	Bt9 1	Bt10 1	
9	Bt1 1	Bt3 1	Bt4 1	Bt5 2	Bt7 1	Bt10 3	
10	Bt3 1	Bt4 2	Bt7 1	Bt9 1	
11	Bt3 2	Bt4 1	Bt5 2	Bt9 2	Bt10 1	
12	Bt3 1	Bt4 1	Bt5 2	Bt6 1	Bt7 1	Bt8 1	Bt10 2	
13	Bt2 1	Bt4 1	Bt8 1	Bt10 1	
14	Bt1 2	Bt3 1	Bt5 1	Bt6 1	Bt9 1	Bt10 1	
15	Bt3 1	Bt5 1	Bt7 1	Bt9 1	Bt10 1	
16	Bt2 1	Bt3 1	Bt7 2	Bt10 1	
17	Bt1 2	Bt3 2	Bt4 1	Bt5 1	Bt8 2	Bt9 1	
18	Bt3 2	Bt4 1	Bt5 1	Bt7 1	Bt9 1	
19	Bt1 1	Bt5 1	Bt6 1	Bt7 1	Bt9 2	Bt10 2	
20	Bt1 2	Bt3 1	Bt4 1	Bt5 2	Bt7 1	Bt8 1	
21	Bt4 1	Bt5 1	Bt6 2	Bt9 1	Bt10 1	
22	Bt1 1	Bt3 1	Bt6 1	Bt7 2	Bt10 1	
23	Bt4 1	Bt5 1	Bt6 1	Bt7 1	Bt8 1	Bt9 1	Bt10 1	
24	Bt1 2	Bt4 1	Bt5 1	Bt7 1	Bt9 1	
25	Bt2 1	Bt4 1	Bt6 1	Bt7 2	Bt8 1	
26	Bt1 1	Bt2 2	Bt3 1	Bt5 1	Bt8 2	Bt9 1	
27	Bt1 1	Bt2 2	Bt3 1	Bt7 1	Bt10 1	
28	Bt1 2	Bt2 1	Bt7 1	Bt8 1	Bt9 1	
29	Bt1 1	Bt3 1	Bt4 1	Bt5 1	Bt6 1	Bt8 1	Bt9 1	
30	Bt1 1	Bt4 1	Bt5 1	Bt6 1	Bt8 1	Bt9 2	Bt10 1	
31	Bt1 1	Bt3 1	Bt6 3	Bt8 1	Bt10 1	
32	Bt2 1	Bt5 1	Bt6 1	Bt8 1	Bt9 1	
33	Bt1 2	Bt3 1	Bt4 2	Bt5 1	Bt7 1	Bt10 2	
34	Bt3 2	Bt4 1	Bt5 1	Bt6 1	Bt8 2	Bt9 1	
35	Bt6 1	Bt7 1	Bt8 1	Bt10 1	
36	Bt1 1	Bt5 2	Bt6 1	Bt8 2	
37	Bt1 1	Bt3 5	Bt7 1	Bt9 2	
38	Bt1 2	Bt4 1	Bt5 2	Bt6 1	Bt9 1	Bt10 1	
39	Bt1 1	Bt3 1	Bt4 1	Bt10 2	
40	Bt1 1	Bt7 2	Bt9 1	
41	Bt1 2	Bt4 2	Bt5 1	Bt7 1	
42	Bt1 1	Bt3 2	Bt7 1	Bt9 1	
43	Bt1 2	Bt3 1	Bt4 2	Bt6 1	Bt8 1	
44	Bt4 2	Bt6 1	Bt8 1	
45	Bt2 1	Bt3 1	Bt7 1	Bt8 1	Bt9 1	
46	Bt3 1	Bt4 1	Bt7 1	Bt8 1	Bt9 2	Bt10 1	
47	Bt3 1	Bt4 1	Bt5 1	Bt6 1	Bt8 1	Bt10 1	
48	Bt3 3	Bt5 1	Bt6 1	Bt7 2	Bt9 1	Bt10 1	
49	Bt1 1	Bt5 2	Bt7 1	Bt8 1	
50	Bt3 1	Bt4 1	Bt5 1	Bt6 1	Bt7 1	Bt8 1	Bt9 1	Bt10 2	
51	Bt3 2	Bt7 1	Bt9 2	Bt10 1	
52	Bt1 1	Bt3 2	Bt5 1	Bt6 2	Bt7 2	Bt8 1	
53	Bt2 1	Bt4 1	Bt8 2	Bt10 2	
54	Bt1 2	Bt2 1	Bt8 1	Bt9 1	
55	Bt1 2	Bt2 1	Bt4 1	Bt7 5	
56	Bt2 1	Bt5 1	Bt7 1	Bt9 1	Bt10 3	
57	Bt3 1	Bt6 1	Bt8 2	Bt9 2	Bt10 1	
58	Bt1 2	Bt5 1	Bt6 1	Bt10 1	
59	Bt1 2	Bt2 1	Bt5 1	Bt6 1	Bt9 1	Bt10 1	
60	Bt1 2	Bt3 1	Bt4 1	Bt5 1	Bt7 1	Bt10 1	