Name				430_n060_m400_bt10
Number_of_Customers		60
Number_of_Items			400
Number_of_ItemTypes		10
Number_of_Vehicles		44
TimeWindows			1

VEHICLE
Mass_Capacity			12595
CargoSpace_Length		60
CargoSpace_Width		25
CargoSpace_Height		30
Wheelbase			48
Max_Mass_FrontAxle		7100
Max_Mass_RearAxle		11500
Distance_FrontAxle_CargoSpace	4

CUSTOMERS
i		x		y		Demand		ReadyTime	DueDate		ServiceTime	DemandedMass	DemandedVolume
0		35		35		0		0		1000		0		0		0
1		36		66		3		0		958		10		1760.26		5040
2		15		34		8		0		969		10		2581.92		13810
3		44		10		5		174		442		10		1560.98		11200
4		31		9		8		0		963		10		2932.7		15610
5		40		33		6		99		341		10		2084.02		14186
6		66		12		6		0		951		10		2111.52		9988
7		64		5		5		398		708		10		2197.86		9326
8		56		75		7		0		944		10		1795.24		13354
9		58		20		8		0		962		10		3508.65		11720
10		42		50		9		0		973		10		2435.3		16142
11		31		32		7		0		985		10		3187.89		13914
12		65		79		5		0		936		10		2500.3		11350
13		53		22		8		251		533		10		2141.34		14486
14		11		11		5		0		956		10		3005.2		7466
15		33		63		7		808		1000		10		2082.44		14544
16		26		21		9		0		973		10		2185.02		16146
17		17		4		6		0		954		10		2056.17		9174
18		22		46		6		358		624		10		1296.37		10744
19		4		15		4		0		953		10		1603.96		11808
20		20		70		9		0		951		10		4109.22		16446
21		57		53		9		0		961		10		3227.21		21362
22		44		79		7		0		945		10		3337.18		11742
23		46		35		9		0		979		10		2746.81		17494
24		17		44		8		0		969		10		2785.51		18674
25		22		73		5		267		473		10		2779.39		12644
26		44		72		9		0		951		10		3911.51		13728
27		33		49		9		0		975		10		2531.59		18528
28		16		15		8		0		962		10		2067.7		15862
29		70		13		5		0		948		10		1874.78		7554
30		69		51		8		0		153		10		3080.39		15470
31		49		0		4		0		952		10		949.33		7922
32		33		5		4		628		918		10		1084.57		7446
33		55		61		7		0		957		10		1517.72		11676
34		43		19		8		0		972		10		3178.71		10654
35		5		51		7		0		956		10		2424.75		11714
36		11		7		7		0		953		10		2324.6		11564
37		15		9		5		0		957		10		2190.05		8222
38		46		54		7		0		968		10		2707.02		13030
39		48		5		8		0		155		10		2479.33		16914
40		14		20		4		0		964		10		1290.63		9324
41		41		12		7		0		966		10		2777.92		15474
42		9		63		9		86		332		10		4933.22		14340
43		47		77		4		0		946		10		1197.84		7958
44		64		44		7		0		959		10		1792.51		13962
45		70		75		6		0		936		10		3757.15		13282
46		17		63		8		0		956		10		3616.38		12268
47		58		48		6		0		963		10		4160.41		15482
48		59		13		7		362		578		10		3420.83		12740
49		60		38		4		0		964		10		882.57		7290
50		22		25		6		0		973		10		2083.49		16064
51		38		49		7		654		902		10		3684.14		12366
52		13		65		8		0		952		10		2443.22		12480
53		33		69		6		0		955		10		3252.78		15288
54		61		26		7		0		962		10		2446.19		12604
55		36		29		9		0		983		10		1870.86		15058
56		13		45		6		0		965		10		2325.97		13720
57		69		71		8		0		940		10		2242.25		15394
58		20		28		7		0		973		10		4595.03		6928
59		31		21		5		7		265		10		2416.65		10352
60		38		58		4		825		1000		10		1239.26		8504

ITEMS
Type		Length		Width		Height		Mass		Fragility	LoadBearingStrength
Bt1		13		7		12		173.07		0		5.6190166
Bt2		30		12		7		516.13		0		9.0425030
Bt3		19		11		10		256.72		0		7.5591191
Bt4		35		10		7		339.47		0		4.3307269
Bt5		24		12		6		243.60		0		4.1484949
Bt6		21		6		13		214.49		0		3.2382873
Bt7		33		13		10		659.98		1		2.5094551
Bt8		17		14		11		265.04		0		6.0982254
Bt9		19		8		8		130.33		0		10.9576372
Bt10		14		9		7		1029.64		1		18.2026063

DEMANDS PER CUSTOMER
i	Type Quantity
1	Bt2 1	Bt6 1	Bt10 1	
2	Bt3 2	Bt6 3	Bt8 1	Bt9 1	Bt10 1	
3	Bt1 1	Bt3 2	Bt6 1	Bt7 1	
4	Bt2 1	Bt3 1	Bt4 1	Bt8 2	Bt9 2	Bt10 1	
5	Bt1 1	Bt2 1	Bt4 1	Bt7 1	Bt8 1	Bt9 1	
6	Bt1 1	Bt3 2	Bt8 1	Bt9 1	Bt10 1	
7	Bt2 1	Bt3 1	Bt8 1	Bt9 1	Bt10 1	
8	Bt1 2	Bt3 3	Bt4 2	
9	Bt2 1	Bt5 1	Bt6 2	Bt9 2	Bt10 2	
10	Bt2 2	Bt4 1	Bt5 1	Bt6 2	Bt9 3	
11	Bt2 3	Bt6 1	Bt8 1	Bt9 1	Bt10 1	
12	Bt3 1	Bt4 1	Bt6 1	Bt7 1	Bt10 1	
13	Bt1 2	Bt2 1	Bt4 3	Bt9 2	
14	Bt1 1	Bt2 1	Bt3 1	Bt10 2	
15	Bt2 1	Bt3 2	Bt4 2	Bt5 1	Bt9 1	
16	Bt1 1	Bt2 1	Bt3 1	Bt4 1	Bt5 1	Bt8 1	Bt9 3	
17	Bt1 1	Bt5 1	Bt6 1	Bt8 1	Bt9 1	Bt10 1	
18	Bt1 1	Bt3 2	Bt6 1	Bt8 1	Bt9 1	
19	Bt4 2	Bt7 1	Bt8 1	
20	Bt2 1	Bt3 1	Bt4 1	Bt5 1	Bt6 2	Bt8 1	Bt10 2	
21	Bt2 3	Bt4 3	Bt8 2	Bt9 1	
22	Bt1 1	Bt3 1	Bt4 1	Bt5 1	Bt8 1	Bt10 2	
23	Bt1 1	Bt2 2	Bt3 1	Bt4 1	Bt5 3	Bt6 1	
24	Bt2 2	Bt4 4	Bt8 1	Bt9 1	
25	Bt1 1	Bt3 1	Bt7 2	Bt10 1	
26	Bt2 2	Bt6 2	Bt9 3	Bt10 2	
27	Bt1 1	Bt3 2	Bt4 4	Bt5 2	
28	Bt1 3	Bt4 3	Bt8 2	
29	Bt3 1	Bt5 1	Bt6 1	Bt9 1	Bt10 1	
30	Bt1 1	Bt2 1	Bt3 2	Bt4 1	Bt5 1	Bt8 1	Bt10 1	
31	Bt4 1	Bt6 1	Bt8 1	Bt9 1	
32	Bt1 1	Bt2 1	Bt8 1	Bt9 1	
33	Bt3 1	Bt5 2	Bt6 3	Bt9 1	
34	Bt1 1	Bt3 1	Bt6 2	Bt9 2	Bt10 2	
35	Bt1 1	Bt4 1	Bt5 2	Bt8 1	Bt9 1	Bt10 1	
36	Bt1 1	Bt3 1	Bt4 1	Bt8 1	Bt9 2	Bt10 1	
37	Bt1 1	Bt2 1	Bt3 1	Bt6 1	Bt10 1	
38	Bt5 1	Bt6 3	Bt7 1	Bt9 1	Bt10 1	
39	Bt1 1	Bt2 2	Bt3 1	Bt5 2	Bt8 2	
40	Bt3 1	Bt5 1	Bt7 1	Bt9 1	
41	Bt2 4	Bt4 1	Bt5 1	Bt9 1	
42	Bt1 1	Bt2 2	Bt5 1	Bt8 1	Bt9 1	Bt10 3	
43	Bt1 1	Bt2 1	Bt5 1	Bt8 1	
44	Bt3 2	Bt4 3	Bt9 2	
45	Bt2 1	Bt3 1	Bt7 1	Bt8 1	Bt10 2	
46	Bt1 3	Bt2 1	Bt3 1	Bt8 1	Bt10 2	
47	Bt2 1	Bt7 2	Bt8 1	Bt10 2	
48	Bt3 2	Bt4 1	Bt5 1	Bt8 1	Bt10 2	
49	Bt5 2	Bt8 1	Bt9 1	
50	Bt4 2	Bt6 1	Bt7 1	Bt8 2	
51	Bt1 1	Bt2 1	Bt3 1	Bt4 2	Bt10 2	
52	Bt1 1	Bt3 1	Bt5 1	Bt6 1	Bt8 1	Bt9 2	Bt10 1	
53	Bt2 1	Bt3 1	Bt7 2	Bt9 1	Bt10 1	
54	Bt1 1	Bt4 1	Bt5 1	Bt8 2	Bt9 1	Bt10 1	
55	Bt5 2	Bt6 4	Bt8 1	Bt9 2	
56	Bt1 1	Bt2 3	Bt4 1	Bt8 1	
57	Bt2 2	Bt4 1	Bt6 1	Bt8 1	Bt9 3	
58	Bt1 2	Bt9 1	Bt10 4	
59	Bt1 1	Bt4 1	Bt6 1	Bt7 1	Bt10 1	
60	Bt2 1	Bt5 1	Bt6 1	Bt8 1	