Name				438_n060_m400_bt3
Number_of_Customers		60
Number_of_Items			400
Number_of_ItemTypes		3
Number_of_Vehicles		11
TimeWindows			1

VEHICLE
Mass_Capacity			12595
CargoSpace_Length		60
CargoSpace_Width		25
CargoSpace_Height		30
Wheelbase			48
Max_Mass_FrontAxle		7100
Max_Mass_RearAxle		11500
Distance_FrontAxle_CargoSpace	4

CUSTOMERS
i		x		y		Demand		ReadyTime	DueDate		ServiceTime	DemandedMass	DemandedVolume
0		35		35		0		0		1000		0		0		0
1		24		6		6		0		958		10		1027.4		1635
2		3		17		7		329		603		10		472.43		1161
3		44		60		7		690		964		10		1333.75		2081
4		21		72		7		0		950		10		1080.41		1770
5		64		13		5		448		700		10		569.07		1094
6		31		79		9		0		945		10		983.77		1837
7		56		53		9		330		544		10		1287.79		2256
8		24		39		7		0		978		10		1080.41		1770
9		28		28		9		0		980		10		1211.77		2094
10		14		21		8		0		964		10		1234.78		2121
11		61		5		7		639		877		10		903.09		1621
12		25		2		5		0		955		10		543.73		1040
13		14		53		4		482		734		10		896.04		1311
14		35		67		7		197		515		10		877.75		1567
15		56		39		5		778		1000		10		1177.05		1703
16		39		32		7		193		483		10		1105.75		1824
17		30		71		7		739		995		10		877.75		1567
18		63		79		7		0		937		10		1333.75		2081
19		23		31		8		474		678		10		930.76		1702
20		38		25		9		0		979		10		831.79		1742
21		60		54		4		450		652		10		718.72		1162
22		62		20		9		180		450		10		1161.09		1986
23		16		29		9		0		970		10		1439.77		2351
24		60		58		7		0		956		10		1131.09		1878
25		8		21		4		0		959		10		465.38		851
26		67		36		5		0		192		10		290.39		729
27		66		50		7		143		427		10		1105.75		1824
28		30		53		4		0		971		10		465.38		851
29		23		75		6		647		883		10		672.76		1337
30		47		21		6		0		203		10		1078.08		1743
31		27		36		5		0		981		10		518.39		986
32		70		76		9		0		936		10		1059.79		1999
33		29		11		3		296		558		10		184.37		459
34		42		5		9		835		1000		10		781.11		1634
35		5		55		9		0		953		10		1237.11		2148
36		64		42		6		0		960		10		1280.74		1946
37		23		9		7		0		961		10		649.75		1310
38		51		11		6		0		241		10		1255.4		1892
39		50		74		4		261		495		10		237.38		594
40		18		50		6		0		967		10		596.74		1175
41		28		16		5		0		241		10		771.73		1297
42		0		36		6		0		954		10		622.08		1229
43		39		17		6		584		840		10		647.42		1283
44		60		15		6		0		957		10		622.08		1229
45		3		79		4		578		838		10		490.72		905
46		55		26		7		0		968		10		675.09		1364
47		15		56		9		471		733		10		1439.77		2351
48		6		64		5		111		365		10		543.73		1040
49		70		60		6		0		946		10		850.08		1486
50		19		75		6		246		502		10		1027.4		1635
51		13		7		6		0		954		10		1052.74		1689
52		20		65		8		0		956		10		1184.1		2013
53		17		19		9		0		965		10		1237.11		2148
54		37		52		9		800		996		10		1237.11		2148
55		27		58		9		0		965		10		806.45		1688
56		2		10		7		0		948		10		877.75		1567
57		66		77		5		0		937		10		290.39		729
58		69		49		8		69		289		10		1133.42		1905
59		29		62		9		0		962		10		1414.43		2297
60		35		47		5		608		846		10		543.73		1040

ITEMS
Type		Length		Width		Height		Mass		Fragility	LoadBearingStrength
Bt1		9		3		7		78.35		0		5.8670809
Bt2		9		3		5		53.01		1		10.6444715
Bt3		14		4		7		281.01		0		44.9078800

DEMANDS PER CUSTOMER
i	Type Quantity
1	Bt1 1	Bt2 2	Bt3 3	
2	Bt1 4	Bt2 3	
3	Bt1 2	Bt2 1	Bt3 4	
4	Bt1 1	Bt2 3	Bt3 3	
5	Bt1 3	Bt2 1	Bt3 1	
6	Bt1 2	Bt2 5	Bt3 2	
7	Bt1 5	Bt2 1	Bt3 3	
8	Bt1 1	Bt2 3	Bt3 3	
9	Bt1 2	Bt2 4	Bt3 3	
10	Bt1 5	Bt3 3	
11	Bt1 3	Bt2 2	Bt3 2	
12	Bt1 2	Bt2 2	Bt3 1	
13	Bt2 1	Bt3 3	
14	Bt1 2	Bt2 3	Bt3 2	
15	Bt2 1	Bt3 4	
16	Bt1 2	Bt2 2	Bt3 3	
17	Bt1 2	Bt2 3	Bt3 2	
18	Bt1 2	Bt2 1	Bt3 4	
19	Bt1 2	Bt2 4	Bt3 2	
20	Bt1 5	Bt2 3	Bt3 1	
21	Bt1 2	Bt3 2	
22	Bt2 6	Bt3 3	
23	Bt1 2	Bt2 3	Bt3 4	
24	Bt1 3	Bt2 1	Bt3 3	
25	Bt1 1	Bt2 2	Bt3 1	
26	Bt1 1	Bt2 4	
27	Bt1 2	Bt2 2	Bt3 3	
28	Bt1 1	Bt2 2	Bt3 1	
29	Bt1 5	Bt3 1	
30	Bt1 3	Bt3 3	
31	Bt1 1	Bt2 3	Bt3 1	
32	Bt1 5	Bt2 2	Bt3 2	
33	Bt1 1	Bt2 2	
34	Bt1 3	Bt2 5	Bt3 1	
35	Bt1 3	Bt2 3	Bt3 3	
36	Bt1 2	Bt3 4	
37	Bt1 2	Bt2 4	Bt3 1	
38	Bt1 1	Bt2 1	Bt3 4	
39	Bt1 1	Bt2 3	
40	Bt1 2	Bt2 3	Bt3 1	
41	Bt1 2	Bt2 1	Bt3 2	
42	Bt1 3	Bt2 2	Bt3 1	
43	Bt1 4	Bt2 1	Bt3 1	
44	Bt1 3	Bt2 2	Bt3 1	
45	Bt1 2	Bt2 1	Bt3 1	
46	Bt1 3	Bt2 3	Bt3 1	
47	Bt1 2	Bt2 3	Bt3 4	
48	Bt1 2	Bt2 2	Bt3 1	
49	Bt1 3	Bt2 1	Bt3 2	
50	Bt1 1	Bt2 2	Bt3 3	
51	Bt1 2	Bt2 1	Bt3 3	
52	Bt1 3	Bt2 2	Bt3 3	
53	Bt1 3	Bt2 3	Bt3 3	
54	Bt1 3	Bt2 3	Bt3 3	
55	Bt1 4	Bt2 4	Bt3 1	
56	Bt1 2	Bt2 3	Bt3 2	
57	Bt1 1	Bt2 4	
58	Bt1 1	Bt2 4	Bt3 3	
59	Bt1 1	Bt2 4	Bt3 4	
60	Bt1 2	Bt2 2	Bt3 1	