Name				445_n060_m400_bt10
Number_of_Customers		60
Number_of_Items			400
Number_of_ItemTypes		10
Number_of_Vehicles		14
TimeWindows			1

VEHICLE
Mass_Capacity			12595
CargoSpace_Length		60
CargoSpace_Width		25
CargoSpace_Height		30
Wheelbase			48
Max_Mass_FrontAxle		7100
Max_Mass_RearAxle		11500
Distance_FrontAxle_CargoSpace	4

CUSTOMERS
i		x		y		Demand		ReadyTime	DueDate		ServiceTime	DemandedMass	DemandedVolume
0		35		35		0		0		1000		0		0		0
1		60		71		6		87		351		10		531.39		2391
2		5		76		9		471		687		10		674.99		2763
3		5		61		9		0		950		10		770.4		3081
4		29		72		4		158		406		10		474.65		1386
5		11		65		8		0		951		10		665.34		2286
6		0		69		5		0		941		10		367.59		1737
7		27		16		7		88		358		10		618.26		2211
8		21		67		9		337		615		10		714.86		2565
9		51		1		5		733		977		10		430.25		1689
10		64		18		4		0		956		10		221.54		738
11		8		41		9		0		214		10		604.2		2226
12		46		53		4		0		169		10		485.19		1530
13		30		62		6		417		585		10		399.93		1812
14		14		58		9		0		958		10		729.48		3162
15		16		78		6		168		412		10		345.74		1656
16		35		40		9		0		985		10		940.16		3537
17		7		31		9		0		961		10		658.24		2739
18		63		52		9		0		957		10		734.13		2607
19		32		27		9		0		981		10		554.7		2283
20		57		60		6		0		956		10		628.35		2409
21		61		27		9		0		962		10		978.04		3876
22		43		33		3		473		703		10		262.49		1173
23		47		66		5		615		871		10		623.65		2310
24		67		70		8		376		616		10		883.65		2808
25		30		67		8		0		957		10		860.84		3603
26		25		35		5		0		980		10		383.82		1428
27		26		38		5		757		983		10		359.09		1581
28		3		34		5		0		957		10		467.81		1860
29		65		61		4		111		361		10		332.35		1491
30		7		65		8		479		747		10		616.88		2634
31		70		39		9		0		954		10		872		3393
32		5		4		5		612		920		10		364.73		1440
33		2		62		8		7		239		10		893.42		3294
34		54		73		7		284		516		10		675.61		2985
35		11		40		5		0		965		10		469.16		1920
36		25		79		6		0		944		10		409.34		1578
37		34		67		9		80		356		10		771.56		2652
38		9		37		9		0		963		10		731.92		2985
39		66		54		9		543		815		10		718.99		2730
40		60		79		9		0		939		10		863.42		3126
41		62		22		7		701		917		10		725.63		3183
42		12		17		9		768		1000		10		633.48		3009
43		41		53		6		0		971		10		360.45		1692
44		48		29		5		0		975		10		528.16		1881
45		11		34		4		0		965		10		288.62		1368
46		12		24		5		255		515		10		415.06		1884
47		4		10		5		0		950		10		469.29		2046
48		68		44		7		0		955		10		505.46		2007
49		33		53		7		546		790		10		363.73		1458
50		39		77		5		0		947		10		276.19		1140
51		22		41		4		683		927		10		355.6		1284
52		48		45		8		0		973		10		732.95		2700
53		35		44		9		324		566		10		787.58		2892
54		60		6		4		0		951		10		174.82		534
55		10		58		6		0		956		10		619.65		1704
56		54		43		5		0		969		10		547.68		1872
57		21		11		8		0		962		10		642.87		2292
58		3		42		6		782		1000		10		561.24		2073
59		16		31		7		95		349		10		605.55		2562
60		16		28		5		476		756		10		398.05		1380

ITEMS
Type		Length		Width		Height		Mass		Fragility	LoadBearingStrength
Bt1		10		3		6		25.88		0		4.7630916
Bt2		15		6		5		77.24		0		7.4214749
Bt3		13		6		6		133.51		0		13.1006745
Bt4		15		5		7		103.10		0		6.0115923
Bt5		15		7		4		144.40		0		4.3903419
Bt6		8		4		3		23.36		1		7.5425582
Bt7		7		6		3		41.45		0		9.1827216
Bt8		12		3		6		86.65		0		19.0807001
Bt9		12		5		7		128.65		0		12.5411499
Bt10		15		3		6		51.99		1		1.2260356

DEMANDS PER CUSTOMER
i	Type Quantity
1	Bt4 3	Bt7 1	Bt9 1	Bt10 1	
2	Bt2 1	Bt4 1	Bt6 2	Bt8 1	Bt9 2	Bt10 2	
3	Bt2 2	Bt3 1	Bt4 1	Bt5 1	Bt6 1	Bt7 2	Bt9 1	
4	Bt5 3	Bt7 1	
5	Bt1 1	Bt3 1	Bt6 1	Bt8 2	Bt9 2	Bt10 1	
6	Bt2 2	Bt4 1	Bt6 1	Bt8 1	
7	Bt3 1	Bt4 1	Bt7 3	Bt9 2	
8	Bt2 1	Bt4 1	Bt5 1	Bt6 2	Bt7 1	Bt8 2	Bt9 1	
9	Bt1 1	Bt3 1	Bt4 1	Bt5 1	Bt6 1	
10	Bt7 2	Bt8 1	Bt10 1	
11	Bt1 3	Bt3 1	Bt5 1	Bt6 1	Bt8 2	Bt10 1	
12	Bt5 3	Bt10 1	
13	Bt2 2	Bt6 1	Bt7 1	Bt9 1	Bt10 1	
14	Bt2 2	Bt3 2	Bt6 1	Bt9 1	Bt10 3	
15	Bt1 1	Bt2 1	Bt8 1	Bt10 3	
16	Bt2 1	Bt3 2	Bt4 1	Bt5 2	Bt6 1	Bt9 1	Bt10 1	
17	Bt2 2	Bt4 1	Bt6 2	Bt8 2	Bt9 1	Bt10 1	
18	Bt3 1	Bt4 1	Bt5 2	Bt6 3	Bt8 1	Bt10 1	
19	Bt1 2	Bt4 1	Bt5 1	Bt6 1	Bt7 1	Bt8 1	Bt10 2	
20	Bt2 1	Bt3 1	Bt4 1	Bt5 1	Bt7 1	Bt9 1	
21	Bt1 1	Bt2 1	Bt3 2	Bt4 2	Bt5 1	Bt9 2	
22	Bt1 1	Bt3 1	Bt4 1	
23	Bt4 2	Bt5 2	Bt9 1	
24	Bt1 1	Bt3 2	Bt5 2	Bt8 2	Bt9 1	
25	Bt2 1	Bt3 1	Bt4 3	Bt5 2	Bt10 1	
26	Bt3 2	Bt6 1	Bt7 1	Bt10 1	
27	Bt4 1	Bt6 1	Bt9 1	Bt10 2	
28	Bt3 1	Bt4 2	Bt7 1	Bt8 1	
29	Bt2 1	Bt4 1	Bt6 1	Bt9 1	
30	Bt2 2	Bt4 2	Bt7 2	Bt8 2	
31	Bt2 1	Bt4 3	Bt5 2	Bt6 1	Bt8 2	
32	Bt1 1	Bt2 1	Bt3 1	Bt7 1	Bt8 1	
33	Bt3 1	Bt4 2	Bt5 1	Bt6 1	Bt9 3	
34	Bt2 3	Bt4 1	Bt5 2	Bt10 1	
35	Bt1 1	Bt2 2	Bt5 2	
36	Bt2 1	Bt6 1	Bt7 1	Bt8 1	Bt9 1	Bt10 1	
37	Bt2 1	Bt3 1	Bt5 2	Bt6 2	Bt8 2	Bt10 1	
38	Bt1 1	Bt2 1	Bt3 1	Bt4 1	Bt7 2	Bt9 2	Bt10 1	
39	Bt1 3	Bt2 1	Bt3 1	Bt8 2	Bt9 2	
40	Bt3 1	Bt4 2	Bt5 2	Bt6 1	Bt7 2	Bt9 1	
41	Bt2 3	Bt3 1	Bt4 1	Bt9 2	
42	Bt1 2	Bt2 2	Bt3 1	Bt4 1	Bt8 1	Bt10 2	
43	Bt1 1	Bt2 2	Bt7 1	Bt8 1	Bt10 1	
44	Bt4 1	Bt5 1	Bt6 1	Bt9 2	
45	Bt1 1	Bt2 1	Bt3 1	Bt10 1	
46	Bt3 1	Bt4 2	Bt6 1	Bt10 1	
47	Bt2 1	Bt4 2	Bt5 1	Bt7 1	
48	Bt1 1	Bt4 1	Bt5 1	Bt7 1	Bt8 1	Bt10 2	
49	Bt2 1	Bt3 1	Bt6 3	Bt7 2	
50	Bt1 1	Bt3 1	Bt6 1	Bt7 1	Bt10 1	
51	Bt3 1	Bt7 1	Bt9 1	Bt10 1	
52	Bt1 2	Bt3 3	Bt6 1	Bt9 2	
53	Bt3 1	Bt4 2	Bt5 1	Bt6 2	Bt7 1	Bt8 1	Bt9 1	
54	Bt6 2	Bt7 1	Bt8 1	
55	Bt5 1	Bt8 4	Bt9 1	
56	Bt3 2	Bt6 1	Bt9 2	
57	Bt2 1	Bt3 1	Bt6 2	Bt7 1	Bt8 1	Bt9 2	
58	Bt3 2	Bt4 1	Bt5 1	Bt6 2	
59	Bt2 1	Bt4 2	Bt6 1	Bt7 1	Bt9 2	
60	Bt1 1	Bt3 1	Bt6 1	Bt8 1	Bt9 1	