Name				453_n060_m400_bt3
Number_of_Customers		60
Number_of_Items			400
Number_of_ItemTypes		3
Number_of_Vehicles		29
TimeWindows			1

VEHICLE
Mass_Capacity			12595
CargoSpace_Length		60
CargoSpace_Width		25
CargoSpace_Height		30
Wheelbase			48
Max_Mass_FrontAxle		7100
Max_Mass_RearAxle		11500
Distance_FrontAxle_CargoSpace	4

CUSTOMERS
i		x		y		Demand		ReadyTime	DueDate		ServiceTime	DemandedMass	DemandedVolume
0		35		35		0		0		1000		0		0		0
1		69		4		7		0		943		10		2017.6		10344
2		4		14		5		794		1000		10		1690.96		7596
3		51		65		8		0		956		10		2099.7		9840
4		11		23		7		0		179		10		2149.79		10152
5		70		49		9		308		534		10		2706.83		13896
6		3		56		5		0		951		10		1131.95		4416
7		69		66		9		581		867		10		2378.22		11712
8		38		11		6		240		470		10		1508.68		7476
9		44		41		6		0		979		10		1508.68		7476
10		26		49		6		0		973		10		1640.87		7284
11		62		36		5		273		539		10		1460.56		6600
12		68		60		7		490		748		10		1688.99		8160
13		32		58		6		0		966		10		1542.66		6096
14		58		49		7		341		577		10		1919.39		9156
15		15		59		9		428		666		10		2706.83		13896
16		36		14		3		161		469		10		1099.94		5232
17		48		11		8		0		962		10		2330.1		10836
18		41		64		6		390		610		10		1773.06		7092
19		1		28		9		0		955		10		2412.2		10332
20		15		47		6		0		966		10		1837.29		9660
21		64		68		7		359		569		10		1722.97		6780
22		32		50		7		0		974		10		2149.79		10152
23		21		78		6		201		457		10		2233.86		9084
24		5		38		7		178		450		10		1919.39		9156
25		4		3		4		0		945		10		1015.87		6300
26		31		66		7		0		958		10		2149.79		10152
27		23		6		6		819		997		10		1969.48		9468
28		40		67		5		699		973		10		1460.56		6600
29		40		19		5		487		707		10		1789.17		8784
30		47		68		7		525		759		10		2281.98		9960
31		33		25		9		599		805		10		2971.21		13512
32		16		76		3		343		591		10		737.35		4428
33		22		28		7		297		501		10		2149.79		10152
34		7		62		6		638		884		10		1508.68		7476
35		19		58		8		857		1000		10		2065.72		11220
36		9		19		5		414		702		10		1362.35		5412
37		69		52		5		0		951		10		1558.77		7788
38		22		10		8		0		184		10		2231.89		9648
39		0		34		7		0		954		10		2248		11340
40		2		79		8		503		799		10		2065.72		11220
41		7		66		4		298		578		10		1049.85		4920
42		18		13		8		574		866		10		2330.1		10836
43		61		63		8		0		172		10		2231.89		9648
44		3		35		9		451		679		10		2608.62		12708
45		49		43		8		822		1000		10		2296.12		12216
46		55		0		7		759		1000		10		2115.81		11532
47		13		53		7		45		247		10		1821.18		7968
48		36		18		9		817		1000		10		2344.24		13092
49		42		38		6		461		697		10		1606.89		8664
50		57		14		8		370		662		10		2330.1		10836
51		56		56		6		658		890		10		1773.06		7092
52		7		43		5		0		960		10		1460.56		6600
53		25		29		5		787		1000		10		1328.37		6792
54		0		48		5		577		803		10		1362.35		5412
55		39		56		7		745		969		10		1885.41		10536
56		52		15		7		244		470		10		1919.39		9156
57		35		2		4		590		820		10		1182.04		4728
58		57		67		8		444		646		10		2001.49		8652
59		56		46		9		0		251		10		2608.62		12708
60		35		75		9		671		939		10		3069.42		14700

ITEMS
Type		Length		Width		Height		Mass		Fragility	LoadBearingStrength
Bt1		19		6		6		180.31		1		2.4640710
Bt2		18		13		8		278.52		0		5.9466097
Bt3		24		5		14		410.71		0		16.4236936

DEMANDS PER CUSTOMER
i	Type Quantity
1	Bt1 2	Bt2 3	Bt3 2	
2	Bt1 1	Bt2 1	Bt3 3	
3	Bt1 4	Bt2 2	Bt3 2	
4	Bt1 2	Bt2 2	Bt3 3	
5	Bt1 2	Bt2 4	Bt3 3	
6	Bt1 4	Bt3 1	
7	Bt1 4	Bt2 3	Bt3 2	
8	Bt1 3	Bt2 2	Bt3 1	
9	Bt1 3	Bt2 2	Bt3 1	
10	Bt1 3	Bt2 1	Bt3 2	
11	Bt1 2	Bt2 1	Bt3 2	
12	Bt1 4	Bt2 2	Bt3 1	
13	Bt1 4	Bt3 2	
14	Bt1 3	Bt2 2	Bt3 2	
15	Bt1 2	Bt2 4	Bt3 3	
16	Bt2 1	Bt3 2	
17	Bt1 3	Bt2 2	Bt3 3	
18	Bt1 3	Bt3 3	
19	Bt1 5	Bt2 1	Bt3 3	
20	Bt1 1	Bt2 3	Bt3 2	
21	Bt1 5	Bt3 2	
22	Bt1 2	Bt2 2	Bt3 3	
23	Bt1 1	Bt3 5	
24	Bt1 3	Bt2 2	Bt3 2	
25	Bt1 1	Bt2 3	
26	Bt1 2	Bt2 2	Bt3 3	
27	Bt1 1	Bt2 2	Bt3 3	
28	Bt1 2	Bt2 1	Bt3 2	
29	Bt2 2	Bt3 3	
30	Bt1 2	Bt2 1	Bt3 4	
31	Bt1 2	Bt2 2	Bt3 5	
32	Bt1 1	Bt2 2	
33	Bt1 2	Bt2 2	Bt3 3	
34	Bt1 3	Bt2 2	Bt3 1	
35	Bt1 3	Bt2 4	Bt3 1	
36	Bt1 3	Bt3 2	
37	Bt1 1	Bt2 2	Bt3 2	
38	Bt1 4	Bt2 1	Bt3 3	
39	Bt1 1	Bt2 3	Bt3 3	
40	Bt1 3	Bt2 4	Bt3 1	
41	Bt1 2	Bt2 1	Bt3 1	
42	Bt1 3	Bt2 2	Bt3 3	
43	Bt1 4	Bt2 1	Bt3 3	
44	Bt1 3	Bt2 3	Bt3 3	
45	Bt1 2	Bt2 4	Bt3 2	
46	Bt1 1	Bt2 4	Bt3 2	
47	Bt1 4	Bt2 1	Bt3 2	
48	Bt1 3	Bt2 5	Bt3 1	
49	Bt1 2	Bt2 3	Bt3 1	
50	Bt1 3	Bt2 2	Bt3 3	
51	Bt1 3	Bt3 3	
52	Bt1 2	Bt2 1	Bt3 2	
53	Bt1 2	Bt2 2	Bt3 1	
54	Bt1 3	Bt3 2	
55	Bt1 2	Bt2 4	Bt3 1	
56	Bt1 3	Bt2 2	Bt3 2	
57	Bt1 2	Bt3 2	
58	Bt1 5	Bt2 1	Bt3 2	
59	Bt1 3	Bt2 3	Bt3 3	
60	Bt1 1	Bt2 3	Bt3 5	