Name				455_n060_m400_bt3
Number_of_Customers		60
Number_of_Items			400
Number_of_ItemTypes		3
Number_of_Vehicles		50
TimeWindows			1

VEHICLE
Mass_Capacity			12595
CargoSpace_Length		60
CargoSpace_Width		25
CargoSpace_Height		30
Wheelbase			48
Max_Mass_FrontAxle		7100
Max_Mass_RearAxle		11500
Distance_FrontAxle_CargoSpace	4

CUSTOMERS
i		x		y		Demand		ReadyTime	DueDate		ServiceTime	DemandedMass	DemandedVolume
0		35		35		0		0		1000		0		0		0
1		4		40		6		8		234		10		3529.05		13398
2		10		16		7		0		958		10		4455.49		14884
3		8		70		7		0		180		10		4406.92		15174
4		32		70		6		758		1000		10		4028.64		12112
5		17		43		5		442		666		10		3698.93		8760
6		16		39		8		711		933		10		4608.26		18444
7		40		2		9		644		846		10		4937.97		21796
8		12		73		4		0		945		10		2352.7		8932
9		5		55		9		666		936		10		6277.14		17194
10		42		5		6		446		644		10		3803.13		12610
11		54		51		8		0		965		10		5156.42		16868
12		12		63		8		588		816		10		5253.56		16288
13		8		30		6		109		405		10		3529.05		13398
14		68		4		5		0		224		10		3053.63		10916
15		17		2		5		803		1000		10		3053.63		10916
16		67		48		9		387		661		10		5309.19		20428
17		2		22		5		773		993		10		2730.98		11994
18		47		56		9		384		614		10		4937.97		21796
19		31		29		8		127		379		10		5753.15		15002
20		41		73		5		574		806		10		3279.14		10418
21		70		80		4		270		468		10		2352.7		8932
22		28		22		6		257		479		10		3754.56		12900
23		47		67		6		0		955		10		3431.91		13978
24		6		67		6		0		946		10		3431.91		13978
25		40		9		7		727		1000		10		4455.49		14884
26		31		33		8		0		985		10		5107.85		17158
27		59		37		7		363		559		10		4406.92		15174
28		44		48		9		142		366		10		5357.76		20138
29		39		42		9		802		1000		10		5583.27		19640
30		40		59		7		0		965		10		4455.49		14884
31		50		40		8		756		1000		10		4882.34		17656
32		50		13		8		0		963		10		5753.15		15002
33		52		43		5		493		705		10		3376.28		9838
34		33		18		7		811		1000		10		4504.06		14594
35		44		37		4		0		980		10		2352.7		8932
36		10		39		6		0		964		10		4302.72		11324
37		7		59		6		489		729		10		3803.13		12610
38		30		12		5		0		966		10		3230.57		10708
39		26		61		8		421		689		10		5624.78		14920
40		16		51		5		245		481		10		2408.33		13072
41		67		55		6		4		290		10		4028.64		12112
42		37		9		7		625		825		10		3955.9		16170
43		43		17		9		249		523		10		5680.41		19060
44		6		51		4		828		1000		10		2255.56		9512
45		68		16		6		0		236		10		4351.29		11034
46		3		1		8		0		943		10		4237.04		19812
47		29		56		9		619		855		10		5035.11		21216
48		61		34		6		234		440		10		3803.13		12610
49		11		9		7		0		954		10		4455.49		14884
50		14		30		8		831		1000		10		4559.69		18734
51		14		25		6		0		177		10		4351.29		11034
52		36		57		7		0		967		10		4504.06		14594
53		58		25		5		22		340		10		2730.98		11994
54		38		34		6		413		645		10		4302.72		11324
55		24		52		9		0		969		10		5808.78		19142
56		56		38		6		15		229		10		3803.13		12610
57		27		64		7		597		857		10		4504.06		14594
58		38		12		5		472		692		10		3005.06		11206
59		44		80		5		33		253		10		3279.14		10418
60		51		16		8		453		641		10		4608.26		18444

ITEMS
Type		Length		Width		Height		Mass		Fragility	LoadBearingStrength
Bt1		22		11		7		749.50		0		6.4826413
Bt2		28		9		11		426.85		1		3.1747001
Bt3		31		8		8		700.93		0		14.1207631

DEMANDS PER CUSTOMER
i	Type Quantity
1	Bt1 3	Bt2 3	
2	Bt1 2	Bt2 2	Bt3 3	
3	Bt1 1	Bt2 2	Bt3 4	
4	Bt1 2	Bt2 1	Bt3 3	
5	Bt1 4	Bt3 1	
6	Bt1 2	Bt2 4	Bt3 2	
7	Bt2 5	Bt3 4	
8	Bt1 2	Bt2 2	
9	Bt1 5	Bt2 1	Bt3 3	
10	Bt1 3	Bt2 2	Bt3 1	
11	Bt1 2	Bt2 2	Bt3 4	
12	Bt1 4	Bt2 2	Bt3 2	
13	Bt1 3	Bt2 3	
14	Bt1 2	Bt2 2	Bt3 1	
15	Bt1 2	Bt2 2	Bt3 1	
16	Bt1 2	Bt2 4	Bt3 3	
17	Bt1 1	Bt2 3	Bt3 1	
18	Bt2 5	Bt3 4	
19	Bt1 3	Bt3 5	
20	Bt1 1	Bt2 1	Bt3 3	
21	Bt1 2	Bt2 2	
22	Bt1 2	Bt2 2	Bt3 2	
23	Bt1 1	Bt2 3	Bt3 2	
24	Bt1 1	Bt2 3	Bt3 2	
25	Bt1 2	Bt2 2	Bt3 3	
26	Bt1 1	Bt2 2	Bt3 5	
27	Bt1 1	Bt2 2	Bt3 4	
28	Bt1 3	Bt2 4	Bt3 2	
29	Bt1 2	Bt2 3	Bt3 4	
30	Bt1 2	Bt2 2	Bt3 3	
31	Bt1 2	Bt2 3	Bt3 3	
32	Bt1 3	Bt3 5	
33	Bt1 3	Bt2 1	Bt3 1	
34	Bt1 3	Bt2 2	Bt3 2	
35	Bt1 2	Bt2 2	
36	Bt1 2	Bt3 4	
37	Bt1 3	Bt2 2	Bt3 1	
38	Bt2 1	Bt3 4	
39	Bt1 6	Bt2 1	Bt3 1	
40	Bt2 4	Bt3 1	
41	Bt1 2	Bt2 1	Bt3 3	
42	Bt1 3	Bt2 4	
43	Bt1 4	Bt2 3	Bt3 2	
44	Bt2 2	Bt3 2	
45	Bt1 3	Bt3 3	
46	Bt2 5	Bt3 3	
47	Bt1 2	Bt2 5	Bt3 2	
48	Bt1 3	Bt2 2	Bt3 1	
49	Bt1 2	Bt2 2	Bt3 3	
50	Bt1 1	Bt2 4	Bt3 3	
51	Bt1 3	Bt3 3	
52	Bt1 3	Bt2 2	Bt3 2	
53	Bt1 1	Bt2 3	Bt3 1	
54	Bt1 2	Bt3 4	
55	Bt1 1	Bt2 2	Bt3 6	
56	Bt1 3	Bt2 2	Bt3 1	
57	Bt1 3	Bt2 2	Bt3 2	
58	Bt1 1	Bt2 2	Bt3 2	
59	Bt1 1	Bt2 1	Bt3 3	
60	Bt1 2	Bt2 4	Bt3 2	