Name				460_n060_m400_bt10
Number_of_Customers		60
Number_of_Items			400
Number_of_ItemTypes		10
Number_of_Vehicles		55
TimeWindows			1

VEHICLE
Mass_Capacity			12595
CargoSpace_Length		60
CargoSpace_Width		25
CargoSpace_Height		30
Wheelbase			48
Max_Mass_FrontAxle		7100
Max_Mass_RearAxle		11500
Distance_FrontAxle_CargoSpace	4

CUSTOMERS
i		x		y		Demand		ReadyTime	DueDate		ServiceTime	DemandedMass	DemandedVolume
0		35		35		0		0		1000		0		0		0
1		23		64		9		0		958		10		3898.35		27733
2		34		19		9		0		973		10		2610.93		20924
3		29		59		4		0		965		10		1700.52		11506
4		32		9		7		0		963		10		2547.6		17932
5		8		41		8		0		962		10		2889.68		20102
6		43		11		6		0		964		10		2282		15080
7		43		50		8		66		348		10		3233.67		20558
8		17		15		6		0		963		10		2047.07		13383
9		2		29		6		0		956		10		1774.35		12358
10		42		40		8		0		981		10		2841.47		18998
11		43		1		7		0		955		10		2381.23		17520
12		20		31		9		0		974		10		3937.56		26085
13		6		57		8		0		953		10		3169.58		23931
14		13		20		6		0		963		10		2277.1		16893
15		33		4		6		0		958		10		2124.41		15023
16		51		52		5		0		966		10		1503.56		10709
17		2		1		7		0		942		10		2781.87		20742
18		5		62		9		0		949		10		2978.29		18628
19		24		78		5		0		945		10		2186.7		14473
20		1		53		6		0		951		10		2142.75		14832
21		21		5		8		0		194		10		2851.87		19242
22		15		46		4		0		967		10		2253.85		15846
23		56		52		5		0		962		10		1769.88		12651
24		51		73		6		117		315		10		2115.07		14775
25		23		32		9		412		654		10		3201.3		22820
26		30		18		8		0		972		10		3462.75		24934
27		66		38		5		0		958		10		1869.18		13788
28		22		55		8		0		966		10		2998.5		19162
29		58		32		9		0		966		10		3501.15		24582
30		16		21		8		273		537		10		3530.67		24712
31		14		17		9		148		400		10		3507.72		25282
32		54		14		8		178		454		10		2211.1		16277
33		69		19		6		569		787		10		2493.65		18832
34		37		68		6		757		983		10		2816.35		18104
35		67		15		7		0		952		10		2606.68		18444
36		13		12		4		0		958		10		1834.37		12507
37		5		50		7		0		956		10		2319.24		17298
38		19		36		8		160		424		10		2573.82		18140
39		1		13		9		0		949		10		3133.38		23042
40		58		40		9		0		966		10		3246.74		24739
41		55		55		7		0		961		10		2990.73		20946
42		1		41		5		0		955		10		1669.93		11121
43		70		60		5		0		946		10		2376.89		16358
44		29		3		5		157		385		10		2737.77		17780
45		39		61		7		81		307		10		2641.74		18536
46		67		30		3		0		957		10		1274.84		8878
47		49		47		8		0		971		10		2937.15		20447
48		10		18		3		0		959		10		2081.25		13548
49		65		2		7		0		945		10		2908.03		19826
50		22		52		7		506		684		10		2371.1		16354
51		68		69		5		0		942		10		1796.44		12036
52		46		70		9		0		953		10		3499.87		24968
53		45		47		5		0		974		10		2553.18		16189
54		47		27		8		0		975		10		3456.23		23667
55		48		34		5		0		976		10		1587.58		11832
56		60		24		4		799		1000		10		1559.87		10938
57		60		58		7		0		956		10		3327.75		22061
58		9		78		5		0		939		10		1520.28		10992
59		12		8		7		0		954		10		2921.42		19734
60		36		16		6		0		151		10		2996.75		20734

ITEMS
Type		Length		Width		Height		Mass		Fragility	LoadBearingStrength
Bt1		35		7		9		349.46		0		5.3723630
Bt2		26		14		8		398.71		1		4.4241558
Bt3		17		8		12		205.74		0		7.5582664
Bt4		34		12		13		853.82		1		5.4412566
Bt5		26		10		10		450.78		0		6.9280436
Bt6		34		6		9		325.40		0		4.7035607
Bt7		23		12		13		487.34		0		13.6136340
Bt8		22		10		7		170.68		0		5.8506818
Bt9		34		9		11		425.35		0		8.2432245
Bt10		15		14		14		373.61		0		14.9062401

DEMANDS PER CUSTOMER
i	Type Quantity
1	Bt1 1	Bt4 1	Bt6 1	Bt7 2	Bt8 1	Bt9 2	Bt10 1	
2	Bt2 1	Bt3 1	Bt8 3	Bt10 4	
3	Bt5 2	Bt9 1	Bt10 1	
4	Bt3 2	Bt5 2	Bt7 1	Bt10 2	
5	Bt3 1	Bt5 2	Bt6 1	Bt7 1	Bt8 1	Bt9 1	Bt10 1	
6	Bt3 1	Bt5 1	Bt6 2	Bt7 2	
7	Bt1 2	Bt3 1	Bt4 1	Bt5 1	Bt6 2	Bt10 1	
8	Bt1 1	Bt5 1	Bt6 2	Bt8 1	Bt9 1	
9	Bt1 2	Bt3 1	Bt6 1	Bt8 1	Bt10 1	
10	Bt3 1	Bt5 2	Bt6 2	Bt7 1	Bt8 1	Bt9 1	
11	Bt3 2	Bt5 1	Bt7 2	Bt8 1	Bt10 1	
12	Bt1 1	Bt4 1	Bt5 1	Bt6 2	Bt7 3	Bt8 1	
13	Bt1 1	Bt2 1	Bt7 2	Bt8 1	Bt9 3	
14	Bt1 1	Bt3 1	Bt7 2	Bt10 2	
15	Bt1 1	Bt3 2	Bt5 1	Bt7 1	Bt9 1	
16	Bt1 1	Bt6 1	Bt7 1	Bt8 2	
17	Bt3 1	Bt6 1	Bt7 2	Bt9 3	
18	Bt2 1	Bt3 1	Bt5 2	Bt6 4	Bt8 1	
19	Bt1 1	Bt4 1	Bt6 1	Bt7 1	Bt8 1	
20	Bt1 2	Bt3 1	Bt6 1	Bt7 1	Bt9 1	
21	Bt1 2	Bt2 2	Bt3 1	Bt5 1	Bt6 1	Bt10 1	
22	Bt4 1	Bt7 2	Bt9 1	
23	Bt1 1	Bt5 1	Bt8 1	Bt9 1	Bt10 1	
24	Bt1 3	Bt3 1	Bt7 1	Bt10 1	
25	Bt3 1	Bt5 2	Bt6 1	Bt8 1	Bt9 2	Bt10 2	
26	Bt2 2	Bt3 2	Bt4 1	Bt7 2	Bt9 1	
27	Bt3 1	Bt6 1	Bt7 1	Bt9 2	
28	Bt1 2	Bt5 2	Bt6 2	Bt10 2	
29	Bt1 2	Bt2 2	Bt3 1	Bt5 1	Bt7 2	Bt10 1	
30	Bt2 2	Bt3 1	Bt4 1	Bt6 1	Bt7 2	Bt10 1	
31	Bt1 2	Bt6 1	Bt7 3	Bt8 1	Bt9 2	
32	Bt1 1	Bt3 2	Bt5 1	Bt7 1	Bt8 3	
33	Bt7 4	Bt8 1	Bt10 1	
34	Bt4 1	Bt5 1	Bt6 2	Bt7 1	Bt10 1	
35	Bt1 2	Bt5 1	Bt7 1	Bt8 1	Bt9 1	Bt10 1	
36	Bt1 1	Bt3 1	Bt4 1	Bt9 1	
37	Bt3 2	Bt5 1	Bt7 1	Bt8 1	Bt9 1	Bt10 1	
38	Bt3 4	Bt5 1	Bt6 1	Bt7 2	
39	Bt3 2	Bt5 2	Bt8 1	Bt9 3	Bt10 1	
40	Bt1 1	Bt3 1	Bt7 2	Bt8 1	Bt9 1	Bt10 3	
41	Bt3 2	Bt4 1	Bt6 1	Bt7 2	Bt9 1	
42	Bt1 1	Bt5 1	Bt6 1	Bt8 1	Bt10 1	
43	Bt2 1	Bt4 1	Bt6 1	Bt9 1	Bt10 1	
44	Bt3 1	Bt4 2	Bt5 1	Bt10 1	
45	Bt1 2	Bt3 1	Bt5 1	Bt7 1	Bt9 1	Bt10 1	
46	Bt2 1	Bt5 1	Bt9 1	
47	Bt1 1	Bt3 2	Bt5 1	Bt6 1	Bt7 2	Bt9 1	
48	Bt4 2	Bt10 1	
49	Bt2 1	Bt3 1	Bt4 1	Bt6 2	Bt9 1	Bt10 1	
50	Bt1 2	Bt6 2	Bt8 1	Bt9 2	
51	Bt3 3	Bt4 1	Bt6 1	
52	Bt1 2	Bt3 1	Bt4 1	Bt7 2	Bt8 2	Bt9 1	
53	Bt1 1	Bt4 2	Bt6 1	Bt8 1	
54	Bt1 3	Bt3 1	Bt4 1	Bt7 2	Bt10 1	
55	Bt3 2	Bt6 1	Bt9 2	
56	Bt1 2	Bt7 1	Bt10 1	
57	Bt1 1	Bt4 1	Bt5 1	Bt6 1	Bt7 2	Bt10 1	
58	Bt3 2	Bt5 1	Bt7 1	Bt8 1	
59	Bt1 2	Bt4 1	Bt5 1	Bt8 1	Bt10 2	
60	Bt3 1	Bt4 2	Bt7 1	Bt8 1	Bt9 1	