Name				468_n060_m400_bt3
Number_of_Customers		60
Number_of_Items			400
Number_of_ItemTypes		3
Number_of_Vehicles		9
TimeWindows			1

VEHICLE
Mass_Capacity			12595
CargoSpace_Length		60
CargoSpace_Width		25
CargoSpace_Height		30
Wheelbase			48
Max_Mass_FrontAxle		7100
Max_Mass_RearAxle		11500
Distance_FrontAxle_CargoSpace	4

CUSTOMERS
i		x		y		Demand		ReadyTime	DueDate		ServiceTime	DemandedMass	DemandedVolume
0		35		35		0		0		1000		0		0		0
1		14		15		9		0		961		10		480.38		2526
2		53		79		6		607		861		10		341.12		1734
3		22		42		5		785		1000		10		287.26		1374
4		33		28		5		0		982		10		267.12		1443
5		48		45		4		0		973		10		225.96		918
6		8		22		7		129		377		10		354.7		2232
7		4		73		9		0		940		10		475.12		2787
8		62		24		9		157		355		10		460.24		2595
9		62		41		9		0		962		10		507.96		2553
10		53		24		8		383		629		10		441.4		2358
11		22		18		5		0		968		10		239.54		1416
12		60		50		6		0		960		10		300.84		1872
13		30		29		9		0		982		10		507.96		2553
14		58		80		6		0		939		10		333.68		1638
15		67		45		4		390		614		10		205.82		987
16		34		70		7		92		366		10		412.94		1668
17		70		53		6		0		950		10		353.82		1569
18		46		18		9		0		969		10		493.08		2361
19		21		56		6		805		1000		10		315.72		2064
20		5		29		9		141		405		10		460.24		2595
21		0		36		7		0		954		10		407.68		1929
22		9		25		8		0		962		10		486.94		1959
23		41		36		7		192		484		10		380.1		1902
24		64		27		5		0		959		10		259.68		1347
25		0		10		8		0		946		10		419.08		2070
26		60		55		6		0		957		10		320.98		1803
27		43		66		6		0		957		10		313.54		1707
28		65		54		4		0		954		10		213.26		1083
29		24		33		4		0		978		10		233.4		1014
30		40		26		9		0		979		10		518.48		2031
31		65		19		5		821		1000		10		274.56		1539
32		6		41		7		0		960		10		372.66		1806
33		20		14		9		0		964		10		480.38		2526
34		44		23		3		0		975		10		139.26		792
35		42		78		9		0		946		10		447.54		2760
36		17		19		5		0		965		10		246.98		1512
37		34		77		5		0		947		10		279.82		1278
38		38		39		6		0		985		10		341.12		1734
39		10		70		7		121		385		10		394.98		2094
40		27		41		9		0		980		10		528.1		2484
41		26		5		7		0		958		10		400.24		1833
42		68		48		9		0		954		10		505.78		2196
43		14		8		3		0		955		10		186.98		750
44		1		18		8		0		951		10		466.8		2028
45		9		19		4		0		959		10		233.4		1014
46		32		5		9		0		959		10		487.82		2622
47		50		30		8		0		974		10		436.14		2619
48		32		74		5		0		950		10		267.12		1443
49		28		0		8		614		886		10		459.36		1932
50		35		5		5		0		960		10		259.68		1347
51		49		80		6		0		942		10		341.12		1734
52		66		4		7		0		946		10		380.1		1902
53		47		33		7		0		977		10		374.84		2163
54		38		61		8		0		963		10		413.82		2331
55		31		66		4		0		958		10		220.7		1179
56		57		56		7		775		983		10		392.8		1737
57		49		56		7		0		964		10		400.24		1833
58		65		74		8		0		940		10		446.66		2097
59		34		12		8		0		966		10		472.06		1767
60		51		69		5		828		1000		10		279.82		1278

ITEMS
Type		Length		Width		Height		Mass		Fragility	LoadBearingStrength
Bt1		15		4		6		53.86		0		2.2895022
Bt2		13		5		3		66.56		1		1.2855934
Bt3		11		6		4		46.42		0		18.8743205

DEMANDS PER CUSTOMER
i	Type Quantity
1	Bt1 3	Bt2 2	Bt3 4	
2	Bt1 3	Bt2 2	Bt3 1	
3	Bt1 2	Bt2 2	Bt3 1	
4	Bt1 2	Bt2 1	Bt3 2	
5	Bt2 2	Bt3 2	
6	Bt1 4	Bt3 3	
7	Bt1 5	Bt2 1	Bt3 3	
8	Bt1 3	Bt2 1	Bt3 5	
9	Bt1 4	Bt2 3	Bt3 2	
10	Bt1 4	Bt2 2	Bt3 2	
11	Bt1 1	Bt3 4	
12	Bt1 3	Bt3 3	
13	Bt1 4	Bt2 3	Bt3 2	
14	Bt1 2	Bt2 2	Bt3 2	
15	Bt2 1	Bt3 3	
16	Bt1 1	Bt2 4	Bt3 2	
17	Bt1 2	Bt2 3	Bt3 1	
18	Bt1 2	Bt2 3	Bt3 4	
19	Bt1 5	Bt3 1	
20	Bt1 3	Bt2 1	Bt3 5	
21	Bt1 3	Bt2 3	Bt3 1	
22	Bt1 2	Bt2 5	Bt3 1	
23	Bt1 2	Bt2 2	Bt3 3	
24	Bt1 1	Bt2 1	Bt3 3	
25	Bt1 1	Bt2 2	Bt3 5	
26	Bt1 3	Bt2 1	Bt3 2	
27	Bt1 2	Bt2 1	Bt3 3	
28	Bt1 1	Bt2 1	Bt3 2	
29	Bt1 1	Bt2 2	Bt3 1	
30	Bt2 5	Bt3 4	
31	Bt1 3	Bt2 1	Bt3 1	
32	Bt1 1	Bt2 2	Bt3 4	
33	Bt1 3	Bt2 2	Bt3 4	
34	Bt3 3	
35	Bt1 4	Bt3 5	
36	Bt1 2	Bt3 3	
37	Bt1 1	Bt2 2	Bt3 2	
38	Bt1 3	Bt2 2	Bt3 1	
39	Bt1 4	Bt2 2	Bt3 1	
40	Bt1 4	Bt2 4	Bt3 1	
41	Bt1 2	Bt2 3	Bt3 2	
42	Bt1 1	Bt2 4	Bt3 4	
43	Bt1 1	Bt2 2	
44	Bt1 2	Bt2 4	Bt3 2	
45	Bt1 1	Bt2 2	Bt3 1	
46	Bt1 4	Bt2 2	Bt3 3	
47	Bt1 6	Bt2 1	Bt3 1	
48	Bt1 2	Bt2 1	Bt3 2	
49	Bt1 1	Bt2 4	Bt3 3	
50	Bt1 1	Bt2 1	Bt3 3	
51	Bt1 3	Bt2 2	Bt3 1	
52	Bt1 2	Bt2 2	Bt3 3	
53	Bt1 4	Bt2 1	Bt3 2	
54	Bt1 3	Bt2 1	Bt3 4	
55	Bt1 2	Bt2 1	Bt3 1	
56	Bt1 1	Bt2 3	Bt3 3	
57	Bt1 2	Bt2 3	Bt3 2	
58	Bt1 2	Bt2 3	Bt3 3	
59	Bt2 5	Bt3 3	
60	Bt1 1	Bt2 2	Bt3 2	