Name				475_n060_m400_bt10
Number_of_Customers		60
Number_of_Items			400
Number_of_ItemTypes		10
Number_of_Vehicles		14
TimeWindows			1

VEHICLE
Mass_Capacity			12595
CargoSpace_Length		60
CargoSpace_Width		25
CargoSpace_Height		30
Wheelbase			48
Max_Mass_FrontAxle		7100
Max_Mass_RearAxle		11500
Distance_FrontAxle_CargoSpace	4

CUSTOMERS
i		x		y		Demand		ReadyTime	DueDate		ServiceTime	DemandedMass	DemandedVolume
0		35		35		0		0		1000		0		0		0
1		19		11		4		0		205		10		268.98		815
2		48		50		5		790		1000		10		777.37		1968
3		37		2		9		653		847		10		978.85		2181
4		8		14		7		222		446		10		624.5		1479
5		63		79		9		136		438		10		801.14		2213
6		2		17		5		234		464		10		444.79		1325
7		4		54		7		667		873		10		528.66		1072
8		31		65		8		694		942		10		890.22		2083
9		11		76		4		0		942		10		320.12		849
10		10		38		5		497		713		10		472.25		1045
11		50		44		7		642		900		10		713.45		1614
12		45		22		9		508		748		10		1022.43		1906
13		38		28		8		0		982		10		558.22		1563
14		63		27		7		0		960		10		1038.28		2404
15		22		43		6		0		121		10		386.02		2028
16		62		9		5		0		952		10		421.83		788
17		45		0		4		450		704		10		528.34		1126
18		54		33		8		0		970		10		570.97		2327
19		25		64		5		211		487		10		305.85		1311
20		16		77		9		125		393		10		907.07		2307
21		27		24		7		0		188		10		417.31		1867
22		45		7		5		782		1000		10		592.09		1065
23		21		38		8		420		646		10		669.6		2200
24		8		25		5		397		621		10		522.29		1464
25		40		62		7		414		686		10		694.69		2390
26		54		16		3		843		1000		10		198.49		840
27		52		26		6		0		970		10		530.34		1310
28		14		4		9		220		458		10		1151.27		2572
29		11		20		4		439		711		10		512.94		898
30		62		54		7		310		562		10		509.28		1728
31		5		66		8		0		946		10		594.22		1838
32		21		19		6		640		872		10		480.11		1545
33		8		69		9		331		571		10		603.66		2400
34		69		58		9		0		948		10		994.25		2409
35		26		35		7		642		860		10		861.11		1956
36		53		63		6		441		687		10		654.84		1282
37		48		77		8		0		946		10		823.06		2478
38		36		5		5		600		840		10		347.52		1884
39		49		47		5		513		725		10		826.05		1457
40		35		38		9		632		870		10		1134.43		2267
41		44		62		7		617		819		10		602.95		1716
42		17		14		7		42		248		10		484.6		1231
43		6		35		7		616		868		10		863.83		1775
44		11		27		6		0		964		10		818.47		1884
45		65		47		4		0		957		10		550.56		1078
46		25		4		7		650		940		10		399.88		1518
47		38		66		5		422		662		10		373.44		1448
48		29		40		9		147		373		10		624.04		2200
49		67		12		9		713		951		10		1062.6		2547
50		32		39		9		0		985		10		1197.37		2502
51		46		40		5		842		1000		10		350.88		880
52		44		65		7		361		583		10		496.05		1121
53		13		44		5		688		898		10		511.91		1710
54		55		3		4		0		952		10		364.09		800
55		4		44		7		0		957		10		609.09		1887
56		69		45		8		309		545		10		746.85		1613
57		0		77		8		206		476		10		891.36		2145
58		32		46		9		243		435		10		777.28		2448
59		52		38		8		0		972		10		558.7		1679
60		33		20		5		0		194		10		842.5		1833

ITEMS
Type		Length		Width		Height		Mass		Fragility	LoadBearingStrength
Bt1		12		3		3		40.57		0		9.8066790
Bt2		9		4		8		78.19		0		24.8268152
Bt3		14		2		5		59.14		0		20.8230231
Bt4		16		6		5		77.66		1		9.6492344
Bt5		16		3		7		55.97		0		5.0822790
Bt6		11		5		3		123.17		0		25.7124257
Bt7		11		3		3		53.46		0		37.9118876
Bt8		9		4		7		80.26		1		1.6229506
Bt9		15		6		5		281.74		0		14.2669627
Bt10		8		5		5		131.49		0		150.7512737

DEMANDS PER CUSTOMER
i	Type Quantity
1	Bt2 2	Bt3 1	Bt7 1	
2	Bt4 1	Bt5 1	Bt8 1	Bt9 2	
3	Bt1 1	Bt2 1	Bt5 1	Bt7 3	Bt8 1	Bt9 2	
4	Bt1 1	Bt2 1	Bt5 1	Bt6 3	Bt8 1	
5	Bt1 1	Bt3 1	Bt4 1	Bt5 2	Bt6 1	Bt7 2	Bt9 1	
6	Bt2 1	Bt5 2	Bt6 1	Bt10 1	
7	Bt1 2	Bt3 1	Bt6 1	Bt7 1	Bt8 1	Bt10 1	
8	Bt2 1	Bt3 1	Bt5 1	Bt6 1	Bt8 2	Bt9 1	Bt10 1	
9	Bt1 1	Bt2 2	Bt6 1	
10	Bt2 1	Bt3 1	Bt6 1	Bt8 1	Bt10 1	
11	Bt3 3	Bt4 1	Bt6 1	Bt7 1	Bt9 1	
12	Bt1 2	Bt3 1	Bt7 2	Bt8 1	Bt9 2	Bt10 1	
13	Bt1 1	Bt2 1	Bt3 2	Bt5 1	Bt7 1	Bt8 1	Bt10 1	
14	Bt2 1	Bt4 1	Bt5 1	Bt9 2	Bt10 2	
15	Bt1 1	Bt2 1	Bt4 2	Bt5 2	
16	Bt1 1	Bt3 2	Bt10 2	
17	Bt3 1	Bt5 1	Bt9 1	Bt10 1	
18	Bt1 1	Bt2 1	Bt4 2	Bt5 2	Bt7 1	Bt10 1	
19	Bt1 1	Bt2 1	Bt4 1	Bt5 1	Bt7 1	
20	Bt1 1	Bt2 1	Bt3 2	Bt4 1	Bt5 1	Bt6 1	Bt9 1	Bt10 1	
21	Bt3 2	Bt4 1	Bt5 3	Bt7 1	
22	Bt6 1	Bt7 2	Bt8 1	Bt9 1	
23	Bt2 1	Bt5 3	Bt8 2	Bt10 2	
24	Bt4 1	Bt5 1	Bt7 2	Bt9 1	
25	Bt1 1	Bt3 1	Bt4 3	Bt8 1	Bt9 1	
26	Bt1 1	Bt4 1	Bt8 1	
27	Bt1 1	Bt5 2	Bt6 2	Bt10 1	
28	Bt2 2	Bt3 1	Bt8 3	Bt9 2	Bt10 1	
29	Bt1 1	Bt3 1	Bt9 1	Bt10 1	
30	Bt1 1	Bt2 1	Bt4 1	Bt5 1	Bt6 1	Bt7 1	Bt8 1	
31	Bt1 1	Bt3 1	Bt5 3	Bt6 2	Bt8 1	
32	Bt1 1	Bt2 1	Bt4 1	Bt6 1	Bt8 2	
33	Bt2 2	Bt3 3	Bt4 1	Bt5 2	Bt8 1	
34	Bt2 1	Bt5 2	Bt7 3	Bt8 1	Bt9 2	
35	Bt1 2	Bt5 1	Bt8 2	Bt9 2	
36	Bt2 1	Bt3 2	Bt6 1	Bt7 1	Bt9 1	
37	Bt3 2	Bt4 2	Bt5 1	Bt8 1	Bt9 1	Bt10 1	
38	Bt4 2	Bt5 2	Bt8 1	
39	Bt3 1	Bt6 1	Bt8 1	Bt9 2	
40	Bt3 2	Bt5 1	Bt7 1	Bt8 1	Bt9 2	Bt10 2	
41	Bt1 1	Bt5 3	Bt10 3	
42	Bt3 2	Bt5 1	Bt6 1	Bt7 2	Bt8 1	
43	Bt3 2	Bt4 1	Bt6 1	Bt9 1	Bt10 2	
44	Bt1 1	Bt2 1	Bt5 1	Bt8 1	Bt9 2	
45	Bt2 1	Bt3 1	Bt9 1	Bt10 1	
46	Bt1 2	Bt2 1	Bt4 1	Bt5 1	Bt7 2	
47	Bt2 2	Bt3 1	Bt4 1	Bt8 1	
48	Bt1 3	Bt2 2	Bt3 1	Bt4 2	Bt10 1	
49	Bt1 1	Bt3 2	Bt4 2	Bt7 1	Bt9 2	Bt10 1	
50	Bt1 1	Bt2 1	Bt3 3	Bt5 1	Bt9 3	
51	Bt3 2	Bt5 1	Bt6 1	Bt7 1	
52	Bt1 2	Bt3 1	Bt5 1	Bt6 2	Bt7 1	
53	Bt1 1	Bt4 1	Bt5 2	Bt9 1	
54	Bt5 1	Bt6 1	Bt7 1	Bt10 1	
55	Bt2 1	Bt3 1	Bt4 2	Bt7 1	Bt10 2	
56	Bt1 3	Bt2 1	Bt7 1	Bt8 1	Bt9 1	Bt10 1	
57	Bt2 2	Bt3 1	Bt4 1	Bt7 1	Bt9 1	Bt10 2	
58	Bt1 1	Bt2 1	Bt4 1	Bt5 2	Bt7 2	Bt8 1	Bt9 1	
59	Bt1 2	Bt2 2	Bt5 1	Bt7 1	Bt8 1	Bt10 1	
60	Bt2 1	Bt4 1	Bt6 1	Bt9 2	