Name				481_n100_m400_bt3
Number_of_Customers		100
Number_of_Items			400
Number_of_ItemTypes		3
Number_of_Vehicles		49
TimeWindows			1

VEHICLE
Mass_Capacity			12595
CargoSpace_Length		60
CargoSpace_Width		25
CargoSpace_Height		30
Wheelbase			48
Max_Mass_FrontAxle		7100
Max_Mass_RearAxle		11500
Distance_FrontAxle_CargoSpace	4

CUSTOMERS
i		x		y		Demand		ReadyTime	DueDate		ServiceTime	DemandedMass	DemandedVolume
0		35		35		0		0		230		0		0		0
1		26		46		3		0		205		10		734.3		3808
2		67		58		4		0		180		10		2512.58		15136
3		39		3		3		71		101		10		1070.76		5280
4		24		14		4		60		92		10		1845.39		9984
5		20		6		5		122		152		10		3873.15		23520
6		18		1		4		40		70		10		754.76		4096
7		41		44		4		144		174		10		1677.16		9248
8		16		36		6		0		200		10		3394.65		19392
9		28		37		5		0		212		10		1865.85		10272
10		19		24		4		0		200		10		1508.93		8512
11		31		2		4		88		110		10		1677.16		9248
12		32		29		2		57		85		10		963.32		5728
13		58		45		3		0		194		10		1320.24		7488
14		7		46		3		0		189		10		1152.01		6752
15		61		42		5		0		193		10		1697.62		9536
16		67		76		5		0		167		10		2451.79		13952
17		23		78		5		0		175		10		1279.91		6592
18		65		41		4		0		189		10		754.76		4096
19		41		56		3		155		185		10		1906.18		11168
20		70		38		4		101		135		10		1677.16		9248
21		40		25		5		0		208		10		2202.31		11744
22		31		20		2		29		51		10		963.32		5728
23		59		18		6		63		95		10		2472.25		14240
24		15		70		5		75		105		10		2283.56		13216
25		69		17		3		26		56		10		1070.76		5280
26		70		47		4		159		189		10		1845.39		9984
27		54		48		5		0		196		10		2451.79		13952
28		36		74		2		0		180		10		963.32		5728
29		36		2		3		107		141		10		902.53		4544
30		51		26		5		0		201		10		1865.85		10272
31		49		72		5		0		180		10		1529.39		8800
32		15		8		2		0		186		10		963.32		5728
33		27		7		3		113		141		10		1320.24		7488
34		15		0		2		167		193		10		713.84		3520
35		0		40		3		33		67		10		1320.24		7488
36		34		56		6		133		161		10		2054.54		11296
37		12		1		3		47		81		10		1906.18		11168
38		7		64		5		112		140		10		2034.08		11008
39		68		24		4		35		57		10		1677.16		9248
40		45		31		3		0		209		10		734.3		3808
41		30		58		6		121		143		10		3226.42		18656
42		17		44		5		149		179		10		2115.33		12480
43		55		34		4		133		171		10		1677.16		9248
44		10		18		3		132		160		10		734.3		3808
45		17		75		4		83		117		10		1508.93		8512
46		11		11		3		0		186		10		734.3		3808
47		57		24		4		0		195		10		1259.45		6304
48		43		28		6		25		53		10		3226.42		18656
49		64		63		6		0		179		10		2808.71		15712
50		4		9		4		0		179		10		1427.68		7040
51		65		36		4		0		189		10		922.99		4832
52		42		75		4		0		179		10		1926.64		11456
53		43		48		2		76		112		10		377.38		2048
54		23		53		3		149		175		10		1320.24		7488
55		43		8		6		73		99		10		2472.25		14240
56		17		49		5		0		197		10		1697.62		9536
57		2		74		3		40		64		10		1320.24		7488
58		1		4		2		0		173		10		713.84		3520
59		21		35		2		71		93		10		1131.55		6464
60		21		75		4		0		177		10		1677.16		9248
61		38		13		4		0		197		10		1926.64		11456
62		25		59		3		55		79		10		1320.24		7488
63		21		14		6		0		194		10		2472.25		14240
64		45		42		5		94		128		10		2451.79		13952
65		60		39		4		142		168		10		1091.22		5568
66		37		19		6		18		42		10		2054.54		11296
67		47		75		6		0		178		10		3226.42		18656
68		13		75		5		0		174		10		1616.37		8064
69		50		53		6		0		196		10		1718.08		9824
70		50		21		3		149		179		10		902.53		4544
71		66		5		4		126		156		10		1259.45		6304
72		45		2		3		37		61		10		1488.47		8224
73		3		19		3		0		184		10		1320.24		7488
74		52		67		6		0		183		10		3226.42		18656
75		70		34		5		144		160		10		2451.79		13952
76		9		4		2		0		179		10		963.32		5728
77		15		58		5		75		111		10		2701.27		16160
78		47		27		3		0		205		10		1906.18		11168
79		32		43		4		77		107		10		1677.16		9248
80		27		65		3		0		188		10		902.53		4544
81		46		16		3		0		198		10		1152.01		6752
82		35		53		2		4		34		10		545.61		2784
83		30		9		3		0		193		10		1070.76		5280
84		60		35		4		0		195		10		922.99		4832
85		38		63		4		0		191		10		1508.93		8512
86		35		28		4		10		38		10		922.99		4832
87		46		61		3		43		69		10		1320.24		7488
88		54		12		6		57		89		10		2640.48		14976
89		10		30		3		0		194		10		1488.47		8224
90		31		62		2		0		192		10		1131.55		6464
91		19		64		4		0		186		10		1340.7		7776
92		31		15		5		76		106		10		3287.21		19840
93		66		10		3		0		180		10		1737.95		10432
94		14		32		6		0		198		10		2808.71		15712
95		1		31		3		0		185		10		1320.24		7488
96		2		54		5		51		79		10		2283.56		13216
97		24		20		4		0		201		10		1091.22		5568
98		40		72		5		80		116		10		1279.91		6592
99		59		70		4		0		177		10		1845.39		9984
100		58		62		5		0		184		10		3455.44		20576

ITEMS
Type		Length		Width		Height		Mass		Fragility	LoadBearingStrength
Bt1		22		10		8		356.92		0		3.2800945
Bt2		28		12		14		774.63		1		3.1876620
Bt3		16		8		8		188.69		0		17.5943043

DEMANDS PER CUSTOMER
i	Type Quantity
1	Bt1 1	Bt3 2	
2	Bt2 3	Bt3 1	
3	Bt1 3	
4	Bt1 3	Bt2 1	
5	Bt2 5	
6	Bt3 4	
7	Bt1 2	Bt2 1	Bt3 1	
8	Bt1 3	Bt2 3	
9	Bt1 2	Bt2 1	Bt3 2	
10	Bt1 1	Bt2 1	Bt3 2	
11	Bt1 2	Bt2 1	Bt3 1	
12	Bt2 1	Bt3 1	
13	Bt1 1	Bt2 1	Bt3 1	
14	Bt2 1	Bt3 2	
15	Bt1 1	Bt2 1	Bt3 3	
16	Bt1 2	Bt2 2	Bt3 1	
17	Bt1 2	Bt3 3	
18	Bt3 4	
19	Bt1 1	Bt2 2	
20	Bt1 2	Bt2 1	Bt3 1	
21	Bt1 4	Bt2 1	
22	Bt2 1	Bt3 1	
23	Bt1 1	Bt2 2	Bt3 3	
24	Bt1 1	Bt2 2	Bt3 2	
25	Bt1 3	
26	Bt1 3	Bt2 1	
27	Bt1 2	Bt2 2	Bt3 1	
28	Bt2 1	Bt3 1	
29	Bt1 2	Bt3 1	
30	Bt1 2	Bt2 1	Bt3 2	
31	Bt2 1	Bt3 4	
32	Bt2 1	Bt3 1	
33	Bt1 1	Bt2 1	Bt3 1	
34	Bt1 2	
35	Bt1 1	Bt2 1	Bt3 1	
36	Bt1 2	Bt2 1	Bt3 3	
37	Bt1 1	Bt2 2	
38	Bt1 3	Bt2 1	Bt3 1	
39	Bt1 2	Bt2 1	Bt3 1	
40	Bt1 1	Bt3 2	
41	Bt1 2	Bt2 3	Bt3 1	
42	Bt2 2	Bt3 3	
43	Bt1 2	Bt2 1	Bt3 1	
44	Bt1 1	Bt3 2	
45	Bt1 1	Bt2 1	Bt3 2	
46	Bt1 1	Bt3 2	
47	Bt1 3	Bt3 1	
48	Bt1 2	Bt2 3	Bt3 1	
49	Bt1 3	Bt2 2	Bt3 1	
50	Bt1 4	
51	Bt1 1	Bt3 3	
52	Bt2 2	Bt3 2	
53	Bt3 2	
54	Bt1 1	Bt2 1	Bt3 1	
55	Bt1 1	Bt2 2	Bt3 3	
56	Bt1 1	Bt2 1	Bt3 3	
57	Bt1 1	Bt2 1	Bt3 1	
58	Bt1 2	
59	Bt1 1	Bt2 1	
60	Bt1 2	Bt2 1	Bt3 1	
61	Bt2 2	Bt3 2	
62	Bt1 1	Bt2 1	Bt3 1	
63	Bt1 1	Bt2 2	Bt3 3	
64	Bt1 2	Bt2 2	Bt3 1	
65	Bt1 2	Bt3 2	
66	Bt1 2	Bt2 1	Bt3 3	
67	Bt1 2	Bt2 3	Bt3 1	
68	Bt1 4	Bt3 1	
69	Bt2 1	Bt3 5	
70	Bt1 2	Bt3 1	
71	Bt1 3	Bt3 1	
72	Bt1 2	Bt2 1	
73	Bt1 1	Bt2 1	Bt3 1	
74	Bt1 2	Bt2 3	Bt3 1	
75	Bt1 2	Bt2 2	Bt3 1	
76	Bt2 1	Bt3 1	
77	Bt2 3	Bt3 2	
78	Bt1 1	Bt2 2	
79	Bt1 2	Bt2 1	Bt3 1	
80	Bt1 2	Bt3 1	
81	Bt2 1	Bt3 2	
82	Bt1 1	Bt3 1	
83	Bt1 3	
84	Bt1 1	Bt3 3	
85	Bt1 1	Bt2 1	Bt3 2	
86	Bt1 1	Bt3 3	
87	Bt1 1	Bt2 1	Bt3 1	
88	Bt1 2	Bt2 2	Bt3 2	
89	Bt1 2	Bt2 1	
90	Bt1 1	Bt2 1	
91	Bt2 1	Bt3 3	
92	Bt2 4	Bt3 1	
93	Bt2 2	Bt3 1	
94	Bt1 3	Bt2 2	Bt3 1	
95	Bt1 1	Bt2 1	Bt3 1	
96	Bt1 1	Bt2 2	Bt3 2	
97	Bt1 2	Bt3 2	
98	Bt1 2	Bt3 3	
99	Bt1 3	Bt2 1	
100	Bt1 1	Bt2 4	