Name				483_n100_m400_bt3
Number_of_Customers		100
Number_of_Items			400
Number_of_ItemTypes		3
Number_of_Vehicles		47
TimeWindows			1

VEHICLE
Mass_Capacity			12595
CargoSpace_Length		60
CargoSpace_Width		25
CargoSpace_Height		30
Wheelbase			48
Max_Mass_FrontAxle		7100
Max_Mass_RearAxle		11500
Distance_FrontAxle_CargoSpace	4

CUSTOMERS
i		x		y		Demand		ReadyTime	DueDate		ServiceTime	DemandedMass	DemandedVolume
0		35		35		0		0		230		0		0		0
1		56		20		2		153		185		10		837.1		3822
2		36		39		2		90		120		10		1653.88		5940
3		65		78		2		68		102		10		1451.84		4680
4		70		75		3		65		99		10		1866.08		8052
5		16		71		3		122		146		10		1664.04		6792
6		49		15		2		0		195		10		837.1		3822
7		27		10		5		0		193		10		2088.44		11016
8		19		31		6		53		81		10		2713.34		12726
9		29		13		4		25		55		10		2693.02		11022
10		68		54		4		0		181		10		1674.2		7644
11		64		29		3		0		190		10		1664.04		6792
12		8		16		2		75		105		10		1039.14		5082
13		3		73		3		108		136		10		1462		5532
14		53		47		3		0		198		10		2278.78		7650
15		43		7		6		0		190		10		3538.74		11922
16		59		75		5		0		173		10		2905.22		13134
17		43		29		3		0		210		10		1462		5532
18		70		57		4		39		69		10		2693.02		11022
19		19		78		6		98		114		10		3732.16		16104
20		6		49		6		57		79		10		3328.08		13584
21		42		15		2		0		198		10		1451.84		4680
22		44		23		2		69		101		10		1451.84		4680
23		55		56		6		107		145		10		2713.34		12726
24		47		67		5		0		185		10		2501.14		10614
25		59		11		3		0		186		10		1664.04		6792
26		28		51		5		25		49		10		3115.88		11472
27		65		49		4		0		186		10		3105.72		10620
28		58		0		4		0		178		10		1876.24		8904
29		42		49		3		10		44		10		2278.78		7650
30		51		66		3		120		142		10		2480.82		8910
31		43		38		4		0		211		10		2499.6		6840
32		63		73		4		0		172		10		1463.54		9306
33		11		25		5		96		116		10		2088.44		11016
34		11		15		6		21		49		10		2713.34		12726
35		56		24		6		0		196		10		3530.12		14844
36		8		20		5		0		189		10		2088.44		11016
37		57		46		2		181		203		10		1039.14		5082
38		57		80		4		0		169		10		1876.24		8904
39		13		28		4		0		196		10		2490.98		9762
40		69		17		4		0		181		10		2078.28		10164
41		56		32		5		0		198		10		2088.44		11016
42		12		60		2		164		192		10		1451.84		4680
43		16		15		5		107		145		10		3326.54		9810
44		33		80		5		57		81		10		3932.66		13590
45		31		61		6		0		193		10		4153.48		12780
46		52		8		2		28		60		10		1039.14		5082
47		62		37		2		0		192		10		1451.84		4680
48		31		1		5		37		55		10		2299.1		9354
49		13		41		2		0		197		10		1451.84		4680
50		19		7		3		0		187		10		1251.34		7194
51		27		18		5		47		75		10		2711.8		8952
52		56		3		6		48		72		10		2713.34		12726
53		70		47		4		0		183		10		2078.28		10164
54		34		76		4		68		100		10		2288.94		8502
55		63		5		3		0		178		10		1664.04		6792
56		28		60		6		22		52		10		3328.08		13584
57		24		51		6		80		114		10		3126.04		12324
58		39		49		4		0		205		10		2288.94		8502
59		28		36		3		0		212		10		1049.3		5934
60		21		21		3		0		200		10		1664.04		6792
61		8		59		5		43		67		10		2501.14		10614
62		16		66		4		0		183		10		1463.54		9306
63		4		9		4		142		166		10		1463.54		9306
64		5		52		3		87		117		10		1049.3		5934
65		2		1		6		93		119		10		3942.82		14442
66		52		3		4		121		147		10		2693.02		11022
67		57		52		4		0		192		10		3105.72		10620
68		56		38		3		76		108		10		2278.78		7650
69		26		14		4		0		197		10		1463.54		9306
70		15		11		3		0		188		10		1664.04		6792
71		24		2		6		0		185		10		3328.08		13584
72		0		33		4		152		184		10		1463.54		9306
73		40		4		4		0		188		10		3105.72		10620
74		25		26		4		175		207		10		1674.2		7644
75		69		60		5		42		64		10		3115.88		11472
76		49		56		4		132		172		10		2288.94		8502
77		27		2		5		90		114		10		2703.18		11874
78		38		44		6		0		210		10		4355.52		14040
79		11		53		2		0		190		10		424.4		4224
80		60		18		6		0		189		10		3328.08		13584
81		61		31		4		61		93		10		2288.94		8502
82		35		20		6		0		205		10		3328.08		13584
83		52		22		4		174		202		10		2701.64		8100
84		20		1		5		75		101		10		3326.54		9810
85		53		35		4		0		202		10		2078.28		10164
86		0		78		4		0		164		10		848.8		8448
87		55		62		4		0		186		10		2701.64		8100
88		15		46		4		127		161		10		2288.94		8502
89		24		43		6		41		79		10		2300.64		13128
90		14		7		4		137		161		10		1463.54		9306
91		56		15		4		0		191		10		2078.28		10164
92		37		9		6		21		47		10		3538.74		11922
93		40		8		5		0		192		10		2703.18		11874
94		34		73		2		0		181		10		1039.14		5082
95		46		13		2		0		195		10		837.1		3822
96		16		76		2		0		174		10		1451.84		4680
97		69		68		3		0		172		10		1462		5532
98		42		52		3		106		138		10		2278.78		7650
99		48		41		2		0		205		10		1249.8		3420
100		65		25		4		137		169		10		3105.72		10620

ITEMS
Type		Length		Width		Height		Mass		Fragility	LoadBearingStrength
Bt1		16		11		12		212.20		0		2.8858082
Bt2		33		9		10		826.94		0		20.7430154
Bt3		19		9		10		624.90		1		4.6265441

DEMANDS PER CUSTOMER
i	Type Quantity
1	Bt1 1	Bt3 1	
2	Bt2 2	
3	Bt2 1	Bt3 1	
4	Bt1 1	Bt2 2	
5	Bt1 1	Bt2 1	Bt3 1	
6	Bt1 1	Bt3 1	
7	Bt1 3	Bt2 1	Bt3 1	
8	Bt1 3	Bt2 1	Bt3 2	
9	Bt1 1	Bt2 3	
10	Bt1 2	Bt3 2	
11	Bt1 1	Bt2 1	Bt3 1	
12	Bt1 1	Bt2 1	
13	Bt1 1	Bt3 2	
14	Bt2 2	Bt3 1	
15	Bt1 1	Bt2 1	Bt3 4	
16	Bt1 2	Bt2 3	
17	Bt1 1	Bt3 2	
18	Bt1 1	Bt2 3	
19	Bt1 2	Bt2 4	
20	Bt1 2	Bt2 2	Bt3 2	
21	Bt2 1	Bt3 1	
22	Bt2 1	Bt3 1	
23	Bt1 3	Bt2 1	Bt3 2	
24	Bt1 2	Bt2 1	Bt3 2	
25	Bt1 1	Bt2 1	Bt3 1	
26	Bt1 1	Bt2 2	Bt3 2	
27	Bt2 3	Bt3 1	
28	Bt1 2	Bt2 1	Bt3 1	
29	Bt2 2	Bt3 1	
30	Bt2 3	
31	Bt3 4	
32	Bt1 3	Bt2 1	
33	Bt1 3	Bt2 1	Bt3 1	
34	Bt1 3	Bt2 1	Bt3 2	
35	Bt1 2	Bt2 3	Bt3 1	
36	Bt1 3	Bt2 1	Bt3 1	
37	Bt1 1	Bt2 1	
38	Bt1 2	Bt2 1	Bt3 1	
39	Bt1 1	Bt2 2	Bt3 1	
40	Bt1 2	Bt2 2	
41	Bt1 3	Bt2 1	Bt3 1	
42	Bt2 1	Bt3 1	
43	Bt2 1	Bt3 4	
44	Bt2 4	Bt3 1	
45	Bt2 2	Bt3 4	
46	Bt1 1	Bt2 1	
47	Bt2 1	Bt3 1	
48	Bt1 2	Bt3 3	
49	Bt2 1	Bt3 1	
50	Bt1 2	Bt2 1	
51	Bt1 1	Bt3 4	
52	Bt1 3	Bt2 1	Bt3 2	
53	Bt1 2	Bt2 2	
54	Bt1 1	Bt2 1	Bt3 2	
55	Bt1 1	Bt2 1	Bt3 1	
56	Bt1 2	Bt2 2	Bt3 2	
57	Bt1 2	Bt2 1	Bt3 3	
58	Bt1 1	Bt2 1	Bt3 2	
59	Bt1 2	Bt3 1	
60	Bt1 1	Bt2 1	Bt3 1	
61	Bt1 2	Bt2 1	Bt3 2	
62	Bt1 3	Bt2 1	
63	Bt1 3	Bt2 1	
64	Bt1 2	Bt3 1	
65	Bt1 1	Bt2 3	Bt3 2	
66	Bt1 1	Bt2 3	
67	Bt2 3	Bt3 1	
68	Bt2 2	Bt3 1	
69	Bt1 3	Bt2 1	
70	Bt1 1	Bt2 1	Bt3 1	
71	Bt1 2	Bt2 2	Bt3 2	
72	Bt1 3	Bt2 1	
73	Bt2 3	Bt3 1	
74	Bt1 2	Bt3 2	
75	Bt1 1	Bt2 2	Bt3 2	
76	Bt1 1	Bt2 1	Bt3 2	
77	Bt1 2	Bt2 2	Bt3 1	
78	Bt2 3	Bt3 3	
79	Bt1 2	
80	Bt1 2	Bt2 2	Bt3 2	
81	Bt1 1	Bt2 1	Bt3 2	
82	Bt1 2	Bt2 2	Bt3 2	
83	Bt2 1	Bt3 3	
84	Bt2 1	Bt3 4	
85	Bt1 2	Bt2 2	
86	Bt1 4	
87	Bt2 1	Bt3 3	
88	Bt1 1	Bt2 1	Bt3 2	
89	Bt1 4	Bt2 1	Bt3 1	
90	Bt1 3	Bt2 1	
91	Bt1 2	Bt2 2	
92	Bt1 1	Bt2 1	Bt3 4	
93	Bt1 2	Bt2 2	Bt3 1	
94	Bt1 1	Bt2 1	
95	Bt1 1	Bt3 1	
96	Bt2 1	Bt3 1	
97	Bt1 1	Bt3 2	
98	Bt2 2	Bt3 1	
99	Bt3 2	
100	Bt2 3	Bt3 1	