Name				485_n100_m400_bt3
Number_of_Customers		100
Number_of_Items			400
Number_of_ItemTypes		3
Number_of_Vehicles		53
TimeWindows			1

VEHICLE
Mass_Capacity			12595
CargoSpace_Length		60
CargoSpace_Width		25
CargoSpace_Height		30
Wheelbase			48
Max_Mass_FrontAxle		7100
Max_Mass_RearAxle		11500
Distance_FrontAxle_CargoSpace	4

CUSTOMERS
i		x		y		Demand		ReadyTime	DueDate		ServiceTime	DemandedMass	DemandedVolume
0		35		35		0		0		230		0		0		0
1		27		11		4		0		194		10		1066.8		8764
2		7		80		4		152		178		10		1130.16		5824
3		26		1		6		0		184		10		2342.68		16564
4		55		24		3		0		197		10		972.52		8040
5		49		8		3		0		189		10		1349.04		9504
6		39		29		2		0		212		10		711.1		5604
7		48		1		3		0		183		10		826.5		5348
8		48		46		4		120		144		10		1255.06		9496
9		6		26		4		0		189		10		1297.3		7536
10		24		8		4		105		139		10		1233.94		10476
11		19		59		4		0		191		10		1443.32		10228
12		10		61		5		0		183		10		1725.86		11684
13		56		9		3		0		186		10		1160.78		8772
14		68		57		6		0		180		10		1841.26		11428
15		62		64		4		0		180		10		1130.16		5824
16		9		39		5		27		49		10		1537.6		10952
17		18		51		6		0		196		10		1966.16		15100
18		16		27		4		0		199		10		1276.18		8516
19		27		15		4		184		210		10		1443.32		10228
20		43		35		6		0		212		10		1820.14		12408
21		28		43		2		0		209		10		732.22		4624
22		0		75		5		0		166		10		1704.74		12664
23		22		67		4		0		185		10		1109.04		6804
24		15		20		6		0		195		10		2342.68		16564
25		65		14		3		0		183		10		826.5		5348
26		65		30		6		0		189		10		2154.42		15832
27		2		43		3		0		186		10		1014.76		6080
28		32		2		5		0		186		10		1914.12		12416
29		25		34		6		0		209		10		2175.54		14852
30		69		48		2		160		194		10		565.08		2912
31		21		28		5		0		204		10		1893		13396
32		7		72		5		0		173		10		1893		13396
33		65		59		3		0		181		10		972.52		8040
34		40		68		4		0		186		10		1422.2		11208
35		45		0		5		147		175		10		1558.72		9972
36		13		43		4		159		191		10		1255.06		9496
37		0		51		5		0		181		10		1370.46		9240
38		4		74		2		0		170		10		732.22		4624
39		14		80		4		0		170		10		1610.46		11940
40		17		4		4		0		184		10		1610.46		11940
41		65		7		2		0		178		10		522.84		4872
42		65		64		4		0		178		10		1297.3		7536
43		1		66		2		0		173		10		711.1		5604
44		11		15		3		0		188		10		805.38		6328
45		3		7		4		153		183		10		1443.32		10228
46		51		65		6		0		186		10		1820.14		12408
47		46		35		2		0		209		10		543.96		3892
48		48		60		4		0		191		10		1066.8		8764
49		1		34		5		163		193		10		1704.74		12664
50		66		78		4		0		166		10		1109.04		6804
51		61		70		2		0		176		10		543.96		3892
52		33		30		2		0		214		10		711.1		5604
53		32		27		3		0		211		10		993.64		7060
54		21		16		4		124		156		10		1464.44		9248
55		20		46		3		0		201		10		993.64		7060
56		28		72		3		0		182		10		805.38		6328
57		26		5		2		15		53		10		899.36		6336
58		18		67		6		0		183		10		1862.38		10448
59		45		52		4		0		200		10		1255.06		9496
60		22		22		5		0		201		10		1704.74		12664
61		8		30		5		0		192		10		1537.6		10952
62		49		52		4		0		197		10		1255.06		9496
63		26		67		6		132		164		10		2008.4		13140
64		3		79		4		95		125		10		1087.92		7784
65		0		2		3		83		113		10		805.38		6328
66		23		45		6		0		204		10		2175.54		14852
67		6		16		3		0		185		10		993.64		7060
68		28		60		6		0		194		10		1799.02		13388
69		33		13		3		27		63		10		805.38		6328
70		16		10		3		89		121		10		805.38		6328
71		31		5		6		0		189		10		1799.02		13388
72		5		0		4		0		173		10		1255.06		9496
73		65		39		3		0		189		10		972.52		8040
74		7		20		4		0		188		10		1087.92		7784
75		21		55		6		37		65		10		2363.8		15584
76		12		46		2		48		80		10		711.1		5604
77		5		68		2		0		175		10		522.84		4872
78		56		77		5		48		78		10		1725.86		11684
79		29		75		3		0		179		10		826.5		5348
80		28		51		4		0		202		10		1297.3		7536
81		51		44		4		0		201		10		1443.32		10228
82		19		62		2		0		188		10		711.1		5604
83		3		13		3		0		181		10		993.64		7060
84		65		69		6		0		174		10		2342.68		16564
85		35		64		6		0		191		10		1777.9		14368
86		6		65		4		0		178		10		1066.8		8764
87		51		4		6		0		185		10		1820.14		12408
88		14		67		4		0		181		10		1631.58		10960
89		68		9		5		0		177		10		1893		13396
90		34		23		3		0		207		10		993.64		7060
91		53		52		3		91		121		10		993.64		7060
92		54		46		4		38		78		10		1443.32		10228
93		39		7		3		60		92		10		805.38		6328
94		0		21		5		0		182		10		1704.74		12664
95		19		75		4		0		176		10		1297.3		7536
96		44		43		4		0		207		10		1443.32		10228
97		2		25		5		114		144		10		1537.6		10952
98		47		69		3		74		100		10		1014.76		6080
99		55		0		4		0		179		10		1443.32		10228
100		48		55		3		0		196		10		1014.76		6080

ITEMS
Type		Length		Width		Height		Mass		Fragility	LoadBearingStrength
Bt1		32		9		11		449.68		0		8.8056326
Bt2		29		7		12		261.42		1		1.9834895
Bt3		14		13		8		282.54		0		7.7560033

DEMANDS PER CUSTOMER
i	Type Quantity
1	Bt2 3	Bt3 1	
2	Bt3 4	
3	Bt1 4	Bt2 1	Bt3 1	
4	Bt1 1	Bt2 2	
5	Bt1 3	
6	Bt1 1	Bt2 1	
7	Bt2 1	Bt3 2	
8	Bt1 1	Bt2 2	Bt3 1	
9	Bt1 1	Bt3 3	
10	Bt1 1	Bt2 3	
11	Bt1 2	Bt2 1	Bt3 1	
12	Bt1 2	Bt2 1	Bt3 2	
13	Bt1 2	Bt2 1	
14	Bt1 1	Bt2 1	Bt3 4	
15	Bt3 4	
16	Bt1 1	Bt2 2	Bt3 2	
17	Bt1 2	Bt2 3	Bt3 1	
18	Bt1 1	Bt2 1	Bt3 2	
19	Bt1 2	Bt2 1	Bt3 1	
20	Bt1 1	Bt2 2	Bt3 3	
21	Bt1 1	Bt3 1	
22	Bt1 2	Bt2 2	Bt3 1	
23	Bt2 1	Bt3 3	
24	Bt1 4	Bt2 1	Bt3 1	
25	Bt2 1	Bt3 2	
26	Bt1 3	Bt2 2	Bt3 1	
27	Bt1 1	Bt3 2	
28	Bt1 3	Bt3 2	
29	Bt1 3	Bt2 1	Bt3 2	
30	Bt3 2	
31	Bt1 3	Bt2 1	Bt3 1	
32	Bt1 3	Bt2 1	Bt3 1	
33	Bt1 1	Bt2 2	
34	Bt1 2	Bt2 2	
35	Bt1 1	Bt2 1	Bt3 3	
36	Bt1 1	Bt2 2	Bt3 1	
37	Bt2 2	Bt3 3	
38	Bt1 1	Bt3 1	
39	Bt1 3	Bt2 1	
40	Bt1 3	Bt2 1	
41	Bt2 2	
42	Bt1 1	Bt3 3	
43	Bt1 1	Bt2 1	
44	Bt2 2	Bt3 1	
45	Bt1 2	Bt2 1	Bt3 1	
46	Bt1 1	Bt2 2	Bt3 3	
47	Bt2 1	Bt3 1	
48	Bt2 3	Bt3 1	
49	Bt1 2	Bt2 2	Bt3 1	
50	Bt2 1	Bt3 3	
51	Bt2 1	Bt3 1	
52	Bt1 1	Bt2 1	
53	Bt1 1	Bt2 1	Bt3 1	
54	Bt1 2	Bt3 2	
55	Bt1 1	Bt2 1	Bt3 1	
56	Bt2 2	Bt3 1	
57	Bt1 2	
58	Bt1 1	Bt3 5	
59	Bt1 1	Bt2 2	Bt3 1	
60	Bt1 2	Bt2 2	Bt3 1	
61	Bt1 1	Bt2 2	Bt3 2	
62	Bt1 1	Bt2 2	Bt3 1	
63	Bt1 2	Bt2 1	Bt3 3	
64	Bt2 2	Bt3 2	
65	Bt2 2	Bt3 1	
66	Bt1 3	Bt2 1	Bt3 2	
67	Bt1 1	Bt2 1	Bt3 1	
68	Bt1 1	Bt2 3	Bt3 2	
69	Bt2 2	Bt3 1	
70	Bt2 2	Bt3 1	
71	Bt1 1	Bt2 3	Bt3 2	
72	Bt1 1	Bt2 2	Bt3 1	
73	Bt1 1	Bt2 2	
74	Bt2 2	Bt3 2	
75	Bt1 4	Bt3 2	
76	Bt1 1	Bt2 1	
77	Bt2 2	
78	Bt1 2	Bt2 1	Bt3 2	
79	Bt2 1	Bt3 2	
80	Bt1 1	Bt3 3	
81	Bt1 2	Bt2 1	Bt3 1	
82	Bt1 1	Bt2 1	
83	Bt1 1	Bt2 1	Bt3 1	
84	Bt1 4	Bt2 1	Bt3 1	
85	Bt1 1	Bt2 4	Bt3 1	
86	Bt2 3	Bt3 1	
87	Bt1 1	Bt2 2	Bt3 3	
88	Bt1 3	Bt3 1	
89	Bt1 3	Bt2 1	Bt3 1	
90	Bt1 1	Bt2 1	Bt3 1	
91	Bt1 1	Bt2 1	Bt3 1	
92	Bt1 2	Bt2 1	Bt3 1	
93	Bt2 2	Bt3 1	
94	Bt1 2	Bt2 2	Bt3 1	
95	Bt1 1	Bt3 3	
96	Bt1 2	Bt2 1	Bt3 1	
97	Bt1 1	Bt2 2	Bt3 2	
98	Bt1 1	Bt3 2	
99	Bt1 2	Bt2 1	Bt3 1	
100	Bt1 1	Bt3 2	