Name				487_n100_m400_bt10
Number_of_Customers		100
Number_of_Items			400
Number_of_ItemTypes		10
Number_of_Vehicles		62
TimeWindows			1

VEHICLE
Mass_Capacity			12595
CargoSpace_Length		60
CargoSpace_Width		25
CargoSpace_Height		30
Wheelbase			48
Max_Mass_FrontAxle		7100
Max_Mass_RearAxle		11500
Distance_FrontAxle_CargoSpace	4

CUSTOMERS
i		x		y		Demand		ReadyTime	DueDate		ServiceTime	DemandedMass	DemandedVolume
0		35		35		0		0		230		0		0		0
1		15		49		2		94		128		10		1250.87		4320
2		21		47		4		0		201		10		1657.22		8274
3		5		66		3		55		79		10		1079.75		6801
4		53		21		2		95		121		10		1622.1		7732
5		25		36		3		133		167		10		2614.06		10672
6		22		74		6		100		136		10		3077.79		12382
7		44		6		4		56		84		10		1593.4		8442
8		37		42		4		0		212		10		3543.26		10680
9		7		29		6		38		62		10		3008.13		15310
10		1		55		4		133		165		10		2613		14120
11		21		40		4		44		74		10		2852.96		17334
12		53		31		6		81		109		10		4631.89		17273
13		16		31		2		0		200		10		609.02		2611
14		49		24		3		0		202		10		2010.9		10648
15		17		75		2		84		118		10		813.38		3360
16		39		3		6		0		187		10		2886.83		11176
17		64		14		3		110		132		10		1577.54		9496
18		49		29		4		102		132		10		2538.67		13784
19		24		77		6		128		158		10		2544.54		12937
20		64		5		4		0		178		10		2082.72		8535
21		40		50		4		70		102		10		2547.53		9847
22		2		62		6		99		125		10		2422.11		13462
23		32		54		6		82		112		10		2921.39		14037
24		16		25		4		131		157		10		2237.64		10900
25		24		49		4		34		58		10		1595.79		9191
26		1		79		6		82		112		10		4996.1		15000
27		21		57		6		50		84		10		3956.13		15191
28		66		37		4		0		188		10		2580.51		11230
29		54		24		4		47		79		10		1420.01		5222
30		48		35		4		186		210		10		2369.27		10511
31		32		50		3		148		178		10		2571.94		7650
32		44		56		2		60		96		10		986.77		6580
33		27		24		3		58		84		10		2807.46		8610
34		5		21		3		89		115		10		2345.2		8916
35		70		34		6		56		86		10		2844.27		12762
36		60		60		4		91		117		10		2442.99		9136
37		32		3		4		34		66		10		3145.14		12580
38		35		67		3		140		176		10		2607.18		10702
39		19		10		4		21		47		10		2442.99		9136
40		0		42		4		0		184		10		2534.04		15686
41		31		10		2		49		75		10		1424.26		7540
42		67		64		3		154		190		10		2165.61		6901
43		12		43		3		171		199		10		1612.78		12548
44		37		80		3		63		91		10		1841.64		7236
45		59		50		5		99		131		10		3141.37		14687
46		43		20		6		0		203		10		3150.35		13663
47		34		21		4		0		205		10		3232.62		11145
48		2		6		3		56		82		10		1435.31		6487
49		65		0		6		0		173		10		3743.15		16397
50		70		10		5		51		91		10		1553.26		11172
51		50		9		4		0		189		10		1824.11		9403
52		0		48		3		68		92		10		1375.57		9496
53		53		28		5		24		48		10		2655.6		12687
54		51		48		3		0		199		10		1641.36		9328
55		40		45		2		4		30		10		1829.26		5610
56		40		65		3		0		189		10		2024.71		6571
57		26		70		4		0		183		10		2151.48		11718
58		9		72		4		45		73		10		2125.9		9441
59		64		62		4		0		180		10		1779.87		10427
60		8		43		4		111		135		10		1595.79		9191
61		26		28		3		77		101		10		1831.31		8633
62		20		28		3		115		143		10		1184.29		7512
63		67		79		5		0		165		10		2984.81		12161
64		26		9		6		56		88		10		2969.67		15077
65		70		51		6		148		178		10		3630.76		15576
66		31		41		6		106		126		10		3866.98		18015
67		13		79		6		127		165		10		3720.54		16960
68		29		6		5		0		190		10		2242.39		11968
69		64		49		5		107		151		10		2734.13		11311
70		45		51		5		143		167		10		3833.28		16288
71		42		30		5		159		189		10		3248.91		9901
72		31		61		3		175		191		10		1517.24		7761
73		8		51		3		0		188		10		2031.59		6541
74		54		64		4		30		50		10		3018		12190
75		69		25		4		109		137		10		2404.51		13563
76		22		64		5		128		158		10		3033.13		13978
77		60		34		2		0		194		10		1032.7		7648
78		69		0		6		57		83		10		3279.34		14472
79		8		22		3		0		190		10		1867.88		14364
80		37		29		2		0		213		10		1488.08		7372
81		68		61		4		0		177		10		2442.99		9136
82		55		72		3		69		87		10		1657.56		6000
83		8		26		2		43		67		10		1287.8		9464
84		38		61		4		177		201		10		2590.98		15548
85		10		36		2		129		157		10		1050.59		6412
86		40		25		5		15		45		10		3075.52		15661
87		36		8		4		38		68		10		2776.66		9330
88		21		14		6		0		194		10		4112.69		17717
89		60		18		5		67		107		10		2962.43		14176
90		31		78		4		150		180		10		2285.26		14060
91		49		51		4		93		125		10		2249.23		11785
92		21		31		3		64		90		10		2369.97		7650
93		15		39		5		129		169		10		2272.54		16226
94		67		9		3		155		177		10		1299.61		5565
95		2		9		6		0		177		10		2875.82		12382
96		19		61		2		95		127		10		673.06		5121
97		52		35		2		77		109		10		1558.28		7900
98		13		65		3		25		53		10		1651.26		8121
99		40		71		2		166		196		10		1287.8		9464
100		55		69		6		38		66		10		4638.41		17830

ITEMS
Type		Length		Width		Height		Mass		Fragility	LoadBearingStrength
Bt1		35		10		14		580.08		0		9.4296173
Bt2		25		12		10		978.20		0		28.1001049
Bt3		19		7		7		202.33		0		43.4532651
Bt4		35		6		8		608.66		1		10.0785869
Bt5		27		9		12		388.80		0		4.5982055
Bt6		35		7		9		284.26		1		6.0625183
Bt7		14		10		12		406.69		0		12.8239353
Bt8		33		9		10		985.08		0		14.9395318
Bt9		20		12		11		844.18		0		15.4120486
Bt10		26		14		13		643.90		0		6.6648650

DEMANDS PER CUSTOMER
i	Type Quantity
1	Bt7 1	Bt9 1	
2	Bt3 2	Bt4 1	Bt10 1	
3	Bt5 1	Bt6 1	Bt7 1	
4	Bt2 1	Bt10 1	
5	Bt8 2	Bt10 1	
6	Bt3 1	Bt4 2	Bt5 1	Bt6 1	Bt8 1	
7	Bt1 1	Bt3 2	Bt4 1	
8	Bt2 3	Bt4 1	
9	Bt1 1	Bt4 1	Bt6 2	Bt7 1	Bt9 1	
10	Bt1 2	Bt4 1	Bt9 1	
11	Bt1 1	Bt8 1	Bt10 2	
12	Bt2 2	Bt3 1	Bt8 1	Bt9 1	Bt10 1	
13	Bt3 1	Bt7 1	
14	Bt2 1	Bt5 1	Bt10 1	
15	Bt7 2	
16	Bt2 1	Bt3 1	Bt4 1	Bt6 1	Bt7 2	
17	Bt1 1	Bt4 1	Bt5 1	
18	Bt7 1	Bt9 1	Bt10 2	
19	Bt2 1	Bt3 1	Bt5 1	Bt6 2	Bt7 1	
20	Bt6 1	Bt7 2	Bt8 1	
21	Bt2 2	Bt3 1	Bt5 1	
22	Bt2 1	Bt3 1	Bt5 1	Bt6 3	
23	Bt4 1	Bt5 2	Bt6 1	Bt7 1	Bt9 1	
24	Bt1 1	Bt7 2	Bt9 1	
25	Bt1 1	Bt3 1	Bt7 2	
26	Bt2 3	Bt4 2	Bt9 1	
27	Bt1 1	Bt2 2	Bt3 1	Bt4 2	
28	Bt1 1	Bt4 1	Bt7 1	Bt8 1	
29	Bt3 2	Bt4 1	Bt7 1	
30	Bt1 1	Bt2 1	Bt3 1	Bt4 1	
31	Bt2 1	Bt4 1	Bt8 1	
32	Bt1 1	Bt7 1	
33	Bt2 1	Bt8 1	Bt9 1	
34	Bt2 2	Bt5 1	
35	Bt1 1	Bt3 2	Bt4 1	Bt7 1	Bt9 1	
36	Bt2 2	Bt3 1	Bt6 1	
37	Bt1 1	Bt2 2	Bt4 1	
38	Bt2 1	Bt8 1	Bt10 1	
39	Bt2 2	Bt3 1	Bt6 1	
40	Bt1 2	Bt5 1	Bt8 1	
41	Bt1 1	Bt9 1	
42	Bt2 1	Bt3 1	Bt8 1	
43	Bt1 1	Bt5 1	Bt10 1	
44	Bt4 1	Bt5 1	Bt9 1	
45	Bt1 1	Bt3 1	Bt5 1	Bt8 2	
46	Bt1 1	Bt2 1	Bt3 3	Bt8 1	
47	Bt2 1	Bt6 1	Bt8 2	
48	Bt3 1	Bt5 1	Bt9 1	
49	Bt1 1	Bt2 1	Bt3 1	Bt4 1	Bt5 1	Bt8 1	
50	Bt1 1	Bt3 2	Bt6 2	
51	Bt3 1	Bt5 2	Bt9 1	
52	Bt1 1	Bt5 1	Bt7 1	
53	Bt4 1	Bt5 2	Bt6 1	Bt8 1	
54	Bt4 1	Bt5 1	Bt10 1	
55	Bt8 1	Bt9 1	
56	Bt2 1	Bt3 1	Bt9 1	
57	Bt5 3	Bt8 1	
58	Bt4 1	Bt5 1	Bt6 1	Bt9 1	
59	Bt1 1	Bt3 1	Bt4 1	Bt5 1	
60	Bt1 1	Bt3 1	Bt7 2	
61	Bt3 1	Bt8 1	Bt10 1	
62	Bt5 2	Bt7 1	
63	Bt1 1	Bt3 1	Bt4 2	Bt8 1	
64	Bt1 1	Bt3 1	Bt5 1	Bt7 2	Bt8 1	
65	Bt5 1	Bt6 2	Bt8 1	Bt9 2	
66	Bt3 1	Bt7 1	Bt8 2	Bt10 2	
67	Bt1 1	Bt2 1	Bt4 1	Bt6 2	Bt8 1	
68	Bt2 1	Bt3 1	Bt5 2	Bt6 1	
69	Bt2 1	Bt3 1	Bt6 2	Bt8 1	
70	Bt2 2	Bt5 1	Bt9 1	Bt10 1	
71	Bt3 1	Bt4 2	Bt8 1	Bt9 1	
72	Bt5 1	Bt6 1	Bt9 1	
73	Bt3 1	Bt8 1	Bt9 1	
74	Bt1 1	Bt4 1	Bt8 1	Bt9 1	
75	Bt1 1	Bt2 1	Bt3 1	Bt10 1	
76	Bt4 1	Bt5 1	Bt7 1	Bt8 1	Bt10 1	
77	Bt5 1	Bt10 1	
78	Bt5 2	Bt7 2	Bt9 2	
79	Bt1 1	Bt10 2	
80	Bt9 1	Bt10 1	
81	Bt2 2	Bt3 1	Bt6 1	
82	Bt7 2	Bt9 1	
83	Bt10 2	
84	Bt1 1	Bt2 1	Bt5 1	Bt10 1	
85	Bt7 1	Bt10 1	
86	Bt1 1	Bt2 1	Bt5 1	Bt6 1	Bt9 1	
87	Bt2 1	Bt7 2	Bt8 1	
88	Bt1 1	Bt2 2	Bt3 1	Bt5 1	Bt8 1	
89	Bt1 1	Bt2 1	Bt4 1	Bt5 1	Bt7 1	
90	Bt4 1	Bt5 1	Bt10 2	
91	Bt1 1	Bt2 1	Bt6 1	Bt7 1	
92	Bt2 1	Bt7 1	Bt8 1	
93	Bt1 1	Bt3 2	Bt10 2	
94	Bt4 1	Bt6 1	Bt7 1	
95	Bt3 1	Bt4 1	Bt5 1	Bt6 1	Bt7 1	Bt8 1	
96	Bt5 1	Bt6 1	
97	Bt1 1	Bt2 1	
98	Bt2 1	Bt5 1	Bt6 1	
99	Bt10 2	
100	Bt1 1	Bt2 1	Bt7 1	Bt8 1	Bt9 2	