Name				501_n100_m400_bt10
Number_of_Customers		100
Number_of_Items			400
Number_of_ItemTypes		10
Number_of_Vehicles		21
TimeWindows			1

VEHICLE
Mass_Capacity			12595
CargoSpace_Length		60
CargoSpace_Width		25
CargoSpace_Height		30
Wheelbase			48
Max_Mass_FrontAxle		7100
Max_Mass_RearAxle		11500
Distance_FrontAxle_CargoSpace	4

CUSTOMERS
i		x		y		Demand		ReadyTime	DueDate		ServiceTime	DemandedMass	DemandedVolume
0		35		35		0		0		230		0		0		0
1		54		71		4		71		103		10		530		766
2		70		15		5		0		179		10		857.84		1812
3		15		74		6		0		176		10		1132.75		2568
4		67		31		4		0		187		10		658.19		1296
5		55		8		2		0		186		10		515.33		864
6		17		17		4		0		194		10		821.41		1932
7		63		35		3		0		192		10		607.29		1218
8		19		4		3		95		127		10		380.91		888
9		26		57		4		0		196		10		475.33		842
10		53		66		2		0		184		10		398.26		924
11		0		73		4		0		168		10		684.21		1106
12		48		74		3		0		178		10		459.58		888
13		68		52		3		0		182		10		597.23		1512
14		50		64		2		0		187		10		130.3		408
15		62		4		5		0		178		10		924.18		1580
16		2		20		3		0		183		10		651.33		1004
17		61		13		3		90		114		10		392.09		616
18		28		29		6		0		210		10		849.14		1892
19		28		48		4		0		205		10		512.7		1084
20		35		61		3		0		194		10		442.58		1242
21		17		57		6		0		191		10		1090.41		2424
22		56		24		4		0		196		10		850.3		1592
23		31		77		4		0		177		10		554.71		1128
24		3		2		5		140		170		10		862.57		1716
25		41		65		6		0		189		10		883.27		1850
26		28		7		3		175		205		10		430.93		938
27		38		49		4		43		67		10		492.46		1154
28		31		42		3		97		129		10		726.65		1224
29		38		53		5		78		102		10		830.97		1370
30		12		27		6		25		55		10		1278.91		2388
31		8		74		5		0		172		10		1122.62		2082
32		51		59		5		0		191		10		867.9		1682
33		5		37		3		0		189		10		641.41		1308
34		8		39		4		0		192		10		870.1		1592
35		35		30		6		0		215		10		1325.9		2406
36		54		28		3		0		199		10		700.67		962
37		44		76		6		0		178		10		1009.4		1992
38		0		79		3		0		163		10		635.73		1080
39		32		4		3		52		84		10		435.34		1266
40		9		35		4		83		119		10		575.55		1350
41		3		71		4		0		171		10		636.78		1158
42		19		30		3		0		203		10		396.06		1014
43		32		11		4		0		195		10		447.62		1308
44		48		17		3		0		197		10		337.42		692
45		2		27		3		0		186		10		584.1		1056
46		43		9		4		0		192		10		688.62		1434
47		43		6		6		0		189		10		1339.03		2862
48		29		68		3		90		124		10		619.64		990
49		30		26		3		0		209		10		516.37		1074
50		60		80		6		0		168		10		843.52		1808
51		12		57		3		0		188		10		457.29		822
52		14		68		5		0		180		10		807.91		1710
53		36		25		6		0		209		10		1357.94		2682
54		19		24		3		159		187		10		722		1350
55		70		59		5		0		177		10		1002.16		1980
56		4		32		3		0		188		10		349.07		996
57		52		78		4		0		173		10		685.8		1704
58		55		75		4		153		177		10		718.84		1484
59		39		35		3		0		216		10		627.09		1218
60		27		2		2		0		186		10		408.32		630
61		19		41		5		106		138		10		976.45		2394
62		46		70		5		0		183		10		519.35		1124
63		18		67		3		91		121		10		526.43		780
64		11		53		3		61		101		10		482.56		962
65		65		65		6		0		177		10		1003.14		1980
66		67		9		3		106		124		10		930.05		1644
67		17		64		4		0		185		10		465.27		1136
68		63		31		2		152		184		10		366.36		822
69		24		16		3		0		198		10		519.19		804
70		11		41		2		0		195		10		566.96		888
71		47		67		4		0		185		10		906.14		1560
72		42		52		4		0		201		10		607.82		1304
73		51		42		4		0		202		10		750.23		1578
74		8		59		6		122		156		10		1111.12		2144
75		59		62		4		0		183		10		339.63		1110
76		22		72		6		75		111		10		893.75		2110
77		36		38		2		0		216		10		327.52		500
78		17		14		3		0		192		10		778.28		1248
79		19		45		3		47		79		10		491.41		912
80		38		64		4		0		190		10		440.38		1332
81		10		67		3		0		179		10		389.05		716
82		12		30		5		0		196		10		1130.76		1910
83		32		29		6		0		213		10		769.37		1632
84		20		11		6		0		191		10		853.35		1836
85		43		43		6		22		54		10		1091.45		2646
86		68		72		3		0		170		10		612.7		1050
87		61		48		4		0		190		10		528.35		1080
88		2		54		3		0		181		10		533.37		884
89		39		31		5		0		214		10		715.88		1616
90		21		79		5		158		186		10		1103.37		1672
91		58		43		4		161		193		10		656.72		1332
92		3		59		4		0		180		10		712.86		1220
93		32		7		3		0		191		10		475.18		812
94		49		56		5		0		194		10		1044.05		1710
95		66		44		4		0		187		10		649.57		1024
96		30		54		3		0		200		10		297.23		720
97		20		36		4		0		204		10		480.66		808
98		18		71		5		0		180		10		1009.55		1998
99		6		28		5		0		190		10		956.52		1728
100		9		16		3		0		187		10		533.37		884

ITEMS
Type		Length		Width		Height		Mass		Fragility	LoadBearingStrength
Bt1		11		7		6		155.04		1		4.8451470
Bt2		14		3		7		228.83		0		60.2931984
Bt3		9		5		8		211.32		0		30.9819076
Bt4		7		6		8		179.49		1		6.2733784
Bt5		16		4		3		68.77		0		9.5029203
Bt6		12		7		7		218.77		0		6.6444040
Bt7		7		4		5		116.20		0		26.1118466
Bt8		9		4		6		61.53		0		6.0262755
Bt9		11		6		8		355.64		0		17.2011065
Bt10		12		4		7		159.69		0		29.5826097

DEMANDS PER CUSTOMER
i	Type Quantity
1	Bt2 1	Bt5 1	Bt7 2	
2	Bt3 1	Bt4 2	Bt5 1	Bt6 1	
3	Bt1 2	Bt4 1	Bt5 1	Bt6 1	Bt9 1	
4	Bt4 1	Bt8 2	Bt9 1	
5	Bt9 1	Bt10 1	
6	Bt1 1	Bt2 1	Bt6 2	
7	Bt2 1	Bt6 1	Bt10 1	
8	Bt8 1	Bt10 2	
9	Bt2 1	Bt5 1	Bt7 1	Bt8 1	
10	Bt4 1	Bt6 1	
11	Bt2 1	Bt4 1	Bt7 1	Bt10 1	
12	Bt3 1	Bt4 1	Bt5 1	
13	Bt6 2	Bt10 1	
14	Bt5 1	Bt8 1	
15	Bt3 1	Bt4 1	Bt7 1	Bt8 1	Bt9 1	
16	Bt4 1	Bt7 1	Bt9 1	
17	Bt7 2	Bt10 1	
18	Bt1 1	Bt2 1	Bt5 1	Bt6 1	Bt7 1	Bt8 1	
19	Bt6 1	Bt7 2	Bt8 1	
20	Bt1 1	Bt5 1	Bt6 1	
21	Bt5 2	Bt6 2	Bt9 1	Bt10 1	
22	Bt6 1	Bt7 1	Bt9 1	Bt10 1	
23	Bt5 2	Bt8 1	Bt9 1	
24	Bt1 1	Bt2 1	Bt8 2	Bt9 1	
25	Bt1 1	Bt3 1	Bt4 1	Bt7 1	Bt8 1	Bt10 1	
26	Bt1 1	Bt7 1	Bt10 1	
27	Bt1 1	Bt7 1	Bt8 1	Bt10 1	
28	Bt3 1	Bt9 1	Bt10 1	
29	Bt2 1	Bt5 1	Bt7 1	Bt8 1	Bt9 1	
30	Bt3 1	Bt5 2	Bt6 1	Bt9 2	
31	Bt2 1	Bt6 1	Bt9 1	Bt10 2	
32	Bt1 1	Bt4 1	Bt7 1	Bt8 1	Bt9 1	
33	Bt3 2	Bt6 1	
34	Bt4 1	Bt6 1	Bt7 1	Bt9 1	
35	Bt1 1	Bt3 1	Bt4 1	Bt5 1	Bt9 2	
36	Bt2 1	Bt7 1	Bt9 1	
37	Bt3 1	Bt8 2	Bt9 1	Bt10 2	
38	Bt3 1	Bt5 1	Bt9 1	
39	Bt1 1	Bt6 1	Bt8 1	
40	Bt1 1	Bt4 2	Bt8 1	
41	Bt2 1	Bt4 1	Bt5 1	Bt10 1	
42	Bt1 1	Bt4 1	Bt8 1	
43	Bt1 2	Bt5 2	
44	Bt7 1	Bt8 1	Bt10 1	
45	Bt5 1	Bt9 1	Bt10 1	
46	Bt2 1	Bt4 1	Bt6 1	Bt8 1	
47	Bt1 1	Bt3 1	Bt4 1	Bt6 2	Bt9 1	
48	Bt2 1	Bt3 1	Bt4 1	
49	Bt2 1	Bt5 1	Bt6 1	
50	Bt3 1	Bt5 2	Bt6 1	Bt7 1	Bt10 1	
51	Bt2 1	Bt5 1	Bt10 1	
52	Bt1 1	Bt5 2	Bt9 1	Bt10 1	
53	Bt1 1	Bt3 1	Bt6 1	Bt8 1	Bt9 2	
54	Bt1 1	Bt3 1	Bt9 1	
55	Bt4 2	Bt5 1	Bt6 1	Bt9 1	
56	Bt5 1	Bt6 1	Bt8 1	
57	Bt4 1	Bt5 1	Bt6 2	
58	Bt1 1	Bt2 1	Bt6 1	Bt7 1	
59	Bt2 1	Bt4 1	Bt6 1	
60	Bt2 1	Bt4 1	
61	Bt1 2	Bt2 1	Bt6 2	
62	Bt3 1	Bt5 1	Bt7 1	Bt8 2	
63	Bt2 2	Bt5 1	
64	Bt1 1	Bt3 1	Bt7 1	
65	Bt1 1	Bt2 1	Bt3 1	Bt4 1	Bt5 1	Bt10 1	
66	Bt6 1	Bt9 2	
67	Bt5 1	Bt6 1	Bt7 1	Bt8 1	
68	Bt1 1	Bt3 1	
69	Bt2 2	Bt8 1	
70	Bt3 1	Bt9 1	
71	Bt3 1	Bt4 1	Bt9 1	Bt10 1	
72	Bt3 1	Bt6 1	Bt7 1	Bt8 1	
73	Bt1 2	Bt2 1	Bt3 1	
74	Bt4 2	Bt6 1	Bt7 1	Bt8 1	Bt9 1	
75	Bt1 1	Bt8 3	
76	Bt1 1	Bt5 1	Bt6 2	Bt7 2	
77	Bt3 1	Bt7 1	
78	Bt3 2	Bt9 1	
79	Bt3 2	Bt5 1	
80	Bt1 2	Bt5 1	Bt8 1	
81	Bt3 1	Bt7 1	Bt8 1	
82	Bt2 1	Bt3 1	Bt6 1	Bt7 1	Bt9 1	
83	Bt3 1	Bt4 2	Bt5 2	Bt8 1	
84	Bt1 1	Bt2 1	Bt4 1	Bt5 1	Bt8 1	Bt10 1	
85	Bt1 1	Bt4 1	Bt6 2	Bt10 2	
86	Bt1 1	Bt2 2	
87	Bt3 1	Bt4 1	Bt5 2	
88	Bt7 1	Bt8 1	Bt9 1	
89	Bt6 1	Bt7 1	Bt8 1	Bt10 2	
90	Bt7 2	Bt9 2	Bt10 1	
91	Bt1 1	Bt2 1	Bt3 1	Bt8 1	
92	Bt4 1	Bt7 1	Bt8 1	Bt9 1	
93	Bt4 2	Bt7 1	
94	Bt2 1	Bt3 1	Bt4 1	Bt5 1	Bt9 1	
95	Bt7 2	Bt8 1	Bt9 1	
96	Bt5 2	Bt10 1	
97	Bt4 1	Bt5 1	Bt7 2	
98	Bt1 1	Bt4 1	Bt9 1	Bt10 2	
99	Bt2 2	Bt3 1	Bt5 1	Bt6 1	
100	Bt7 1	Bt8 1	Bt9 1	