Name				503_n100_m400_bt10
Number_of_Customers		100
Number_of_Items			400
Number_of_ItemTypes		10
Number_of_Vehicles		44
TimeWindows			1

VEHICLE
Mass_Capacity			12595
CargoSpace_Length		60
CargoSpace_Width		25
CargoSpace_Height		30
Wheelbase			48
Max_Mass_FrontAxle		7100
Max_Mass_RearAxle		11500
Distance_FrontAxle_CargoSpace	4

CUSTOMERS
i		x		y		Demand		ReadyTime	DueDate		ServiceTime	DemandedMass	DemandedVolume
0		35		35		0		0		230		0		0		0
1		55		48		4		31		67		10		1039.25		1324
2		56		59		5		69		87		10		978.56		1673
3		24		37		4		40		62		10		782.42		1292
4		21		3		2		64		92		10		1390.24		1680
5		60		22		4		68		94		10		744.06		990
6		57		39		6		138		164		10		1268.08		1492
7		31		5		5		133		163		10		2026.57		2078
8		0		29		5		111		141		10		2306.73		3160
9		44		24		5		187		215		10		2007.83		2304
10		9		75		6		48		84		10		1828.51		2637
11		4		23		2		172		198		10		307.57		448
12		61		42		4		105		137		10		988.14		1244
13		69		29		3		28		64		10		628.11		1069
14		62		0		5		104		134		10		1411.25		2124
15		44		20		4		169		201		10		746.53		989
16		3		79		5		50		82		10		794.54		1229
17		17		66		3		71		107		10		974.12		734
18		22		59		6		177		205		10		1402.04		2260
19		45		37		4		123		155		10		1427.34		2047
20		51		43		3		66		106		10		1484.86		1800
21		51		33		4		140		174		10		1432.4		2073
22		7		62		2		98		120		10		132.11		276
23		43		43		3		160		186		10		739.75		1232
24		32		25		2		89		119		10		585.44		1009
25		64		9		5		92		120		10		1550.82		1993
26		13		43		4		175		211		10		1427.34		2047
27		47		34		5		168		198		10		1037.6		1664
28		42		27		3		12		44		10		945.47		1184
29		50		79		6		147		169		10		1838.15		1967
30		57		17		4		143		173		10		1147		1487
31		20		31		6		92		124		10		1051.63		1438
32		40		33		5		120		152		10		1375.36		1821
33		70		4		3		106		130		10		607.07		540
34		16		3		3		87		117		10		796.32		1224
35		10		0		5		46		76		10		1783.61		2319
36		58		26		2		139		169		10		437.54		540
37		16		37		4		62		80		10		727.01		1137
38		15		74		5		86		114		10		1117.76		1945
39		10		43		4		119		149		10		782.42		1292
40		10		57		3		110		134		10		737.28		1233
41		45		63		5		140		166		10		1120.46		1616
42		30		12		4		118		144		10		1072.15		1207
43		45		51		4		128		166		10		851.81		1153
44		2		41		3		78		114		10		978.89		1488
45		57		7		3		79		107		10		351.66		509
46		64		43		3		35		61		10		1000.22		1289
47		7		21		3		148		174		10		1279.14		1848
48		32		49		3		101		139		10		999.05		1263
49		64		80		4		150		184		10		669.36		1128
50		30		73		6		40		62		10		2459.92		2888
51		59		10		3		142		178		10		1016.2		1792
52		11		3		6		87		121		10		1174.23		1375
53		67		15		4		89		113		10		982.96		1340
54		37		56		4		83		107		10		1895.52		2408
55		51		5		2		143		167		10		85.34		120
56		31		21		4		132		148		10		594.51		848
57		12		16		2		127		153		10		242.7		441
58		62		31		4		59		91		10		1654.39		1800
59		9		29		5		140		172		10		896.95		1212
60		29		2		6		70		104		10		3040.22		4536
61		18		49		3		134		170		10		661.01		952
62		8		13		4		51		87		10		1348.96		1536
63		53		51		5		102		132		10		2333.24		2865
64		8		26		4		118		150		10		1010.56		1456
65		27		26		3		54		82		10		848.68		795
66		23		26		5		182		210		10		1722.5		2215
67		30		29		6		159		187		10		1329.77		1919
68		13		7		3		78		102		10		1259.52		1320
69		38		19		5		127		165		10		914.64		988
70		22		52		6		24		52		10		1071.89		1889
71		1		36		4		53		83		10		1158.42		1512
72		1		61		4		128		166		10		435.79		724
73		11		47		6		33		55		10		2940.44		3727
74		21		19		3		187		211		10		702.44		928
75		26		11		6		41		75		10		1507.22		1748
76		26		57		5		21		51		10		1679.37		2084
77		66		39		3		29		59		10		1204.29		1568
78		46		58		2		53		91		10		864.36		1568
79		41		65		3		35		61		10		941.35		1512
80		47		17		3		183		213		10		1542.08		1904
81		1		9		3		99		129		10		848.68		795
82		67		1		6		112		140		10		1908.3		1990
83		36		48		3		108		138		10		978.89		1488
84		44		70		2		52		82		10		550.6		704
85		14		24		5		144		168		10		1443.1		2009
86		1		73		5		149		177		10		675.36		807
87		20		10		6		175		203		10		1442.89		1913
88		9		72		6		38		70		10		1942.99		2802
89		19		16		4		126		156		10		979.07		1340
90		59		36		2		68		96		10		827.05		1264
91		38		6		3		153		177		10		901.57		1209
92		70		40		6		82		108		10		1722.04		2144
93		49		11		3		153		185		10		1091.23		1404
94		45		10		2		156		180		10		587.91		1008
95		67		71		4		128		160		10		868.08		928
96		32		18		3		125		151		10		564.29		1060
97		70		18		3		157		183		10		895.45		951
98		43		46		3		174		204		10		1279.14		1848
99		49		63		3		116		140		10		716.24		704
100		57		2		4		109		137		10		502.08		732

ITEMS
Type		Length		Width		Height		Mass		Fragility	LoadBearingStrength
Bt1		17		3		5		411.14		0		48.0434975
Bt2		9		7		8		353.44		0		29.9193393
Bt3		14		7		8		432.18		0		22.0331217
Bt4		9		3		8		89.44		0		21.9317307
Bt5		10		2		3		42.67		0		13.5532874
Bt6		15		3		5		153.26		1		15.9777357
Bt7		14		2		8		155.73		0		50.3227883
Bt8		16		5		6		394.87		1		5.8498470
Bt9		8		7		4		151.84		0		17.5965194
Bt10		15		7		8		695.12		0		77.2282826

DEMANDS PER CUSTOMER
i	Type Quantity
1	Bt1 1	Bt3 1	Bt5 1	Bt6 1	
2	Bt3 1	Bt4 1	Bt6 1	Bt9 2	
3	Bt3 1	Bt5 1	Bt7 1	Bt9 1	
4	Bt10 2	
5	Bt5 1	Bt6 2	Bt8 1	
6	Bt1 1	Bt2 1	Bt5 1	Bt6 1	Bt7 1	Bt9 1	
7	Bt1 2	Bt2 1	Bt7 1	Bt10 1	
8	Bt3 1	Bt4 1	Bt8 1	Bt10 2	
9	Bt1 1	Bt2 1	Bt6 1	Bt8 1	Bt10 1	
10	Bt2 1	Bt3 1	Bt5 1	Bt6 1	Bt9 1	Bt10 1	
11	Bt7 1	Bt9 1	
12	Bt5 1	Bt7 1	Bt8 2	
13	Bt3 1	Bt5 1	Bt6 1	
14	Bt3 1	Bt4 1	Bt5 1	Bt9 1	Bt10 1	
15	Bt5 1	Bt6 1	Bt7 1	Bt8 1	
16	Bt2 1	Bt4 1	Bt5 1	Bt6 1	Bt7 1	
17	Bt1 2	Bt9 1	
18	Bt2 1	Bt3 1	Bt4 2	Bt5 1	Bt8 1	
19	Bt1 1	Bt3 2	Bt9 1	
20	Bt8 2	Bt10 1	
21	Bt3 1	Bt6 1	Bt9 1	Bt10 1	
22	Bt4 1	Bt5 1	
23	Bt3 1	Bt7 1	Bt9 1	
24	Bt3 1	Bt6 1	
25	Bt6 1	Bt7 1	Bt8 1	Bt9 1	Bt10 1	
26	Bt1 1	Bt3 2	Bt9 1	
27	Bt2 2	Bt4 2	Bt9 1	
28	Bt7 1	Bt8 2	
29	Bt1 2	Bt2 2	Bt6 1	Bt7 1	
30	Bt1 1	Bt3 1	Bt9 2	
31	Bt5 1	Bt6 2	Bt7 1	Bt8 1	Bt9 1	
32	Bt4 1	Bt5 1	Bt6 1	Bt8 1	Bt10 1	
33	Bt1 1	Bt5 1	Bt6 1	
34	Bt2 2	Bt4 1	
35	Bt1 1	Bt3 1	Bt4 1	Bt7 1	Bt10 1	
36	Bt5 1	Bt8 1	
37	Bt4 2	Bt6 1	Bt8 1	
38	Bt2 1	Bt3 1	Bt4 2	Bt6 1	
39	Bt3 1	Bt5 1	Bt7 1	Bt9 1	
40	Bt3 1	Bt6 1	Bt9 1	
41	Bt4 2	Bt8 2	Bt9 1	
42	Bt1 1	Bt2 1	Bt7 1	Bt9 1	
43	Bt6 1	Bt8 1	Bt9 2	
44	Bt3 1	Bt8 1	Bt9 1	
45	Bt5 1	Bt6 1	Bt7 1	
46	Bt6 1	Bt9 1	Bt10 1	
47	Bt3 1	Bt9 1	Bt10 1	
48	Bt1 1	Bt3 1	Bt7 1	
49	Bt3 1	Bt5 2	Bt9 1	
50	Bt1 1	Bt2 1	Bt6 1	Bt9 1	Bt10 2	
51	Bt3 2	Bt9 1	
52	Bt1 1	Bt7 1	Bt9 4	
53	Bt4 1	Bt5 1	Bt7 1	Bt10 1	
54	Bt2 1	Bt9 1	Bt10 2	
55	Bt5 2	
56	Bt2 1	Bt5 2	Bt7 1	
57	Bt4 1	Bt6 1	
58	Bt1 1	Bt6 1	Bt8 1	Bt10 1	
59	Bt5 1	Bt7 1	Bt8 1	Bt9 2	
60	Bt2 1	Bt3 3	Bt10 2	
61	Bt2 1	Bt7 1	Bt9 1	
62	Bt1 1	Bt4 1	Bt6 1	Bt10 1	
63	Bt6 1	Bt8 2	Bt10 2	
64	Bt2 2	Bt9 2	
65	Bt1 1	Bt5 1	Bt8 1	
66	Bt1 1	Bt3 1	Bt4 1	Bt8 2	
67	Bt1 1	Bt3 1	Bt4 2	Bt7 1	Bt9 1	
68	Bt1 1	Bt6 1	Bt10 1	
69	Bt1 1	Bt5 1	Bt6 1	Bt7 1	Bt9 1	
70	Bt3 1	Bt4 2	Bt6 1	Bt7 1	Bt9 1	
71	Bt7 2	Bt9 1	Bt10 1	
72	Bt4 1	Bt5 1	Bt9 2	
73	Bt1 1	Bt2 2	Bt3 1	Bt10 2	
74	Bt7 1	Bt8 1	Bt9 1	
75	Bt1 1	Bt2 1	Bt5 1	Bt6 1	Bt8 1	Bt9 1	
76	Bt5 1	Bt8 2	Bt9 1	Bt10 1	
77	Bt2 1	Bt7 1	Bt10 1	
78	Bt3 2	
79	Bt2 1	Bt3 1	Bt7 1	
80	Bt9 1	Bt10 2	
81	Bt1 1	Bt5 1	Bt8 1	
82	Bt1 3	Bt3 1	Bt4 1	Bt6 1	
83	Bt3 1	Bt8 1	Bt9 1	
84	Bt7 1	Bt8 1	
85	Bt2 1	Bt4 1	Bt6 1	Bt9 1	Bt10 1	
86	Bt1 1	Bt4 2	Bt5 2	
87	Bt2 1	Bt5 2	Bt6 1	Bt7 1	Bt10 1	
88	Bt2 1	Bt3 1	Bt6 2	Bt7 1	Bt10 1	
89	Bt4 1	Bt5 1	Bt9 1	Bt10 1	
90	Bt3 1	Bt8 1	
91	Bt2 1	Bt6 1	Bt8 1	
92	Bt5 2	Bt8 2	Bt9 1	Bt10 1	
93	Bt2 1	Bt5 1	Bt10 1	
94	Bt3 1	Bt7 1	
95	Bt1 1	Bt6 1	Bt9 2	
96	Bt3 1	Bt4 1	Bt5 1	
97	Bt1 1	Bt4 1	Bt8 1	
98	Bt3 1	Bt9 1	Bt10 1	
99	Bt1 1	Bt6 1	Bt9 1	
100	Bt5 1	Bt7 1	Bt9 2	