Name				505_n100_m400_bt10
Number_of_Customers		100
Number_of_Items			400
Number_of_ItemTypes		10
Number_of_Vehicles		26
TimeWindows			1

VEHICLE
Mass_Capacity			12595
CargoSpace_Length		60
CargoSpace_Width		25
CargoSpace_Height		30
Wheelbase			48
Max_Mass_FrontAxle		7100
Max_Mass_RearAxle		11500
Distance_FrontAxle_CargoSpace	4

CUSTOMERS
i		x		y		Demand		ReadyTime	DueDate		ServiceTime	DemandedMass	DemandedVolume
0		35		35		0		0		230		0		0		0
1		40		39		2		0		213		10		298.17		470
2		32		31		5		189		217		10		829.9		1860
3		36		24		6		107		133		10		817.97		1606
4		65		57		5		0		182		10		741.26		1061
5		20		7		5		51		79		10		565.74		1095
6		46		64		5		0		188		10		1028.85		1625
7		37		29		5		0		213		10		888.51		1863
8		63		2		2		0		176		10		270.58		428
9		27		6		3		152		182		10		667.1		1926
10		31		70		3		122		154		10		362.41		574
11		38		62		2		0		192		10		330.81		920
12		51		40		4		0		203		10		593.58		926
13		57		0		2		63		97		10		372.94		1068
14		12		63		6		0		183		10		1295.42		2441
15		21		68		4		0		184		10		644.3		792
16		68		65		5		51		77		10		764.17		1310
17		6		38		2		41		69		10		453.82		798
18		22		74		6		137		163		10		790.66		1388
19		39		47		3		0		207		10		537.15		1244
20		58		79		2		0		170		10		415.85		512
21		56		9		4		0		186		10		657.42		972
22		3		23		4		0		185		10		677.24		1217
23		26		3		6		0		186		10		1098.32		1772
24		14		27		2		121		145		10		454.02		980
25		24		51		2		0		200		10		265.55		567
26		65		52		6		0		185		10		924.39		1846
27		62		28		2		77		103		10		391.22		666
28		34		38		2		38		68		10		291.05		412
29		11		3		3		0		180		10		346.7		798
30		42		66		5		0		188		10		813.25		1098
31		10		50		2		145		175		10		493.38		1124
32		57		36		5		13		39		10		823.17		1795
33		2		1		3		128		162		10		397.4		586
34		39		65		6		138		166		10		697.81		1374
35		56		24		6		123		151		10		1280.58		2664
36		22		30		3		63		93		10		450.21		649
37		0		39		3		120		158		10		430.41		482
38		25		18		5		0		200		10		716.43		1033
39		46		46		6		0		204		10		917.77		1945
40		1		72		2		0		169		10		333.38		742
41		51		51		2		38		72		10		223.42		419
42		47		50		5		0		200		10		756.02		1808
43		39		1		4		0		185		10		494		847
44		59		64		4		0		182		10		676.25		878
45		22		34		4		134		164		10		626.59		822
46		29		75		2		136		166		10		391.22		666
47		53		56		3		0		192		10		424.99		628
48		62		16		4		0		186		10		841.6		1643
49		49		34		2		9		39		10		291.05		412
50		28		16		3		0		199		10		512.43		695
51		33		28		3		0		212		10		369.91		718
52		23		4		6		0		186		10		1063.43		2022
53		66		47		4		108		138		10		586.66		1050
54		3		38		5		0		187		10		745.46		1533
55		8		11		4		81		107		10		651.82		1014
56		54		48		4		121		155		10		514.47		831
57		52		13		4		162		194		10		869.87		1492
58		37		43		6		0		211		10		1025.44		1658
59		66		75		3		40		70		10		604.89		716
60		57		55		3		129		155		10		454.59		771
61		18		34		5		108		140		10		809.09		1236
62		37		73		4		77		103		10		644.5		974
63		43		58		4		0		195		10		601.3		1330
64		60		33		5		0		194		10		990.49		2417
65		53		43		5		104		136		10		696.99		874
66		25		15		3		0		197		10		502.52		1240
67		18		74		3		64		94		10		561.98		1272
68		1		56		2		36		66		10		235.95		424
69		67		26		2		0		186		10		330.81		920
70		44		26		3		0		207		10		455.46		770
71		69		17		4		0		181		10		919.13		2255
72		35		51		5		0		204		10		981.76		2241
73		62		71		5		0		175		10		770.36		1732
74		14		52		3		74		104		10		455.26		588
75		32		18		6		0		202		10		1115.44		2638
76		12		55		6		14		54		10		1170.82		2523
77		25		36		4		72		96		10		682.25		1000
78		4		48		5		55		89		10		815.36		1373
79		60		43		3		172		200		10		474.93		1198
80		12		43		3		0		195		10		397.4		586
81		42		1		6		167		195		10		1088.58		2050
82		38		6		5		0		190		10		835.82		1186
83		45		33		4		135		169		10		701.74		1506
84		60		12		4		0		186		10		571.64		938
85		10		58		3		105		133		10		387.24		602
86		16		66		5		77		119		10		1108.37		2641
87		19		48		6		54		84		10		841.83		1373
88		48		27		4		96		122		10		599.58		1048
89		28		29		4		184		214		10		691.78		1704
90		37		12		4		0		196		10		716.8		1543
91		46		38		3		0		208		10		450.23		727
92		48		0		4		0		182		10		616.53		1100
93		3		76		6		0		167		10		1087.46		1522
94		70		70		6		0		170		10		1057.3		2343
95		4		80		3		103		127		10		487.98		753
96		43		23		6		136		162		10		817.25		1874
97		8		54		5		0		186		10		658.59		1109
98		20		23		3		61		87		10		487.21		674
99		39		51		4		0		203		10		802.04		1317
100		11		47		6		141		167		10		950.39		1848

ITEMS
Type		Length		Width		Height		Mass		Fragility	LoadBearingStrength
Bt1		14		5		7		227.01		0		7.9708544
Bt2		14		6		3		106.37		0		19.0107460
Bt3		9		5		7		159.18		1		10.6005208
Bt4		13		2		4		64.24		0		17.2491754
Bt5		17		6		8		266.57		0		6.6644457
Bt6		11		4		4		164.21		0		23.4093445
Bt7		11		4		7		226.81		0		108.5848998
Bt8		14		7		3		133.96		0		4.8340027
Bt9		17		3		4		189.04		1		5.1996547
Bt10		13		2		5		101.99		0		17.5178200

DEMANDS PER CUSTOMER
i	Type Quantity
1	Bt6 1	Bt8 1	
2	Bt2 1	Bt5 1	Bt8 2	Bt9 1	
3	Bt1 1	Bt2 1	Bt3 2	Bt4 1	Bt10 1	
4	Bt3 1	Bt4 1	Bt7 1	Bt9 1	Bt10 1	
5	Bt2 1	Bt3 1	Bt4 1	Bt8 1	Bt10 1	
6	Bt1 1	Bt3 1	Bt7 2	Bt9 1	
7	Bt3 1	Bt5 1	Bt7 1	Bt8 1	Bt10 1	
8	Bt2 1	Bt6 1	
9	Bt5 2	Bt8 1	
10	Bt4 1	Bt6 1	Bt8 1	
11	Bt4 1	Bt5 1	
12	Bt2 1	Bt6 1	Bt8 1	Bt9 1	
13	Bt2 1	Bt5 1	
14	Bt1 1	Bt3 1	Bt5 1	Bt7 2	Bt9 1	
15	Bt4 1	Bt6 1	Bt7 1	Bt9 1	
16	Bt1 1	Bt2 1	Bt7 1	Bt10 2	
17	Bt1 1	Bt7 1	
18	Bt1 1	Bt2 1	Bt4 2	Bt7 1	Bt10 1	
19	Bt2 1	Bt5 1	Bt6 1	
20	Bt7 1	Bt9 1	
21	Bt1 1	Bt6 2	Bt10 1	
22	Bt1 1	Bt3 1	Bt4 1	Bt7 1	
23	Bt1 2	Bt4 1	Bt6 1	Bt7 1	Bt9 1	
24	Bt1 2	
25	Bt2 1	Bt3 1	
26	Bt2 1	Bt4 1	Bt5 1	Bt6 1	Bt8 1	Bt9 1	
27	Bt1 1	Bt6 1	
28	Bt4 1	Bt7 1	
29	Bt2 2	Bt8 1	
30	Bt2 1	Bt7 1	Bt9 2	Bt10 1	
31	Bt5 1	Bt7 1	
32	Bt2 1	Bt3 1	Bt4 1	Bt5 1	Bt7 1	
33	Bt2 1	Bt9 1	Bt10 1	
34	Bt1 1	Bt2 1	Bt4 2	Bt8 1	Bt10 1	
35	Bt1 2	Bt2 1	Bt5 1	Bt7 2	
36	Bt3 1	Bt9 1	Bt10 1	
37	Bt6 2	Bt10 1	
38	Bt3 1	Bt4 1	Bt6 1	Bt7 1	Bt10 1	
39	Bt1 2	Bt2 1	Bt3 1	Bt4 1	Bt8 1	
40	Bt1 1	Bt2 1	
41	Bt3 1	Bt4 1	
42	Bt1 1	Bt4 2	Bt5 1	Bt8 1	
43	Bt2 1	Bt3 1	Bt4 1	Bt6 1	
44	Bt6 1	Bt8 1	Bt9 2	
45	Bt6 3	Bt8 1	
46	Bt1 1	Bt6 1	
47	Bt8 1	Bt9 1	Bt10 1	
48	Bt3 1	Bt5 1	Bt7 1	Bt9 1	
49	Bt4 1	Bt7 1	
50	Bt3 1	Bt6 1	Bt9 1	
51	Bt8 2	Bt10 1	
52	Bt1 2	Bt3 2	Bt4 1	Bt7 1	
53	Bt1 1	Bt2 1	Bt4 1	Bt9 1	
54	Bt3 3	Bt8 2	
55	Bt4 1	Bt7 2	Bt8 1	
56	Bt3 1	Bt4 2	Bt7 1	
57	Bt1 2	Bt7 1	Bt9 1	
58	Bt1 1	Bt3 2	Bt9 2	Bt10 1	
59	Bt7 1	Bt9 2	
60	Bt2 1	Bt3 1	Bt9 1	
61	Bt1 1	Bt4 1	Bt7 1	Bt9 1	Bt10 1	
62	Bt1 1	Bt4 1	Bt6 1	Bt9 1	
63	Bt1 1	Bt2 1	Bt8 2	
64	Bt3 1	Bt5 2	Bt6 1	Bt8 1	
65	Bt6 1	Bt7 1	Bt10 3	
66	Bt5 1	Bt8 1	Bt10 1	
67	Bt2 1	Bt5 1	Bt9 1	
68	Bt8 1	Bt10 1	
69	Bt4 1	Bt5 1	
70	Bt1 1	Bt4 1	Bt6 1	
71	Bt3 1	Bt5 2	Bt7 1	
72	Bt1 2	Bt3 1	Bt5 1	Bt10 1	
73	Bt2 2	Bt4 1	Bt5 1	Bt7 1	
74	Bt4 1	Bt6 1	Bt7 1	
75	Bt1 1	Bt4 2	Bt5 2	Bt7 1	
76	Bt1 2	Bt3 1	Bt4 1	Bt5 1	Bt7 1	
77	Bt1 1	Bt6 1	Bt9 1	Bt10 1	
78	Bt2 1	Bt3 1	Bt7 1	Bt8 1	Bt9 1	
79	Bt2 1	Bt5 1	Bt10 1	
80	Bt2 1	Bt9 1	Bt10 1	
81	Bt1 1	Bt5 1	Bt6 1	Bt7 1	Bt10 2	
82	Bt3 2	Bt6 2	Bt9 1	
83	Bt2 1	Bt5 1	Bt7 1	Bt10 1	
84	Bt3 2	Bt4 1	Bt9 1	
85	Bt4 1	Bt8 1	Bt9 1	
86	Bt1 1	Bt3 1	Bt5 2	Bt9 1	
87	Bt2 1	Bt3 1	Bt4 1	Bt8 1	Bt9 2	
88	Bt1 1	Bt2 1	Bt6 1	Bt10 1	
89	Bt1 1	Bt4 1	Bt5 1	Bt8 1	
90	Bt3 1	Bt4 1	Bt5 1	Bt7 1	
91	Bt3 1	Bt4 1	Bt7 1	
92	Bt3 2	Bt6 1	Bt8 1	
93	Bt3 2	Bt6 1	Bt7 1	Bt9 2	
94	Bt1 1	Bt2 1	Bt3 1	Bt5 1	Bt6 1	Bt8 1	
95	Bt3 1	Bt7 1	Bt10 1	
96	Bt2 2	Bt5 1	Bt8 1	Bt10 2	
97	Bt2 1	Bt3 1	Bt4 1	Bt7 1	Bt10 1	
98	Bt6 1	Bt8 1	Bt9 1	
99	Bt1 1	Bt3 1	Bt7 1	Bt9 1	
100	Bt1 2	Bt4 1	Bt6 1	Bt8 2	