Name				508_n100_m400_bt100
Number_of_Customers		100
Number_of_Items			400
Number_of_ItemTypes		100
Number_of_Vehicles		27
TimeWindows			1

VEHICLE
Mass_Capacity			12595
CargoSpace_Length		60
CargoSpace_Width		25
CargoSpace_Height		30
Wheelbase			48
Max_Mass_FrontAxle		7100
Max_Mass_RearAxle		11500
Distance_FrontAxle_CargoSpace	4

CUSTOMERS
i		x		y		Demand		ReadyTime	DueDate		ServiceTime	DemandedMass	DemandedVolume
0		35		35		0		0		230		0		0		0
1		50		29		2		0		203		10		460.63		665
2		59		80		5		140		162		10		677.75		1408
3		68		30		3		156		192		10		590.3		934
4		47		80		6		124		158		10		1333.27		1778
5		62		34		3		162		196		10		591.01		1160
6		37		43		2		32		60		10		289.73		532
7		66		1		5		138		174		10		718.78		1238
8		31		79		2		0		175		10		341.78		540
9		42		77		5		68		98		10		1400.59		1512
10		60		10		2		0		184		10		297.71		496
11		49		41		5		0		204		10		832.4		1259
12		15		76		6		0		174		10		835.94		1334
13		43		8		2		156		186		10		313.3		396
14		20		78		4		99		133		10		1015.91		1568
15		54		72		5		106		130		10		1187.94		1456
16		35		10		4		0		195		10		779.48		1654
17		28		23		2		0		206		10		549.3		882
18		56		58		4		162		196		10		919.24		1619
19		35		24		5		110		138		10		1086.82		1810
20		55		62		3		0		186		10		957.26		1152
21		50		12		4		0		192		10		1307.83		1968
22		1		12		2		157		185		10		383.66		828
23		58		74		3		102		128		10		490.4		811
24		9		35		2		0		194		10		283.79		490
25		44		57		5		0		196		10		1176.28		1815
26		58		25		6		116		142		10		1205.09		1911
27		50		56		4		41		69		10		535.89		822
28		38		55		3		0		199		10		408.81		548
29		31		17		5		0		201		10		775.74		1348
30		34		3		2		0		187		10		457.51		647
31		70		9		3		0		176		10		367.2		532
32		64		56		3		63		97		10		387.14		949
33		2		52		6		134		158		10		1602.62		2194
34		17		33		6		0		201		10		1179.04		1798
35		32		52		2		0		202		10		249.95		472
36		66		26		2		0		187		10		607.77		942
37		24		3		3		0		186		10		669.49		792
38		41		34		4		132		156		10		581.7		986
39		52		19		3		176		204		10		621.86		1191
40		70		69		6		0		171		10		1455.86		2611
41		0		21		5		42		60		10		1370.13		1581
42		22		45		5		0		203		10		1342.3		1880
43		28		46		3		0		206		10		359.9		579
44		61		6		6		68		104		10		1472.28		2407
45		46		29		6		163		189		10		1399.5		2206
46		32		47		4		0		207		10		640.24		1156
47		66		51		5		74		102		10		1096.49		1864
48		12		32		2		115		145		10		541.64		994
49		8		29		6		0		192		10		1888.96		2442
50		59		0		3		101		123		10		709.01		752
51		17		28		4		73		99		10		476.85		970
52		61		49		5		0		190		10		747.6		1088
53		5		76		3		0		169		10		1044.58		1296
54		4		45		5		123		161		10		1103.8		1617
55		64		45		5		0		189		10		1104.69		1684
56		4		15		3		158		186		10		822.88		1092
57		39		76		4		121		151		10		629.09		734
58		14		16		4		0		191		10		661.83		1280
59		61		28		4		29		61		10		687.67		1358
60		13		79		3		0		170		10		978.5		968
61		41		28		5		0		210		10		1053.52		1949
62		56		20		5		0		194		10		838.55		1260
63		36		15		5		0		199		10		1364.36		1760
64		7		17		6		0		186		10		1045.89		1581
65		66		13		5		0		181		10		1182.74		1543
66		9		76		6		102		126		10		1735.61		2964
67		24		7		6		76		100		10		1033.93		1877
68		59		38		5		54		86		10		1129.57		1504
69		11		17		5		0		190		10		927.34		1713
70		48		5		2		70		104		10		165.19		327
71		28		11		3		66		86		10		644.25		750
72		10		68		4		0		178		10		1104.06		1602
73		37		28		2		109		149		10		324.72		504
74		4		6		5		0		177		10		1008.16		1796
75		37		68		2		0		186		10		114.13		189
76		25		59		3		0		194		10		282.57		515
77		26		30		4		91		119		10		475.43		930
78		17		46		6		0		198		10		1453.56		1863
79		48		70		3		124		160		10		524.97		926
80		7		14		5		0		185		10		773.34		1418
81		61		45		3		0		192		10		783.22		852
82		22		25		3		155		183		10		537.92		780
83		56		42		5		32		66		10		1250.52		1840
84		36		61		2		0		193		10		190.6		351
85		21		29		5		22		60		10		1074.27		1894
86		21		64		2		0		187		10		760.13		720
87		15		23		5		168		204		10		870.07		1212
88		22		73		6		0		179		10		1078.3		1578
89		44		35		5		0		211		10		630.34		780
90		68		34		5		0		186		10		655.48		1303
91		32		10		4		0		194		10		1035.72		1705
92		0		9		5		95		137		10		573.07		992
93		52		26		2		144		172		10		192.83		518
94		49		33		3		113		133		10		349.33		760
95		63		80		2		0		167		10		387.32		504
96		66		59		6		139		167		10		1543.94		2551
97		48		37		3		159		181		10		604.36		1162
98		2		60		2		165		193		10		400.44		618
99		10		57		5		0		186		10		779.85		1054
100		65		76		6		89		115		10		919.36		1256

ITEMS
Type		Length		Width		Height		Mass		Fragility	LoadBearingStrength
Bt1		15		6		8		536.47		1		7.8509036
Bt2		15		4		6		134.12		1		4.3986256
Bt3		7		3		8		131.53		0		40.7342895
Bt4		17		2		5		156.65		1		8.9899283
Bt5		8		5		7		205.45		0		23.8020876
Bt6		14		7		7		427.15		0		16.9322043
Bt7		13		3		5		66.20		0		10.4239612
Bt8		15		6		5		210.55		0		16.4006866
Bt9		8		2		8		65.20		0		17.9089371
Bt10		16		6		6		691.48		0		211.7313091
Bt11		8		7		5		140.38		0		107.2416140
Bt12		11		6		4		137.98		0		16.1306348
Bt13		6		3		3		39.47		0		20.3638062
Bt14		6		6		4		50.29		0		24.9070716
Bt15		6		3		6		82.79		0		57.8358150
Bt16		8		2		7		110.59		0		27.8658857
Bt17		17		2		4		73.59		0		131.8798520
Bt18		10		3		7		78.34		1		12.4806056
Bt19		8		4		6		123.35		0		11.7365795
Bt20		10		5		6		197.66		0		33.2424777
Bt21		7		7		8		249.28		0		27.0019549
Bt22		7		2		8		103.75		1		6.2898469
Bt23		12		6		7		443.28		0		35.5265641
Bt24		6		4		8		109.57		0		18.5034763
Bt25		14		3		4		59.25		0		8.5289363
Bt26		8		3		4		74.37		0		25.7761821
Bt27		17		3		7		346.14		0		21.3293828
Bt28		10		6		8		373.60		0		30.7115075
Bt29		7		6		5		177.82		0		22.3154190
Bt30		6		4		3		31.18		0		10.3650341
Bt31		9		4		7		122.88		0		10.4085058
Bt32		11		4		7		114.49		0		16.1680118
Bt33		10		3		6		164.99		0		63.6726317
Bt34		12		4		5		178.62		0		197.9119520
Bt35		12		6		4		273.58		0		116.0571117
Bt36		8		6		4		199.51		0		68.1746954
Bt37		9		7		7		433.80		1		10.4211055
Bt38		7		6		8		197.43		0		10.4947356
Bt39		12		6		7		282.69		0		44.1591886
Bt40		9		7		4		208.02		0		44.2480207
Bt41		11		2		8		81.41		0		20.3892367
Bt42		16		5		6		146.22		0		6.6565838
Bt43		12		2		5		117.89		0		49.5710035
Bt44		17		4		4		141.43		0		60.8583019
Bt45		9		4		6		134.98		0		19.3195077
Bt46		15		7		7		437.19		0		42.7883453
Bt47		10		4		8		129.94		1		2.9037427
Bt48		13		5		5		190.63		1		4.4493427
Bt49		7		7		8		374.16		0		26.0402054
Bt50		7		6		8		291.83		0		59.2430072
Bt51		13		4		3		253.89		0		65.9571566
Bt52		14		5		8		215.64		0		15.3949691
Bt53		15		3		3		74.66		1		6.1626865
Bt54		16		3		6		107.56		0		9.0704825
Bt55		14		6		5		315.13		0		20.4223071
Bt56		11		5		3		68.18		1		7.1663910
Bt57		13		6		7		334.71		1		8.3751576
Bt58		14		6		6		327.72		0		40.9331147
Bt59		11		6		8		186		0		49.7237028
Bt60		17		6		7		493.08		0		49.4264861
Bt61		9		3		4		39.72		0		17.5097669
Bt62		10		3		6		169.86		0		186.6153453
Bt63		14		4		6		219.08		1		4.6887370
Bt64		13		5		6		242.38		0		37.4243183
Bt65		15		4		8		291.46		0		20.4314373
Bt66		14		3		6		201.84		0		82.1351988
Bt67		14		6		6		256.54		0		30.5918050
Bt68		11		6		7		234.17		0		34.2362572
Bt69		7		5		5		151.77		0		61.9479798
Bt70		17		2		3		34.17		0		9.9900819
Bt71		6		4		6		266.89		0		134.3693674
Bt72		7		6		4		130.74		0		31.5029615
Bt73		13		5		4		388.01		0		84.3591088
Bt74		6		2		5		57.05		0		131.4942364
Bt75		16		6		3		260.93		0		50.6895198
Bt76		16		7		7		466.77		0		6.8056040
Bt77		11		4		6		159.45		1		33.5978329
Bt78		10		4		4		135.43		1		17.8144054
Bt79		16		4		8		403.14		0		51.4919046
Bt80		14		4		8		263.31		0		32.8483141
Bt81		15		4		4		144.12		0		43.6949623
Bt82		11		6		8		273.60		0		11.7431846
Bt83		12		4		7		215.92		1		7.6772233
Bt84		9		5		3		54.37		1		6.9218825
Bt85		13		6		5		238.07		0		28.2468973
Bt86		10		4		5		98.48		0		18.5102114
Bt87		9		6		6		187.64		0		12.5408716
Bt88		8		7		4		175.24		1		14.9307777
Bt89		9		4		5		168.33		0		26.1477057
Bt90		15		3		3		55.62		0		13.3456056
Bt91		17		4		8		203.27		0		93.9216916
Bt92		14		4		5		170.93		0		53.7079686
Bt93		11		6		6		572.49		0		62.7555125
Bt94		12		7		7		213.84		0		15.6178977
Bt95		7		6		8		239.21		1		4.8546918
Bt96		13		6		5		225.40		1		6.0473569
Bt97		10		3		8		91.62		0		24.1962719
Bt98		6		5		3		57.22		0		35.1396168
Bt99		8		4		7		156.28		1		25.8726001
Bt100		14		4		3		189.89		0		167.8689930

DEMANDS PER CUSTOMER
i	Type Quantity
1	Bt27 1	Bt32 1	
2	Bt15 1	Bt19 1	Bt68 1	Bt70 1	Bt91 1	
3	Bt5 1	Bt77 1	Bt96 1	
4	Bt45 1	Bt47 1	Bt55 1	Bt71 1	Bt75 1	Bt96 1	
5	Bt52 1	Bt77 1	Bt83 1	
6	Bt32 1	Bt88 1	
7	Bt3 1	Bt30 1	Bt31 1	Bt57 1	Bt86 1	
8	Bt20 1	Bt81 1	
9	Bt10 1	Bt36 1	Bt39 1	Bt62 1	Bt74 1	
10	Bt44 1	Bt99 1	
11	Bt9 1	Bt34 1	Bt55 1	Bt63 1	Bt84 1	
12	Bt15 1	Bt21 1	Bt26 1	Bt29 1	Bt54 1	Bt81 1	
13	Bt35 1	Bt61 1	
14	Bt16 1	Bt76 1	Bt80 1	Bt88 1	
15	Bt10 1	Bt78 1	Bt86 1	Bt92 1	Bt97 1	
16	Bt42 1	Bt52 1	Bt64 1	Bt88 1	
17	Bt55 1	Bt68 1	
18	Bt8 1	Bt25 1	Bt37 1	Bt52 1	
19	Bt16 1	Bt31 1	Bt58 1	Bt65 1	Bt68 1	
20	Bt28 1	Bt50 2	
21	Bt73 1	Bt76 1	Bt94 1	Bt95 1	
22	Bt20 1	Bt59 1	
23	Bt26 1	Bt48 1	Bt96 1	
24	Bt5 1	Bt18 1	
25	Bt2 1	Bt37 1	Bt45 1	Bt68 1	Bt95 1	
26	Bt16 1	Bt37 1	Bt42 1	Bt44 1	Bt45 1	Bt85 1	
27	Bt31 1	Bt43 1	Bt74 1	Bt85 1	
28	Bt9 1	Bt33 1	Bt34 1	
29	Bt47 1	Bt53 1	Bt56 1	Bt58 1	Bt88 1	
30	Bt79 1	Bt84 1	
31	Bt16 1	Bt33 1	Bt97 1	
32	Bt14 1	Bt42 1	Bt48 1	
33	Bt26 1	Bt46 1	Bt75 1	Bt84 1	Bt91 1	Bt93 1	
34	Bt5 1	Bt8 1	Bt14 1	Bt50 1	Bt63 1	Bt66 1	
35	Bt11 1	Bt24 1	
36	Bt28 1	Bt68 1	
37	Bt35 1	Bt45 1	Bt75 1	
38	Bt34 1	Bt47 1	Bt83 1	Bt98 1	
39	Bt53 1	Bt82 2	
40	Bt21 1	Bt36 1	Bt40 1	Bt42 1	Bt46 1	Bt52 1	
41	Bt35 1	Bt45 1	Bt57 1	Bt84 1	Bt93 1	
42	Bt1 1	Bt41 1	Bt75 1	Bt82 1	Bt100 1	
43	Bt43 1	Bt84 1	Bt87 1	
44	Bt28 1	Bt32 1	Bt37 1	Bt85 1	Bt86 1	Bt94 1	
45	Bt15 1	Bt39 1	Bt49 1	Bt52 1	Bt64 1	Bt66 1	
46	Bt8 1	Bt18 1	Bt78 1	Bt83 1	
47	Bt1 1	Bt11 1	Bt43 1	Bt86 1	Bt91 1	
48	Bt6 1	Bt32 1	
49	Bt32 1	Bt46 1	Bt56 1	Bt60 1	Bt73 2	
50	Bt33 1	Bt49 1	Bt62 1	
51	Bt7 1	Bt17 1	Bt39 1	Bt84 1	
52	Bt9 1	Bt25 1	Bt37 1	Bt45 1	Bt84 1	
53	Bt23 1	Bt35 1	Bt58 1	
54	Bt3 1	Bt22 1	Bt37 1	Bt52 1	Bt63 1	
55	Bt33 1	Bt65 1	Bt78 1	Bt82 1	Bt95 1	
56	Bt50 1	Bt55 1	Bt83 1	
57	Bt5 1	Bt13 1	Bt16 1	Bt35 1	
58	Bt16 1	Bt26 1	Bt82 1	Bt91 1	
59	Bt18 1	Bt94 1	Bt95 1	Bt99 1	
60	Bt10 1	Bt72 1	Bt99 1	
61	Bt31 1	Bt37 1	Bt42 1	Bt45 1	Bt52 1	
62	Bt17 1	Bt40 1	Bt58 1	Bt72 1	Bt86 1	
63	Bt28 1	Bt62 1	Bt66 1	Bt79 1	Bt83 1	
64	Bt13 1	Bt29 1	Bt34 2	Bt46 1	Bt70 1	
65	Bt49 1	Bt63 1	Bt72 1	Bt79 1	Bt90 1	
66	Bt2 1	Bt58 1	Bt82 1	Bt93 1	Bt94 2	
67	Bt15 1	Bt21 1	Bt33 1	Bt39 1	Bt56 1	Bt59 1	
68	Bt11 1	Bt40 1	Bt73 1	Bt91 1	Bt100 1	
69	Bt17 1	Bt32 1	Bt37 1	Bt94 1	Bt97 1	
70	Bt24 1	Bt90 1	
71	Bt45 1	Bt64 1	Bt71 1	
72	Bt20 1	Bt28 1	Bt60 1	Bt61 1	
73	Bt31 1	Bt66 1	
74	Bt59 1	Bt70 1	Bt77 1	Bt79 1	Bt96 1	
75	Bt13 1	Bt53 1	
76	Bt7 1	Bt43 1	Bt86 1	
77	Bt14 1	Bt25 1	Bt30 1	Bt57 1	
78	Bt11 1	Bt45 1	Bt48 1	Bt49 1	Bt73 1	Bt96 1	
79	Bt14 1	Bt21 1	Bt96 1	
80	Bt12 1	Bt40 1	Bt94 1	Bt98 1	Bt99 1	
81	Bt22 1	Bt65 1	Bt73 1	
82	Bt15 1	Bt83 1	Bt95 1	
83	Bt9 1	Bt28 1	Bt58 2	Bt99 1	
84	Bt45 1	Bt90 1	
85	Bt25 1	Bt47 1	Bt67 1	Bt79 1	Bt96 1	
86	Bt87 1	Bt93 1	
87	Bt19 1	Bt25 1	Bt58 1	Bt62 1	Bt100 1	
88	Bt15 1	Bt35 1	Bt58 1	Bt70 1	Bt81 1	Bt83 1	
89	Bt3 1	Bt14 1	Bt35 1	Bt43 1	Bt74 1	
90	Bt48 2	Bt54 1	Bt56 1	Bt86 1	
91	Bt34 1	Bt57 1	Bt76 1	Bt90 1	
92	Bt17 1	Bt38 1	Bt48 1	Bt74 1	Bt84 1	
93	Bt18 1	Bt32 1	
94	Bt12 1	Bt41 1	Bt47 1	
95	Bt38 1	Bt100 1	
96	Bt21 1	Bt37 1	Bt42 1	Bt52 1	Bt75 1	Bt85 1	
97	Bt18 1	Bt25 1	Bt76 1	
98	Bt8 1	Bt100 1	
99	Bt4 1	Bt15 1	Bt32 1	Bt33 1	Bt75 1	
100	Bt13 1	Bt18 1	Bt47 1	Bt50 1	Bt100 2	