Name				515_n100_m400_bt3
Number_of_Customers		100
Number_of_Items			400
Number_of_ItemTypes		3
Number_of_Vehicles		30
TimeWindows			1

VEHICLE
Mass_Capacity			12595
CargoSpace_Length		60
CargoSpace_Width		25
CargoSpace_Height		30
Wheelbase			48
Max_Mass_FrontAxle		7100
Max_Mass_RearAxle		11500
Distance_FrontAxle_CargoSpace	4

CUSTOMERS
i		x		y		Demand		ReadyTime	DueDate		ServiceTime	DemandedMass	DemandedVolume
0		35		35		0		0		230		0		0		0
1		14		13		3		136		164		10		1556.68		5430
2		64		36		5		0		190		10		1093.86		4590
3		14		30		4		0		198		10		1252.2		5670
4		28		53		4		0		200		10		1709.46		5400
5		35		52		4		0		203		10		2715.89		7890
6		35		76		5		0		179		10		1716.1		6690
7		6		59		4		86		112		10		1325.27		5010
8		50		60		5		0		190		10		2027.22		7740
9		26		3		3		71		97		10		2325.06		6210
10		38		10		2		105		143		10		781.66		3360
11		49		72		5		0		180		10		1643.03		7350
12		39		52		4		0		202		10		1325.27		5010
13		70		41		2		0		184		10		1165.85		3750
14		45		49		3		0		202		10		550.25		2940
15		0		40		5		0		184		10		1643.03		7350
16		20		59		3		171		195		10		1172.49		5040
17		61		33		3		0		193		10		1940.87		5820
18		3		27		3		71		105		10		1940.87		5820
19		13		52		6		0		192		10		3186.43		10200
20		26		71		4		0		182		10		2331.7		7500
21		16		37		3		53		77		10		1556.68		5430
22		65		27		5		0		188		10		1331.91		6300
23		24		33		4		39		65		10		1014.15		3960
24		33		45		4		0		209		10		2020.58		6450
25		12		21		3		0		193		10		1556.68		5430
26		10		47		6		0		192		10		2106.93		8370
27		35		3		4		78		114		10		2020.58		6450
28		13		59		3		0		187		10		1556.68		5430
29		40		22		3		0		206		10		239.13		1890
30		58		68		6		102		126		10		2875.31		9150
31		1		78		5		0		165		10		1331.91		6300
32		48		39		2		0		206		10		854.73		2700
33		60		72		6		88		116		10		2491.12		8760
34		29		49		2		0		204		10		470.54		2310
35		3		54		6		0		182		10		3186.43		10200
36		64		61		3		44		64		10		934.44		3330
37		49		78		6		0		174		10		1795.81		7320
38		6		53		3		92		128		10		550.25		2940
39		9		6		4		104		134		10		2331.7		7500
40		58		51		4		0		191		10		1636.39		6060
41		30		7		2		0		191		10		1550.04		4140
42		44		3		3		0		186		10		1245.56		4380
43		46		66		3		0		187		10		1245.56		4380
44		45		17		5		154		188		10		1331.91		6300
45		42		29		3		0		210		10		934.44		3330
46		36		26		3		0		210		10		1940.87		5820
47		21		9		4		0		190		10		1563.32		6720
48		35		12		4		0		197		10		1947.51		7110
49		57		20		6		117		147		10		2180		7710
50		60		78		2		0		170		10		1165.85		3750
51		33		41		2		0		213		10		470.54		2310
52		21		4		2		0		185		10		1165.85		3750
53		46		12		6		45		69		10		2491.12		8760
54		1		66		4		0		173		10		2020.58		6450
55		13		65		3		0		182		10		1629.75		4770
56		42		34		5		0		212		10		1716.1		6690
57		18		66		6		0		184		10		1795.81		7320
58		13		56		5		0		189		10		1093.86		4590
59		61		58		4		0		185		10		1325.27		5010
60		67		67		2		51		79		10		1165.85		3750
61		57		76		3		87		117		10		934.44		3330
62		9		40		4		0		193		10		2331.7		7500
63		18		22		6		0		198		10		1484.69		6270
64		56		23		5		0		195		10		1331.91		6300
65		64		32		5		0		190		10		1404.98		5640
66		56		33		4		0		198		10		1325.27		5010
67		59		5		2		0		181		10		470.54		2310
68		13		25		6		0		195		10		789.38		4830
69		31		73		4		0		181		10		1014.15		3960
70		44		63		4		0		190		10		2331.7		7500
71		36		69		4		79		117		10		1636.39		6060
72		13		1		4		0		179		10		1636.39		6060
73		41		73		6		0		181		10		3570.62		10590
74		27		38		4		0		211		10		1709.46		5400
75		19		17		6		0		195		10		2418.05		9420
76		33		70		6		0		184		10		2802.24		9810
77		56		71		6		0		178		10		2106.93		8370
78		19		48		6		0		199		10		1795.81		7320
79		57		43		4		143		169		10		629.96		3570
80		68		80		3		0		164		10		934.44		3330
81		16		16		4		122		150		10		2020.58		6450
82		64		10		5		0		181		10		3179.79		8910
83		47		6		6		0		188		10		2802.24		9810
84		53		17		5		0		194		10		2411.41		8130
85		66		64		5		0		177		10		2484.48		7470
86		70		19		3		0		181		10		861.37		3990
87		41		69		3		0		185		10		1629.75		4770
88		17		63		2		0		186		10		159.42		1260
89		6		68		4		0		176		10		1563.32		6720
90		23		16		2		0		197		10		470.54		2310
91		28		66		5		0		188		10		2027.22		7740
92		11		31		5		0		195		10		1020.79		5250
93		70		33		3		0		184		10		1556.68		5430
94		46		77		2		0		176		10		470.54		2310
95		30		62		5		0		192		10		3106.72		9570
96		68		48		4		58		88		10		941.08		4620
97		1		37		2		0		185		10		1550.04		4140
98		49		66		4		28		66		10		941.08		4620
99		53		57		4		45		77		10		941.08		4620
100		40		59		2		0		195		10		470.54		2310

ITEMS
Type		Length		Width		Height		Mass		Fragility	LoadBearingStrength
Bt1		18		5		7		79.71		0		2.0373489
Bt2		30		8		7		390.83		0		10.4714516
Bt3		23		10		9		775.02		1		4.2660601

DEMANDS PER CUSTOMER
i	Type Quantity
1	Bt2 2	Bt3 1	
2	Bt1 4	Bt3 1	
3	Bt1 1	Bt2 3	
4	Bt1 2	Bt3 2	
5	Bt2 1	Bt3 3	
6	Bt1 2	Bt2 2	Bt3 1	
7	Bt1 2	Bt2 1	Bt3 1	
8	Bt1 1	Bt2 3	Bt3 1	
9	Bt3 3	
10	Bt2 2	
11	Bt1 1	Bt2 4	
12	Bt1 2	Bt2 1	Bt3 1	
13	Bt2 1	Bt3 1	
14	Bt1 2	Bt2 1	
15	Bt1 1	Bt2 4	
16	Bt2 3	
17	Bt2 1	Bt3 2	
18	Bt2 1	Bt3 2	
19	Bt1 1	Bt2 2	Bt3 3	
20	Bt2 2	Bt3 2	
21	Bt2 2	Bt3 1	
22	Bt1 2	Bt2 3	
23	Bt1 3	Bt3 1	
24	Bt1 1	Bt2 1	Bt3 2	
25	Bt2 2	Bt3 1	
26	Bt1 2	Bt2 3	Bt3 1	
27	Bt1 1	Bt2 1	Bt3 2	
28	Bt2 2	Bt3 1	
29	Bt1 3	
30	Bt1 2	Bt2 1	Bt3 3	
31	Bt1 2	Bt2 3	
32	Bt1 1	Bt3 1	
33	Bt1 2	Bt2 2	Bt3 2	
34	Bt1 1	Bt2 1	
35	Bt1 1	Bt2 2	Bt3 3	
36	Bt1 2	Bt3 1	
37	Bt1 3	Bt2 2	Bt3 1	
38	Bt1 2	Bt2 1	
39	Bt2 2	Bt3 2	
40	Bt1 1	Bt2 2	Bt3 1	
41	Bt3 2	
42	Bt1 1	Bt2 1	Bt3 1	
43	Bt1 1	Bt2 1	Bt3 1	
44	Bt1 2	Bt2 3	
45	Bt1 2	Bt3 1	
46	Bt2 1	Bt3 2	
47	Bt2 4	
48	Bt2 3	Bt3 1	
49	Bt1 3	Bt2 1	Bt3 2	
50	Bt2 1	Bt3 1	
51	Bt1 1	Bt2 1	
52	Bt2 1	Bt3 1	
53	Bt1 2	Bt2 2	Bt3 2	
54	Bt1 1	Bt2 1	Bt3 2	
55	Bt1 1	Bt3 2	
56	Bt1 2	Bt2 2	Bt3 1	
57	Bt1 3	Bt2 2	Bt3 1	
58	Bt1 4	Bt3 1	
59	Bt1 2	Bt2 1	Bt3 1	
60	Bt2 1	Bt3 1	
61	Bt1 2	Bt3 1	
62	Bt2 2	Bt3 2	
63	Bt1 4	Bt2 1	Bt3 1	
64	Bt1 2	Bt2 3	
65	Bt1 3	Bt2 1	Bt3 1	
66	Bt1 2	Bt2 1	Bt3 1	
67	Bt1 1	Bt2 1	
68	Bt1 5	Bt2 1	
69	Bt1 3	Bt3 1	
70	Bt2 2	Bt3 2	
71	Bt1 1	Bt2 2	Bt3 1	
72	Bt1 1	Bt2 2	Bt3 1	
73	Bt1 1	Bt2 1	Bt3 4	
74	Bt1 2	Bt3 2	
75	Bt1 1	Bt2 4	Bt3 1	
76	Bt1 1	Bt2 3	Bt3 2	
77	Bt1 2	Bt2 3	Bt3 1	
78	Bt1 3	Bt2 2	Bt3 1	
79	Bt1 3	Bt2 1	
80	Bt1 2	Bt3 1	
81	Bt1 1	Bt2 1	Bt3 2	
82	Bt1 1	Bt3 4	
83	Bt1 1	Bt2 3	Bt3 2	
84	Bt1 1	Bt2 2	Bt3 2	
85	Bt1 2	Bt3 3	
86	Bt1 1	Bt2 2	
87	Bt1 1	Bt3 2	
88	Bt1 2	
89	Bt2 4	
90	Bt1 1	Bt2 1	
91	Bt1 1	Bt2 3	Bt3 1	
92	Bt1 3	Bt2 2	
93	Bt2 2	Bt3 1	
94	Bt1 1	Bt2 1	
95	Bt2 2	Bt3 3	
96	Bt1 2	Bt2 2	
97	Bt3 2	
98	Bt1 2	Bt2 2	
99	Bt1 2	Bt2 2	
100	Bt1 1	Bt2 1	