Name				521_n100_m400_bt100
Number_of_Customers		100
Number_of_Items			400
Number_of_ItemTypes		100
Number_of_Vehicles		51
TimeWindows			1

VEHICLE
Mass_Capacity			12595
CargoSpace_Length		60
CargoSpace_Width		25
CargoSpace_Height		30
Wheelbase			48
Max_Mass_FrontAxle		7100
Max_Mass_RearAxle		11500
Distance_FrontAxle_CargoSpace	4

CUSTOMERS
i		x		y		Demand		ReadyTime	DueDate		ServiceTime	DemandedMass	DemandedVolume
0		35		35		0		0		230		0		0		0
1		51		4		2		0		185		10		1834.53		8216
2		25		56		4		0		196		10		1381.53		8496
3		7		35		5		0		192		10		1642.64		10570
4		57		44		3		9		37		10		1832.02		11063
5		8		30		3		0		192		10		1067.55		7058
6		40		1		5		0		185		10		1341.42		8850
7		3		47		6		20		48		10		2825.52		14933
8		65		31		3		0		189		10		401.38		3220
9		17		24		3		165		201		10		476.62		2848
10		52		70		4		0		181		10		1666.83		9228
11		69		7		3		0		175		10		1212.38		8438
12		61		37		3		0		193		10		1448.47		4630
13		19		40		3		0		203		10		1153.83		7239
14		16		9		2		0		187		10		907.94		5264
15		12		69		4		0		178		10		859.67		6202
16		45		56		5		0		196		10		2745.64		15478
17		31		68		3		0		186		10		980.03		5656
18		41		5		6		150		178		10		2167.31		11726
19		13		47		2		0		194		10		889.54		4690
20		31		14		4		0		198		10		2194.82		13442
21		36		64		6		78		108		10		2521.38		15940
22		9		42		3		0		193		10		1847.92		11170
23		49		67		5		0		185		10		1438.24		8716
24		55		54		5		48		78		10		2289.59		9056
25		66		61		5		67		101		10		1980.58		12312
26		2		60		4		0		178		10		1232.94		8900
27		15		76		4		0		174		10		1560.14		9764
28		16		54		3		0		193		10		1702.82		10368
29		61		31		3		0		193		10		1132.56		4920
30		69		12		6		123		157		10		3444.87		13702
31		15		31		5		0		199		10		4459.91		10966
32		3		28		6		0		187		10		2288.39		16330
33		60		17		5		0		189		10		4197.08		8367
34		26		0		3		0		183		10		3060.96		8352
35		61		60		2		0		183		10		567.07		4090
36		19		35		6		62		96		10		2337.1		9642
37		49		64		5		0		187		10		2914.77		13632
38		31		54		5		0		200		10		1712.01		10161
39		58		65		4		86		116		10		1778.47		10384
40		57		2		2		0		180		10		336.7		2712
41		29		40		3		0		212		10		926.21		6310
42		1		15		3		0		180		10		1270.08		9408
43		31		51		6		0		203		10		2685.34		12000
44		20		15		2		19		41		10		578.94		4080
45		47		21		3		0		201		10		1404.51		6116
46		54		11		3		159		191		10		3478.47		8028
47		8		73		4		0		173		10		2320.04		13001
48		67		68		5		92		114		10		1457.94		9328
49		43		47		5		0		205		10		1645.27		11238
50		12		59		4		0		186		10		1417.77		9080
51		57		36		2		84		114		10		553.37		1902
52		35		11		6		0		196		10		2031.85		13116
53		28		15		3		0		198		10		991.02		5776
54		3		36		6		95		129		10		2370.13		11856
55		64		5		5		62		92		10		972.34		5768
56		19		66		4		0		185		10		1836.56		8206
57		69		0		2		0		171		10		515.02		1842
58		41		14		3		0		198		10		1220.04		7658
59		17		4		6		0		184		10		7317.36		15650
60		52		35		6		0		203		10		3618.62		8132
61		44		17		4		0		199		10		2065.16		8672
62		51		42		4		0		202		10		1686.34		10316
63		17		59		5		29		59		10		6175.96		16527
64		20		9		4		0		189		10		1782.04		10160
65		35		7		2		0		192		10		346.33		2900
66		4		55		3		0		183		10		3210.62		11492
67		47		17		5		0		198		10		1934.65		10984
68		24		7		3		0		189		10		1396.04		5916
69		0		68		3		109		133		10		1207.15		7522
70		7		18		4		0		187		10		1355.75		9240
71		2		71		3		59		87		10		624.11		3848
72		43		53		3		158		190		10		1288.53		7004
73		12		12		3		0		187		10		727.62		5064
74		41		74		4		0		180		10		1158.59		5432
75		15		63		2		0		185		10		292.84		2464
76		51		12		3		0		191		10		1382.79		9548
77		60		54		5		0		188		10		1480.05		9460
78		10		78		3		116		146		10		1324.07		8284
79		37		17		4		0		201		10		2046.52		9812
80		24		53		4		0		198		10		3892.16		10275
81		70		55		5		159		187		10		2152.21		12054
82		38		80		3		0		174		10		848.82		5666
83		62		74		6		47		65		10		1786.58		10406
84		15		35		3		0		200		10		2329.85		5962
85		14		38		4		0		198		10		1685.53		9570
86		15		17		4		0		193		10		1347.99		6912
87		34		53		6		0		201		10		2200.79		14676
88		55		50		6		157		183		10		3250.4		13026
89		5		70		3		0		173		10		1465.27		10104
90		67		19		3		0		184		10		977.25		6726
91		47		11		6		0		193		10		3916.18		12488
92		54		6		5		0		185		10		3686.85		16012
93		0		40		6		0		184		10		2124.47		13070
94		44		77		3		0		177		10		4366.89		10596
95		28		48		4		24		52		10		1276		7916
96		36		59		5		0		195		10		1667.44		11132
97		16		0		2		0		180		10		505.86		3150
98		10		7		6		0		182		10		2179.14		14552
99		33		18		4		0		202		10		1818.46		7594
100		68		25		4		0		185		10		1222.61		8244

ITEMS
Type		Length		Width		Height		Mass		Fragility	LoadBearingStrength
Bt1		34		8		10		351.56		0		10.1540517
Bt2		20		9		13		358.57		0		18.1069227
Bt3		24		9		6		234.80		0		12.7482725
Bt4		28		12		14		725.10		0		7.8023976
Bt5		21		13		6		306.32		0		62.5931354
Bt6		25		11		10		436.31		0		6.7950769
Bt7		22		8		8		210.04		0		19.3581169
Bt8		28		12		12		467.91		0		2.9072212
Bt9		16		10		6		416.73		0		28.2303515
Bt10		17		10		8		310.43		0		38.1008892
Bt11		14		12		11		216.94		1		2.3425413
Bt12		23		10		12		1640.62		0		55.8309064
Bt13		33		13		13		1010.83		1		5.8842595
Bt14		24		7		8		155		0		7.7317938
Bt15		18		12		7		175.41		1		4.5794396
Bt16		16		11		8		200.31		0		13.4295642
Bt17		31		12		14		951.09		0		14.4769592
Bt18		13		12		13		371.68		0		20.5610847
Bt19		23		10		12		319.95		0		16.2310289
Bt20		18		8		14		349.39		1		4.5324421
Bt21		34		12		6		385.24		0		16.4232863
Bt22		14		12		11		280.57		1		2.7108477
Bt23		26		8		9		212.29		0		4.3568178
Bt24		16		9		7		228		1		10.8045733
Bt25		19		8		12		251.35		0		48.7555358
Bt26		26		10		12		523.96		1		2.9468874
Bt27		13		13		12		834.36		0		15.5381365
Bt28		14		9		7		98.29		0		7.9941429
Bt29		29		8		11		496.11		0		11.4686190
Bt30		35		9		6		239.37		0		17.4880137
Bt31		28		6		10		245.25		0		6.2639305
Bt32		20		11		7		189.40		0		28.3841387
Bt33		19		5		12		148.35		1		2.8403687
Bt34		16		7		11		440.03		0		172.7686949
Bt35		20		10		7		222.29		0		35.2147229
Bt36		12		8		9		125.96		0		54.4691547
Bt37		14		14		6		123.98		0		9.0721325
Bt38		33		8		10		420.22		0		4.0994179
Bt39		24		10		12		417.65		0		4.9385601
Bt40		33		9		14		493.22		0		8.9621243
Bt41		16		10		10		223.87		0		7.1349688
Bt42		29		14		14		1026.73		0		12.5673336
Bt43		29		12		13		879.48		1		6.2572342
Bt44		22		10		14		572.88		0		18.5880923
Bt45		21		9		12		363.51		1		5.6188001
Bt46		21		11		9		299.03		0		49.1452859
Bt47		34		6		14		328.04		0		6.8423464
Bt48		23		14		12		530.57		0		22.8172736
Bt49		25		11		10		418.10		1		3.3480842
Bt50		31		9		7		580.01		0		25.8227364
Bt51		19		13		11		458.96		0		20.9946592
Bt52		19		13		14		525.74		0		14.5947751
Bt53		17		9		8		573.80		0		43.9400271
Bt54		35		13		6		410.14		1		3.4235409
Bt55		16		8		13		256.10		1		2.2401791
Bt56		12		6		10		115.15		0		11.2327440
Bt57		17		8		10		156.93		0		7.4082627
Bt58		12		9		14		228.57		0		13.0553989
Bt59		28		6		9		216.60		0		10.9015182
Bt60		17		5		6		301.82		1		19.1216922
Bt61		29		12		9		483.12		0		21.6726886
Bt62		21		12		12		485.23		0		13.5089268
Bt63		30		9		14		621.96		0		23.3596578
Bt64		35		14		14		1357.71		0		95.4098893
Bt65		26		9		12		376.63		0		10.0589446
Bt66		27		8		14		556.36		0		6.7546895
Bt67		19		14		9		1306.09		0		197.4249150
Bt68		20		8		8		228.39		1		18.0185429
Bt69		19		5		12		985.23		0		69.0856861
Bt70		34		14		13		1000.17		0		48.9618991
Bt71		12		5		9		105.50		0		28.8693894
Bt72		25		6		8		161.29		0		15.2527172
Bt73		14		13		12		258.64		0		6.6470572
Bt74		17		12		7		231.80		0		34.4608609
Bt75		22		10		8		347.59		0		21.5692341
Bt76		16		14		13		509.99		0		4.0805271
Bt77		12		9		8		168.08		1		17.0973072
Bt78		17		10		10		246.27		0		7.1922718
Bt79		16		5		14		146.93		0		18.6517574
Bt80		21		10		7		260.61		0		8.1504504
Bt81		14		11		12		278.19		0		12.9896798
Bt82		14		7		6		79.04		0		24.9514441
Bt83		31		6		8		267.81		0		10.4031509
Bt84		19		12		9		2229.54		0		108.4126715
Bt85		29		9		14		653.48		0		12.1844012
Bt86		34		14		11		945.84		0		16.5128578
Bt87		27		14		12		804.49		0		8.5345858
Bt88		33		11		8		633.81		0		14.1281484
Bt89		35		7		10		305.78		1		2.7444194
Bt90		29		8		6		251.55		0		11.9711270
Bt91		17		14		9		405.95		0		17.8658818
Bt92		12		12		13		358.28		0		11.7894183
Bt93		22		5		14		282.43		0		16.7334030
Bt94		21		14		12		426.26		0		15.6465284
Bt95		28		6		8		145.91		0		3.8722870
Bt96		19		13		14		449.51		1		2.9207881
Bt97		22		11		12		505.18		1		3.2901040
Bt98		21		13		6		170.74		0		44.9948875
Bt99		23		9		12		2781.99		1		43.0642723
Bt100		18		12		6		754.21		0		42.0321264

DEMANDS PER CUSTOMER
i	Type Quantity
1	Bt27 1	Bt70 1	
2	Bt1 1	Bt3 1	Bt35 1	Bt44 1	
3	Bt10 1	Bt21 1	Bt54 1	Bt73 1	Bt81 1	
4	Bt13 1	Bt18 1	Bt96 1	
5	Bt39 1	Bt49 1	Bt74 1	
6	Bt2 1	Bt73 1	Bt74 2	Bt80 1	
7	Bt14 1	Bt29 1	Bt43 1	Bt50 1	Bt61 1	Bt74 1	
8	Bt15 1	Bt79 1	Bt82 1	
9	Bt56 1	Bt82 1	Bt93 1	
10	Bt71 2	Bt76 1	Bt86 1	
11	Bt39 1	Bt49 1	Bt65 1	
12	Bt30 1	Bt41 1	Bt69 1	
13	Bt18 1	Bt46 1	Bt61 1	
14	Bt8 1	Bt34 1	
15	Bt20 1	Bt30 1	Bt37 1	Bt79 1	
16	Bt3 1	Bt29 1	Bt30 1	Bt39 1	Bt64 1	
17	Bt16 1	Bt88 1	Bt95 1	
18	Bt38 1	Bt55 1	Bt59 1	Bt60 1	Bt77 1	Bt87 1	
19	Bt34 1	Bt96 1	
20	Bt1 1	Bt18 1	Bt52 1	Bt86 1	
21	Bt5 1	Bt6 1	Bt26 1	Bt48 1	Bt65 1	Bt75 1	
22	Bt18 1	Bt42 1	Bt96 1	
23	Bt3 1	Bt16 1	Bt48 1	Bt60 1	Bt98 1	
24	Bt25 1	Bt27 1	Bt29 1	Bt60 1	Bt91 1	
25	Bt24 1	Bt48 1	Bt62 2	Bt90 1	
26	Bt14 1	Bt19 1	Bt46 1	Bt51 1	
27	Bt26 1	Bt46 1	Bt51 1	Bt81 1	
28	Bt38 1	Bt70 1	Bt93 1	
29	Bt22 1	Bt53 1	Bt81 1	
30	Bt9 1	Bt15 1	Bt17 1	Bt18 1	Bt41 1	Bt67 1	
31	Bt27 1	Bt33 1	Bt60 1	Bt84 1	Bt86 1	
32	Bt8 1	Bt16 1	Bt19 1	Bt39 1	Bt63 1	Bt80 1	
33	Bt25 1	Bt27 1	Bt50 1	Bt60 1	Bt84 1	
34	Bt8 1	Bt45 1	Bt84 1	
35	Bt54 1	Bt57 1	
36	Bt7 1	Bt11 1	Bt36 1	Bt67 1	Bt74 1	Bt78 1	
37	Bt10 1	Bt24 1	Bt63 1	Bt70 1	Bt100 1	
38	Bt5 1	Bt25 1	Bt44 1	Bt46 1	Bt93 1	
39	Bt29 1	Bt35 1	Bt88 1	Bt94 1	
40	Bt15 1	Bt72 1	
41	Bt16 1	Bt19 1	Bt91 1	
42	Bt4 1	Bt11 1	Bt47 1	
43	Bt25 1	Bt26 1	Bt59 2	Bt67 1	Bt98 1	
44	Bt39 1	Bt72 1	
45	Bt53 1	Bt61 1	Bt75 1	
46	Bt8 1	Bt58 1	Bt99 1	
47	Bt17 1	Bt51 1	Bt71 1	Bt87 1	
48	Bt14 1	Bt52 1	Bt55 1	Bt56 1	Bt91 1	
49	Bt16 1	Bt37 1	Bt39 1	Bt49 1	Bt62 1	
50	Bt2 1	Bt6 1	Bt11 1	Bt91 1	
51	Bt60 1	Bt90 1	
52	Bt2 1	Bt14 1	Bt65 1	Bt81 1	Bt92 1	Bt97 1	
53	Bt10 1	Bt15 1	Bt97 1	
54	Bt20 1	Bt27 1	Bt32 1	Bt44 1	Bt81 1	Bt95 1	
55	Bt3 1	Bt24 1	Bt35 1	Bt36 1	Bt72 1	
56	Bt6 1	Bt39 1	Bt68 1	Bt100 1	
57	Bt9 1	Bt28 1	
58	Bt6 1	Bt38 1	Bt45 1	
59	Bt2 1	Bt55 1	Bt62 1	Bt85 1	Bt99 2	
60	Bt9 2	Bt14 1	Bt16 2	Bt84 1	
61	Bt1 1	Bt31 1	Bt61 1	Bt69 1	
62	Bt1 1	Bt17 1	Bt71 1	Bt81 1	
63	Bt13 1	Bt17 1	Bt36 1	Bt67 1	Bt99 1	
64	Bt20 1	Bt22 1	Bt75 1	Bt87 1	
65	Bt32 1	Bt57 1	
66	Bt12 1	Bt23 1	Bt64 1	
67	Bt10 1	Bt15 1	Bt66 1	Bt73 1	Bt88 1	
68	Bt20 1	Bt23 1	Bt27 1	
69	Bt43 1	Bt57 1	Bt98 1	
70	Bt3 1	Bt8 1	Bt29 1	Bt57 1	
71	Bt22 1	Bt56 1	Bt68 1	
72	Bt29 1	Bt76 1	Bt93 1	
73	Bt11 1	Bt20 1	Bt72 1	
74	Bt9 1	Bt35 1	Bt72 1	Bt92 1	
75	Bt79 1	Bt95 1	
76	Bt37 1	Bt70 1	Bt73 1	
77	Bt15 1	Bt22 1	Bt76 1	Bt78 1	Bt83 1	
78	Bt11 1	Bt72 1	Bt86 1	
79	Bt11 1	Bt27 1	Bt62 1	Bt76 1	
80	Bt22 1	Bt46 1	Bt48 1	Bt99 1	
81	Bt44 1	Bt74 1	Bt80 1	Bt87 1	Bt93 1	
82	Bt14 1	Bt52 1	Bt77 1	
83	Bt9 1	Bt41 1	Bt52 1	Bt55 1	Bt71 1	Bt73 1	
84	Bt27 1	Bt32 1	Bt67 1	
85	Bt26 1	Bt60 1	Bt61 1	Bt65 1	
86	Bt10 1	Bt21 1	Bt23 1	Bt34 1	
87	Bt2 1	Bt24 1	Bt33 1	Bt39 1	Bt63 1	Bt94 1	
88	Bt12 1	Bt41 1	Bt44 1	Bt47 1	Bt82 1	Bt91 1	
89	Bt4 1	Bt19 1	Bt38 1	
90	Bt19 1	Bt25 1	Bt91 1	
91	Bt21 2	Bt33 1	Bt38 1	Bt75 1	Bt84 1	
92	Bt4 1	Bt29 1	Bt52 1	Bt67 1	Bt88 1	
93	Bt19 1	Bt58 1	Bt59 1	Bt75 1	Bt85 1	Bt92 1	
94	Bt17 1	Bt88 1	Bt99 1	
95	Bt20 1	Bt37 1	Bt66 1	Bt78 1	
96	Bt14 1	Bt23 1	Bt49 1	Bt58 1	Bt85 1	
97	Bt31 1	Bt80 1	
98	Bt15 1	Bt16 1	Bt26 1	Bt47 1	Bt79 1	Bt87 1	
99	Bt18 1	Bt54 1	Bt93 1	Bt100 1	
100	Bt6 1	Bt35 1	Bt49 1	Bt95 1	