Name				525_n100_m400_bt100
Number_of_Customers		100
Number_of_Items			400
Number_of_ItemTypes		100
Number_of_Vehicles		53
TimeWindows			1

VEHICLE
Mass_Capacity			12595
CargoSpace_Length		60
CargoSpace_Width		25
CargoSpace_Height		30
Wheelbase			48
Max_Mass_FrontAxle		7100
Max_Mass_RearAxle		11500
Distance_FrontAxle_CargoSpace	4

CUSTOMERS
i		x		y		Demand		ReadyTime	DueDate		ServiceTime	DemandedMass	DemandedVolume
0		35		35		0		0		230		0		0		0
1		15		21		4		118		152		10		1104.94		7105
2		62		75		3		48		76		10		1379.42		6563
3		56		29		4		65		95		10		1381.35		6956
4		3		75		2		103		131		10		969.8		4998
5		54		7		4		0		186		10		2482.19		5736
6		55		61		6		0		187		10		2399.11		12196
7		0		80		3		0		162		10		1162.87		6657
8		38		16		2		0		200		10		567.3		4090
9		24		60		3		111		149		10		1477.04		9024
10		23		57		4		0		194		10		1525.56		6043
11		34		44		6		5		43		10		2851.7		11059
12		1		4		5		0		173		10		1445.62		10655
13		70		50		6		58		84		10		1735.93		8715
14		23		0		4		147		177		10		2218.2		12985
15		26		66		5		110		140		10		1877.79		11438
16		4		43		3		0		187		10		1034.35		5803
17		51		1		4		25		63		10		1300.97		7098
18		32		70		2		0		184		10		858.82		4776
19		21		29		2		0		204		10		566.62		4158
20		44		44		3		5		43		10		1013.13		7672
21		38		20		3		0		204		10		966.45		5427
22		47		3		4		0		185		10		2073.68		11510
23		56		69		5		0		180		10		1972.89		9915
24		66		30		3		0		188		10		1893.23		9961
25		54		51		6		38		68		10		1373.47		9936
26		5		48		5		35		55		10		3899.8		9475
27		70		38		3		0		184		10		2634.7		7052
28		59		14		2		0		188		10		908.08		4290
29		62		64		3		0		180		10		2532.11		8427
30		60		20		6		159		191		10		3337.71		12924
31		34		65		4		0		189		10		2444.26		9924
32		2		70		6		83		111		10		3848.68		17784
33		59		24		4		174		204		10		1281.02		6375
34		34		29		6		0		213		10		2342.24		7190
35		55		58		5		162		192		10		3526.12		9016
36		27		28		4		45		65		10		2324.78		5311
37		6		28		3		0		190		10		714.65		4056
38		54		48		4		153		181		10		2910.26		8706
39		55		74		5		153		177		10		1995.17		10577
40		41		21		4		28		58		10		1193.06		6758
41		24		40		3		0		207		10		1071.48		6531
42		51		34		4		0		203		10		1940.07		8642
43		11		66		3		0		180		10		909.13		5222
44		10		58		3		49		77		10		815.24		5014
45		30		67		4		39		65		10		1391.82		9614
46		16		71		5		0		179		10		2032.36		10959
47		4		52		3		96		130		10		974.36		5373
48		48		6		3		152		180		10		810.58		4864
49		49		20		4		63		95		10		1424.81		7399
50		18		77		3		150		178		10		648.24		4255
51		14		42		6		144		172		10		1981.26		13059
52		60		7		6		0		182		10		1808.53		10948
53		66		26		3		0		187		10		2901.24		6335
54		43		67		4		93		125		10		2253.86		13902
55		43		5		4		0		188		10		1480.93		8159
56		60		37		4		0		194		10		962.84		5900
57		63		52		3		0		187		10		2473.46		5987
58		52		54		5		0		194		10		2399.38		13898
59		37		26		3		0		210		10		1537.51		6594
60		16		4		3		0		183		10		1613.37		6518
61		61		57		5		55		81		10		2021.59		10244
62		35		62		4		133		167		10		1936.6		6724
63		35		17		3		0		202		10		875.51		4500
64		27		3		3		0		187		10		1128.45		5820
65		27		79		5		87		115		10		2520.17		11635
66		46		55		4		158		188		10		2965.18		8385
67		11		55		6		117		147		10		2617.05		14894
68		31		45		5		187		221		10		3641.09		13130
69		19		45		3		39		69		10		1939.04		9670
70		35		50		5		0		205		10		1676.23		10292
71		46		61		6		0		191		10		2500.9		13175
72		21		74		5		54		88		10		2608.18		13025
73		12		45		4		0		194		10		2262.36		8106
74		12		74		3		0		174		10		2242.74		5767
75		17		0		5		0		180		10		2812.3		12127
76		17		49		4		0		197		10		1376.61		8906
77		7		8		2		0		181		10		522.31		3920
78		36		55		4		23		45		10		3030.51		11259
79		7		37		4		91		125		10		1475.63		8701
80		20		20		2		0		198		10		817.67		5180
81		52		61		6		151		179		10		2455.91		15410
82		37		3		4		72		104		10		1327.36		8106
83		42		62		6		0		192		10		2382.52		12398
84		40		1		3		121		149		10		949.95		6086
85		58		73		3		0		175		10		1956.25		11445
86		3		57		2		0		181		10		1047.42		5008
87		5		16		2		0		184		10		760.52		4917
88		36		76		6		126		156		10		2812.53		13793
89		11		1		2		55		79		10		621.27		4824
90		69		65		6		41		73		10		4190.02		17803
91		39		57		5		0		197		10		3611.2		9642
92		41		25		3		88		112		10		1304.44		7961
93		65		80		4		0		165		10		2904.45		10643
94		54		21		3		0		196		10		1455.23		6412
95		13		78		4		0		171		10		2287.71		9320
96		65		66		4		0		176		10		1379.93		9710
97		57		44		3		129		161		10		2317.34		7022
98		29		53		5		64		90		10		1715.77		9837
99		70		22		5		116		148		10		2548.09		12618
100		0		45		6		62		90		10		2231.18		12777

ITEMS
Type		Length		Width		Height		Mass		Fragility	LoadBearingStrength
Bt1		19		14		12		491.06		0		12.2411956
Bt2		13		11		7		204.73		0		119.1398264
Bt3		20		11		7		323.86		1		3.7450532
Bt4		21		13		9		329.63		0		11.4550101
Bt5		33		8		13		788.14		0		27.6725676
Bt6		28		10		11		421.54		1		6.0233831
Bt7		25		7		6		259.02		0		23.6776018
Bt8		28		12		10		600.59		1		5.8915548
Bt9		25		14		12		721.34		0		40.0662791
Bt10		21		7		10		191.72		0		7.2703242
Bt11		30		11		9		427.94		0		10.9824842
Bt12		24		14		7		269.17		0		14.3634587
Bt13		29		8		7		899.45		0		27.3909129
Bt14		35		5		11		265.82		0		29.1188109
Bt15		32		8		10		262.63		0		5.9252674
Bt16		27		5		6		295.21		0		50.9935236
Bt17		19		11		13		490.47		0		10.6112634
Bt18		22		9		8		367.76		0		10.2829545
Bt19		19		14		7		408.11		0		19.5610233
Bt20		25		7		9		229.97		0		25.6177958
Bt21		30		5		14		396.13		0		11.6859804
Bt22		25		10		11		661.26		0		8.1805491
Bt23		12		12		13		440.40		0		36.0652513
Bt24		28		14		14		716.58		0		5.2056800
Bt25		16		7		6		130.33		0		26.0246087
Bt26		33		13		14		1107.55		0		76.4635495
Bt27		30		9		9		1077.21		0		118.0588105
Bt28		15		13		11		454.04		1		4.4221133
Bt29		25		9		8		419.30		1		4.3300268
Bt30		26		6		12		616.44		0		32.8207219
Bt31		33		13		10		881.82		0		18.0760272
Bt32		16		14		7		215.12		0		37.1678207
Bt33		16		12		14		334.50		0		6.8766585
Bt34		20		5		7		139.21		0		76.6950374
Bt35		13		9		12		178.03		0		16.5184884
Bt36		20		7		8		139.36		0		59.6652386
Bt37		21		9		8		201.07		0		56.0249044
Bt38		21		10		12		467.72		0		15.9690271
Bt39		26		11		12		398.68		1		3.8011145
Bt40		13		11		7		127.68		0		46.4292637
Bt41		14		14		10		315.85		0		11.8463252
Bt42		13		12		9		227.28		0		11.6928142
Bt43		21		11		12		448.45		1		20.1693535
Bt44		13		7		11		189.80		1		2.2931325
Bt45		28		13		12		844.02		0		14.3158270
Bt46		25		8		7		201.66		0		11.7996793
Bt47		29		8		14		2035.36		0		29.7225076
Bt48		20		13		6		283.08		1		21.2409332
Bt49		33		7		11		337.48		0		9.1681768
Bt50		35		9		8		401.76		0		15.2910397
Bt51		32		11		6		490.35		0		45.6585733
Bt52		28		9		10		428.17		0		36.9553869
Bt53		25		11		12		499.31		0		10.5526256
Bt54		21		9		8		317.53		0		29.0202684
Bt55		33		9		10		646.51		0		18.0481238
Bt56		31		12		10		419.53		0		13.2597169
Bt57		21		11		7		271.33		0		29.3400331
Bt58		14		13		7		128.59		0		6.7897170
Bt59		26		7		13		571.05		0		157.4187493
Bt60		23		14		10		1227.48		0		23.4462938
Bt61		22		6		9		138.68		0		9.5760475
Bt62		16		8		12		250.82		1		3.1823317
Bt63		15		11		7		156.53		0		9.2514849
Bt64		35		7		9		999.79		0		51.1023876
Bt65		34		8		12		338.19		1		2.9805405
Bt66		13		7		9		178.66		0		14.0192389
Bt67		18		11		11		268.72		0		8.4898818
Bt68		34		7		11		506.08		0		37.9705028
Bt69		31		11		9		573.28		0		22.0249767
Bt70		28		9		11		306.48		1		3.2593515
Bt71		21		12		11		1276.47		0		74.4182119
Bt72		14		12		13		537.94		0		26.6212608
Bt73		33		10		14		670.04		1		3.2273919
Bt74		34		6		11		321.54		0		5.8745315
Bt75		34		12		7		503.36		0		88.2766765
Bt76		25		6		8		557.05		0		25.1794935
Bt77		33		9		12		685.52		0		25.5439081
Bt78		27		10		13		1625.33		0		22.6367677
Bt79		26		11		8		1114.36		1		16.5938263
Bt80		25		6		14		1946.25		0		35.1869645
Bt81		16		7		11		268.92		0		16.0367524
Bt82		24		8		7		199.58		1		6.2484076
Bt83		28		6		11		333.50		1		2.5411588
Bt84		12		6		11		186.63		0		20.0233921
Bt85		25		5		10		1332.27		0		92.9449403
Bt86		19		8		7		458.73		1		25.7838058
Bt87		14		6		10		100.77		0		9.0980163
Bt88		28		8		14		607.02		0		60.6357034
Bt89		29		9		12		318.44		0		14.8513503
Bt90		29		6		12		359.62		0		11.5749511
Bt91		19		5		6		96.29		0		81.6135057
Bt92		28		14		9		778.08		0		13.6713120
Bt93		29		12		8		638.43		0		35.9157086
Bt94		23		8		13		406.85		0		27.8054143
Bt95		13		12		8		135.84		1		1.6334946
Bt96		34		10		11		682.47		1		7.6899285
Bt97		23		10		14		437.30		0		17.8695468
Bt98		24		8		10		259.44		0		9.0151378
Bt99		27		5		9		249.44		0		24.4165142
Bt100		22		6		9		156.52		1		6.8996549

DEMANDS PER CUSTOMER
i	Type Quantity
1	Bt20 1	Bt36 1	Bt58 1	Bt88 1	
2	Bt28 1	Bt29 1	Bt68 1	
3	Bt10 1	Bt18 1	Bt59 1	Bt62 1	
4	Bt10 1	Bt92 1	
5	Bt19 1	Bt48 1	Bt85 1	Bt86 1	
6	Bt18 1	Bt21 1	Bt25 1	Bt88 1	Bt93 1	Bt98 1	
7	Bt40 1	Bt52 1	Bt88 1	
8	Bt11 1	Bt36 1	
9	Bt26 1	Bt67 1	Bt87 1	
10	Bt22 1	Bt58 1	Bt66 1	Bt76 1	
11	Bt9 1	Bt37 1	Bt40 1	Bt83 1	Bt85 1	Bt95 1	
12	Bt15 1	Bt34 1	Bt38 1	Bt56 1	Bt63 1	
13	Bt34 1	Bt42 1	Bt62 1	Bt63 1	Bt75 1	Bt86 1	
14	Bt5 1	Bt24 1	Bt28 1	Bt98 1	
15	Bt6 1	Bt10 1	Bt42 1	Bt53 1	Bt72 1	
16	Bt40 1	Bt58 1	Bt92 1	
17	Bt35 1	Bt58 1	Bt76 1	Bt97 1	
18	Bt1 1	Bt18 1	
19	Bt11 1	Bt61 1	
20	Bt1 1	Bt15 1	Bt98 1	
21	Bt52 1	Bt66 1	Bt90 1	
22	Bt68 1	Bt72 1	Bt73 1	Bt90 1	
23	Bt1 1	Bt28 1	Bt34 1	Bt54 1	Bt59 1	
24	Bt26 1	Bt66 1	Bt88 1	
25	Bt7 1	Bt15 1	Bt40 1	Bt49 1	Bt62 1	Bt95 1	
26	Bt16 1	Bt17 1	Bt78 1	Bt85 1	Bt100 1	
27	Bt56 1	Bt80 1	Bt81 1	
28	Bt28 2	
29	Bt69 1	Bt78 1	Bt83 1	
30	Bt21 1	Bt48 1	Bt55 1	Bt62 1	Bt78 1	Bt95 1	
31	Bt30 1	Bt39 1	Bt46 1	Bt60 1	
32	Bt11 1	Bt53 1	Bt78 1	Bt82 1	Bt89 1	Bt92 1	
33	Bt3 1	Bt14 1	Bt16 1	Bt21 1	
34	Bt16 2	Bt23 1	Bt79 1	Bt87 1	Bt91 1	
35	Bt59 1	Bt76 1	Bt85 1	Bt86 1	Bt88 1	
36	Bt13 1	Bt16 1	Bt25 1	Bt64 1	
37	Bt25 1	Bt62 1	Bt83 1	
38	Bt5 1	Bt22 1	Bt58 1	Bt85 1	
39	Bt8 1	Bt59 1	Bt63 1	Bt83 2	
40	Bt28 1	Bt43 1	Bt44 1	Bt87 1	
41	Bt1 1	Bt50 1	Bt66 1	
42	Bt1 1	Bt40 1	Bt64 1	Bt74 1	
43	Bt7 1	Bt43 1	Bt46 1	
44	Bt14 1	Bt44 1	Bt90 1	
45	Bt45 1	Bt58 1	Bt87 1	Bt89 1	
46	Bt4 1	Bt5 1	Bt7 1	Bt21 1	Bt98 1	
47	Bt11 1	Bt18 1	Bt66 1	
48	Bt3 1	Bt42 1	Bt98 1	
49	Bt54 1	Bt62 1	Bt88 1	Bt99 1	
50	Bt36 1	Bt98 1	Bt99 1	
51	Bt12 1	Bt21 1	Bt53 2	Bt61 1	Bt66 1	
52	Bt4 1	Bt7 1	Bt28 1	Bt35 1	Bt36 1	Bt43 1	
53	Bt30 1	Bt47 1	Bt99 1	
54	Bt8 1	Bt26 1	Bt42 1	Bt89 1	
55	Bt35 1	Bt44 1	Bt68 1	Bt88 1	
56	Bt42 1	Bt46 1	Bt48 1	Bt62 1	
57	Bt47 1	Bt66 1	Bt98 1	
58	Bt7 1	Bt23 1	Bt24 1	Bt36 1	Bt45 1	
59	Bt5 1	Bt7 1	Bt51 1	
60	Bt27 1	Bt33 1	Bt46 1	
61	Bt11 1	Bt25 1	Bt29 1	Bt68 1	Bt72 1	
62	Bt36 1	Bt57 1	Bt71 1	Bt99 1	
63	Bt29 1	Bt54 1	Bt61 1	
64	Bt83 1	Bt93 1	Bt100 1	
65	Bt11 1	Bt14 1	Bt41 1	Bt48 1	Bt60 1	
66	Bt4 1	Bt18 1	Bt74 1	Bt80 1	
67	Bt3 1	Bt7 1	Bt8 1	Bt73 1	Bt88 1	Bt100 1	
68	Bt6 1	Bt11 1	Bt23 1	Bt41 1	Bt47 1	
69	Bt59 1	Bt77 1	Bt96 1	
70	Bt11 1	Bt32 1	Bt55 1	Bt62 1	Bt95 1	
71	Bt12 1	Bt14 1	Bt27 1	Bt39 1	Bt83 1	Bt100 1	
72	Bt40 1	Bt45 1	Bt90 1	Bt93 2	
73	Bt25 1	Bt59 1	Bt60 1	Bt83 1	
74	Bt58 1	Bt64 1	Bt79 1	
75	Bt52 1	Bt56 1	Bt64 1	Bt68 1	Bt86 1	
76	Bt4 1	Bt9 1	Bt44 1	Bt95 1	
77	Bt6 1	Bt87 1	
78	Bt44 1	Bt78 1	Bt92 1	Bt97 1	
79	Bt3 1	Bt4 1	Bt32 1	Bt88 1	
80	Bt6 1	Bt21 1	
81	Bt11 1	Bt15 1	Bt29 1	Bt32 1	Bt43 1	Bt96 1	
82	Bt11 1	Bt23 1	Bt82 1	Bt98 1	
83	Bt10 1	Bt12 1	Bt29 1	Bt45 1	Bt82 1	Bt86 1	
84	Bt58 1	Bt77 1	Bt95 1	
85	Bt26 1	Bt66 1	Bt73 1	
86	Bt23 1	Bt88 1	
87	Bt28 1	Bt70 1	
88	Bt32 1	Bt40 1	Bt56 1	Bt60 1	Bt69 1	Bt99 1	
89	Bt48 1	Bt65 1	
90	Bt11 1	Bt14 1	Bt21 1	Bt24 1	Bt80 1	Bt97 1	
91	Bt7 1	Bt33 1	Bt59 1	Bt79 1	Bt85 1	
92	Bt39 1	Bt40 1	Bt92 1	
93	Bt44 1	Bt78 1	Bt94 1	Bt96 1	
94	Bt34 1	Bt72 1	Bt92 1	
95	Bt1 1	Bt13 1	Bt51 1	Bt94 1	
96	Bt40 1	Bt56 1	Bt69 1	Bt98 1	
97	Bt46 1	Bt51 1	Bt78 1	
98	Bt34 1	Bt39 1	Bt52 1	Bt59 1	Bt66 1	
99	Bt27 1	Bt56 1	Bt63 1	Bt69 1	Bt74 1	
100	Bt9 1	Bt43 1	Bt48 1	Bt66 1	Bt75 1	Bt91 1	