Name				530_n100_m400_bt3
Number_of_Customers		100
Number_of_Items			400
Number_of_ItemTypes		3
Number_of_Vehicles		21
TimeWindows			1

VEHICLE
Mass_Capacity			12595
CargoSpace_Length		60
CargoSpace_Width		25
CargoSpace_Height		30
Wheelbase			48
Max_Mass_FrontAxle		7100
Max_Mass_RearAxle		11500
Distance_FrontAxle_CargoSpace	4

CUSTOMERS
i		x		y		Demand		ReadyTime	DueDate		ServiceTime	DemandedMass	DemandedVolume
0		35		35		0		0		230		0		0		0
1		9		21		3		0		190		10		261.94		676
2		16		15		4		0		192		10		378.75		947
3		49		60		4		0		191		10		377.3		1096
4		3		8		6		0		178		10		550.96		1646
5		4		63		5		0		178		10		494.11		1367
6		30		41		3		0		212		10		248.4		529
7		38		80		6		0		174		10		522.43		1501
8		38		7		2		55		85		10		188.65		548
9		48		35		5		0		207		10		435.6		1226
10		48		0		6		0		182		10		507.44		1503
11		33		51		3		0		203		10		248.4		529
12		6		43		5		0		189		10		422.06		1079
13		63		9		5		89		119		10		379.99		787
14		42		46		4		0		206		10		377.3		1096
15		36		44		4		0		210		10		320.24		806
16		24		10		6		0		192		10		480.36		1209
17		40		23		3		0		207		10		290.47		821
18		54		53		3		0		193		10		261.94		676
19		31		27		6		0		211		10		567.4		1495
20		15		49		3		0		195		10		261.94		676
21		17		78		6		0		173		10		552.41		1497
22		39		67		2		0		187		10		175.11		401
23		55		80		4		0		170		10		362.31		1098
24		31		46		4		0		208		10		293.16		512
25		70		1		3		0		171		10		290.47		821
26		42		1		3		0		185		10		246.95		678
27		3		79		2		0		165		10		173.66		550
28		4		31		2		0		188		10		175.11		401
29		62		15		6		0		186		10		508.89		1354
30		37		56		5		118		144		10		450.59		1224
31		53		21		4		0		197		10		333.78		953
32		59		51		3		0		191		10		260.49		825
33		51		14		6		0		193		10		466.82		1062
34		55		15		3		49		85		10		261.94		676
35		40		51		5		115		147		10		422.06		1079
36		35		38		4		0		217		10		321.69		657
37		30		57		6		0		197		10		595.93		1640
38		7		47		4		0		189		10		320.24		806
39		13		27		6		0		196		10		480.36		1209
40		24		57		4		102		132		10		348.77		951
41		27		13		3		86		114		10		233.41		531
42		49		21		3		0		200		10		276.93		674
43		13		31		6		115		149		10		537.42		1499
44		38		37		6		0		216		10		481.81		1060
45		20		39		4		0		204		10		333.78		953
46		49		66		6		0		185		10		523.88		1352
47		19		56		5		0		193		10		422.06		1079
48		68		7		5		0		176		10		437.05		1077
49		59		59		5		0		186		10		379.99		787
50		7		17		2		0		186		10		203.64		546
51		11		44		4		0		194		10		350.22		802
52		37		3		5		0		187		10		435.6		1226
53		4		74		3		138		162		10		246.95		678
54		50		69		5		0		182		10		479.12		1369
55		16		31		4		81		111		10		377.3		1096
56		41		38		4		179		207		10		335.23		804
57		30		63		6		24		54		10		538.87		1350
58		46		72		2		0		181		10		173.66		550
59		53		38		4		0		201		10		348.77		951
60		14		3		4		26		60		10		335.23		804
61		30		11		5		0		195		10		450.59		1224
62		32		76		3		0		178		10		233.41		531
63		8		79		5		69		93		10		449.14		1373
64		32		79		5		0		175		10		423.51		930
65		0		61		2		41		65		10		175.11		401
66		42		16		3		0		199		10		305.46		819
67		12		37		3		83		105		10		276.93		674
68		53		50		4		0		196		10		348.77		951
69		26		20		2		106		144		10		160.12		403
70		15		41		3		88		116		10		305.46		819
71		55		43		4		0		198		10		363.76		949
72		62		71		3		0		175		10		275.48		823
73		52		28		5		0		201		10		394.98		785
74		43		20		6		0		203		10		523.88		1352
75		68		39		2		0		186		10		160.12		403
76		31		68		2		0		186		10		160.12		403
77		12		34		3		0		196		10		246.95		678
78		19		31		3		0		203		10		248.4		529
79		60		79		3		0		169		10		290.47		821
80		33		6		2		0		190		10		160.12		403
81		25		64		5		0		189		10		408.52		932
82		44		43		3		0		207		10		276.93		674
83		55		0		6		0		179		10		493.9		1356
84		9		27		4		32		62		10		321.69		657
85		22		1		3		103		137		10		248.4		529
86		20		13		6		78		110		10		523.88		1352
87		67		63		5		0		177		10		422.06		1079
88		7		33		3		0		191		10		233.41		531
89		43		4		4		0		187		10		350.22		802
90		22		78		3		131		159		10		275.48		823
91		49		54		5		0		196		10		480.57		1220
92		43		13		2		0		196		10		160.12		403
93		2		4		4		161		187		10		377.3		1096
94		35		11		2		131		165		10		173.66		550
95		68		27		3		0		186		10		248.4		529
96		30		52		4		0		202		10		377.3		1096
97		22		18		4		40		78		10		348.77		951
98		21		65		6		0		186		10		466.82		1062
99		13		75		2		0		174		10		188.65		548
100		39		76		4		0		178		10		363.76		949

ITEMS
Type		Length		Width		Height		Mass		Fragility	LoadBearingStrength
Bt1		11		5		5		86.83		0		3.2981365
Bt2		13		3		7		101.82		1		3.2776907
Bt3		16		2		4		73.29		0		27.6444213

DEMANDS PER CUSTOMER
i	Type Quantity
1	Bt1 1	Bt2 1	Bt3 1	
2	Bt2 3	Bt3 1	
3	Bt1 2	Bt2 2	
4	Bt1 4	Bt2 2	
5	Bt1 1	Bt2 4	
6	Bt2 1	Bt3 2	
7	Bt1 4	Bt2 1	Bt3 1	
8	Bt1 1	Bt2 1	
9	Bt1 3	Bt2 1	Bt3 1	
10	Bt1 5	Bt3 1	
11	Bt2 1	Bt3 2	
12	Bt1 2	Bt2 1	Bt3 2	
13	Bt1 1	Bt3 4	
14	Bt1 2	Bt2 2	
15	Bt1 2	Bt3 2	
16	Bt1 3	Bt3 3	
17	Bt1 1	Bt2 2	
18	Bt1 1	Bt2 1	Bt3 1	
19	Bt1 1	Bt2 4	Bt3 1	
20	Bt1 1	Bt2 1	Bt3 1	
21	Bt1 2	Bt2 3	Bt3 1	
22	Bt2 1	Bt3 1	
23	Bt1 3	Bt2 1	
24	Bt3 4	
25	Bt1 1	Bt2 2	
26	Bt1 2	Bt3 1	
27	Bt1 2	
28	Bt2 1	Bt3 1	
29	Bt1 3	Bt2 1	Bt3 2	
30	Bt1 2	Bt2 2	Bt3 1	
31	Bt1 3	Bt3 1	
32	Bt1 3	
33	Bt1 2	Bt3 4	
34	Bt1 1	Bt2 1	Bt3 1	
35	Bt1 2	Bt2 1	Bt3 2	
36	Bt2 1	Bt3 3	
37	Bt1 1	Bt2 5	
38	Bt1 2	Bt3 2	
39	Bt1 3	Bt3 3	
40	Bt1 2	Bt2 1	Bt3 1	
41	Bt1 1	Bt3 2	
42	Bt2 2	Bt3 1	
43	Bt1 3	Bt2 2	Bt3 1	
44	Bt1 1	Bt2 1	Bt3 4	
45	Bt1 3	Bt3 1	
46	Bt1 2	Bt2 2	Bt3 2	
47	Bt1 2	Bt2 1	Bt3 2	
48	Bt1 1	Bt2 2	Bt3 2	
49	Bt1 1	Bt3 4	
50	Bt2 2	
51	Bt2 2	Bt3 2	
52	Bt1 3	Bt2 1	Bt3 1	
53	Bt1 2	Bt3 1	
54	Bt1 2	Bt2 3	
55	Bt1 2	Bt2 2	
56	Bt1 1	Bt2 1	Bt3 2	
57	Bt1 1	Bt2 3	Bt3 2	
58	Bt1 2	
59	Bt1 2	Bt2 1	Bt3 1	
60	Bt1 1	Bt2 1	Bt3 2	
61	Bt1 2	Bt2 2	Bt3 1	
62	Bt1 1	Bt3 2	
63	Bt1 4	Bt2 1	
64	Bt2 2	Bt3 3	
65	Bt2 1	Bt3 1	
66	Bt2 3	
67	Bt2 2	Bt3 1	
68	Bt1 2	Bt2 1	Bt3 1	
69	Bt1 1	Bt3 1	
70	Bt2 3	
71	Bt1 1	Bt2 2	Bt3 1	
72	Bt1 2	Bt2 1	
73	Bt2 1	Bt3 4	
74	Bt1 2	Bt2 2	Bt3 2	
75	Bt1 1	Bt3 1	
76	Bt1 1	Bt3 1	
77	Bt1 2	Bt3 1	
78	Bt2 1	Bt3 2	
79	Bt1 1	Bt2 2	
80	Bt1 1	Bt3 1	
81	Bt1 1	Bt2 1	Bt3 3	
82	Bt2 2	Bt3 1	
83	Bt1 4	Bt3 2	
84	Bt2 1	Bt3 3	
85	Bt2 1	Bt3 2	
86	Bt1 2	Bt2 2	Bt3 2	
87	Bt1 2	Bt2 1	Bt3 2	
88	Bt1 1	Bt3 2	
89	Bt2 2	Bt3 2	
90	Bt1 2	Bt2 1	
91	Bt2 4	Bt3 1	
92	Bt1 1	Bt3 1	
93	Bt1 2	Bt2 2	
94	Bt1 2	
95	Bt2 1	Bt3 2	
96	Bt1 2	Bt2 2	
97	Bt1 2	Bt2 1	Bt3 1	
98	Bt1 2	Bt3 4	
99	Bt1 1	Bt2 1	
100	Bt1 1	Bt2 2	Bt3 1	