Name				532_n100_m400_bt10
Number_of_Customers		100
Number_of_Items			400
Number_of_ItemTypes		10
Number_of_Vehicles		38
TimeWindows			1

VEHICLE
Mass_Capacity			12595
CargoSpace_Length		60
CargoSpace_Width		25
CargoSpace_Height		30
Wheelbase			48
Max_Mass_FrontAxle		7100
Max_Mass_RearAxle		11500
Distance_FrontAxle_CargoSpace	4

CUSTOMERS
i		x		y		Demand		ReadyTime	DueDate		ServiceTime	DemandedMass	DemandedVolume
0		35		35		0		0		230		0		0		0
1		15		62		4		42		66		10		757.89		800
2		1		72		4		64		88		10		1371.61		1608
3		62		31		5		134		158		10		1657		1908
4		38		56		2		119		147		10		452.07		604
5		18		32		4		18		50		10		1122.05		2088
6		5		68		3		34		60		10		1089.08		1496
7		25		12		3		115		143		10		743.43		1304
8		49		35		4		72		102		10		855.58		1328
9		59		75		2		54		86		10		430.4		896
10		4		9		6		130		152		10		2186.66		2416
11		66		38		6		162		194		10		1660.87		2568
12		38		73		3		51		77		10		721.65		700
13		56		14		3		139		173		10		423.41		952
14		27		59		2		35		59		10		538.82		480
15		42		67		5		39		69		10		1260.74		1372
16		35		66		5		50		76		10		466.61		716
17		23		42		4		169		201		10		833.45		852
18		57		23		3		152		182		10		721.65		700
19		63		79		3		70		104		10		917.1		1552
20		10		77		3		45		79		10		580.02		672
21		6		32		5		16		46		10		1102.11		2128
22		47		59		4		58		96		10		1173.24		1540
23		42		36		6		40		74		10		1340.85		2216
24		12		51		3		19		55		10		213.61		344
25		55		66		3		148		176		10		804.3		1264
26		9		14		6		130		154		10		931.68		1444
27		68		49		4		151		177		10		833.45		852
28		36		30		6		140		158		10		1616.12		1728
29		24		45		6		99		129		10		921.97		1316
30		62		56		3		128		164		10		577.65		576
31		38		79		3		26		66		10		359.85		592
32		13		36		3		163		187		10		699.64		1280
33		8		58		2		79		97		10		281.68		356
34		22		26		6		39		65		10		850.75		1292
35		27		75		4		145		165		10		1654.31		1344
36		11		20		3		142		170		10		554.46		1060
37		20		76		4		119		149		10		870.77		1468
38		6		76		5		136		164		10		566.32		768
39		58		54		4		45		77		10		323.66		464
40		7		49		2		43		77		10		429.9		848
41		15		52		6		145		173		10		960.74		1596
42		47		9		5		61		99		10		965.63		1448
43		6		65		2		51		77		10		161.83		232
44		51		24		2		28		58		10		352.9		380
45		69		67		2		73		107		10		819.84		1112
46		4		20		3		126		158		10		346.9		576
47		49		19		3		153		183		10		737.3		1608
48		63		10		5		51		87		10		1237.96		1712
49		33		25		5		73		111		10		1160.96		1244
50		12		28		2		124		156		10		621.47		1044
51		57		9		4		147		179		10		499		644
52		62		72		4		63		87		10		1148.52		1272
53		22		1		4		55		71		10		870.77		1468
54		59		3		6		54		82		10		1897.6		3128
55		62		25		4		92		126		10		1035.72		984
56		23		33		4		16		50		10		870.77		1468
57		31		60		2		88		112		10		621.47		1044
58		39		42		2		184		216		10		417.45		880
59		30		19		3		168		192		10		805.55		1248
60		43		56		6		134		164		10		1163.65		1808
61		51		76		5		76		96		10		1320.15		1508
62		29		9		4		133		165		10		804.97		984
63		29		52		5		1		37		10		867.94		920
64		46		35		3		65		89		10		513.02		1016
65		50		16		3		138		172		10		917.1		1552
66		62		69		3		46		78		10		525.97		1032
67		23		16		3		133		157		10		974.18		1304
68		64		3		5		56		86		10		1002.99		1344
69		63		14		2		98		122		10		610.04		504
70		9		46		6		150		180		10		977.87		2012
71		2		76		2		120		156		10		654.33		576
72		29		32		5		142		170		10		1057.82		2056
73		42		4		6		46		78		10		1444.6		2552
74		28		23		5		5		33		10		777.41		1328
75		68		3		6		51		75		10		1325.2		1308
76		9		38		5		93		123		10		864.67		1412
77		1		8		2		162		192		10		488.67		904
78		8		53		4		34		64		10		851.36		960
79		34		3		5		68		92		10		970.5		1000
80		43		28		5		150		174		10		1276.39		2280
81		51		72		5		140		170		10		1238.92		2528
82		32		73		3		153		185		10		376		508
83		35		51		6		3		37		10		1364.66		1796
84		66		72		2		32		66		10		561.45		1004
85		57		78		4		102		132		10		602.7		852
86		14		8		6		45		75		10		1826.04		3392
87		22		30		6		92		120		10		2154.41		2788
88		0		11		6		48		76		10		1443.57		1592
89		19		46		3		127		159		10		781.67		740
90		4		45		2		147		175		10		429.9		848
91		68		58		5		149		189		10		1020.5		1440
92		65		54		4		128		150		10		789.24		1016
93		32		7		2		27		55		10		371.63		840
94		35		12		4		29		63		10		731.99		768
95		40		17		6		125		143		10		1764.47		2524
96		48		27		3		151		179		10		490.9		700
97		45		49		5		56		94		10		1458.63		1840
98		16		69		5		86		122		10		1414.26		2708
99		38		46		6		122		158		10		1587.49		1480
100		59		43		3		155		189		10		1147.85		1552

ITEMS
Type		Length		Width		Height		Mass		Fragility	LoadBearingStrength
Bt1		12		4		8		499.99		0		29.3122138
Bt2		8		4		3		38.83		0		16.3215276
Bt3		16		2		6		154.34		0		31.4874425
Bt4		16		7		7		378.62		0		12.4612371
Bt5		7		2		8		51.78		1		5.0282183
Bt6		11		5		4		182.83		0		12.9041869
Bt7		6		5		4		110.05		0		43.0586956
Bt8		13		7		8		319.85		0		6.2135375
Bt9		16		4		6		269.24		1		28.4716876
Bt10		13		5		4		242.85		0		90.2059889

DEMANDS PER CUSTOMER
i	Type Quantity
1	Bt1 1	Bt3 1	Bt5 2	
2	Bt1 2	Bt5 1	Bt8 1	
3	Bt1 2	Bt3 1	Bt6 1	Bt8 1	
4	Bt6 1	Bt9 1	
5	Bt3 1	Bt4 1	Bt8 1	Bt9 1	
6	Bt1 1	Bt8 1	Bt9 1	
7	Bt3 1	Bt8 1	Bt9 1	
8	Bt6 1	Bt7 1	Bt8 1	Bt10 1	
9	Bt4 1	Bt5 1	
10	Bt1 3	Bt2 1	Bt4 1	Bt9 1	
11	Bt1 1	Bt2 1	Bt3 1	Bt4 1	Bt8 1	Bt9 1	
12	Bt1 1	Bt2 1	Bt6 1	
13	Bt5 2	Bt8 1	
14	Bt1 1	Bt2 1	
15	Bt1 1	Bt3 2	Bt6 1	Bt9 1	
16	Bt2 2	Bt3 1	Bt5 1	Bt6 1	
17	Bt1 1	Bt2 1	Bt5 1	Bt10 1	
18	Bt1 1	Bt2 1	Bt6 1	
19	Bt4 1	Bt9 2	
20	Bt3 1	Bt6 1	Bt10 1	
21	Bt2 1	Bt3 1	Bt8 2	Bt9 1	
22	Bt1 1	Bt4 1	Bt5 1	Bt10 1	
23	Bt1 1	Bt2 1	Bt4 1	Bt5 2	Bt8 1	
24	Bt5 2	Bt7 1	
25	Bt4 1	Bt6 1	Bt10 1	
26	Bt2 1	Bt7 3	Bt8 1	Bt10 1	
27	Bt1 1	Bt2 1	Bt5 1	Bt10 1	
28	Bt1 2	Bt2 2	Bt9 2	
29	Bt2 1	Bt5 1	Bt6 1	Bt7 1	Bt9 2	
30	Bt1 1	Bt2 2	
31	Bt2 1	Bt5 1	Bt9 1	
32	Bt4 1	Bt5 1	Bt9 1	
33	Bt2 1	Bt10 1	
34	Bt2 2	Bt5 1	Bt6 1	Bt9 2	
35	Bt1 3	Bt3 1	
36	Bt5 1	Bt6 1	Bt8 1	
37	Bt2 1	Bt8 1	Bt9 1	Bt10 1	
38	Bt2 1	Bt5 1	Bt6 2	Bt7 1	
39	Bt5 2	Bt7 2	
40	Bt7 1	Bt8 1	
41	Bt2 1	Bt3 2	Bt4 1	Bt5 1	Bt6 1	
42	Bt6 1	Bt7 2	Bt8 1	Bt10 1	
43	Bt5 1	Bt7 1	
44	Bt7 1	Bt10 1	
45	Bt1 1	Bt8 1	
46	Bt2 2	Bt9 1	
47	Bt2 1	Bt4 1	Bt8 1	
48	Bt1 1	Bt2 1	Bt7 1	Bt8 1	Bt9 1	
49	Bt1 1	Bt2 1	Bt7 1	Bt9 1	Bt10 1	
50	Bt4 1	Bt10 1	
51	Bt3 1	Bt5 1	Bt6 1	Bt7 1	
52	Bt1 1	Bt7 1	Bt9 2	
53	Bt2 1	Bt8 1	Bt9 1	Bt10 1	
54	Bt1 1	Bt4 1	Bt7 1	Bt8 2	Bt9 1	
55	Bt1 1	Bt6 1	Bt7 1	Bt10 1	
56	Bt2 1	Bt8 1	Bt9 1	Bt10 1	
57	Bt4 1	Bt10 1	
58	Bt2 1	Bt4 1	
59	Bt8 1	Bt10 2	
60	Bt2 1	Bt6 1	Bt7 1	Bt8 1	Bt9 1	Bt10 1	
61	Bt1 1	Bt2 1	Bt9 2	Bt10 1	
62	Bt6 1	Bt7 1	Bt9 1	Bt10 1	
63	Bt1 1	Bt3 1	Bt5 2	Bt7 1	
64	Bt2 1	Bt3 1	Bt8 1	
65	Bt4 1	Bt9 2	
66	Bt3 1	Bt5 1	Bt8 1	
67	Bt1 1	Bt3 1	Bt8 1	
68	Bt2 1	Bt6 1	Bt9 2	Bt10 1	
69	Bt1 1	Bt7 1	
70	Bt5 3	Bt6 1	Bt8 2	
71	Bt1 1	Bt3 1	
72	Bt2 1	Bt7 1	Bt8 2	Bt9 1	
73	Bt2 1	Bt4 2	Bt7 1	Bt9 2	
74	Bt2 1	Bt3 2	Bt7 1	Bt8 1	
75	Bt1 2	Bt2 1	Bt5 2	Bt6 1	
76	Bt2 1	Bt3 1	Bt4 1	Bt6 1	Bt7 1	
77	Bt4 1	Bt7 1	
78	Bt6 2	Bt10 2	
79	Bt1 1	Bt3 2	Bt5 1	Bt7 1	
80	Bt3 2	Bt4 1	Bt8 1	Bt9 1	
81	Bt4 2	Bt5 1	Bt7 1	Bt8 1	
82	Bt2 1	Bt3 1	Bt6 1	
83	Bt1 1	Bt2 1	Bt3 1	Bt4 1	Bt6 1	Bt7 1	
84	Bt4 1	Bt6 1	
85	Bt2 1	Bt5 1	Bt9 1	Bt10 1	
86	Bt4 1	Bt8 2	Bt9 3	
87	Bt1 2	Bt3 1	Bt4 2	Bt10 1	
88	Bt1 1	Bt3 2	Bt6 2	Bt9 1	
89	Bt1 1	Bt2 1	Bt10 1	
90	Bt7 1	Bt8 1	
91	Bt1 1	Bt2 1	Bt5 1	Bt7 1	Bt8 1	
92	Bt3 1	Bt6 2	Bt9 1	
93	Bt5 1	Bt8 1	
94	Bt1 1	Bt2 2	Bt3 1	
95	Bt1 1	Bt3 1	Bt4 2	Bt7 1	Bt10 1	
96	Bt2 1	Bt6 1	Bt9 1	
97	Bt1 1	Bt3 1	Bt4 1	Bt6 1	Bt10 1	
98	Bt3 1	Bt4 2	Bt6 1	Bt8 1	
99	Bt1 2	Bt5 1	Bt6 1	Bt7 1	Bt10 1	
100	Bt1 1	Bt4 1	Bt9 1	