Name				533_n100_m400_bt10
Number_of_Customers		100
Number_of_Items			400
Number_of_ItemTypes		10
Number_of_Vehicles		22
TimeWindows			1

VEHICLE
Mass_Capacity			12595
CargoSpace_Length		60
CargoSpace_Width		25
CargoSpace_Height		30
Wheelbase			48
Max_Mass_FrontAxle		7100
Max_Mass_RearAxle		11500
Distance_FrontAxle_CargoSpace	4

CUSTOMERS
i		x		y		Demand		ReadyTime	DueDate		ServiceTime	DemandedMass	DemandedVolume
0		35		35		0		0		230		0		0		0
1		49		19		4		172		198		10		676.41		1377
2		17		54		6		0		193		10		920.88		1794
3		37		55		2		0		199		10		409.19		1056
4		34		1		4		0		185		10		561.81		1488
5		13		18		4		0		192		10		1018.13		1226
6		23		77		5		63		91		10		761.83		1353
7		26		53		3		0		199		10		597.88		1001
8		26		9		6		0		192		10		944.13		1328
9		40		2		4		66		100		10		675.59		1520
10		6		20		5		139		163		10		835.88		1004
11		7		64		4		0		179		10		775.11		1383
12		36		47		6		34		66		10		917.93		2041
13		57		61		3		142		180		10		648.32		806
14		14		55		3		142		168		10		896.13		1365
15		68		5		4		99		125		10		826.48		1092
16		53		47		4		0		198		10		573.92		1410
17		58		70		3		0		178		10		407.96		596
18		55		30		4		0		199		10		595.21		846
19		16		64		6		0		185		10		1284.43		1964
20		67		25		3		0		186		10		793.11		1338
21		20		60		5		116		142		10		832.13		1066
22		67		31		3		0		187		10		419.41		825
23		63		72		2		0		173		10		259.31		440
24		22		49		5		0		200		10		1135.83		1839
25		64		1		6		0		175		10		1201.48		1954
26		17		57		4		0		191		10		746.46		1148
27		59		44		6		0		194		10		1359.27		2451
28		2		65		3		0		175		10		579.81		1443
29		52		68		4		0		182		10		474.38		1050
30		29		36		4		0		213		10		279.67		612
31		60		80		4		0		168		10		864.83		1472
32		11		34		4		91		113		10		697.61		1263
33		11		53		4		0		190		10		889.25		1740
34		2		11		6		0		179		10		1590.18		2372
35		30		74		3		98		126		10		288.79		684
36		22		0		2		0		182		10		661.66		1188
37		2		52		3		0		182		10		264.73		741
38		26		70		2		0		183		10		171.45		396
39		3		29		4		0		187		10		676.41		1377
40		56		40		3		0		198		10		532.01		774
41		70		71		6		0		169		10		932.5		1435
42		7		15		4		0		185		10		532.75		1233
43		70		53		2		0		180		10		583.7		1536
44		12		28		2		81		109		10		185.56		258
45		67		60		6		125		149		10		1459.38		1998
46		56		76		5		0		173		10		912.58		1521
47		3		69		3		144		170		10		384.1		1077
48		10		19		5		0		190		10		724.66		1056
49		32		78		4		96		122		10		459.41		1071
50		54		80		5		0		171		10		974.89		2637
51		38		35		2		137		169		10		203.17		284
52		48		68		3		0		184		10		597.42		1469
53		60		75		3		0		172		10		771.91		1452
54		18		2		2		0		182		10		260.9		360
55		20		53		5		0		196		10		587.27		1361
56		47		60		6		0		192		10		823.44		1505
57		55		10		3		115		147		10		793.11		1338
58		4		77		3		0		167		10		295.81		522
59		41		72		4		0		182		10		711.26		1593
60		41		37		3		0		213		10		403.3		1023
61		18		74		5		0		177		10		900.71		1944
62		21		37		4		130		158		10		704.43		854
63		26		32		5		0		210		10		649.66		1010
64		58		65		5		0		182		10		839.12		1883
65		63		4		4		0		178		10		845.52		960
66		19		23		3		0		200		10		281.7		660
67		38		39		5		0		215		10		665.25		1510
68		11		5		3		0		181		10		442.47		1260
69		13		15		4		82		118		10		648.89		1530
70		50		0		4		0		181		10		1032.52		2361
71		28		77		5		0		177		10		1059.87		2127
72		53		26		5		0		199		10		960.35		2264
73		31		45		4		11		39		10		520.21		800
74		54		44		3		0		198		10		475.87		618
75		35		26		5		0		211		10		1060.33		1659
76		33		38		4		0		216		10		1085.42		1638
77		8		32		4		0		192		10		1083.88		1230
78		4		2		3		0		174		10		369.56		704
79		69		2		5		0		172		10		581.77		1257
80		69		63		3		32		62		10		302.9		546
81		5		36		4		0		189		10		510.78		780
82		48		54		4		0		196		10		924.56		1488
83		17		39		3		66		96		10		502.93		933
84		65		67		4		0		176		10		595.21		846
85		30		53		5		130		162		10		1297.87		2072
86		33		29		3		47		71		10		604.49		996
87		47		5		5		0		187		10		1118.17		1782
88		41		59		6		0		195		10		861.88		2085
89		21		63		4		0		188		10		484.47		1446
90		33		73		2		142		182		10		239.7		474
91		31		12		6		0		196		10		1138.5		1710
92		64		26		6		0		189		10		903.11		1886
93		9		46		6		0		191		10		1057.84		2079
94		47		74		2		0		179		10		260.9		360
95		56		20		3		0		194		10		580.43		1053
96		49		32		3		0		205		10		715.15		1686
97		44		77		2		0		177		10		409.19		1056
98		51		61		5		0		189		10		967.9		1820
99		11		12		4		0		186		10		697.15		1731
100		57		0		4		0		178		10		623.06		1092

ITEMS
Type		Length		Width		Height		Mass		Fragility	LoadBearingStrength
Bt1		16		6		8		291.85		0		6.1465448
Bt2		11		4		6		110.25		0		15.6437040
Bt3		12		3		3		54.11		1		6.6929228
Bt4		14		6		5		369.81		0		19.7225704
Bt5		16		6		3		117.34		0		24.9365111
Bt6		10		6		5		292.31		0		12.6036754
Bt7		10		5		3		131.45		0		37.4833206
Bt8		11		4		4		149.06		1		4.0992879
Bt9		15		5		7		156.51		0		6.6927577
Bt10		10		3		7		129.45		0		20.3218298

DEMANDS PER CUSTOMER
i	Type Quantity
1	Bt2 1	Bt5 1	Bt6 1	Bt9 1	
2	Bt1 1	Bt5 2	Bt7 3	
3	Bt1 1	Bt5 1	
4	Bt5 1	Bt7 1	Bt9 2	
5	Bt4 2	Bt8 1	Bt10 1	
6	Bt3 1	Bt6 1	Bt9 1	Bt10 2	
7	Bt6 1	Bt8 1	Bt9 1	
8	Bt2 1	Bt3 1	Bt4 1	Bt7 1	Bt8 1	Bt10 1	
9	Bt1 1	Bt5 2	Bt8 1	
10	Bt3 1	Bt4 1	Bt7 2	Bt8 1	
11	Bt4 1	Bt5 1	Bt7 1	Bt9 1	
12	Bt1 1	Bt3 1	Bt5 1	Bt8 2	Bt9 1	
13	Bt4 1	Bt8 1	Bt10 1	
14	Bt4 2	Bt9 1	
15	Bt2 1	Bt3 1	Bt4 1	Bt6 1	
16	Bt7 1	Bt9 2	Bt10 1	
17	Bt8 1	Bt10 2	
18	Bt3 1	Bt5 1	Bt6 1	Bt7 1	
19	Bt1 1	Bt6 2	Bt8 1	Bt10 2	
20	Bt1 1	Bt4 1	Bt7 1	
21	Bt2 1	Bt6 1	Bt7 1	Bt8 2	
22	Bt7 2	Bt9 1	
23	Bt2 1	Bt8 1	
24	Bt2 1	Bt4 2	Bt9 1	Bt10 1	
25	Bt1 1	Bt2 1	Bt4 1	Bt7 1	Bt8 2	
26	Bt2 1	Bt4 1	Bt5 1	Bt8 1	
27	Bt1 1	Bt4 1	Bt5 1	Bt6 1	Bt7 1	Bt9 1	
28	Bt1 1	Bt7 1	Bt9 1	
29	Bt2 1	Bt5 2	Bt10 1	
30	Bt3 3	Bt5 1	
31	Bt1 1	Bt3 1	Bt4 1	Bt8 1	
32	Bt5 1	Bt6 1	Bt7 1	Bt9 1	
33	Bt1 1	Bt2 1	Bt4 1	Bt5 1	
34	Bt1 1	Bt4 2	Bt5 1	Bt6 1	Bt8 1	
35	Bt3 1	Bt5 2	
36	Bt1 1	Bt4 1	
37	Bt3 2	Bt9 1	
38	Bt3 1	Bt5 1	
39	Bt2 1	Bt5 1	Bt6 1	Bt9 1	
40	Bt2 1	Bt6 1	Bt10 1	
41	Bt3 1	Bt6 1	Bt7 1	Bt8 2	Bt9 1	
42	Bt5 1	Bt9 1	Bt10 2	
43	Bt1 2	
44	Bt3 1	Bt7 1	
45	Bt2 2	Bt4 3	Bt10 1	
46	Bt3 1	Bt5 1	Bt6 2	Bt9 1	
47	Bt2 1	Bt5 1	Bt9 1	
48	Bt3 1	Bt5 1	Bt6 1	Bt7 1	Bt10 1	
49	Bt3 1	Bt5 1	Bt7 1	Bt9 1	
50	Bt1 2	Bt5 2	Bt9 1	
51	Bt3 1	Bt8 1	
52	Bt1 1	Bt8 1	Bt9 1	
53	Bt1 1	Bt2 1	Bt4 1	
54	Bt7 1	Bt10 1	
55	Bt2 1	Bt3 1	Bt5 1	Bt8 1	Bt9 1	
56	Bt3 2	Bt5 1	Bt6 1	Bt8 1	Bt9 1	
57	Bt1 1	Bt4 1	Bt7 1	
58	Bt2 1	Bt3 1	Bt7 1	
59	Bt1 1	Bt7 2	Bt9 1	
60	Bt5 1	Bt9 1	Bt10 1	
61	Bt1 2	Bt3 1	Bt7 2	
62	Bt3 1	Bt4 1	Bt7 1	Bt8 1	
63	Bt2 1	Bt7 1	Bt8 1	Bt10 2	
64	Bt1 1	Bt2 1	Bt7 1	Bt8 1	Bt9 1	
65	Bt6 2	Bt7 1	Bt10 1	
66	Bt2 1	Bt3 1	Bt5 1	
67	Bt3 1	Bt8 2	Bt9 2	
68	Bt9 2	Bt10 1	
69	Bt1 1	Bt2 1	Bt5 1	Bt10 1	
70	Bt1 2	Bt6 1	Bt9 1	
71	Bt1 1	Bt2 1	Bt4 1	Bt7 1	Bt9 1	
72	Bt1 2	Bt2 1	Bt5 1	Bt8 1	
73	Bt2 1	Bt7 1	Bt8 1	Bt10 1	
74	Bt3 1	Bt6 1	Bt10 1	
75	Bt2 1	Bt4 1	Bt6 1	Bt7 1	Bt9 1	
76	Bt1 1	Bt4 1	Bt6 1	Bt7 1	
77	Bt4 1	Bt6 2	Bt10 1	
78	Bt2 2	Bt8 1	
79	Bt2 1	Bt3 1	Bt7 1	Bt9 1	Bt10 1	
80	Bt3 1	Bt5 1	Bt7 1	
81	Bt2 1	Bt3 2	Bt6 1	
82	Bt1 1	Bt4 1	Bt7 2	
83	Bt3 1	Bt6 1	Bt9 1	
84	Bt3 1	Bt5 1	Bt6 1	Bt7 1	
85	Bt1 1	Bt4 2	Bt5 1	Bt8 1	
86	Bt4 1	Bt5 2	
87	Bt1 1	Bt2 1	Bt6 2	Bt7 1	
88	Bt7 2	Bt9 3	Bt10 1	
89	Bt3 1	Bt5 1	Bt9 2	
90	Bt2 1	Bt10 1	
91	Bt2 1	Bt4 1	Bt5 2	Bt6 1	Bt7 1	
92	Bt1 1	Bt2 3	Bt7 1	Bt8 1	
93	Bt1 1	Bt3 2	Bt4 1	Bt7 1	Bt9 1	
94	Bt7 1	Bt10 1	
95	Bt3 1	Bt4 1	Bt9 1	
96	Bt1 2	Bt7 1	
97	Bt1 1	Bt5 1	
98	Bt1 1	Bt5 2	Bt6 1	Bt8 1	
99	Bt1 1	Bt5 1	Bt7 1	Bt9 1	
100	Bt2 3	Bt6 1	