Name				534_n100_m400_bt10
Number_of_Customers		100
Number_of_Items			400
Number_of_ItemTypes		10
Number_of_Vehicles		40
TimeWindows			1

VEHICLE
Mass_Capacity			12595
CargoSpace_Length		60
CargoSpace_Width		25
CargoSpace_Height		30
Wheelbase			48
Max_Mass_FrontAxle		7100
Max_Mass_RearAxle		11500
Distance_FrontAxle_CargoSpace	4

CUSTOMERS
i		x		y		Demand		ReadyTime	DueDate		ServiceTime	DemandedMass	DemandedVolume
0		35		35		0		0		230		0		0		0
1		35		39		4		91		123		10		1576.1		1590
2		29		14		2		44		76		10		689.24		970
3		57		48		3		135		167		10		345.84		441
4		52		3		5		102		138		10		1062.72		1350
5		36		70		5		87		109		10		1243.5		1624
6		68		19		3		136		162		10		690.54		990
7		10		32		4		101		135		10		469.95		864
8		23		53		4		85		113		10		1443.04		1620
9		18		35		5		52		86		10		1357.94		1833
10		66		62		3		82		112		10		562.45		1032
11		70		48		3		102		132		10		644.36		669
12		13		21		4		140		170		10		1078.29		1690
13		9		40		4		104		136		10		1207.39		1546
14		3		20		5		41		79		10		1347.5		1845
15		41		15		5		55		83		10		1646.39		2415
16		7		34		6		34		50		10		1110.79		1725
17		63		53		3		66		102		10		906.14		1077
18		54		34		2		183		213		10		541.71		576
19		54		42		4		111		137		10		1653		1590
20		51		67		5		133		173		10		1482.96		1750
21		23		0		4		108		140		10		1036.3		1500
22		39		62		6		136		172		10		1535.52		2295
23		0		8		2		137		163		10		678.44		633
24		5		59		5		24		54		10		1569.01		1912
25		21		46		3		156		180		10		792.48		1410
26		67		28		4		124		154		10		946.88		1290
27		18		25		6		140		156		10		1323.86		1869
28		42		52		4		24		56		10		1005.55		1387
29		35		57		3		69		95		10		172.62		291
30		2		61		3		59		87		10		593.75		1077
31		53		51		6		105		137		10		2222.41		2691
32		3		6		6		30		58		10		1210.2		2202
33		64		69		6		136		170		10		1989.87		2875
34		61		1		2		88		120		10		740.74		948
35		60		11		3		117		151		10		912.86		1127
36		41		30		5		96		126		10		1314.92		1667
37		23		11		3		106		126		10		473.29		696
38		63		8		5		156		188		10		1148.47		1473
39		24		39		5		139		167		10		1767.79		2127
40		31		22		3		171		201		10		594.24		687
41		37		6		3		129		165		10		1089.05		1455
42		16		12		5		66		100		10		1288.01		1665
43		58		3		5		54		84		10		679.43		1038
44		23		30		5		128		162		10		1334.49		2025
45		30		31		5		54		86		10		1409.41		1377
46		11		65		2		87		109		10		514.07		637
47		15		70		3		141		169		10		715.1		907
48		25		8		4		105		145		10		177.43		324
49		42		22		4		48		84		10		1419.18		1581
50		26		3		6		161		195		10		1286.34		1507
51		44		27		6		132		160		10		1797.68		2121
52		70		63		4		67		93		10		1071.41		1597
53		30		55		2		22		58		10		661.87		918
54		46		34		4		175		213		10		1144.64		1510
55		16		62		5		173		199		10		1229.33		1587
56		50		59		4		14		50		10		1304.93		1567
57		9		71		3		128		158		10		570.38		648
58		17		40		4		116		144		10		701.29		1179
59		2		36		5		83		113		10		1041.1		1552
60		12		4		3		123		157		10		992.75		1152
61		37		18		6		50		80		10		960.16		1462
62		58		14		3		22		46		10		1031.19		1428
63		8		55		4		29		61		10		1653		1590
64		66		56		2		43		79		10		206.7		255
65		0		72		4		73		101		10		1060.61		1260
66		19		66		3		135		171		10		745.85		1020
67		30		36		3		47		77		10		734.81		1230
68		49		44		4		85		113		10		1653		1590
69		15		52		5		75		111		10		1135.16		1614
70		47		52		6		22		48		10		1615.92		2327
71		38		78		6		86		114		10		2075.14		2495
72		51		15		2		163		203		10		303		558
73		2		33		4		144		178		10		1078.29		1690
74		20		15		3		94		120		10		679.5		1200
75		9		17		5		53		83		10		1371.25		1692
76		58		62		2		60		92		10		382.17		627
77		15		4		3		138		160		10		613.64		990
78		63		30		2		159		189		10		849.08		958
79		46		69		6		22		48		10		1226.88		1761
80		27		53		4		108		138		10		822.39		852
81		61		19		4		153		183		10		1122.61		1536
82		56		21		3		74		100		10		999.63		1245
83		31		44		5		81		111		10		924.61		1297
84		19		10		2		80		110		10		358.31		588
85		11		27		2		147		179		10		326.86		597
86		6		47		4		76		108		10		1259.64		1632
87		11		7		4		24		52		10		1259.34		1593
88		7		14		3		152		170		10		690.54		990
89		50		6		2		115		149		10		490.21		598
90		25		27		6		11		39		10		1376.92		1677
91		60		59		5		54		86		10		1010.36		1420
92		50		78		6		136		166		10		1756.84		2515
93		10		62		5		164		192		10		1354.38		1938
94		59		51		3		42		68		10		941.77		1218
95		20		42		4		5		31		10		923.88		1203
96		36		64		6		82		118		10		1941.4		2463
97		62		35		2		168		194		10		665.68		970
98		46		38		5		150		174		10		2125.34		2453
99		45		63		4		136		158		10		1078.78		1300
100		44		44		3		164		198		10		1436.1		1483

ITEMS
Type		Length		Width		Height		Mass		Fragility	LoadBearingStrength
Bt1		15		4		8		266.89		0		22.7925221
Bt2		15		5		6		211.58		0		49.9443014
Bt3		15		3		6		201.03		0		73.8994305
Bt4		15		7		5		587.02		0		28.9300264
Bt5		9		4		3		91.42		1		5.8363768
Bt6		7		3		7		115.28		0		13.8939365
Bt7		13		6		6		450.29		1		10.7335492
Bt8		9		2		4		28.67		0		12.8436990
Bt9		14		5		7		398.79		0		18.1858051
Bt10		16		5		6		290.45		0		39.6210960

DEMANDS PER CUSTOMER
i	Type Quantity
1	Bt3 2	Bt4 2	
2	Bt9 1	Bt10 1	
3	Bt6 3	
4	Bt5 1	Bt6 2	Bt7 1	Bt10 1	
5	Bt2 1	Bt5 2	Bt7 1	Bt9 1	
6	Bt2 1	Bt7 1	Bt8 1	
7	Bt2 1	Bt3 1	Bt8 2	
8	Bt4 1	Bt6 1	Bt7 1	Bt10 1	
9	Bt1 1	Bt2 1	Bt3 1	Bt4 1	Bt5 1	
10	Bt1 2	Bt8 1	
11	Bt4 1	Bt8 2	
12	Bt1 1	Bt2 1	Bt3 1	Bt9 1	
13	Bt1 1	Bt5 1	Bt7 1	Bt9 1	
14	Bt3 1	Bt6 1	Bt7 1	Bt10 2	
15	Bt1 1	Bt2 1	Bt4 1	Bt10 2	
16	Bt2 1	Bt3 2	Bt5 1	Bt6 1	Bt10 1	
17	Bt4 1	Bt8 1	Bt10 1	
18	Bt5 1	Bt7 1	
19	Bt4 2	Bt7 1	Bt8 1	
20	Bt4 1	Bt5 1	Bt6 1	Bt9 1	Bt10 1	
21	Bt1 1	Bt7 1	Bt8 1	Bt10 1	
22	Bt1 1	Bt2 1	Bt3 1	Bt6 1	Bt7 1	Bt10 1	
23	Bt4 1	Bt5 1	
24	Bt1 1	Bt3 1	Bt4 1	Bt6 1	Bt9 1	
25	Bt2 1	Bt10 2	
26	Bt1 1	Bt3 1	Bt7 1	Bt8 1	
27	Bt1 1	Bt2 1	Bt3 1	Bt4 1	Bt8 2	
28	Bt3 1	Bt6 1	Bt9 1	Bt10 1	
29	Bt6 1	Bt8 2	
30	Bt1 1	Bt2 1	Bt6 1	
31	Bt1 2	Bt3 1	Bt4 1	Bt7 2	
32	Bt1 1	Bt2 2	Bt3 1	Bt8 1	Bt10 1	
33	Bt2 2	Bt4 1	Bt9 1	Bt10 2	
34	Bt7 1	Bt10 1	
35	Bt6 1	Bt9 2	
36	Bt3 2	Bt6 1	Bt9 2	
37	Bt5 2	Bt10 1	
38	Bt3 1	Bt5 1	Bt6 1	Bt7 1	Bt10 1	
39	Bt1 1	Bt2 1	Bt4 2	Bt6 1	
40	Bt6 1	Bt7 1	Bt8 1	
41	Bt2 1	Bt4 1	Bt10 1	
42	Bt4 1	Bt5 1	Bt8 1	Bt10 2	
43	Bt1 1	Bt3 1	Bt5 2	Bt8 1	
44	Bt1 1	Bt2 1	Bt6 1	Bt7 1	Bt10 1	
45	Bt4 2	Bt5 1	Bt6 1	Bt8 1	
46	Bt6 1	Bt9 1	
47	Bt3 1	Bt6 1	Bt9 1	
48	Bt5 1	Bt8 3	
49	Bt4 1	Bt5 1	Bt7 1	Bt10 1	
50	Bt5 1	Bt6 3	Bt7 1	Bt9 1	
51	Bt1 1	Bt3 2	Bt4 1	Bt5 1	Bt7 1	
52	Bt1 1	Bt6 1	Bt9 1	Bt10 1	
53	Bt2 1	Bt7 1	
54	Bt1 1	Bt7 1	Bt8 1	Bt9 1	
55	Bt2 1	Bt3 2	Bt4 1	Bt8 1	
56	Bt4 1	Bt8 1	Bt9 1	Bt10 1	
57	Bt5 1	Bt7 1	Bt8 1	
58	Bt1 1	Bt6 1	Bt8 1	Bt10 1	
59	Bt2 1	Bt3 2	Bt8 1	Bt9 1	
60	Bt4 1	Bt6 1	Bt10 1	
61	Bt2 1	Bt3 1	Bt5 1	Bt8 2	Bt9 1	
62	Bt7 1	Bt10 2	
63	Bt4 2	Bt7 1	Bt8 1	
64	Bt5 1	Bt6 1	
65	Bt1 1	Bt4 1	Bt5 1	Bt6 1	
66	Bt1 1	Bt7 1	Bt8 1	
67	Bt1 2	Bt3 1	
68	Bt4 2	Bt7 1	Bt8 1	
69	Bt2 1	Bt5 2	Bt7 1	Bt10 1	
70	Bt2 1	Bt3 1	Bt6 1	Bt9 2	Bt10 1	
71	Bt2 1	Bt4 1	Bt7 1	Bt8 1	Bt9 2	
72	Bt2 1	Bt5 1	
73	Bt1 1	Bt2 1	Bt3 1	Bt9 1	
74	Bt1 1	Bt2 1	Bt3 1	
75	Bt1 1	Bt3 2	Bt4 1	Bt6 1	
76	Bt1 1	Bt6 1	
77	Bt2 1	Bt3 2	
78	Bt7 1	Bt9 1	
79	Bt1 1	Bt2 1	Bt5 2	Bt6 1	Bt7 1	
80	Bt4 1	Bt5 1	Bt6 1	Bt8 1	
81	Bt5 1	Bt7 1	Bt10 2	
82	Bt2 1	Bt3 1	Bt4 1	
83	Bt5 1	Bt6 1	Bt8 1	Bt9 1	Bt10 1	
84	Bt1 1	Bt5 1	
85	Bt2 1	Bt6 1	
86	Bt1 1	Bt4 1	Bt6 1	Bt10 1	
87	Bt4 1	Bt5 1	Bt10 2	
88	Bt2 1	Bt7 1	Bt8 1	
89	Bt5 1	Bt9 1	
90	Bt1 1	Bt3 1	Bt4 1	Bt5 1	Bt6 2	
91	Bt3 1	Bt5 1	Bt8 1	Bt9 1	Bt10 1	
92	Bt2 1	Bt6 1	Bt7 1	Bt9 1	Bt10 2	
93	Bt2 1	Bt3 2	Bt7 1	Bt10 1	
94	Bt3 1	Bt7 1	Bt10 1	
95	Bt1 1	Bt5 1	Bt6 1	Bt7 1	
96	Bt2 1	Bt3 2	Bt4 1	Bt7 1	Bt10 1	
97	Bt1 1	Bt9 1	
98	Bt4 1	Bt7 1	Bt9 2	Bt10 1	
99	Bt3 1	Bt7 1	Bt8 1	Bt9 1	
100	Bt4 1	Bt7 1	Bt9 1	