Name				535_n100_m400_bt10
Number_of_Customers		100
Number_of_Items			400
Number_of_ItemTypes		10
Number_of_Vehicles		28
TimeWindows			1

VEHICLE
Mass_Capacity			12595
CargoSpace_Length		60
CargoSpace_Width		25
CargoSpace_Height		30
Wheelbase			48
Max_Mass_FrontAxle		7100
Max_Mass_RearAxle		11500
Distance_FrontAxle_CargoSpace	4

CUSTOMERS
i		x		y		Demand		ReadyTime	DueDate		ServiceTime	DemandedMass	DemandedVolume
0		35		35		0		0		230		0		0		0
1		24		74		6		0		179		10		1771.39		1784
2		20		51		5		130		160		10		887.36		1228
3		3		73		4		0		170		10		1165.69		1252
4		33		57		4		7		45		10		1518.89		1424
5		33		19		4		0		203		10		705.17		922
6		49		4		3		0		185		10		340.73		552
7		40		18		4		0		202		10		1023.82		1112
8		39		4		5		0		188		10		1246.9		1662
9		10		46		4		0		192		10		1681.51		1656
10		41		46		3		23		57		10		939.03		1166
11		33		22		3		0		206		10		511.41		696
12		57		72		4		148		178		10		843.53		972
13		18		77		5		37		75		10		1836.28		2179
14		47		36		3		0		207		10		257.91		723
15		26		8		4		0		191		10		1360.24		1660
16		16		43		3		141		165		10		467.86		899
17		63		36		3		130		170		10		583.24		780
18		24		39		2		0		208		10		729.15		704
19		56		28		3		148		176		10		904.99		888
20		60		43		5		124		142		10		1486.25		1784
21		42		60		5		0		194		10		1154.98		1272
22		59		2		4		78		120		10		594.35		1135
23		70		74		5		104		130		10		2272.61		1982
24		25		61		4		0		192		10		1248.67		1306
25		53		28		5		178		210		10		1507.58		1642
26		35		2		4		33		63		10		423.67		991
27		1		66		4		0		173		10		838.63		1166
28		61		80		4		0		168		10		1210.88		1500
29		0		80		2		0		162		10		227.99		360
30		51		78		3		42		70		10		916.23		956
31		33		8		5		0		192		10		1464.03		1845
32		32		76		6		115		151		10		1146.44		1663
33		4		60		4		0		180		10		927.4		1310
34		59		50		4		0		191		10		366.88		628
35		59		67		5		122		148		10		961.35		2035
36		5		44		5		131		161		10		1125.72		1630
37		53		10		4		141		171		10		765.1		1152
38		49		30		3		0		205		10		988.06		1040
39		7		64		3		58		86		10		441.37		640
40		53		70		4		125		155		10		927.4		1310
41		6		34		5		0		190		10		607.56		1227
42		49		25		5		93		123		10		799.66		1138
43		18		73		2		0		178		10		717.91		636
44		56		60		6		0		187		10		1977.82		2010
45		15		4		4		0		183		10		809.77		1528
46		5		10		3		0		180		10		645.21		652
47		69		3		6		133		165		10		824.11		1284
48		42		21		6		113		143		10		928.5		1434
49		31		52		4		187		209		10		414.2		712
50		17		28		4		47		75		10		972.2		1024
51		25		17		4		165		191		10		397.18		732
52		56		68		6		0		180		10		1667.57		2045
53		61		29		3		0		193		10		426.31		680
54		33		14		5		28		56		10		1657.84		1546
55		28		1		4		0		185		10		1093.86		1168
56		67		32		3		0		187		10		645.21		652
57		64		45		3		137		163		10		574.27		852
58		55		18		6		0		193		10		1263.81		2168
59		54		51		3		49		75		10		445.6		800
60		2		28		4		0		186		10		1365.78		1216
61		53		38		2		0		201		10		385.4		572
62		67		13		4		136		168		10		1481.42		1692
63		67		37		6		0		187		10		1028.58		1490
64		45		79		5		159		191		10		1466.04		1788
65		55		23		2		0		196		10		106.33		216
66		60		15		5		47		77		10		707.09		1327
67		12		39		3		0		196		10		1078.05		1002
68		5		39		4		159		189		10		877.83		1325
69		2		39		3		0		186		10		312.7		588
70		12		49		6		0		193		10		1427.64		1652
71		11		25		3		0		194		10		600.76		1111
72		41		38		4		0		213		10		607.69		940
73		5		24		5		0		188		10		916.77		1048
74		42		24		4		0		206		10		630.43		1151
75		18		57		3		38		68		10		688.78		688
76		12		57		2		152		186		10		963.6		1020
77		21		74		6		155		177		10		751.48		1028
78		40		74		4		115		157		10		1354.48		1669
79		68		0		5		0		171		10		286.13		592
80		24		71		4		0		182		10		682.03		1000
81		69		67		2		0		173		10		208.95		563
82		70		9		3		51		85		10		415.07		612
83		16		34		3		0		200		10		596.18		778
84		4		49		5		140		170		10		822.21		1118
85		4		0		3		58		92		10		511.41		696
86		49		64		3		120		148		10		628.75		704
87		67		73		6		89		109		10		1552.79		1754
88		24		35		5		0		209		10		870.62		1163
89		20		18		3		29		55		10		709.79		870
90		34		32		4		92		120		10		1273.2		1545
91		37		50		2		132		156		10		598.84		706
92		0		69		4		0		171		10		739.71		1233
93		64		78		4		0		168		10		921.64		1319
94		43		14		3		111		139		10		416.86		640
95		24		4		5		19		49		10		1025.71		1418
96		15		51		5		71		103		10		973.53		1298
97		30		61		4		0		193		10		247.82		572
98		9		21		3		107		137		10		317.92		468
99		64		50		3		118		154		10		1129.67		1090
100		54		1		4		0		181		10		847.04		1062

ITEMS
Type		Length		Width		Height		Mass		Fragility	LoadBearingStrength
Bt1		17		6		5		481.80		0		15.0193566
Bt2		9		4		3		40.91		0		13.1738384
Bt3		7		4		7		117.04		1		9.3236645
Bt4		12		4		8		530.83		0		162.0444202
Bt5		12		3		3		65.42		1		5.8536255
Bt6		7		6		6		187.08		0		10.8541674
Bt7		10		4		4		48.96		0		10.0483226
Bt8		8		5		8		198.32		0		53.2329220
Bt9		8		6		7		258.91		0		17.6534044
Bt10		13		5		7		143.53		0		8.3197187

DEMANDS PER CUSTOMER
i	Type Quantity
1	Bt4 2	Bt5 1	Bt6 1	Bt8 1	Bt9 1	
2	Bt3 1	Bt5 1	Bt6 1	Bt9 2	
3	Bt3 1	Bt4 1	Bt9 2	
4	Bt4 2	Bt8 1	Bt9 1	
5	Bt1 1	Bt2 1	Bt3 1	Bt5 1	
6	Bt2 2	Bt9 1	
7	Bt3 2	Bt4 1	Bt9 1	
8	Bt1 1	Bt7 1	Bt8 1	Bt9 2	
9	Bt1 2	Bt4 1	Bt6 1	
10	Bt1 1	Bt8 1	Bt9 1	
11	Bt5 1	Bt6 1	Bt9 1	
12	Bt4 1	Bt5 1	Bt7 1	Bt8 1	
13	Bt1 2	Bt4 1	Bt8 1	Bt10 1	
14	Bt5 1	Bt7 1	Bt10 1	
15	Bt1 2	Bt8 2	
16	Bt5 1	Bt9 1	Bt10 1	
17	Bt5 1	Bt9 2	
18	Bt4 1	Bt8 1	
19	Bt4 1	Bt6 2	
20	Bt1 2	Bt5 1	Bt8 1	Bt9 1	
21	Bt2 1	Bt4 1	Bt5 1	Bt9 2	
22	Bt5 1	Bt6 1	Bt8 1	Bt10 1	
23	Bt1 1	Bt4 3	Bt8 1	
24	Bt1 1	Bt4 1	Bt6 1	Bt7 1	
25	Bt1 1	Bt4 1	Bt6 1	Bt7 1	Bt9 1	
26	Bt2 2	Bt8 1	Bt10 1	
27	Bt1 1	Bt7 2	Bt9 1	
28	Bt1 2	Bt7 1	Bt8 1	
29	Bt2 1	Bt6 1	
30	Bt4 1	Bt6 1	Bt8 1	
31	Bt1 1	Bt4 1	Bt7 1	Bt9 1	Bt10 1	
32	Bt4 1	Bt6 2	Bt7 2	Bt10 1	
33	Bt1 1	Bt7 1	Bt8 2	
34	Bt5 2	Bt6 1	Bt7 1	
35	Bt1 1	Bt7 1	Bt10 3	
36	Bt1 1	Bt7 1	Bt8 3	
37	Bt7 1	Bt8 1	Bt9 2	
38	Bt4 1	Bt8 1	Bt9 1	
39	Bt3 1	Bt5 1	Bt9 1	
40	Bt1 1	Bt7 1	Bt8 2	
41	Bt2 1	Bt6 2	Bt7 1	Bt10 1	
42	Bt1 1	Bt2 2	Bt6 1	Bt7 1	
43	Bt4 1	Bt6 1	
44	Bt1 1	Bt4 2	Bt6 1	Bt7 1	Bt8 1	
45	Bt1 1	Bt2 1	Bt10 2	
46	Bt4 1	Bt5 1	Bt7 1	
47	Bt5 2	Bt6 1	Bt7 1	Bt8 1	Bt9 1	
48	Bt1 1	Bt2 1	Bt7 3	Bt9 1	
49	Bt2 1	Bt5 1	Bt7 1	Bt9 1	
50	Bt3 1	Bt4 1	Bt5 1	Bt9 1	
51	Bt2 2	Bt3 1	Bt8 1	
52	Bt1 1	Bt4 1	Bt5 1	Bt6 1	Bt9 1	Bt10 1	
53	Bt2 1	Bt6 1	Bt8 1	
54	Bt1 1	Bt4 2	Bt5 1	Bt7 1	
55	Bt3 1	Bt4 1	Bt6 1	Bt9 1	
56	Bt4 1	Bt5 1	Bt7 1	
57	Bt3 1	Bt8 1	Bt9 1	
58	Bt1 1	Bt6 1	Bt7 1	Bt9 1	Bt10 2	
59	Bt7 1	Bt8 2	
60	Bt3 1	Bt4 2	Bt6 1	
61	Bt6 1	Bt8 1	
62	Bt1 2	Bt9 2	
63	Bt1 1	Bt3 2	Bt5 1	Bt7 1	Bt8 1	
64	Bt1 2	Bt3 1	Bt6 1	Bt8 1	
65	Bt2 1	Bt5 1	
66	Bt2 1	Bt5 1	Bt8 1	Bt9 1	Bt10 1	
67	Bt1 1	Bt4 1	Bt5 1	
68	Bt1 1	Bt5 1	Bt6 1	Bt10 1	
69	Bt5 1	Bt7 1	Bt8 1	
70	Bt4 1	Bt5 1	Bt6 2	Bt8 1	Bt9 1	
71	Bt8 1	Bt9 1	Bt10 1	
72	Bt2 1	Bt7 1	Bt9 2	
73	Bt2 2	Bt3 1	Bt4 1	Bt6 1	
74	Bt2 1	Bt6 1	Bt9 1	Bt10 1	
75	Bt2 1	Bt3 1	Bt4 1	
76	Bt1 2	
77	Bt2 3	Bt4 1	Bt7 2	
78	Bt1 1	Bt4 1	Bt8 1	Bt10 1	
79	Bt2 1	Bt5 3	Bt7 1	
80	Bt6 2	Bt7 1	Bt9 1	
81	Bt5 1	Bt10 1	
82	Bt2 1	Bt6 2	
83	Bt1 1	Bt5 1	Bt7 1	
84	Bt1 1	Bt2 1	Bt3 2	Bt5 1	
85	Bt5 1	Bt6 1	Bt9 1	
86	Bt4 1	Bt7 2	
87	Bt1 1	Bt3 1	Bt4 1	Bt6 2	Bt7 1	
88	Bt4 1	Bt5 3	Bt10 1	
89	Bt1 1	Bt2 1	Bt6 1	
90	Bt1 1	Bt3 1	Bt4 1	Bt10 1	
91	Bt1 1	Bt3 1	
92	Bt1 1	Bt5 1	Bt7 1	Bt10 1	
93	Bt4 1	Bt7 1	Bt8 1	Bt10 1	
94	Bt2 1	Bt3 1	Bt9 1	
95	Bt1 1	Bt6 1	Bt7 2	Bt9 1	
96	Bt1 1	Bt2 1	Bt5 1	Bt6 1	Bt8 1	
97	Bt2 2	Bt3 1	Bt7 1	
98	Bt5 2	Bt6 1	
99	Bt1 1	Bt3 1	Bt4 1	
100	Bt1 1	Bt2 1	Bt5 1	Bt9 1	