Name				536_n100_m400_bt100
Number_of_Customers		100
Number_of_Items			400
Number_of_ItemTypes		100
Number_of_Vehicles		37
TimeWindows			1

VEHICLE
Mass_Capacity			12595
CargoSpace_Length		60
CargoSpace_Width		25
CargoSpace_Height		30
Wheelbase			48
Max_Mass_FrontAxle		7100
Max_Mass_RearAxle		11500
Distance_FrontAxle_CargoSpace	4

CUSTOMERS
i		x		y		Demand		ReadyTime	DueDate		ServiceTime	DemandedMass	DemandedVolume
0		35		35		0		0		230		0		0		0
1		31		58		4		90		116		10		867.04		1190
2		66		6		4		0		177		10		2435.39		1854
3		60		75		5		40		68		10		1196.31		1651
4		38		76		6		44		74		10		805.69		1235
5		37		70		3		0		184		10		826.55		1434
6		24		74		4		89		125		10		907.69		1132
7		53		19		2		101		135		10		224.12		360
8		15		26		3		157		181		10		1146.76		1116
9		46		25		5		12		40		10		1085.41		1524
10		23		6		6		78		114		10		937.92		1438
11		16		11		3		0		189		10		377.17		524
12		27		80		6		93		121		10		1555.66		2045
13		54		30		3		173		205		10		612.1		732
14		53		48		2		73		101		10		208.48		412
15		19		20		3		0		198		10		646.41		1148
16		9		61		5		49		79		10		612.63		906
17		42		54		3		0		199		10		943.52		788
18		27		57		2		0		196		10		252.63		456
19		38		16		4		97		121		10		965.8		1624
20		10		24		4		140		172		10		1413.91		1715
21		45		52		6		0		200		10		1081.38		1890
22		18		71		2		53		87		10		108.4		156
23		6		59		4		0		182		10		1643.97		1224
24		37		3		4		20		44		10		1068.36		1180
25		60		53		4		28		56		10		530.05		897
26		70		47		4		105		129		10		898.44		835
27		62		65		3		55		81		10		498.71		794
28		34		59		4		0		195		10		879.65		1470
29		55		14		3		0		191		10		1123.56		1168
30		29		47		4		0		206		10		820.91		1460
31		42		6		3		168		202		10		1113.81		1075
32		66		24		3		162		186		10		967.52		1113
33		8		50		6		170		196		10		1182.74		1725
34		45		64		2		0		189		10		208.9		222
35		28		21		4		127		153		10		770.8		1455
36		54		60		6		109		141		10		898.64		1626
37		1		12		6		138		164		10		1323.81		1918
38		20		9		4		149		181		10		2510.95		1584
39		15		63		2		41		71		10		621.38		1017
40		23		69		5		0		183		10		1664.09		1768
41		20		46		4		13		39		10		713.21		867
42		25		40		5		57		85		10		799.64		1097
43		1		66		2		0		173		10		572.27		656
44		0		49		5		0		182		10		1263.22		1710
45		36		21		5		52		82		10		1064.51		1108
46		23		78		3		145		175		10		953.37		1052
47		1		61		6		150		180		10		1185.16		1575
48		66		71		5		135		173		10		1658.6		1185
49		22		36		6		63		97		10		2100.45		2178
50		7		12		4		68		98		10		1276.25		1701
51		23		19		4		0		200		10		1641.89		1518
52		48		49		5		129		145		10		1823.23		1498
53		58		17		4		0		190		10		1216.9		1128
54		18		53		2		125		149		10		277.57		504
55		64		46		3		127		159		10		591.2		804
56		52		24		4		49		75		10		597.22		952
57		50		28		5		34		58		10		582.12		1144
58		4		69		4		84		104		10		1668.53		1645
59		30		10		5		114		142		10		992.61		1308
60		45		30		2		58		96		10		339.23		447
61		46		60		5		49		81		10		1562.44		1624
62		46		2		6		113		143		10		1999.05		2180
63		63		3		6		56		82		10		1182.16		1755
64		7		46		5		112		148		10		1523.85		1643
65		38		48		4		91		127		10		1000.12		1059
66		41		76		4		0		178		10		954.39		1374
67		56		33		3		155		185		10		700.78		810
68		51		69		2		0		182		10		167.69		172
69		65		34		4		78		118		10		1217.13		1059
70		29		77		3		0		177		10		781.4		1120
71		24		53		6		0		198		10		1262.11		1710
72		48		35		5		159		191		10		1671.82		1610
73		3		39		5		139		165		10		1044.43		1440
74		14		23		4		157		175		10		2535.29		1860
75		39		43		5		81		103		10		934.82		1474
76		11		50		5		0		191		10		1096.17		1103
77		23		0		6		32		60		10		1457.48		2068
78		49		80		2		144		174		10		561.42		678
79		2		74		5		45		71		10		920.95		1520
80		46		22		4		41		69		10		823.67		1078
81		11		40		4		102		128		10		875.3		1205
82		14		17		2		121		153		10		624.53		730
83		52		12		2		0		191		10		2241.1		1260
84		30		17		3		21		53		10		707.87		891
85		61		16		4		34		62		10		1932.54		1602
86		53		53		4		71		105		10		772.81		850
87		10		6		3		26		66		10		487.33		868
88		39		61		3		40		66		10		443.94		782
89		44		74		3		86		112		10		565.68		642
90		69		69		2		114		142		10		223.08		364
91		1		6		3		107		139		10		780.5		1164
92		60		72		3		56		92		10		320.37		728
93		38		65		6		154		186		10		1368.85		2490
94		7		7		4		39		71		10		663.38		1104
95		31		53		2		0		201		10		565.95		1026
96		16		48		2		129		159		10		136.57		366
97		36		6		5		134		164		10		1998.58		1807
98		55		72		5		0		177		10		1256		1709
99		10		78		6		41		73		10		2035.4		1992
100		11		57		6		102		142		10		800		1116

ITEMS
Type		Length		Width		Height		Mass		Fragility	LoadBearingStrength
Bt1		9		7		7		351.21		0		13.7384444
Bt2		17		6		4		407.20		0		43.8468220
Bt3		17		5		3		163.34		0		41.6841063
Bt4		12		2		5		94.37		0		79.5498996
Bt5		6		4		3		33.28		0		9.7038863
Bt6		7		3		4		59.07		1		7.8973143
Bt7		9		3		4		107.52		0		106.9717614
Bt8		17		5		5		189.91		1		5.6342841
Bt9		13		6		6		594.58		0		121.1842122
Bt10		17		4		3		89.35		0		32.6499044
Bt11		7		7		4		120.99		1		12.5929809
Bt12		6		2		3		33.18		0		100.7597126
Bt13		17		3		7		250.87		0		24.0772929
Bt14		9		5		8		133.57		0		14.0166793
Bt15		7		5		8		118.58		0		86.7746185
Bt16		13		4		3		96.89		0		17.4832466
Bt17		11		6		4		124.09		0		60.3950293
Bt18		7		6		8		158.26		0		20.2459384
Bt19		11		2		6		123.20		1		6.0685228
Bt20		17		5		3		228.36		0		78.6801905
Bt21		8		7		5		85.28		0		42.2700300
Bt22		9		3		5		107.45		0		53.9043161
Bt23		13		6		7		504.65		0		15.2669482
Bt24		12		5		8		227.55		0		66.0778439
Bt25		16		3		3		92.22		0		108.5955631
Bt26		6		5		5		140.20		0		30.8727897
Bt27		7		4		7		162.10		0		28.9138641
Bt28		11		2		3		32.23		0		19.2772219
Bt29		16		7		5		261.30		0		55.1169198
Bt30		13		5		4		206.89		0		12.9087880
Bt31		17		4		6		654.34		0		38.9269162
Bt32		13		4		6		128.20		0		11.8624557
Bt33		8		5		3		75.22		1		5.7915303
Bt34		7		6		6		183.82		0		27.1358188
Bt35		9		2		8		52.30		0		13.4247936
Bt36		15		6		7		1120.55		0		128.8090615
Bt37		16		7		5		189.01		0		31.2920885
Bt38		7		5		4		113.79		0		12.2190617
Bt39		7		4		8		110.90		0		51.5152606
Bt40		10		6		5		248.84		1		7.7288492
Bt41		13		5		4		112.22		0		31.4032416
Bt42		11		6		6		365.38		0		31.8068537
Bt43		16		6		6		270.17		0		89.9961217
Bt44		16		5		6		383.94		0		22.8265134
Bt45		13		4		6		235.37		0		22.3872347
Bt46		15		5		8		333.06		1		7.4095975
Bt47		6		3		6		99.19		0		58.1772055
Bt48		6		3		3		23.27		0		42.8582981
Bt49		9		7		4		490.91		1		58.7755955
Bt50		7		6		5		246.05		1		28.6161274
Bt51		8		3		5		83.44		0		65.0252924
Bt52		10		4		6		110.61		0		117.6488677
Bt53		14		2		8		192.29		0		31.4852927
Bt54		16		3		7		321.08		1		69.2219541
Bt55		10		3		3		88.36		0		21.5222367
Bt56		16		5		7		349.42		0		135.8556478
Bt57		14		4		6		234		0		67.6981440
Bt58		17		2		3		85.36		0		207.7292596
Bt59		12		6		4		208.30		0		28.1314021
Bt60		10		5		7		320.90		1		9.6856251
Bt61		7		5		6		206.45		0		76.9526443
Bt62		6		4		3		68.70		0		266.8161392
Bt63		16		2		6		113.71		1		14.9772229
Bt64		10		2		5		98.99		0		91.1073135
Bt65		14		6		7		336.50		0		21.1501690
Bt66		11		7		7		767.54		0		76.7856210
Bt67		12		5		3		158.51		0		105.8686822
Bt68		15		6		7		541.50		0		133.8827967
Bt69		8		6		8		207.56		1		8.1891335
Bt70		10		3		7		109.42		1		8.4376283
Bt71		8		6		8		415.18		0		81.2252085
Bt72		7		3		7		71.91		1		15.4548977
Bt73		15		4		8		350.19		0		26.2899942
Bt74		7		4		8		129.69		1		6.6200429
Bt75		12		5		7		166.22		0		107.8913272
Bt76		6		3		3		47.90		0		13.1085938
Bt77		17		6		5		999.68		1		42.1835474
Bt78		17		5		7		1165.71		0		55.9501600
Bt79		7		4		7		122.48		0		76.8925534
Bt80		10		3		4		109.42		0		49.4253445
Bt81		10		6		6		396.06		1		23.0112639
Bt82		16		6		4		123.62		0		6.7012436
Bt83		15		6		7		200.57		1		5.9115593
Bt84		14		7		5		513.92		0		114.2201902
Bt85		14		4		6		276.69		0		114.6285750
Bt86		16		5		7		283.36		0		59.8736408
Bt87		17		2		6		127.23		0		20.6753013
Bt88		8		6		8		332.11		0		154.3261127
Bt89		9		5		6		154.22		0		11.9683387
Bt90		17		4		8		471.79		0		19.3476520
Bt91		7		7		6		103.29		0		17.9341485
Bt92		12		6		5		251.07		0		129.0332105
Bt93		11		6		6		315.75		0		174.0283526
Bt94		6		6		8		201.13		0		32.5339621
Bt95		8		5		4		152.48		0		116.5376664
Bt96		14		5		6		262.59		1		19.8183804
Bt97		16		3		7		291.53		0		33.0531044
Bt98		11		4		6		244.10		0		47.2003751
Bt99		7		6		8		203.80		0		19.5203553
Bt100		6		3		8		75.62		0		49.0194521

DEMANDS PER CUSTOMER
i	Type Quantity
1	Bt38 1	Bt40 1	Bt73 1	Bt89 1	
2	Bt66 1	Bt78 1	Bt92 2	
3	Bt13 1	Bt18 1	Bt19 1	Bt68 1	Bt79 1	
4	Bt12 1	Bt39 1	Bt42 1	Bt52 1	Bt63 1	Bt72 1	
5	Bt37 1	Bt82 1	Bt84 1	
6	Bt5 1	Bt70 1	Bt84 1	Bt92 1	
7	Bt16 1	Bt87 1	
8	Bt23 1	Bt50 1	Bt81 1	
9	Bt2 1	Bt7 1	Bt25 1	Bt43 1	Bt59 1	
10	Bt12 1	Bt21 1	Bt34 1	Bt44 1	Bt76 1	Bt99 1	
11	Bt38 1	Bt39 1	Bt95 1	
12	Bt2 1	Bt18 1	Bt20 1	Bt29 1	Bt58 1	Bt71 1	
13	Bt23 1	Bt28 1	Bt33 1	
14	Bt19 1	Bt21 1	
15	Bt41 1	Bt46 1	Bt94 1	
16	Bt17 1	Bt19 1	Bt51 1	Bt57 1	Bt76 1	
17	Bt16 1	Bt31 1	Bt53 1	
18	Bt4 1	Bt18 1	
19	Bt41 1	Bt60 1	Bt83 1	Bt88 1	
20	Bt29 1	Bt66 1	Bt79 1	Bt96 1	
21	Bt5 1	Bt46 1	Bt52 1	Bt65 1	Bt67 1	Bt70 1	
22	Bt12 1	Bt33 1	
23	Bt2 1	Bt16 1	Bt26 1	Bt77 1	
24	Bt28 1	Bt54 1	Bt84 1	Bt94 1	
25	Bt5 1	Bt55 1	Bt65 1	Bt72 1	
26	Bt3 1	Bt11 1	Bt19 1	Bt49 1	
27	Bt26 1	Bt53 1	Bt75 1	
28	Bt37 1	Bt44 1	Bt89 1	Bt95 1	
29	Bt21 1	Bt31 1	Bt44 1	
30	Bt17 1	Bt39 1	Bt43 1	Bt93 1	
31	Bt39 1	Bt45 1	Bt66 1	
32	Bt1 1	Bt71 1	Bt94 1	
33	Bt2 1	Bt20 1	Bt43 1	Bt55 1	Bt58 1	Bt91 1	
34	Bt26 1	Bt62 1	
35	Bt25 1	Bt43 1	Bt65 1	Bt72 1	
36	Bt4 1	Bt10 1	Bt18 1	Bt43 1	Bt58 1	Bt94 1	
37	Bt12 1	Bt17 1	Bt23 1	Bt29 1	Bt53 1	Bt59 1	
38	Bt36 1	Bt47 1	Bt77 1	Bt97 1	
39	Bt1 1	Bt43 1	
40	Bt31 1	Bt55 1	Bt56 1	Bt60 1	Bt92 1	
41	Bt3 1	Bt6 1	Bt71 1	Bt100 1	
42	Bt16 1	Bt53 1	Bt55 1	Bt72 1	Bt73 1	
43	Bt30 1	Bt42 1	
44	Bt8 1	Bt20 1	Bt84 1	Bt87 1	Bt99 1	
45	Bt28 1	Bt31 1	Bt69 1	Bt76 1	Bt79 1	
46	Bt43 1	Bt49 1	Bt53 1	
47	Bt20 1	Bt43 1	Bt50 1	Bt61 1	Bt67 1	Bt100 1	
48	Bt22 1	Bt36 1	Bt47 1	Bt50 1	Bt58 1	
49	Bt32 1	Bt36 1	Bt46 1	Bt51 1	Bt67 1	Bt85 1	
50	Bt1 1	Bt24 1	Bt42 1	Bt88 1	
51	Bt19 1	Bt40 1	Bt43 1	Bt77 1	
52	Bt25 1	Bt62 1	Bt66 2	Bt87 1	
53	Bt45 1	Bt49 1	Bt67 1	Bt88 1	
54	Bt21 1	Bt53 1	
55	Bt19 1	Bt57 2	
56	Bt12 1	Bt57 1	Bt69 1	Bt79 1	
57	Bt4 1	Bt8 1	Bt41 1	Bt63 1	Bt72 1	
58	Bt13 1	Bt31 1	Bt90 1	Bt97 1	
59	Bt4 1	Bt55 1	Bt60 1	Bt65 1	Bt95 1	
60	Bt13 1	Bt55 1	
61	Bt9 1	Bt11 1	Bt52 1	Bt54 1	Bt71 1	
62	Bt12 1	Bt14 1	Bt37 1	Bt74 1	Bt77 1	Bt84 1	
63	Bt1 1	Bt2 1	Bt63 1	Bt72 2	Bt75 1	
64	Bt26 1	Bt31 1	Bt60 1	Bt65 1	Bt72 1	
65	Bt22 1	Bt46 1	Bt49 1	Bt62 1	
66	Bt23 1	Bt33 1	Bt59 1	Bt75 1	
67	Bt10 1	Bt42 1	Bt50 1	
68	Bt62 1	Bt64 1	
69	Bt6 1	Bt64 1	Bt66 1	Bt97 1	
70	Bt39 1	Bt54 1	Bt56 1	
71	Bt7 1	Bt55 1	Bt58 1	Bt68 1	Bt82 1	Bt93 1	
72	Bt2 1	Bt66 1	Bt72 1	Bt80 1	Bt93 1	
73	Bt5 1	Bt45 1	Bt69 1	Bt85 1	Bt97 1	
74	Bt36 1	Bt40 1	Bt75 1	Bt77 1	
75	Bt14 1	Bt18 1	Bt38 1	Bt59 1	Bt60 1	
76	Bt17 1	Bt49 1	Bt55 1	Bt60 1	Bt72 1	
77	Bt21 1	Bt35 1	Bt65 1	Bt71 1	Bt85 1	Bt97 1	
78	Bt2 1	Bt89 1	
79	Bt10 1	Bt63 1	Bt79 1	Bt82 1	Bt90 1	
80	Bt18 1	Bt35 1	Bt47 1	Bt84 1	
81	Bt2 1	Bt4 1	Bt8 1	Bt34 1	
82	Bt52 1	Bt84 1	
83	Bt36 2	
84	Bt1 1	Bt50 1	Bt52 1	
85	Bt42 1	Bt45 1	Bt77 1	Bt88 1	
86	Bt45 1	Bt48 1	Bt64 1	Bt71 1	
87	Bt5 1	Bt11 1	Bt46 1	
88	Bt33 1	Bt58 1	Bt86 1	
89	Bt48 1	Bt71 1	Bt87 1	
90	Bt17 1	Bt64 1	
91	Bt42 1	Bt69 2	
92	Bt38 1	Bt91 2	
93	Bt56 1	Bt58 1	Bt75 1	Bt86 2	Bt94 1	
94	Bt5 1	Bt32 1	Bt56 1	Bt95 1	
95	Bt42 1	Bt83 1	
96	Bt5 1	Bt91 1	
97	Bt7 1	Bt17 1	Bt73 1	Bt78 1	Bt92 1	
98	Bt2 1	Bt8 1	Bt33 1	Bt54 1	Bt96 1	
99	Bt51 1	Bt77 1	Bt88 1	Bt91 1	Bt93 1	Bt94 1	
100	Bt45 1	Bt48 1	Bt52 1	Bt58 1	Bt62 1	Bt85 1	