Name				537_n100_m400_bt100
Number_of_Customers		100
Number_of_Items			400
Number_of_ItemTypes		100
Number_of_Vehicles		33
TimeWindows			1

VEHICLE
Mass_Capacity			12595
CargoSpace_Length		60
CargoSpace_Width		25
CargoSpace_Height		30
Wheelbase			48
Max_Mass_FrontAxle		7100
Max_Mass_RearAxle		11500
Distance_FrontAxle_CargoSpace	4

CUSTOMERS
i		x		y		Demand		ReadyTime	DueDate		ServiceTime	DemandedMass	DemandedVolume
0		35		35		0		0		230		0		0		0
1		22		30		3		95		123		10		628.77		892
2		0		30		5		0		184		10		1192.25		1445
3		68		4		3		0		174		10		777.07		756
4		13		69		6		85		109		10		1417.56		1532
5		41		15		3		11		35		10		1067.3		1046
6		49		51		5		161		189		10		1041.48		1528
7		40		41		3		182		212		10		840.32		1140
8		52		9		5		94		124		10		595.67		994
9		16		3		4		0		182		10		470.52		431
10		64		28		6		116		150		10		1746.42		2421
11		3		51		5		89		117		10		376.25		972
12		18		64		4		67		93		10		517.68		859
13		56		35		4		0		199		10		834.92		1145
14		20		74		2		142		174		10		794.99		623
15		38		15		2		148		180		10		594.17		468
16		69		9		2		76		110		10		297.34		399
17		63		20		3		121		155		10		384.73		644
18		52		39		3		181		207		10		603.32		1002
19		18		45		6		8		34		10		1365.72		2023
20		48		28		3		28		62		10		1059.86		922
21		47		33		6		88		122		10		1721.25		1802
22		43		55		4		113		143		10		729.15		789
23		29		73		5		65		93		10		638.7		860
24		5		60		2		124		144		10		191.74		276
25		21		39		2		7		31		10		161.1		296
26		19		34		2		157		183		10		382.78		700
27		44		16		4		76		104		10		1207.35		1524
28		9		35		6		85		109		10		717.22		1142
29		37		2		5		124		158		10		1018.92		1760
30		70		47		5		0		183		10		1561.62		2300
31		31		32		3		0		215		10		489.33		544
32		68		0		5		145		177		10		1074.05		1820
33		11		45		3		112		150		10		261.37		543
34		48		80		4		0		173		10		465.63		709
35		43		43		4		7		41		10		1212.09		1335
36		31		49		4		0		205		10		560.5		1017
37		27		9		3		37		61		10		209.08		302
38		19		80		4		155		187		10		740.62		688
39		17		41		4		177		209		10		1170.95		1692
40		2		56		6		125		169		10		1154.75		1510
41		22		4		3		0		186		10		445.63		591
42		9		30		4		65		93		10		1134.85		1305
43		61		80		2		0		168		10		145.96		216
44		54		26		4		60		96		10		383.96		514
45		37		18		5		137		169		10		730.15		1160
46		66		59		4		80		114		10		530.01		936
47		68		24		5		57		93		10		1072.7		1446
48		0		59		4		77		107		10		497.39		946
49		61		59		5		107		141		10		1779.88		2492
50		47		18		4		0		199		10		597.48		933
51		56		21		5		109		129		10		1567.25		1467
52		53		65		4		28		58		10		483.12		868
53		28		65		6		119		147		10		802.82		1334
54		25		37		2		107		131		10		238.09		552
55		40		53		3		112		142		10		420.38		1064
56		13		39		3		179		209		10		1153.72		1288
57		25		55		4		70		108		10		549.28		951
58		12		77		4		45		75		10		349.6		698
59		6		32		5		92		116		10		974.04		1469
60		11		66		4		131		157		10		474.21		697
61		68		80		3		0		164		10		460.37		543
62		0		38		4		99		129		10		1004.82		1311
63		19		50		6		0		198		10		1059.7		1380
64		58		43		5		121		149		10		838.66		1342
65		58		53		4		129		153		10		1745.97		1742
66		39		32		5		0		215		10		772.74		1123
67		15		12		5		107		137		10		1537.69		1539
68		48		65		4		128		158		10		537.95		781
69		29		28		4		48		72		10		781.96		1153
70		41		59		3		110		138		10		432.13		714
71		33		60		5		68		100		10		859.11		1383
72		8		23		4		28		54		10		339.48		520
73		38		78		4		0		176		10		544.92		685
74		58		24		6		0		194		10		1138.75		1854
75		36		21		4		0		205		10		1147.72		1744
76		32		12		6		154		196		10		925.63		1845
77		3		23		3		101		127		10		393.82		668
78		64		45		2		0		189		10		442.23		696
79		42		35		6		0		213		10		1481.39		1956
80		38		67		4		0		187		10		760.71		1141
81		50		55		3		101		129		10		781.19		1285
82		69		40		5		0		185		10		925.1		1263
83		51		17		4		165		195		10		499.43		966
84		45		59		2		36		74		10		521.81		382
85		22		11		6		29		63		10		934.38		1558
86		23		24		3		156		186		10		1167.92		1150
87		59		13		4		161		195		10		687.22		1170
88		66		64		3		152		182		10		385.06		646
89		43		63		3		57		95		10		485.82		730
90		37		6		6		39		69		10		816.88		1250
91		69		13		3		0		179		10		633.36		1022
92		3		48		3		38		72		10		575.56		795
93		10		61		4		108		136		10		558.11		1080
94		45		73		6		0		180		10		1560.75		1552
95		17		54		2		162		196		10		228.43		414
96		60		74		3		40		76		10		305.8		452
97		60		56		4		157		173		10		794.46		1302
98		32		0		6		107		143		10		745.78		1084
99		5		55		2		0		183		10		224.02		508
100		20		67		3		0		184		10		267.94		502

ITEMS
Type		Length		Width		Height		Mass		Fragility	LoadBearingStrength
Bt1		7		5		6		96.49		0		14.5583018
Bt2		12		5		4		142.82		0		52.5747164
Bt3		11		3		7		182.60		0		46.9963693
Bt4		11		7		3		436.28		0		73.1210223
Bt5		10		4		3		53.46		1		6.5433272
Bt6		12		6		8		563.22		0		30.2284033
Bt7		9		3		6		132.59		0		77.4860374
Bt8		9		3		6		137.93		1		21.6684836
Bt9		8		3		7		139.74		1		10.6648391
Bt10		12		3		3		136.25		0		43.1468591
Bt11		16		5		8		243.07		0		36.1674397
Bt12		14		3		7		197.41		0		27.4025758
Bt13		14		4		3		145.76		0		24.6788186
Bt14		17		7		3		321.97		0		32.5988129
Bt15		16		3		7		258.89		0		38.2430185
Bt16		17		4		5		168.32		0		18.4646971
Bt17		14		6		5		268.48		0		26.0753302
Bt18		6		4		8		361.77		0		225.5075357
Bt19		6		5		5		58.39		0		7.4231843
Bt20		15		2		8		209.57		0		53.1450039
Bt21		10		2		5		39.07		0		33.3412590
Bt22		8		7		4		116.77		1		8.9708326
Bt23		14		6		7		350.10		0		9.3349048
Bt24		17		3		5		94.83		0		11.6998793
Bt25		8		2		4		24.47		0		27.4166326
Bt26		17		3		5		122.41		1		32.0883387
Bt27		10		3		3		64.24		0		28.4751624
Bt28		11		7		8		280.30		1		6.7311598
Bt29		10		6		7		778.74		0		71.6985189
Bt30		16		3		7		189.47		0		8.8528713
Bt31		16		5		7		211.76		0		29.4353989
Bt32		10		5		8		128.97		0		8.7288732
Bt33		14		4		8		297.58		1		7.8612941
Bt34		17		2		4		67.93		0		85.0992521
Bt35		9		4		4		61.11		0		14.1494228
Bt36		14		2		4		48.51		1		4.6146531
Bt37		13		4		8		237.66		0		26.1336824
Bt38		11		3		6		83.53		0		11.1113985
Bt39		9		2		4		44.33		0		25.5832662
Bt40		11		4		6		161.49		0		47.6962913
Bt41		12		4		8		189.57		1		5.2666364
Bt42		14		4		8		316.07		0		23.0605451
Bt43		15		7		5		341.31		0		78.3310274
Bt44		15		3		6		167.32		0		18.2683457
Bt45		16		3		5		107.91		0		9.9978692
Bt46		9		4		3		53.83		0		70.9316698
Bt47		7		4		3		59.97		0		25.1549807
Bt48		10		2		5		96.33		0		218.4727618
Bt49		12		7		8		422.55		0		14.7213500
Bt50		17		2		7		401.52		0		59.4445622
Bt51		11		6		8		479.42		0		36.3709780
Bt52		9		3		5		43.73		1		5.4587745
Bt53		12		3		4		120.29		0		92.1463254
Bt54		17		6		3		121.07		1		22.1413023
Bt55		12		5		5		253.81		0		93.2160514
Bt56		11		3		7		122.51		0		23.9543980
Bt57		6		4		8		113.35		0		14.5937339
Bt58		15		3		7		159.80		0		25.6495533
Bt59		6		6		4		87.88		0		52.0551344
Bt60		11		4		6		366.50		0		251.1860868
Bt61		6		6		5		125.14		0		72.0507211
Bt62		8		3		6		114.83		0		106.2369605
Bt63		7		3		3		38.45		0		15.7272415
Bt64		15		6		5		449.15		0		53.0599548
Bt65		13		7		3		153.04		0		15.3344774
Bt66		13		3		8		95.27		1		2.2400650
Bt67		6		6		6		119.72		0		34.6049560
Bt68		9		5		6		158.61		0		33.9812294
Bt69		9		2		6		95.05		0		53.3033536
Bt70		10		2		5		77.17		0		58.4109050
Bt71		6		3		6		92.13		0		268.7500478
Bt72		10		4		6		210.96		0		30.9929403
Bt73		10		5		8		271.93		0		45.7160280
Bt74		14		5		8		427.98		0		57.0147970
Bt75		7		7		4		160.05		0		91.0007003
Bt76		7		4		4		71.05		0		8.3301919
Bt77		14		5		8		756.54		1		18.1467787
Bt78		14		2		3		75.82		1		20.5191337
Bt79		9		4		6		160.70		0		59.4254650
Bt80		11		6		5		292.86		0		24.7712465
Bt81		12		2		6		56.18		0		58.8818701
Bt82		14		2		3		45.39		1		8.6802833
Bt83		8		4		4		92.16		1		10.1265510
Bt84		12		3		6		190.30		0		48.6826759
Bt85		16		5		3		83.97		0		45.3189913
Bt86		14		7		5		281.27		1		31.0012050
Bt87		14		6		7		732.57		0		48.0140728
Bt88		11		3		4		110.09		0		206.5812878
Bt89		13		5		8		438.33		1		5.8820469
Bt90		12		6		4		227.02		1		11.6283658
Bt91		14		4		3		59.37		0		14.6078208
Bt92		6		6		7		235.57		0		149.8225852
Bt93		17		4		3		227.67		0		97.3812480
Bt94		10		4		4		218.65		1		14.0172163
Bt95		10		6		3		87.53		0		8.6171979
Bt96		10		2		5		34.39		0		17.0845066
Bt97		8		4		5		73.40		0		37.7874197
Bt98		10		5		5		133.64		0		33.5168096
Bt99		14		4		3		55.49		0		13.0054228
Bt100		6		5		7		85.90		0		38.6867392

DEMANDS PER CUSTOMER
i	Type Quantity
1	Bt8 1	Bt20 1	Bt86 1	
2	Bt14 1	Bt48 1	Bt55 1	Bt74 1	Bt83 1	
3	Bt18 1	Bt40 1	Bt55 1	
4	Bt20 1	Bt60 1	Bt61 1	Bt89 1	Bt91 1	Bt94 1	
5	Bt12 1	Bt57 1	Bt77 1	
6	Bt10 1	Bt23 1	Bt73 1	Bt81 1	Bt90 1	
7	Bt6 1	Bt41 1	Bt95 1	
8	Bt2 1	Bt5 1	Bt20 1	Bt81 1	Bt98 1	
9	Bt10 1	Bt63 1	Bt70 1	Bt94 1	
10	Bt17 1	Bt26 1	Bt49 1	Bt51 1	Bt79 1	Bt80 1	
11	Bt35 1	Bt85 1	Bt91 1	Bt100 2	
12	Bt2 1	Bt17 1	Bt34 1	Bt63 1	
13	Bt20 1	Bt39 1	Bt65 1	Bt74 1	
14	Bt63 1	Bt77 1	
15	Bt60 1	Bt93 1	
16	Bt15 1	Bt63 1	
17	Bt2 1	Bt22 1	Bt61 1	
18	Bt25 1	Bt33 1	Bt86 1	
19	Bt2 1	Bt26 1	Bt33 1	Bt36 1	Bt42 1	Bt89 1	
20	Bt29 1	Bt54 1	Bt75 1	
21	Bt13 1	Bt25 1	Bt64 1	Bt73 1	Bt77 1	Bt97 1	
22	Bt10 1	Bt14 1	Bt47 1	Bt72 1	
23	Bt67 1	Bt78 1	Bt79 1	Bt83 1	Bt84 1	
24	Bt10 1	Bt99 1	
25	Bt22 1	Bt39 1	
26	Bt32 1	Bt55 1	
27	Bt29 1	Bt31 1	Bt32 1	Bt59 1	
28	Bt12 1	Bt21 1	Bt48 1	Bt68 1	Bt83 1	Bt98 1	
29	Bt11 1	Bt12 1	Bt42 1	Bt44 1	Bt69 1	
30	Bt11 1	Bt74 2	Bt90 1	Bt92 1	
31	Bt20 1	Bt35 1	Bt94 1	
32	Bt9 1	Bt23 1	Bt31 1	Bt40 1	Bt72 1	
33	Bt58 1	Bt81 1	Bt82 1	
34	Bt38 1	Bt52 1	Bt67 1	Bt94 1	
35	Bt35 1	Bt56 1	Bt73 1	Bt77 1	
36	Bt24 1	Bt30 1	Bt84 1	Bt100 1	
37	Bt27 1	Bt36 1	Bt48 1	
38	Bt10 1	Bt60 1	Bt70 1	Bt79 1	
39	Bt10 1	Bt28 1	Bt42 1	Bt89 1	
40	Bt40 1	Bt46 1	Bt51 1	Bt53 1	Bt54 1	Bt94 1	
41	Bt3 1	Bt5 1	Bt20 1	
42	Bt18 1	Bt31 1	Bt50 1	Bt58 1	
43	Bt46 1	Bt71 1	
44	Bt8 1	Bt21 1	Bt62 1	Bt71 1	
45	Bt23 1	Bt48 1	Bt61 1	Bt76 1	Bt95 1	
46	Bt1 1	Bt66 1	Bt80 1	Bt82 1	
47	Bt15 1	Bt51 1	Bt53 1	Bt68 1	Bt99 1	
48	Bt10 1	Bt11 1	Bt27 1	Bt46 1	
49	Bt6 1	Bt28 1	Bt49 1	Bt51 1	Bt96 1	
50	Bt2 1	Bt10 1	Bt58 1	Bt68 1	
51	Bt4 1	Bt6 1	Bt70 1	Bt73 1	Bt94 1	
52	Bt1 1	Bt47 1	Bt82 1	Bt86 1	
53	Bt3 1	Bt32 1	Bt48 1	Bt56 1	Bt82 1	Bt90 1	
54	Bt2 1	Bt66 1	
55	Bt31 1	Bt57 1	Bt66 1	
56	Bt23 1	Bt76 1	Bt87 1	
57	Bt1 1	Bt23 1	Bt27 1	Bt63 1	
58	Bt19 1	Bt25 1	Bt41 1	Bt70 1	
59	Bt41 1	Bt43 1	Bt79 1	Bt83 1	Bt84 1	
60	Bt65 1	Bt72 1	Bt78 1	Bt96 1	
61	Bt63 1	Bt72 2	
62	Bt6 1	Bt15 1	Bt24 1	Bt59 1	
63	Bt16 1	Bt20 1	Bt68 1	Bt94 2	Bt100 1	
64	Bt5 1	Bt61 1	Bt66 1	Bt73 1	Bt80 1	
65	Bt6 1	Bt15 1	Bt44 1	Bt77 1	
66	Bt9 1	Bt24 1	Bt55 1	Bt72 1	Bt97 1	
67	Bt3 1	Bt62 1	Bt77 1	Bt82 1	Bt89 1	
68	Bt2 1	Bt13 1	Bt48 1	Bt65 1	
69	Bt24 1	Bt30 1	Bt36 1	Bt64 1	
70	Bt1 1	Bt3 1	Bt65 1	
71	Bt24 1	Bt54 1	Bt64 1	Bt85 1	Bt88 1	
72	Bt20 1	Bt25 1	Bt35 1	Bt39 1	
73	Bt14 1	Bt34 1	Bt47 1	Bt69 1	
74	Bt17 1	Bt24 1	Bt49 1	Bt53 1	Bt56 1	Bt88 1	
75	Bt49 2	Bt85 1	Bt94 1	
76	Bt11 1	Bt26 1	Bt57 1	Bt71 1	Bt86 1	Bt97 1	
77	Bt35 1	Bt37 1	Bt69 1	
78	Bt23 1	Bt71 1	
79	Bt8 1	Bt13 1	Bt20 1	Bt23 1	Bt51 1	Bt68 1	
80	Bt65 1	Bt74 1	Bt83 1	Bt95 1	
81	Bt43 1	Bt68 1	Bt86 1	
82	Bt6 1	Bt21 1	Bt24 1	Bt34 1	Bt75 1	
83	Bt44 1	Bt54 1	Bt61 1	Bt100 1	
84	Bt50 1	Bt53 1	
85	Bt28 1	Bt38 1	Bt39 1	Bt55 1	Bt82 1	Bt90 1	
86	Bt29 1	Bt45 1	Bt86 1	
87	Bt5 1	Bt37 1	Bt62 1	Bt86 1	
88	Bt12 1	Bt34 1	Bt67 1	
89	Bt55 1	Bt68 1	Bt97 1	
90	Bt34 1	Bt39 1	Bt42 1	Bt58 1	Bt63 1	Bt84 1	
91	Bt49 1	Bt70 1	Bt98 1	
92	Bt12 1	Bt14 1	Bt81 1	
93	Bt23 1	Bt35 1	Bt91 1	Bt95 1	
94	Bt1 1	Bt80 1	Bt87 1	Bt88 2	Bt94 1	
95	Bt35 1	Bt44 1	
96	Bt34 1	Bt70 1	Bt79 1	
97	Bt20 1	Bt43 1	Bt54 1	Bt56 1	
98	Bt10 1	Bt43 1	Bt52 1	Bt69 2	Bt96 1	
99	Bt32 1	Bt69 1	
100	Bt54 1	Bt76 1	Bt78 1	