Name				555_n100_m400_bt100
Number_of_Customers		100
Number_of_Items			400
Number_of_ItemTypes		100
Number_of_Vehicles		47
TimeWindows			1

VEHICLE
Mass_Capacity			12595
CargoSpace_Length		60
CargoSpace_Width		25
CargoSpace_Height		30
Wheelbase			48
Max_Mass_FrontAxle		7100
Max_Mass_RearAxle		11500
Distance_FrontAxle_CargoSpace	4

CUSTOMERS
i		x		y		Demand		ReadyTime	DueDate		ServiceTime	DemandedMass	DemandedVolume
0		35		35		0		0		1000		0		0		0
1		2		4		3		629		863		10		815.75		5164
2		36		60		6		727		981		10		1585.54		11659
3		31		36		6		463		721		10		2821.27		14428
4		35		25		2		686		958		10		388.34		2644
5		52		30		4		138		362		10		1302.68		9222
6		18		23		4		0		184		10		4062.47		13840
7		43		64		3		132		386		10		632.65		3605
8		7		71		4		690		854		10		1353		7848
9		54		11		3		606		894		10		1112.51		8492
10		21		30		3		650		878		10		2802.42		9822
11		2		42		5		805		981		10		1116.82		8086
12		58		56		3		0		256		10		1181.6		7632
13		25		70		3		773		995		10		1472.34		9731
14		33		15		2		396		628		10		774.85		4224
15		48		65		4		709		963		10		1410.2		10187
16		61		27		4		789		1000		10		3718.65		10606
17		63		52		5		97		387		10		1380.33		9916
18		14		77		4		0		170		10		2357.57		9548
19		61		74		5		612		820		10		1336.13		9214
20		40		44		6		583		793		10		2640.81		9515
21		40		56		4		199		451		10		1914.89		9690
22		62		40		4		407		753		10		2981.47		10764
23		6		68		4		763		1000		10		1101.64		8162
24		65		5		6		0		228		10		2079.98		12935
25		48		9		3		136		316		10		1982.43		6421
26		48		76		3		465		737		10		600.57		4530
27		52		52		4		32		216		10		668.64		4438
28		18		28		4		643		841		10		1295.82		9244
29		10		34		4		398		646		10		1135.17		8096
30		4		25		3		534		766		10		3379.13		8827
31		66		47		3		183		441		10		758.28		5855
32		36		29		5		272		510		10		1755.27		11073
33		41		67		3		639		907		10		835.65		4448
34		67		1		3		343		621		10		755.66		5575
35		35		22		6		341		585		10		823.46		5004
36		31		66		4		0		174		10		2290.03		9850
37		23		40		2		462		662		10		830.9		4800
38		50		38		3		0		185		10		621.14		4386
39		5		6		2		545		777		10		342.46		2360
40		44		60		4		330		584		10		1233.73		8332
41		20		80		6		520		788		10		1392.17		10470
42		40		61		5		831		1000		10		2179.99		8914
43		55		48		3		433		677		10		1017.18		8452
44		7		58		3		0		208		10		1540.07		6942
45		47		69		3		24		292		10		1957.58		7253
46		15		63		2		25		299		10		1802.04		5382
47		41		39		4		817		1000		10		1126.55		8208
48		53		0		5		847		1000		10		2251.59		8699
49		11		22		3		0		149		10		759.17		5512
50		19		7		6		626		836		10		1138.91		7886
51		51		35		4		151		427		10		1559.8		9682
52		55		80		4		203		459		10		1521.5		11105
53		39		33		3		821		1000		10		3732.52		6912
54		69		47		4		181		441		10		1288.92		9422
55		45		55		3		315		533		10		1113.72		6548
56		32		71		5		387		619		10		1310.65		8372
57		28		26		3		0		275		10		1400.61		3980
58		50		3		4		757		971		10		993.36		6944
59		43		10		3		408		630		10		1020.23		7236
60		19		17		3		617		883		10		678.3		4830
61		65		27		3		740		944		10		791.27		4992
62		54		74		4		591		865		10		1536.79		8415
63		43		36		3		123		347		10		847.47		6254
64		64		34		2		115		385		10		822.92		3125
65		1		35		4		235		521		10		1199.96		8994
66		47		12		6		496		762		10		1806.48		12832
67		32		63		3		702		940		10		655.06		4614
68		28		71		6		729		999		10		1622.07		12170
69		46		26		6		334		634		10		2084.82		13660
70		36		7		3		585		831		10		788.43		5658
71		9		64		6		41		295		10		1678.16		11150
72		0		30		5		415		671		10		2195.88		8757
73		68		43		2		293		503		10		577.81		3894
74		28		51		3		843		1000		10		764.74		4744
75		13		44		3		506		710		10		969.72		7688
76		40		26		6		0		140		10		2820.48		13837
77		70		53		4		500		722		10		1240.64		8393
78		40		2		3		0		179		10		1124		7210
79		51		16		5		425		651		10		4412.83		10958
80		25		19		6		239		491		10		2836.69		13971
81		27		63		4		2		262		10		921.91		5128
82		24		47		6		317		571		10		1939.83		11478
83		11		67		2		47		313		10		868.79		5344
84		35		43		4		0		155		10		2125.96		13504
85		49		52		4		35		247		10		1490.81		11114
86		16		60		6		546		770		10		1489.11		11310
87		27		46		5		695		963		10		1624.09		9897
88		40		11		6		0		205		10		1574.01		8413
89		70		73		5		418		646		10		1258.86		8276
90		63		0		4		456		706		10		1638.3		9726
91		42		48		4		438		706		10		1386.87		8265
92		3		10		4		0		200		10		914.19		6566
93		66		40		5		390		688		10		1260.17		9026
94		4		49		6		130		416		10		2057.75		11854
95		23		13		6		414		684		10		2123.04		15992
96		31		45		3		262		534		10		615.94		3816
97		63		11		4		812		1000		10		1346.89		8640
98		3		78		5		783		1000		10		1879.05		9719
99		10		71		3		588		858		10		801.59		5868
100		39		78		2		810		1000		10		909.96		6400

ITEMS
Type		Length		Width		Height		Mass		Fragility	LoadBearingStrength
Bt1		19		9		8		240.83		1		3.5438199
Bt2		27		10		9		1254.95		1		10.0328595
Bt3		16		8		13		210.56		0		10.3816028
Bt4		13		12		8		225.75		0		64.8888634
Bt5		29		8		13		372.82		0		11.2034449
Bt6		25		9		8		214.80		0		13.7491577
Bt7		33		8		12		499.91		0		22.7733069
Bt8		16		7		13		165.11		0		4.5239000
Bt9		29		6		13		416.07		0		52.9911956
Bt10		32		8		8		299.34		0		17.4408965
Bt11		29		14		10		539.24		0		16.6509737
Bt12		22		11		11		329.17		1		3.4441704
Bt13		24		8		12		249.14		1		4.4182824
Bt14		18		5		6		80.07		0		9.7154888
Bt15		18		5		8		78.88		0		6.5754569
Bt16		30		9		8		377.90		1		7.6675345
Bt17		27		13		11		700.28		0		27.1610163
Bt18		27		8		9		368.63		0		8.9357067
Bt19		26		10		6		185.65		0		6.4334600
Bt20		19		6		11		181.96		1		3.6758731
Bt21		27		14		6		307.84		0		4.9199136
Bt22		22		7		11		181.93		1		6.3482869
Bt23		18		11		9		251.15		0		33.7834537
Bt24		17		8		13		313.90		0		10.0513563
Bt25		25		8		12		953.28		0		18.4170798
Bt26		25		8		6		207.74		0		70.1539087
Bt27		23		11		10		374.31		1		2.9049556
Bt28		25		8		9		297.77		0		10.7604695
Bt29		17		14		11		340.65		0		13.0559635
Bt30		35		13		8		627.96		0		18.6093976
Bt31		33		5		10		215.70		0		21.1084938
Bt32		21		14		13		474.71		0		9.5638705
Bt33		16		8		14		220.53		0		7.5983849
Bt34		15		5		11		103.91		1		3.7917161
Bt35		19		8		11		291.99		0		40.1136292
Bt36		35		10		12		514.08		0		27.0914682
Bt37		15		10		8		450.01		0		27.3172438
Bt38		19		5		10		137.10		0		33.4751215
Bt39		13		6		14		179.98		0		17.3019915
Bt40		25		5		12		166.41		0		43.8570213
Bt41		26		6		13		397.49		0		22.7219279
Bt42		26		7		10		231.77		0		4.4982429
Bt43		30		9		6		391.35		0		17.8612523
Bt44		30		10		12		1482.15		0		37.0013057
Bt45		24		11		8		404.46		0		17.5525397
Bt46		30		7		8		251.81		0		16.0371544
Bt47		23		9		9		359.07		0		17.6539621
Bt48		23		6		8		177.63		0		22.2081440
Bt49		13		13		11		247.73		0		32.0162300
Bt50		29		5		8		202.94		0		74.0014070
Bt51		18		14		12		564.42		0		18.0232896
Bt52		13		7		7		110.64		0		76.4474332
Bt53		19		6		14		212.23		0		51.7976406
Bt54		29		10		12		637.92		0		13.5527187
Bt55		27		10		12		410.11		0		10.9373492
Bt56		28		9		6		228.93		0		26.1957656
Bt57		14		14		8		160.06		0		40.6554588
Bt58		28		13		13		2886.78		0		64.0203596
Bt59		14		5		12		96.48		0		8.7081211
Bt60		21		10		7		250.98		0		8.0166373
Bt61		30		10		13		627.61		0		55.1230500
Bt62		20		14		14		556.79		0		22.1748171
Bt63		22		10		7		210.71		0		14.4439516
Bt64		16		14		14		3245.16		0		580.2816475
Bt65		32		12		13		594.19		1		1.8767702
Bt66		12		8		13		244.03		0		14.4868211
Bt67		20		13		11		384.59		0		52.7363451
Bt68		25		7		11		372.91		0		16.9148439
Bt69		14		8		9		186.26		1		8.2421433
Bt70		13		12		12		265.01		0		6.6300709
Bt71		33		14		6		534.81		0		12.8003268
Bt72		33		5		6		192.02		1		3.8354535
Bt73		22		12		12		374.22		0		8.8909717
Bt74		35		7		9		1159.60		0		115.3991655
Bt75		18		13		13		420.38		0		15.1175435
Bt76		23		8		11		311.61		1		2.6383061
Bt77		29		8		10		304.37		0		8.8181007
Bt78		13		5		13		112.68		0		13.6412340
Bt79		13		7		9		99.11		0		13.1046626
Bt80		35		5		6		123.39		0		6.7524529
Bt81		15		13		10		215.27		0		7.6370011
Bt82		20		14		7		323.22		0		10.8908433
Bt83		31		11		7		262.71		0		12.1264661
Bt84		25		13		7		260.58		0		10.7001904
Bt85		19		9		12		317.49		1		3.8339976
Bt86		29		9		8		282.62		1		18.1597738
Bt87		18		6		6		115.51		0		11.6886519
Bt88		27		10		13		364.08		1		3.0569515
Bt89		14		13		10		262.39		0		11.7671377
Bt90		25		11		8		395.88		0		31.7853085
Bt91		27		14		12		612.68		0		10.5121727
Bt92		29		10		8		322.25		0		7.6263042
Bt93		21		8		14		344.77		1		13.4655254
Bt94		24		12		14		703.66		0		13.1493955
Bt95		14		13		6		169.83		1		3.0615747
Bt96		24		14		9		324.84		0		14.1872361
Bt97		14		10		14		256.58		0		6.6175739
Bt98		20		14		12		408.97		0		23.9064446
Bt99		14		14		7		1073.21		1		30.5842293
Bt100		18		11		9		319.89		1		10.8651789

DEMANDS PER CUSTOMER
i	Type Quantity
1	Bt35 2	Bt42 1	
2	Bt14 1	Bt27 1	Bt29 1	Bt33 1	Bt49 1	Bt92 1	
3	Bt2 1	Bt28 1	Bt36 1	Bt81 1	Bt86 1	Bt97 1	
4	Bt48 1	Bt63 1	
5	Bt36 1	Bt46 1	Bt72 1	Bt93 1	
6	Bt11 1	Bt58 1	Bt76 1	Bt96 1	
7	Bt45 1	Bt78 1	Bt87 1	
8	Bt20 1	Bt43 1	Bt51 1	Bt81 1	
9	Bt57 1	Bt61 1	Bt96 1	
10	Bt2 1	Bt25 1	Bt65 1	
11	Bt22 1	Bt28 1	Bt63 1	Bt95 1	Bt97 1	
12	Bt56 1	Bt62 1	Bt90 1	
13	Bt17 1	Bt62 1	Bt81 1	
14	Bt37 1	Bt96 1	
15	Bt84 1	Bt90 1	Bt93 1	Bt98 1	
16	Bt12 1	Bt35 1	Bt58 1	Bt63 1	
17	Bt1 1	Bt28 1	Bt33 1	Bt53 1	Bt98 1	
18	Bt25 1	Bt37 1	Bt41 1	Bt62 1	
19	Bt23 2	Bt27 1	Bt50 1	Bt97 1	
20	Bt2 1	Bt26 1	Bt43 1	Bt66 1	Bt68 1	Bt95 1	
21	Bt25 1	Bt65 1	Bt66 1	Bt80 1	
22	Bt20 1	Bt25 1	Bt44 1	Bt88 1	
23	Bt10 1	Bt31 1	Bt48 1	Bt98 1	
24	Bt4 1	Bt19 1	Bt24 1	Bt30 1	Bt61 1	Bt79 1	
25	Bt5 1	Bt37 1	Bt74 1	
26	Bt15 1	Bt38 1	Bt67 1	
27	Bt23 1	Bt26 1	Bt52 1	Bt79 1	
28	Bt26 1	Bt36 1	Bt76 1	Bt89 1	
29	Bt35 1	Bt48 1	Bt97 1	Bt98 1	
30	Bt42 1	Bt58 1	Bt84 1	
31	Bt27 1	Bt80 1	Bt84 1	
32	Bt24 1	Bt54 1	Bt68 1	Bt81 2	
33	Bt8 1	Bt33 1	Bt37 1	
34	Bt29 1	Bt52 1	Bt77 1	
35	Bt4 1	Bt14 1	Bt15 1	Bt26 1	Bt87 2	
36	Bt2 1	Bt5 1	Bt85 1	Bt93 1	
37	Bt30 1	Bt50 1	
38	Bt13 1	Bt39 1	Bt72 1	
39	Bt14 1	Bt89 1	
40	Bt22 1	Bt60 1	Bt62 1	Bt66 1	
41	Bt15 1	Bt29 1	Bt40 1	Bt46 1	Bt67 1	Bt95 1	
42	Bt5 1	Bt47 1	Bt59 1	Bt72 1	Bt74 1	
43	Bt40 1	Bt65 1	Bt97 1	
44	Bt25 1	Bt40 1	Bt75 1	
45	Bt54 1	Bt57 1	Bt74 1	
46	Bt44 1	Bt100 1	
47	Bt13 1	Bt70 1	Bt72 1	Bt75 1	
48	Bt2 1	Bt28 1	Bt52 1	Bt70 1	Bt82 1	
49	Bt42 1	Bt70 1	Bt89 1	
50	Bt15 1	Bt19 1	Bt26 1	Bt53 1	Bt72 1	Bt89 1	
51	Bt16 1	Bt27 1	Bt39 1	Bt61 1	
52	Bt49 1	Bt55 1	Bt60 1	Bt91 1	
53	Bt8 1	Bt64 1	Bt92 1	
54	Bt18 1	Bt38 1	Bt73 1	Bt98 1	
55	Bt42 1	Bt54 1	Bt66 1	
56	Bt28 1	Bt85 2	Bt87 1	Bt89 1	
57	Bt34 1	Bt38 1	Bt74 1	
58	Bt4 1	Bt10 1	Bt19 1	Bt86 1	
59	Bt16 1	Bt85 1	Bt96 1	
60	Bt31 1	Bt39 1	Bt86 1	
61	Bt9 1	Bt46 1	Bt80 1	
62	Bt14 1	Bt17 1	Bt51 1	Bt72 1	
63	Bt12 1	Bt28 1	Bt33 1	
64	Bt37 1	Bt68 1	
65	Bt40 1	Bt45 1	Bt70 1	Bt88 1	
66	Bt11 1	Bt28 1	Bt39 1	Bt70 1	Bt87 1	Bt98 1	
67	Bt20 1	Bt63 1	Bt89 1	
68	Bt12 1	Bt14 1	Bt15 1	Bt50 1	Bt62 1	Bt73 1	
69	Bt19 1	Bt30 1	Bt36 1	Bt60 1	Bt69 1	Bt100 1	
70	Bt8 1	Bt50 1	Bt75 1	
71	Bt3 1	Bt4 1	Bt9 1	Bt45 1	Bt59 1	Bt96 1	
72	Bt33 1	Bt44 1	Bt70 1	Bt78 1	Bt87 1	
73	Bt22 1	Bt90 1	
74	Bt26 1	Bt35 1	Bt70 1	
75	Bt13 1	Bt76 1	Bt98 1	
76	Bt5 1	Bt34 1	Bt44 1	Bt48 1	Bt88 1	Bt100 1	
77	Bt7 1	Bt21 1	Bt52 1	Bt92 1	
78	Bt61 1	Bt72 1	Bt77 1	
79	Bt16 1	Bt31 1	Bt64 1	Bt85 1	Bt97 1	
80	Bt21 1	Bt33 1	Bt51 1	Bt55 1	Bt84 1	Bt99 1	
81	Bt14 1	Bt37 1	Bt42 1	Bt57 1	
82	Bt5 1	Bt12 1	Bt35 1	Bt37 1	Bt46 1	Bt66 1	
83	Bt51 1	Bt77 1	
84	Bt27 1	Bt61 1	Bt75 1	Bt94 1	
85	Bt22 1	Bt67 1	Bt76 1	Bt91 1	
86	Bt4 1	Bt12 1	Bt14 1	Bt36 1	Bt39 1	Bt57 1	
87	Bt41 2	Bt55 1	Bt79 1	Bt100 1	
88	Bt10 1	Bt37 1	Bt40 1	Bt68 1	Bt87 1	Bt95 1	
89	Bt9 1	Bt10 1	Bt20 1	Bt59 1	Bt70 1	
90	Bt23 1	Bt45 1	Bt54 1	Bt93 1	
91	Bt23 1	Bt47 1	Bt51 1	Bt53 1	
92	Bt10 1	Bt29 1	Bt38 2	
93	Bt23 1	Bt56 1	Bt63 1	Bt70 1	Bt77 1	
94	Bt14 1	Bt22 1	Bt37 1	Bt61 1	Bt90 1	Bt92 1	
95	Bt53 1	Bt65 1	Bt67 1	Bt70 1	Bt92 1	Bt93 1	
96	Bt19 1	Bt66 1	Bt69 1	
97	Bt3 1	Bt4 1	Bt30 1	Bt86 1	
98	Bt22 1	Bt25 1	Bt79 1	Bt96 1	Bt100 1	
99	Bt86 1	Bt89 1	Bt97 1	
100	Bt36 1	Bt90 1	