Name				562_n100_m400_bt10
Number_of_Customers		100
Number_of_Items			400
Number_of_ItemTypes		10
Number_of_Vehicles		26
TimeWindows			1

VEHICLE
Mass_Capacity			12595
CargoSpace_Length		60
CargoSpace_Width		25
CargoSpace_Height		30
Wheelbase			48
Max_Mass_FrontAxle		7100
Max_Mass_RearAxle		11500
Distance_FrontAxle_CargoSpace	4

CUSTOMERS
i		x		y		Demand		ReadyTime	DueDate		ServiceTime	DemandedMass	DemandedVolume
0		35		35		0		0		1000		0		0		0
1		33		60		6		0		138		10		894.09		1378
2		61		51		2		237		469		10		362.12		505
3		8		65		5		557		771		10		545.77		1122
4		8		54		3		442		668		10		720.39		1000
5		7		46		3		496		752		10		346.2		482
6		11		24		4		529		799		10		711.82		800
7		19		22		2		279		461		10		403.79		666
8		45		31		2		846		1000		10		605.43		560
9		12		35		6		474		704		10		1043.56		1274
10		17		31		4		543		759		10		828.24		1098
11		37		51		3		0		141		10		364.18		488
12		26		63		3		328		612		10		402.71		828
13		57		32		6		326		542		10		668.9		905
14		3		60		4		697		975		10		543.82		617
15		36		15		4		190		442		10		709.24		1252
16		3		77		3		72		308		10		466.33		810
17		63		23		3		633		909		10		364.18		488
18		49		40		4		810		1000		10		932.64		1227
19		47		47		4		188		442		10		1206.63		1425
20		63		15		3		379		617		10		1095.38		1272
21		31		0		3		0		156		10		286.64		456
22		53		77		3		465		675		10		419.56		633
23		35		42		4		396		600		10		547.81		993
24		33		54		5		14		264		10		1382.85		1852
25		20		59		4		181		391		10		547.81		993
26		20		64		4		529		779		10		607.28		1026
27		68		50		3		104		292		10		456.47		712
28		33		46		5		151		387		10		619.37		873
29		23		0		4		551		823		10		1183.63		1384
30		57		1		3		637		869		10		1009.06		1104
31		56		65		5		780		1000		10		908.76		1248
32		63		45		6		476		758		10		1457.43		1905
33		33		4		6		0		214		10		813.02		1193
34		41		3		6		473		775		10		960.29		1654
35		21		28		5		155		359		10		648.76		961
36		30		47		4		50		318		10		1006.28		1305
37		34		30		6		732		964		10		824.85		1009
38		42		21		2		507		693		10		214.03		402
39		23		72		5		0		202		10		882		1106
40		24		25		4		0		222		10		751.12		800
41		57		69		2		129		335		10		273.12		296
42		65		66		4		233		505		10		388.13		674
43		68		42		2		786		1000		10		622.12		792
44		69		23		3		704		952		10		335.66		440
45		66		17		5		31		261		10		1129.39		1322
46		66		27		5		815		1000		10		1080.54		1506
47		14		64		3		44		298		10		791.69		1011
48		2		56		5		391		653		10		1054.41		1448
49		43		45		4		696		928		10		538.94		864
50		22		7		4		617		833		10		555.02		728
51		53		35		3		593		779		10		493		811
52		25		18		3		84		336		10		666.68		930
53		29		20		4		744		972		10		662.8		816
54		45		50		4		147		395		10		896.11		1128
55		35		12		6		0		186		10		690.64		1058
56		69		16		4		308		590		10		711.82		800
57		45		61		6		0		157		10		1553.38		1896
58		8		10		4		352		644		10		527.39		546
59		55		61		2		254		496		10		556.41		576
60		57		28		2		286		554		10		460.46		585
61		68		67		4		0		222		10		549.48		906
62		52		17		3		53		283		10		780		840
63		69		2		5		338		514		10		730.67		970
64		2		14		3		36		256		10		404		602
65		44		27		2		507		709		10		125.08		288
66		61		2		4		0		151		10		815.54		1242
67		5		57		3		210		426		10		346.2		482
68		7		50		5		284		524		10		1368.22		1760
69		22		33		3		129		375		10		745.09		1002
70		63		28		3		74		350		10		754.29		872
71		48		73		4		614		864		10		984.24		1297
72		42		61		5		0		172		10		654.09		971
73		57		78		4		200		400		10		854.23		1155
74		28		57		5		681		933		10		650.31		896
75		5		26		6		602		804		10		991.3		1257
76		63		63		4		762		980		10		552.63		920
77		16		53		6		504		760		10		1326.36		1983
78		3		40		6		293		531		10		1076.66		1392
79		53		43		4		694		916		10		606.15		825
80		22		3		6		295		539		10		1884.16		2248
81		55		48		3		171		425		10		570.63		984
82		45		38		3		111		345		10		456.47		712
83		50		21		3		318		610		10		372.96		624
84		35		70		4		368		594		10		825.61		1152
85		60		16		5		832		1000		10		1319.48		1584
86		66		47		3		730		958		10		447.69		576
87		41		40		4		371		609		10		767.2		945
88		17		74		3		530		770		10		312.63		513
89		11		57		6		157		399		10		1174.98		1706
90		2		4		5		314		532		10		841.41		1332
91		29		34		5		0		216		10		578.21		890
92		5		9		3		575		823		10		299.65		568
93		32		79		3		320		508		10		467.62		584
94		11		72		6		485		705		10		1087.22		1362
95		15		40		3		737		975		10		395.22		466
96		5		17		3		533		797		10		412.78		738
97		47		66		3		4		244		10		286.64		456
98		3		43		5		0		240		10		1440.85		1872
99		4		71		5		811		1000		10		1111.41		1316
100		19		36		4		20		266		10		675.78		761

ITEMS
Type		Length		Width		Height		Mass		Fragility	LoadBearingStrength
Bt1		17		3		6		130.88		0		9.0086904
Bt2		12		5		8		473.26		0		40.3975003
Bt3		9		5		5		187.55		0		45.1001744
Bt4		14		5		4		174.57		0		12.4720351
Bt5		6		4		6		62.54		0		15.1778379
Bt6		12		6		5		272.91		0		11.3819634
Bt7		13		3		8		148.86		1		4.9878553
Bt8		12		2		4		83.15		0		12.8238330
Bt9		12		6		3		140.95		1		4.9119046
Bt10		8		2		5		132.17		0		31.1240450

DEMANDS PER CUSTOMER
i	Type Quantity
1	Bt1 1	Bt4 2	Bt9 2	Bt10 1	
2	Bt3 1	Bt4 1	
3	Bt1 1	Bt5 2	Bt7 1	Bt9 1	
4	Bt4 1	Bt6 2	
5	Bt1 1	Bt8 1	Bt10 1	
6	Bt4 1	Bt6 1	Bt10 2	
7	Bt1 1	Bt6 1	
8	Bt2 1	Bt10 1	
9	Bt1 1	Bt2 1	Bt8 2	Bt9 1	Bt10 1	
10	Bt1 1	Bt2 1	Bt8 1	Bt9 1	
11	Bt7 1	Bt8 1	Bt10 1	
12	Bt1 2	Bt9 1	
13	Bt3 1	Bt5 2	Bt8 1	Bt9 1	Bt10 1	
14	Bt3 1	Bt8 1	Bt9 1	Bt10 1	
15	Bt1 2	Bt4 1	Bt6 1	
16	Bt1 1	Bt5 1	Bt6 1	
17	Bt7 1	Bt8 1	Bt10 1	
18	Bt1 1	Bt2 1	Bt3 1	Bt9 1	
19	Bt2 1	Bt3 1	Bt6 2	
20	Bt2 2	Bt7 1	
21	Bt5 1	Bt8 1	Bt9 1	
22	Bt3 1	Bt7 1	Bt8 1	
23	Bt3 1	Bt5 1	Bt7 2	
24	Bt1 2	Bt2 2	Bt4 1	
25	Bt3 1	Bt5 1	Bt7 2	
26	Bt1 1	Bt5 1	Bt6 1	Bt9 1	
27	Bt4 1	Bt9 2	
28	Bt3 1	Bt4 1	Bt5 2	Bt10 1	
29	Bt2 2	Bt4 1	Bt5 1	
30	Bt2 2	Bt5 1	
31	Bt2 1	Bt5 1	Bt7 1	Bt8 1	Bt9 1	
32	Bt2 1	Bt3 1	Bt4 3	Bt6 1	
33	Bt3 1	Bt5 1	Bt7 1	Bt9 2	Bt10 1	
34	Bt1 2	Bt3 2	Bt4 1	Bt7 1	
35	Bt3 1	Bt4 1	Bt5 1	Bt8 1	Bt9 1	
36	Bt3 1	Bt6 3	
37	Bt3 1	Bt7 1	Bt8 1	Bt9 1	Bt10 2	
38	Bt1 1	Bt8 1	
39	Bt1 1	Bt2 1	Bt5 1	Bt8 1	Bt10 1	
40	Bt2 1	Bt5 1	Bt8 1	Bt10 1	
41	Bt9 1	Bt10 1	
42	Bt1 1	Bt5 2	Bt10 1	
43	Bt2 1	Bt7 1	
44	Bt5 1	Bt9 1	Bt10 1	
45	Bt2 1	Bt3 2	Bt7 1	Bt10 1	
46	Bt1 1	Bt2 1	Bt5 1	Bt6 1	Bt9 1	
47	Bt1 1	Bt2 1	Bt3 1	
48	Bt2 1	Bt4 2	Bt7 1	Bt8 1	
49	Bt5 2	Bt6 1	Bt9 1	
50	Bt9 3	Bt10 1	
51	Bt1 1	Bt3 1	Bt4 1	
52	Bt1 1	Bt2 1	Bt5 1	
53	Bt4 1	Bt6 1	Bt8 1	Bt10 1	
54	Bt2 1	Bt9 3	
55	Bt1 1	Bt5 1	Bt8 1	Bt9 2	Bt10 1	
56	Bt4 1	Bt6 1	Bt10 2	
57	Bt2 2	Bt4 3	Bt8 1	
58	Bt1 1	Bt10 3	
59	Bt2 1	Bt8 1	
60	Bt3 1	Bt6 1	
61	Bt1 1	Bt5 1	Bt6 1	Bt8 1	
62	Bt2 1	Bt4 1	Bt10 1	
63	Bt1 1	Bt5 1	Bt6 1	Bt10 2	
64	Bt1 1	Bt9 1	Bt10 1	
65	Bt5 2	
66	Bt1 1	Bt2 1	Bt5 1	Bt7 1	
67	Bt1 1	Bt8 1	Bt10 1	
68	Bt2 1	Bt4 2	Bt6 2	
69	Bt1 1	Bt2 1	Bt9 1	
70	Bt2 1	Bt7 1	Bt10 1	
71	Bt2 1	Bt3 1	Bt4 1	Bt7 1	
72	Bt1 1	Bt3 1	Bt5 1	Bt9 1	Bt10 1	
73	Bt1 1	Bt2 1	Bt3 1	Bt5 1	
74	Bt4 1	Bt5 1	Bt7 1	Bt10 2	
75	Bt3 1	Bt4 1	Bt6 1	Bt8 1	Bt9 1	Bt10 1	
76	Bt4 2	Bt5 1	Bt9 1	
77	Bt1 3	Bt2 1	Bt3 1	Bt6 1	
78	Bt4 1	Bt6 2	Bt8 1	Bt9 1	Bt10 1	
79	Bt3 1	Bt5 1	Bt6 1	Bt8 1	
80	Bt2 3	Bt4 1	Bt7 1	Bt9 1	
81	Bt6 1	Bt7 2	
82	Bt4 1	Bt9 2	
83	Bt7 1	Bt8 1	Bt9 1	
84	Bt2 1	Bt5 1	Bt7 1	Bt9 1	
85	Bt2 2	Bt7 1	Bt8 1	Bt9 1	
86	Bt4 1	Bt9 1	Bt10 1	
87	Bt3 1	Bt4 1	Bt6 1	Bt10 1	
88	Bt3 1	Bt5 2	
89	Bt1 1	Bt2 1	Bt7 2	Bt9 1	Bt10 1	
90	Bt1 2	Bt4 1	Bt6 1	Bt10 1	
91	Bt1 1	Bt7 1	Bt8 2	Bt10 1	
92	Bt4 1	Bt5 2	
93	Bt5 1	Bt6 1	Bt10 1	
94	Bt3 2	Bt6 2	Bt8 2	
95	Bt1 1	Bt10 2	
96	Bt1 1	Bt9 2	
97	Bt5 1	Bt8 1	Bt9 1	
98	Bt2 1	Bt6 3	Bt7 1	
99	Bt1 1	Bt2 1	Bt3 2	Bt10 1	
100	Bt3 1	Bt6 1	Bt8 1	Bt10 1	