Name				563_n100_m400_bt10
Number_of_Customers		100
Number_of_Items			400
Number_of_ItemTypes		10
Number_of_Vehicles		25
TimeWindows			1

VEHICLE
Mass_Capacity			12595
CargoSpace_Length		60
CargoSpace_Width		25
CargoSpace_Height		30
Wheelbase			48
Max_Mass_FrontAxle		7100
Max_Mass_RearAxle		11500
Distance_FrontAxle_CargoSpace	4

CUSTOMERS
i		x		y		Demand		ReadyTime	DueDate		ServiceTime	DemandedMass	DemandedVolume
0		35		35		0		0		1000		0		0		0
1		5		67		4		249		479		10		1101.07		1437
2		36		31		4		216		492		10		387.82		816
3		13		24		2		72		288		10		162.28		276
4		46		66		3		550		756		10		499.24		960
5		40		64		3		0		233		10		323.09		666
6		27		59		5		127		373		10		1131.27		1557
7		46		60		3		248		434		10		382.19		798
8		17		42		3		626		898		10		309.69		450
9		64		60		4		148		420		10		513.77		876
10		1		62		5		466		738		10		1201.05		1562
11		2		26		4		0		190		10		491.68		896
12		23		15		2		549		813		10		241.9		510
13		65		12		5		448		638		10		629.61		1015
14		52		45		4		431		719		10		515.05		846
15		38		26		4		89		331		10		284.36		594
16		48		17		5		0		165		10		410.33		600
17		58		49		4		24		216		10		1077.65		1437
18		40		36		3		530		776		10		418.19		486
19		27		69		5		761		1000		10		1229.85		1518
20		32		43		3		291		521		10		878.26		1017
21		14		45		3		629		917		10		448.67		850
22		7		44		4		184		372		10		1593.56		1645
23		42		1		5		131		413		10		703.33		1236
24		64		35		6		509		741		10		2077.18		2407
25		65		52		4		268		574		10		1013.62		1255
26		39		0		3		536		800		10		335.48		666
27		15		70		3		405		657		10		386.77		721
28		60		80		6		683		995		10		552.72		1023
29		60		72		6		41		303		10		1184.7		1442
30		20		3		2		699		971		10		282.8		330
31		17		55		5		22		240		10		772.61		1285
32		33		57		3		0		228		10		304.25		589
33		45		44		4		315		585		10		441.33		625
34		59		62		4		828		1000		10		1079.27		1365
35		17		36		2		567		853		10		107.24		240
36		16		73		3		16		268		10		217.08		465
37		33		48		3		216		406		10		155.18		336
38		17		51		2		470		776		10		326.04		570
39		28		13		6		640		912		10		566.01		1034
40		31		71		4		78		318		10		340.43		540
41		21		26		5		603		841		10		1831.25		1794
42		24		8		6		166		432		10		1406.99		1960
43		57		43		5		91		361		10		576.22		825
44		23		31		6		157		447		10		1058.21		1392
45		54		8		6		683		933		10		512.62		966
46		7		47		5		383		557		10		1366.88		1812
47		29		53		3		273		523		10		241.85		504
48		20		14		6		0		188		10		773.98		1270
49		63		30		6		486		710		10		1248.49		1702
50		32		38		2		721		957		10		282.8		330
51		60		10		3		106		350		10		382.19		798
52		17		12		6		703		945		10		1237.8		1660
53		70		38		3		420		652		10		914.14		1086
54		46		78		4		0		208		10		372.56		750
55		19		76		5		794		992		10		554.23		1065
56		31		20		5		753		1000		10		1214.66		1521
57		25		36		3		761		983		10		827.47		918
58		48		43		3		0		161		10		1042.52		1267
59		54		53		6		722		948		10		1930.21		2289
60		31		17		2		525		773		10		222.08		270
61		24		52		3		420		658		10		338.1		475
62		67		60		4		464		714		10		415.99		678
63		48		20		2		68		258		10		819.71		847
64		51		78		4		615		851		10		384.39		725
65		8		77		6		439		661		10		1247.31		1633
66		1		4		5		517		755		10		1049.55		1188
67		13		42		6		533		755		10		577.15		982
68		17		46		6		50		352		10		536.52		1051
69		0		18		5		676		854		10		1273.28		1446
70		33		24		6		0		124		10		1277.08		1552
71		45		27		6		350		596		10		577.15		982
72		2		77		6		670		914		10		908.42		1551
73		7		25		4		0		170		10		587.28		1113
74		45		0		6		56		268		10		983.48		1611
75		56		25		2		341		605		10		208.14		325
76		5		12		3		136		416		10		366.15		718
77		33		6		2		438		676		10		282.8		330
78		34		28		3		479		725		10		368.55		660
79		12		3		4		676		952		10		464.66		924
80		10		9		4		371		603		10		572.92		1058
81		1		53		4		0		177		10		1011.94		1230
82		39		49		3		743		971		10		252.33		440
83		8		70		2		668		942		10		182.8		378
84		56		72		4		806		1000		10		1027.85		1172
85		14		67		3		754		996		10		422.15		834
86		35		1		4		13		243		10		457.37		705
87		15		5		3		684		888		10		313.05		500
88		62		23		3		759		1000		10		266.69		495
89		32		53		2		609		827		10		343.76		675
90		51		56		3		653		877		10		1160.42		1512
91		30		75		4		0		181		10		423.85		805
92		6		51		3		346		608		10		996.66		1218
93		51		30		6		485		763		10		1208.97		1525
94		65		7		5		435		653		10		624.86		1153
95		38		46		3		404		608		10		956.7		1182
96		41		43		4		562		846		10		338.03		720
97		7		34		4		705		915		10		1049		1368
98		37		55		4		564		776		10		571.24		1033
99		49		48		4		75		329		10		341.33		673
100		21		46		2		805		1000		10		162.28		276

ITEMS
Type		Length		Width		Height		Mass		Fragility	LoadBearingStrength
Bt1		17		3		5		120.95		0		6.2763810
Bt2		10		3		4		53.62		0		67.8960638
Bt3		14		6		5		222.81		0		20.5849952
Bt4		6		6		8		140.29		1		3.7609623
Bt5		6		3		5		42.51		0		11.5939390
Bt6		7		6		3		59.05		1		2.9012274
Bt7		10		3		5		103.23		0		22.5964632
Bt8		12		3		5		179.57		0		12.1248765
Bt9		7		5		5		104.91		0		89.5335608
Bt10		16		6		7		714.80		0		32.8535116

DEMANDS PER CUSTOMER
i	Type Quantity
1	Bt1 1	Bt3 1	Bt5 1	Bt10 1	
2	Bt2 2	Bt4 2	
3	Bt6 1	Bt7 1	
4	Bt2 1	Bt3 2	
5	Bt4 2	Bt5 1	
6	Bt1 3	Bt2 1	Bt10 1	
7	Bt1 2	Bt4 1	
8	Bt7 3	
9	Bt2 1	Bt4 2	Bt8 1	
10	Bt2 1	Bt3 1	Bt9 2	Bt10 1	
11	Bt3 1	Bt6 1	Bt9 2	
12	Bt1 2	
13	Bt1 2	Bt7 1	Bt8 1	Bt9 1	
14	Bt2 1	Bt3 1	Bt6 1	Bt8 1	
15	Bt4 1	Bt5 2	Bt6 1	
16	Bt5 3	Bt7 1	Bt8 1	
17	Bt1 3	Bt10 1	
18	Bt6 1	Bt8 2	
19	Bt2 1	Bt3 1	Bt6 1	Bt8 1	Bt10 1	
20	Bt1 1	Bt5 1	Bt10 1	
21	Bt1 1	Bt3 1	Bt9 1	
22	Bt6 1	Bt9 1	Bt10 2	
23	Bt1 2	Bt3 1	Bt6 1	Bt8 1	
24	Bt3 1	Bt4 1	Bt8 1	Bt9 1	Bt10 2	
25	Bt2 1	Bt4 1	Bt9 1	Bt10 1	
26	Bt2 1	Bt3 1	Bt6 1	
27	Bt3 1	Bt6 1	Bt9 1	
28	Bt1 1	Bt4 1	Bt5 2	Bt7 2	
29	Bt2 1	Bt7 2	Bt9 2	Bt10 1	
30	Bt7 1	Bt8 1	
31	Bt3 2	Bt5 1	Bt8 1	Bt9 1	
32	Bt4 1	Bt6 1	Bt9 1	
33	Bt2 1	Bt7 1	Bt8 1	Bt9 1	
34	Bt1 1	Bt4 1	Bt7 1	Bt10 1	
35	Bt2 2	
36	Bt1 1	Bt2 1	Bt5 1	
37	Bt2 1	Bt5 1	Bt6 1	
38	Bt3 1	Bt7 1	
39	Bt2 1	Bt4 1	Bt6 1	Bt7 1	Bt9 2	
40	Bt2 3	Bt8 1	
41	Bt5 1	Bt8 2	Bt10 2	
42	Bt1 1	Bt3 1	Bt4 1	Bt7 1	Bt9 1	Bt10 1	
43	Bt1 1	Bt2 1	Bt5 1	Bt8 2	
44	Bt4 1	Bt5 2	Bt6 2	Bt10 1	
45	Bt3 1	Bt5 3	Bt6 1	Bt7 1	
46	Bt3 2	Bt7 2	Bt10 1	
47	Bt4 1	Bt5 1	Bt6 1	
48	Bt1 1	Bt3 1	Bt5 1	Bt7 1	Bt8 1	Bt9 1	
49	Bt1 1	Bt3 1	Bt5 2	Bt9 1	Bt10 1	
50	Bt7 1	Bt8 1	
51	Bt1 2	Bt4 1	
52	Bt1 1	Bt2 1	Bt4 1	Bt7 1	Bt9 1	Bt10 1	
53	Bt4 1	Bt6 1	Bt10 1	
54	Bt2 2	Bt3 1	Bt5 1	
55	Bt1 1	Bt2 2	Bt3 1	Bt7 1	
56	Bt1 1	Bt4 1	Bt6 1	Bt8 1	Bt10 1	
57	Bt2 1	Bt6 1	Bt10 1	
58	Bt3 1	Bt9 1	Bt10 1	
59	Bt1 1	Bt2 1	Bt3 1	Bt7 1	Bt10 2	
60	Bt5 1	Bt8 1	
61	Bt2 1	Bt8 1	Bt9 1	
62	Bt2 1	Bt4 1	Bt5 1	Bt8 1	
63	Bt9 1	Bt10 1	
64	Bt1 1	Bt2 1	Bt9 2	
65	Bt3 1	Bt5 1	Bt6 1	Bt7 1	Bt9 1	Bt10 1	
66	Bt2 1	Bt5 1	Bt6 1	Bt8 1	Bt10 1	
67	Bt1 1	Bt2 1	Bt6 2	Bt8 1	Bt9 1	
68	Bt2 2	Bt3 1	Bt5 1	Bt6 1	Bt9 1	
69	Bt4 1	Bt6 1	Bt8 2	Bt10 1	
70	Bt1 1	Bt2 1	Bt7 1	Bt8 1	Bt9 1	Bt10 1	
71	Bt1 1	Bt2 1	Bt6 2	Bt8 1	Bt9 1	
72	Bt1 1	Bt3 2	Bt6 1	Bt7 1	Bt8 1	
73	Bt1 1	Bt3 1	Bt4 1	Bt7 1	
74	Bt1 1	Bt3 1	Bt4 2	Bt8 2	
75	Bt7 1	Bt9 1	
76	Bt1 1	Bt4 1	Bt9 1	
77	Bt7 1	Bt8 1	
78	Bt3 1	Bt5 1	Bt7 1	
79	Bt3 1	Bt4 1	Bt5 1	Bt6 1	
80	Bt3 1	Bt4 1	Bt9 2	
81	Bt2 1	Bt4 1	Bt7 1	Bt10 1	
82	Bt5 1	Bt9 2	
83	Bt4 1	Bt5 1	
84	Bt7 1	Bt9 2	Bt10 1	
85	Bt3 1	Bt4 1	Bt6 1	
86	Bt1 1	Bt2 1	Bt7 1	Bt8 1	
87	Bt7 1	Bt9 2	
88	Bt1 1	Bt5 1	Bt7 1	
89	Bt1 1	Bt3 1	
90	Bt3 2	Bt10 1	
91	Bt2 1	Bt3 1	Bt5 1	Bt9 1	
92	Bt3 1	Bt6 1	Bt10 1	
93	Bt4 1	Bt5 1	Bt7 2	Bt9 1	Bt10 1	
94	Bt2 1	Bt3 1	Bt4 1	Bt7 1	Bt9 1	
95	Bt1 2	Bt10 1	
96	Bt1 2	Bt2 1	Bt5 1	
97	Bt2 1	Bt4 2	Bt10 1	
98	Bt3 1	Bt4 1	Bt7 1	Bt9 1	
99	Bt2 1	Bt4 1	Bt5 1	Bt9 1	
100	Bt6 1	Bt7 1	