Name				564_n100_m400_bt10
Number_of_Customers		100
Number_of_Items			400
Number_of_ItemTypes		10
Number_of_Vehicles		26
TimeWindows			1

VEHICLE
Mass_Capacity			12595
CargoSpace_Length		60
CargoSpace_Width		25
CargoSpace_Height		30
Wheelbase			48
Max_Mass_FrontAxle		7100
Max_Mass_RearAxle		11500
Distance_FrontAxle_CargoSpace	4

CUSTOMERS
i		x		y		Demand		ReadyTime	DueDate		ServiceTime	DemandedMass	DemandedVolume
0		35		35		0		0		1000		0		0		0
1		18		55		2		395		645		10		674.18		720
2		9		1		3		216		466		10		653.28		980
3		40		69		4		424		670		10		1130.4		2045
4		38		78		5		443		667		10		877.42		1123
5		15		60		3		0		159		10		721		815
6		6		7		3		634		884		10		753.3		917
7		50		80		6		696		948		10		808.06		1360
8		34		63		4		304		528		10		924.3		1210
9		53		50		6		596		854		10		1131.47		1938
10		44		54		6		457		707		10		1654.36		2369
11		49		8		3		195		401		10		774.06		994
12		28		6		2		530		788		10		611.56		860
13		55		63		3		248		512		10		397.06		903
14		0		23		3		228		452		10		399.52		702
15		63		76		2		492		718		10		215.5		483
16		59		35		4		488		704		10		1161.95		1676
17		11		7		4		522		750		10		1239.54		1437
18		47		58		2		425		673		10		357.8		582
19		10		12		5		786		988		10		540.44		921
20		38		48		2		563		823		10		471.72		560
21		61		10		4		0		162		10		558.33		1164
22		62		32		6		16		238		10		1613.92		2569
23		17		36		3		746		972		10		715.37		1506
24		68		79		3		352		598		10		670.75		1359
25		41		23		5		739		985		10		1181.9		1595
26		22		56		5		195		425		10		1087.66		1340
27		52		19		6		93		325		10		1209.72		2208
28		57		15		5		96		342		10		1346.89		2343
29		37		60		4		0		184		10		573.3		1065
30		39		29		4		429		719		10		731.14		1078
31		0		14		4		132		380		10		773.67		1356
32		15		76		2		163		391		10		694.94		797
33		14		50		3		247		475		10		928.2		1309
34		45		6		3		755		987		10		293.39		807
35		66		0		4		446		680		10		1237.45		2388
36		26		10		5		9		231		10		1353.38		2022
37		26		27		3		32		264		10		1062.16		1364
38		50		73		4		115		361		10		584.78		820
39		49		38		3		540		774		10		939.12		1077
40		7		45		6		106		390		10		1493.89		2206
41		29		41		4		0		197		10		1031.98		1302
42		1		60		3		427		701		10		503.63		1024
43		17		6		3		95		353		10		265		660
44		4		43		2		569		845		10		283.22		318
45		60		51		6		663		903		10		949.84		2151
46		70		63		3		318		584		10		539.36		1002
47		23		1		2		452		760		10		746.08		902
48		50		70		3		47		315		10		522.3		623
49		21		49		2		0		234		10		560.26		742
50		53		75		5		797		1000		10		1177.09		1926
51		27		44		6		207		443		10		2057.07		2918
52		47		77		6		647		893		10		1017.07		1704
53		21		61		3		523		753		10		933.3		1284
54		32		45		3		32		268		10		527.4		598
55		44		78		4		407		649		10		935.69		1716
56		34		2		4		456		688		10		1110.9		1533
57		67		69		5		281		535		10		1529.2		2042
58		11		30		4		317		545		10		855.44		1464
59		66		14		5		42		218		10		682.96		1303
60		21		26		3		411		665		10		928.2		1309
61		39		34		6		657		925		10		1237.48		1645
62		68		72		5		373		587		10		955.82		1380
63		42		47		5		650		924		10		1107.41		1827
64		59		21		6		458		746		10		1163.24		1852
65		55		21		2		686		970		10		565.36		717
66		2		76		4		25		277		10		1170.62		2382
67		52		15		4		52		356		10		558.33		1164
68		16		70		5		133		343		10		1658.62		2109
69		68		32		5		135		359		10		1419.9		2637
70		48		19		2		557		749		10		285.9		400
71		6		21		2		384		634		10		600.64		1092
72		58		7		3		465		721		10		901.75		1653
73		51		57		4		49		247		10		723.39		1247
74		58		38		3		507		727		10		849.89		1548
75		14		21		3		378		632		10		1066.81		1736
76		62		28		6		849		1000		10		1174.86		1785
77		57		26		5		105		359		10		682.74		1020
78		43		70		6		257		475		10		1464.76		2468
79		54		68		4		0		174		10		1012.55		1695
80		8		60		4		347		519		10		1517.44		2039
81		27		65		4		279		491		10		1098.28		1974
82		9		74		6		622		878		10		1560.19		2878
83		37		54		3		0		262		10		825.2		1099
84		41		10		6		310		534		10		1881.45		2708
85		52		62		2		487		679		10		453.02		735
86		20		17		3		202		442		10		782.2		1512
87		29		69		4		206		454		10		1471.56		1740
88		60		64		2		99		363		10		514.22		612
89		43		35		3		63		317		10		798.75		1443
90		49		49		4		40		304		10		986.83		1821
91		62		60		5		0		172		10		1513.15		2500
92		68		11		4		354		598		10		935.69		1716
93		48		43		6		308		572		10		1494.53		2475
94		10		51		5		382		716		10		1472.74		2499
95		17		27		5		128		394		10		1597.64		1695
96		1		67		4		770		1000		10		919.2		1235
97		40		54		3		250		510		10		1257.24		2016
98		30		37		6		643		893		10		1334.98		2760
99		26		55		5		648		880		10		1629.1		2077
100		64		24		6		459		699		10		1271.31		2238

ITEMS
Type		Length		Width		Height		Mass		Fragility	LoadBearingStrength
Bt1		11		6		7		316.08		0		16.8064013
Bt2		17		3		5		249.28		0		127.5340657
Bt3		17		3		7		264.94		1		11.8177604
Bt4		12		2		5		41.72		0		17.1953122
Bt5		7		3		3		33.94		0		14.8212015
Bt6		13		6		8		217.73		0		10.7391684
Bt7		8		7		5		244.18		1		13.9827066
Bt8		14		6		8		419.08		0		27.2768683
Bt9		11		5		8		430		0		24.9573716
Bt10		12		5		7		181.56		0		12.0792873

DEMANDS PER CUSTOMER
i	Type Quantity
1	Bt7 1	Bt9 1	
2	Bt4 1	Bt9 1	Bt10 1	
3	Bt3 1	Bt6 2	Bt9 1	
4	Bt1 1	Bt2 1	Bt5 2	Bt7 1	
5	Bt2 1	Bt4 1	Bt9 1	
6	Bt3 1	Bt7 2	
7	Bt3 1	Bt4 2	Bt5 1	Bt7 1	Bt10 1	
8	Bt2 2	Bt7 1	Bt10 1	
9	Bt1 1	Bt2 1	Bt3 1	Bt4 2	Bt6 1	
10	Bt1 1	Bt2 1	Bt7 2	Bt8 1	Bt10 1	
11	Bt3 2	Bt7 1	
12	Bt9 1	Bt10 1	
13	Bt5 1	Bt10 2	
14	Bt1 1	Bt4 2	
15	Bt5 1	Bt10 1	
16	Bt2 1	Bt3 1	Bt6 1	Bt9 1	
17	Bt1 1	Bt2 1	Bt7 1	Bt9 1	
18	Bt1 1	Bt4 1	
19	Bt2 1	Bt4 1	Bt5 2	Bt10 1	
20	Bt4 1	Bt9 1	
21	Bt3 1	Bt4 1	Bt5 1	Bt6 1	
22	Bt1 1	Bt5 1	Bt7 1	Bt8 2	Bt10 1	
23	Bt1 1	Bt6 1	Bt10 1	
24	Bt5 1	Bt6 1	Bt8 1	
25	Bt3 1	Bt5 2	Bt8 1	Bt9 1	
26	Bt1 1	Bt2 1	Bt5 1	Bt7 2	
27	Bt4 1	Bt6 2	Bt7 3	
28	Bt2 1	Bt4 1	Bt6 1	Bt8 2	
29	Bt1 1	Bt4 1	Bt5 1	Bt10 1	
30	Bt5 2	Bt7 1	Bt8 1	
31	Bt2 1	Bt3 1	Bt4 1	Bt6 1	
32	Bt3 1	Bt9 1	
33	Bt3 1	Bt7 1	Bt8 1	
34	Bt4 1	Bt5 1	Bt6 1	
35	Bt6 1	Bt8 2	Bt10 1	
36	Bt1 1	Bt7 1	Bt9 1	Bt10 2	
37	Bt1 2	Bt9 1	
38	Bt3 1	Bt4 1	Bt5 1	Bt7 1	
39	Bt3 1	Bt7 1	Bt9 1	
40	Bt1 1	Bt4 1	Bt6 1	Bt7 2	Bt9 1	
41	Bt1 1	Bt4 1	Bt7 1	Bt9 1	
42	Bt4 1	Bt6 1	Bt7 1	
43	Bt4 2	Bt10 1	
44	Bt2 1	Bt5 1	
45	Bt3 1	Bt5 2	Bt6 2	Bt10 1	
46	Bt1 1	Bt4 1	Bt10 1	
47	Bt1 1	Bt9 1	
48	Bt5 1	Bt7 2	
49	Bt1 1	Bt7 1	
50	Bt2 2	Bt4 1	Bt6 1	Bt8 1	
51	Bt1 1	Bt6 1	Bt7 1	Bt8 1	Bt9 2	
52	Bt4 3	Bt6 1	Bt7 1	Bt9 1	
53	Bt2 1	Bt3 1	Bt8 1	
54	Bt2 1	Bt5 1	Bt7 1	
55	Bt3 1	Bt5 1	Bt6 1	Bt8 1	
56	Bt1 1	Bt3 3	
57	Bt2 2	Bt8 1	Bt9 1	Bt10 1	
58	Bt1 2	Bt4 1	Bt10 1	
59	Bt4 1	Bt5 1	Bt7 1	Bt10 2	
60	Bt3 1	Bt7 1	Bt8 1	
61	Bt2 2	Bt4 1	Bt5 1	Bt7 1	Bt8 1	
62	Bt4 1	Bt7 3	Bt10 1	
63	Bt5 1	Bt6 1	Bt7 1	Bt9 1	Bt10 1	
64	Bt2 1	Bt3 1	Bt4 1	Bt7 1	Bt10 2	
65	Bt1 1	Bt2 1	
66	Bt1 1	Bt6 2	Bt8 1	
67	Bt3 1	Bt4 1	Bt5 1	Bt6 1	
68	Bt1 1	Bt2 1	Bt7 1	Bt8 1	Bt9 1	
69	Bt1 1	Bt2 1	Bt6 2	Bt8 1	
70	Bt4 1	Bt7 1	
71	Bt8 1	Bt10 1	
72	Bt3 1	Bt6 1	Bt8 1	
73	Bt4 1	Bt5 1	Bt6 1	Bt9 1	
74	Bt1 2	Bt6 1	
75	Bt6 1	Bt8 1	Bt9 1	
76	Bt2 2	Bt4 1	Bt5 1	Bt8 1	Bt10 1	
77	Bt1 1	Bt2 1	Bt4 2	Bt5 1	
78	Bt1 1	Bt2 1	Bt5 1	Bt6 2	Bt9 1	
79	Bt3 3	Bt6 1	
80	Bt2 1	Bt8 2	Bt9 1	
81	Bt1 1	Bt8 1	Bt10 2	
82	Bt1 1	Bt6 1	Bt7 1	Bt8 1	Bt10 2	
83	Bt1 1	Bt3 1	Bt7 1	
84	Bt1 1	Bt2 2	Bt6 1	Bt8 1	Bt9 1	
85	Bt5 1	Bt8 1	
86	Bt8 1	Bt10 2	
87	Bt9 3	Bt10 1	
88	Bt2 1	Bt3 1	
89	Bt1 1	Bt3 1	Bt6 1	
90	Bt1 1	Bt5 1	Bt6 1	Bt8 1	
91	Bt1 2	Bt6 1	Bt7 1	Bt8 1	
92	Bt3 1	Bt5 1	Bt6 1	Bt8 1	
93	Bt1 1	Bt2 1	Bt3 2	Bt6 1	Bt10 1	
94	Bt5 1	Bt8 3	Bt10 1	
95	Bt2 1	Bt7 2	Bt9 2	
96	Bt2 1	Bt7 2	Bt10 1	
97	Bt8 3	
98	Bt3 1	Bt5 1	Bt6 2	Bt8 1	Bt10 1	
99	Bt1 1	Bt5 1	Bt8 1	Bt9 2	
100	Bt1 1	Bt2 1	Bt3 1	Bt4 1	Bt6 1	Bt10 1	