Name				567_n100_m400_bt100
Number_of_Customers		100
Number_of_Items			400
Number_of_ItemTypes		100
Number_of_Vehicles		22
TimeWindows			1

VEHICLE
Mass_Capacity			12595
CargoSpace_Length		60
CargoSpace_Width		25
CargoSpace_Height		30
Wheelbase			48
Max_Mass_FrontAxle		7100
Max_Mass_RearAxle		11500
Distance_FrontAxle_CargoSpace	4

CUSTOMERS
i		x		y		Demand		ReadyTime	DueDate		ServiceTime	DemandedMass	DemandedVolume
0		35		35		0		0		1000		0		0		0
1		12		64		6		800		1000		10		1423.17		2324
2		12		11		4		239		515		10		308.19		601
3		0		45		2		799		1000		10		226.58		324
4		43		39		2		228		518		10		297.6		440
5		40		76		3		770		994		10		287.29		537
6		10		4		3		0		950		10		499.97		1160
7		27		15		2		0		255		10		246.2		416
8		27		64		6		0		959		10		1107.8		1739
9		63		16		6		109		333		10		1002.78		1715
10		54		16		5		283		517		10		562.19		1194
11		54		57		3		0		960		10		603.05		988
12		9		44		2		358		606		10		183.6		516
13		49		34		4		259		535		10		549.14		831
14		27		12		6		509		695		10		1118.3		1458
15		31		65		2		755		941		10		323.09		646
16		15		75		5		265		521		10		1347.23		1707
17		16		44		3		0		189		10		359.22		450
18		13		43		4		0		248		10		410.82		972
19		0		69		3		0		941		10		309.55		456
20		4		69		6		674		898		10		592.04		1221
21		19		33		4		59		279		10		682.37		1290
22		64		66		3		672		856		10		805.62		1274
23		70		6		4		459		745		10		699.76		1000
24		30		34		3		0		984		10		314.25		757
25		0		34		2		145		365		10		183.68		488
26		2		0		2		388		628		10		164.62		276
27		18		69		3		403		617		10		237.7		386
28		40		20		2		0		974		10		235.43		584
29		32		29		5		543		823		10		1294		1780
30		25		50		3		582		806		10		435.36		797
31		39		37		4		771		961		10		431.85		971
32		53		54		3		827		1000		10		359.11		707
33		53		10		3		270		528		10		505.88		867
34		70		69		5		0		941		10		804.98		1448
35		35		4		4		0		959		10		446.69		952
36		28		61		4		638		864		10		613.44		1164
37		64		72		5		0		942		10		916.4		1374
38		3		7		6		0		947		10		375.81		1081
39		22		58		3		0		963		10		551.69		864
40		34		55		3		355		609		10		445.34		573
41		33		43		5		78		328		10		840.02		1234
42		3		22		5		634		878		10		408.61		724
43		52		45		4		790		966		10		685.06		984
44		19		1		3		402		684		10		301.69		880
45		20		48		3		14		274		10		320.19		482
46		62		8		3		224		428		10		513.34		728
47		61		29		6		375		577		10		996.26		1314
48		39		6		4		618		820		10		437.31		733
49		59		6		4		343		591		10		720.06		1214
50		18		36		3		0		972		10		336.41		1052
51		65		22		4		176		426		10		891.73		1013
52		8		25		3		599		835		10		994.13		990
53		61		38		6		0		963		10		2023.57		2335
54		48		63		2		818		1000		10		102.61		146
55		26		1		5		0		954		10		479.6		864
56		59		48		3		410		660		10		432.48		863
57		46		21		3		485		755		10		408.92		765
58		19		45		5		0		971		10		923.49		1637
59		57		77		5		470		740		10		1059.75		1377
60		38		62		2		0		168		10		222.1		648
61		33		0		4		0		954		10		667.99		1579
62		43		74		5		441		655		10		945.61		1404
63		22		52		2		63		289		10		110.31		363
64		4		33		4		575		799		10		411.25		892
65		10		54		4		83		331		10		666.37		967
66		59		65		4		2		250		10		551.08		924
67		53		24		6		298		548		10		956.42		1550
68		62		57		2		603		815		10		169.97		490
69		1		28		6		631		859		10		761.1		1068
70		10		28		5		0		964		10		684.82		1253
71		30		42		4		564		814		10		991.11		1557
72		30		53		2		729		961		10		549.69		870
73		29		24		4		505		743		10		519.58		1220
74		29		45		3		471		733		10		384.8		1050
75		15		36		6		417		669		10		908.85		1647
76		57		33		6		0		967		10		870.46		1846
77		70		52		4		239		523		10		798.91		1454
78		11		61		4		0		954		10		854.65		1132
79		64		30		4		148		394		10		397.56		953
80		9		77		3		82		366		10		425.3		629
81		61		62		5		347		553		10		704.28		984
82		5		1		3		0		242		10		456.37		732
83		48		28		6		819		1000		10		928.63		1107
84		41		30		4		713		947		10		717.72		828
85		15		55		6		500		740		10		1128.92		2182
86		7		29		6		0		961		10		568.57		1113
87		56		2		4		781		1000		10		445.94		667
88		8		15		4		25		249		10		692.2		808
89		28		20		3		154		424		10		258		561
90		0		53		6		0		950		10		1205.78		1503
91		70		44		5		653		931		10		1118		1334
92		68		63		5		670		932		10		765.3		1327
93		57		28		6		173		397		10		811.11		1436
94		35		80		5		665		945		10		539.94		928
95		30		58		6		316		540		10		765.57		1534
96		46		25		2		0		975		10		245.71		370
97		20		17		5		0		966		10		1052.93		1666
98		42		12		5		192		476		10		882.54		1382
99		16		79		3		0		942		10		245.96		453
100		48		80		3		0		943		10		439.71		715

ITEMS
Type		Length		Width		Height		Mass		Fragility	LoadBearingStrength
Bt1		17		3		4		173.15		0		56.2619801
Bt2		15		7		6		428.53		0		58.8236960
Bt3		8		7		3		55.50		1		5.0302470
Bt4		7		5		4		93.95		0		71.5305563
Bt5		12		4		4		152.62		0		18.6890453
Bt6		6		4		6		95.04		1		11.2325415
Bt7		14		3		4		217.31		1		32.5810957
Bt8		17		5		4		188.59		1		10.7041851
Bt9		8		4		6		70.23		0		11.3908589
Bt10		8		6		8		149.46		0		15.9510886
Bt11		16		4		3		107.12		0		63.1439208
Bt12		16		6		5		275.95		0		23.2177965
Bt13		10		2		8		35.07		0		8.4538288
Bt14		15		3		7		211		0		22.0033057
Bt15		15		5		7		413.47		0		41.2740103
Bt16		8		3		8		101.78		1		5.4186268
Bt17		15		5		5		214.34		1		4.5849238
Bt18		6		3		3		48.38		0		20.7627594
Bt19		7		2		4		30.93		0		25.5175013
Bt20		14		2		6		100.81		0		130.1398950
Bt21		8		3		4		37.96		0		10.6499216
Bt22		15		4		8		293.76		0		38.9206306
Bt23		11		3		4		34.14		0		6.2019473
Bt24		10		4		4		47.09		0		4.7149979
Bt25		16		5		6		110.80		0		7.1480090
Bt26		16		2		5		124.38		1		8.9808204
Bt27		11		4		5		94.54		0		28.2787884
Bt28		15		7		8		417.81		0		32.5475180
Bt29		13		3		7		497.72		0		63.5624772
Bt30		15		5		4		194.54		0		14.1244331
Bt31		6		4		7		143.14		1		20.4474401
Bt32		10		2		6		25.71		0		8.0164701
Bt33		17		3		4		60.29		1		3.3151529
Bt34		8		5		7		166.84		0		29.4477209
Bt35		16		2		8		394.04		1		13.3109120
Bt36		17		3		4		64.94		1		8.2492179
Bt37		9		3		8		224.03		0		96.9264736
Bt38		7		7		5		153.96		0		15.4037839
Bt39		10		4		8		118.94		1		4.0189251
Bt40		17		4		4		70.64		1		3.7208541
Bt41		7		5		5		85.20		0		24.2366199
Bt42		11		3		5		84.13		0		13.9473834
Bt43		17		5		3		219.17		0		125.7690014
Bt44		16		5		8		184.94		0		15.6773360
Bt45		13		4		3		60.59		0		10.5938065
Bt46		16		6		8		584.04		0		41.4009952
Bt47		16		3		4		56.93		0		38.7481828
Bt48		7		3		5		92.27		0		28.0308575
Bt49		10		6		5		96.16		0		40.7777110
Bt50		11		2		6		57.38		0		22.1577613
Bt51		13		5		5		266.05		0		38.1146224
Bt52		7		3		5		23.38		0		17.3629505
Bt53		10		3		3		71.68		0		45.4517604
Bt54		7		3		3		29.51		0		14.7903904
Bt55		15		4		7		246.71		0		64.6185563
Bt56		6		6		3		51.38		0		15.9270198
Bt57		6		2		7		18.87		0		7.6426367
Bt58		10		4		3		97.63		0		44.6695017
Bt59		13		5		3		225.42		0		46.6867395
Bt60		7		6		7		189.22		0		60.7554178
Bt61		13		5		5		189.39		0		97.1370678
Bt62		15		3		6		123.11		0		33.8937457
Bt63		13		3		4		38.64		0		28.4205929
Bt64		11		4		8		133.87		1		4.0828464
Bt65		7		6		7		204.06		1		18.6194932
Bt66		11		6		8		196.39		0		24.2820122
Bt67		8		4		5		130.76		0		33.0707569
Bt68		14		2		5		105.43		0		77.3458851
Bt69		8		5		8		450.97		0		111.2879101
Bt70		14		2		8		101.65		0		32.0012417
Bt71		15		3		3		87.93		0		32.8859834
Bt72		17		6		5		282.66		0		68.7487232
Bt73		10		5		5		69.10		0		12.1823644
Bt74		6		5		6		98.19		0		21.5007612
Bt75		17		7		7		628.87		1		15.9424202
Bt76		17		5		3		58.93		0		11.3578453
Bt77		10		3		4		40.67		0		51.0125988
Bt78		15		2		8		152		0		17.1112627
Bt79		11		6		4		116.49		0		25.7154138
Bt80		10		4		8		246.08		0		48.6599236
Bt81		9		4		4		84.07		0		71.0989595
Bt82		13		3		7		75.94		0		21.9584448
Bt83		6		4		6		251.60		0		124.3131293
Bt84		16		3		5		121.16		0		105.0351634
Bt85		8		4		6		69.62		0		26.1581809
Bt86		11		4		7		85.49		0		60.9019161
Bt87		14		4		4		139.08		1		12.8855938
Bt88		10		7		7		621		0		85.1349831
Bt89		7		2		5		51.17		0		23.0676208
Bt90		11		3		3		34.86		1		8.8052792
Bt91		8		2		5		38.64		0		24.4099068
Bt92		17		3		4		114.40		0		127.5691227
Bt93		6		6		7		206.67		1		24.6570928
Bt94		15		4		7		268.66		0		49.8923009
Bt95		11		3		4		73.96		0		51.1265554
Bt96		10		6		4		100.87		0		18.8763313
Bt97		13		4		7		90.17		0		31.2667809
Bt98		6		3		8		107.24		0		131.6873741
Bt99		12		5		8		408.59		1		17.4154912
Bt100		16		4		5		90.81		0		15.8519960

DEMANDS PER CUSTOMER
i	Type Quantity
1	Bt22 1	Bt34 1	Bt46 1	Bt56 1	Bt66 1	Bt67 1	
2	Bt13 1	Bt32 1	Bt37 1	Bt52 1	
3	Bt5 1	Bt95 1	
4	Bt34 1	Bt67 1	
5	Bt26 1	Bt40 1	Bt48 1	
6	Bt13 1	Bt24 1	Bt28 1	
7	Bt11 1	Bt87 1	
8	Bt14 1	Bt64 1	Bt80 1	Bt85 1	Bt91 1	Bt99 1	
9	Bt9 1	Bt21 1	Bt26 1	Bt75 1	Bt89 1	Bt97 1	
10	Bt39 1	Bt45 1	Bt51 1	Bt77 1	Bt82 1	
11	Bt45 1	Bt64 1	Bt99 1	
12	Bt10 1	Bt23 1	
13	Bt5 1	Bt9 1	Bt11 1	Bt43 1	
14	Bt30 1	Bt41 1	Bt69 1	Bt81 1	Bt90 1	Bt94 1	
15	Bt60 1	Bt64 1	
16	Bt12 1	Bt16 1	Bt30 1	Bt38 1	Bt88 1	
17	Bt7 1	Bt9 1	Bt53 1	
18	Bt4 1	Bt11 1	Bt39 1	Bt100 1	
19	Bt23 1	Bt37 1	Bt56 1	
20	Bt4 1	Bt9 1	Bt45 1	Bt54 1	Bt73 1	Bt94 1	
21	Bt16 1	Bt18 1	Bt28 1	Bt92 1	
22	Bt20 1	Bt75 1	Bt82 1	
23	Bt19 1	Bt84 1	Bt87 1	Bt99 1	
24	Bt60 1	Bt90 1	Bt97 1	
25	Bt74 1	Bt86 1	
26	Bt50 1	Bt98 1	
27	Bt45 1	Bt53 1	Bt68 1	
28	Bt39 1	Bt79 1	
29	Bt14 1	Bt20 1	Bt75 1	Bt80 1	Bt98 1	
30	Bt8 1	Bt50 1	Bt61 1	
31	Bt14 1	Bt57 1	Bt79 1	Bt86 1	
32	Bt4 1	Bt60 1	Bt82 1	
33	Bt59 1	Bt66 1	Bt81 1	
34	Bt25 1	Bt69 1	Bt91 1	Bt92 1	Bt97 1	
35	Bt26 1	Bt58 1	Bt64 1	Bt100 1	
36	Bt17 1	Bt79 1	Bt82 1	Bt93 1	
37	Bt15 1	Bt61 1	Bt68 1	Bt96 1	Bt98 1	
38	Bt6 1	Bt32 1	Bt33 1	Bt49 1	Bt54 1	Bt73 1	
39	Bt12 1	Bt53 1	Bt65 1	
40	Bt7 1	Bt61 1	Bt91 1	
41	Bt17 1	Bt34 1	Bt42 1	Bt62 1	Bt83 1	
42	Bt32 1	Bt41 1	Bt48 1	Bt74 1	Bt98 1	
43	Bt43 1	Bt51 1	Bt70 1	Bt74 1	
44	Bt9 1	Bt13 1	Bt66 1	
45	Bt38 1	Bt48 1	Bt95 1	
46	Bt45 1	Bt80 1	Bt93 1	
47	Bt16 1	Bt58 1	Bt83 1	Bt86 1	Bt89 1	Bt99 1	
48	Bt38 1	Bt58 1	Bt70 1	Bt81 1	
49	Bt2 1	Bt36 1	Bt68 1	Bt84 1	
50	Bt27 1	Bt44 1	Bt47 1	
51	Bt17 1	Bt29 1	Bt32 1	Bt38 1	
52	Bt38 1	Bt43 1	Bt88 1	
53	Bt3 2	Bt35 1	Bt75 1	Bt88 1	Bt94 1	
54	Bt19 1	Bt53 1	
55	Bt31 1	Bt33 1	Bt50 1	Bt58 1	Bt84 1	
56	Bt17 1	Bt70 1	Bt79 1	
57	Bt50 1	Bt51 1	Bt86 1	
58	Bt19 1	Bt28 1	Bt51 1	Bt85 1	Bt87 1	
59	Bt38 1	Bt47 1	Bt60 1	Bt63 1	Bt88 1	
60	Bt32 1	Bt66 1	
61	Bt28 1	Bt50 1	Bt64 1	Bt76 1	
62	Bt26 1	Bt50 1	Bt66 1	Bt69 1	Bt79 1	
63	Bt56 1	Bt76 1	
64	Bt8 1	Bt16 1	Bt33 1	Bt45 1	
65	Bt11 1	Bt59 1	Bt72 1	Bt89 1	
66	Bt9 1	Bt83 1	Bt87 1	Bt97 1	
67	Bt2 1	Bt5 2	Bt33 1	Bt47 1	Bt68 1	
68	Bt73 1	Bt96 1	
69	Bt7 1	Bt8 1	Bt18 1	Bt38 1	Bt45 1	Bt48 1	
70	Bt8 1	Bt11 1	Bt48 1	Bt93 1	Bt97 1	
71	Bt13 1	Bt62 1	Bt65 1	Bt75 1	
72	Bt2 1	Bt84 1	
73	Bt32 1	Bt66 1	Bt93 1	Bt100 1	
74	Bt44 1	Bt67 1	Bt73 1	
75	Bt1 1	Bt9 1	Bt25 1	Bt45 1	Bt59 1	Bt94 1	
76	Bt22 1	Bt24 1	Bt64 1	Bt65 1	Bt96 1	Bt100 1	
77	Bt21 1	Bt28 1	Bt65 1	Bt87 1	
78	Bt45 1	Bt64 1	Bt83 1	Bt99 1	
79	Bt3 1	Bt10 1	Bt38 1	Bt63 1	
80	Bt1 1	Bt38 1	Bt74 1	
81	Bt6 1	Bt23 1	Bt69 1	Bt86 1	Bt91 1	
82	Bt39 1	Bt67 1	Bt93 1	
83	Bt11 1	Bt32 1	Bt35 1	Bt48 1	Bt65 1	Bt68 1	
84	Bt29 1	Bt41 1	Bt49 1	Bt91 1	
85	Bt2 1	Bt17 1	Bt31 1	Bt44 1	Bt62 1	Bt90 1	
86	Bt7 1	Bt16 1	Bt33 1	Bt36 1	Bt52 1	Bt96 1	
87	Bt27 1	Bt36 1	Bt83 1	Bt90 1	
88	Bt16 1	Bt35 1	Bt74 2	
89	Bt42 1	Bt50 1	Bt79 1	
90	Bt4 1	Bt31 1	Bt35 1	Bt65 1	Bt71 1	Bt72 1	
91	Bt6 1	Bt8 1	Bt9 1	Bt31 1	Bt88 1	
92	Bt26 1	Bt43 1	Bt47 1	Bt49 1	Bt94 1	
93	Bt16 1	Bt19 1	Bt41 1	Bt51 1	Bt66 1	Bt67 1	
94	Bt68 2	Bt74 1	Bt79 1	Bt92 1	
95	Bt24 1	Bt38 1	Bt40 1	Bt43 1	Bt60 1	Bt86 1	
96	Bt30 1	Bt89 1	
97	Bt2 1	Bt15 1	Bt40 1	Bt68 1	Bt90 1	
98	Bt40 1	Bt55 1	Bt68 1	Bt89 1	Bt99 1	
99	Bt3 1	Bt48 1	Bt74 1	
100	Bt26 1	Bt43 1	Bt49 1	