Name				571_n100_m400_bt3
Number_of_Customers		100
Number_of_Items			400
Number_of_ItemTypes		3
Number_of_Vehicles		39
TimeWindows			1

VEHICLE
Mass_Capacity			12595
CargoSpace_Length		60
CargoSpace_Width		25
CargoSpace_Height		30
Wheelbase			48
Max_Mass_FrontAxle		7100
Max_Mass_RearAxle		11500
Distance_FrontAxle_CargoSpace	4

CUSTOMERS
i		x		y		Demand		ReadyTime	DueDate		ServiceTime	DemandedMass	DemandedVolume
0		35		35		0		0		1000		0		0		0
1		8		11		4		0		953		10		1715.37		7614
2		0		54		2		120		354		10		904.84		2856
3		1		46		6		0		954		10		2633.38		12282
4		70		45		5		14		196		10		2060.31		9132
5		63		78		5		26		274		10		2180.96		10854
6		11		73		3		0		252		10		1262.95		6186
7		21		28		5		306		546		10		2167.79		9042
8		41		41		4		36		270		10		1702.2		5802
9		66		33		6		29		251		10		2405.25		10650
10		66		38		4		0		958		10		1715.37		7614
11		50		33		2		478		710		10		797.36		2946
12		20		45		4		270		540		10		1594.72		5892
13		32		35		2		0		987		10		810.53		4758
14		58		14		6		0		958		10		2405.25		10650
15		28		24		5		0		132		10		1939.66		7410
16		64		10		6		76		318		10		2646.55		14094
17		58		45		3		0		964		10		1249.78		4374
18		36		44		2		774		1000		10		810.53		4758
19		46		12		5		25		295		10		2180.96		10854
20		28		37		3		11		251		10		1383.6		7908
21		14		75		3		734		984		10		1370.43		6096
22		50		63		5		0		147		10		2180.96		10854
23		64		4		5		0		947		10		1966		11034
24		63		17		2		0		205		10		810.53		4758
25		17		30		4		0		971		10		1487.24		5982
26		42		46		2		0		199		10		689.88		3036
27		5		45		6		0		202		10		2633.38		12282
28		34		22		3		2		176		10		1276.12		7998
29		59		71		5		433		651		10		2073.48		10944
30		16		38		3		494		716		10		1262.95		6186
31		9		69		3		329		581		10		1155.47		6276
32		46		15		6		44		292		10		2512.73		10560
33		23		66		3		613		819		10		1249.78		4374
34		12		40		5		66		342		10		2047.14		7320
35		56		56		3		175		405		10		1142.3		4464
36		38		63		3		234		446		10		1262.95		6186
37		39		66		3		484		710		10		1370.43		6096
38		35		25		6		765		1000		10		2525.9		12372
39		35		7		3		170		330		10		1262.95		6186
40		19		19		3		187		451		10		1370.43		6096
41		5		13		4		735		947		10		1594.72		5892
42		40		2		3		0		956		10		1276.12		7998
43		69		35		5		0		956		10		1966		11034
44		3		22		5		435		655		10		2073.48		10944
45		0		8		4		0		945		10		1728.54		9426
46		11		63		5		0		953		10		2194.13		12666
47		42		77		3		0		167		10		1249.78		4374
48		61		12		3		0		955		10		1262.95		6186
49		26		30		3		194		394		10		1155.47		6276
50		52		46		4		0		969		10		1621.06		9516
51		35		51		4		207		445		10		1715.37		7614
52		63		70		6		405		663		10		2539.07		14184
53		16		67		6		686		894		10		2539.07		14184
54		2		79		2		501		699		10		918.01		4668
55		70		5		3		749		977		10		1262.95		6186
56		48		40		5		0		976		10		2180.96		10854
57		40		33		5		249		473		10		2180.96		10854
58		24		20		6		0		196		10		2431.59		14274
59		21		36		5		811		1000		10		1832.18		7500
60		45		72		3		0		951		10		1034.82		4554
61		24		10		5		362		592		10		2047.14		7320
62		66		51		4		256		496		10		1594.72		5892
63		37		13		4		0		967		10		1500.41		7794
64		34		65		3		583		815		10		1142.3		4464
65		55		9		4		7		195		10		1702.2		5802
66		28		15		2		696		908		10		797.36		2946
67		28		44		5		354		568		10		2073.48		10944
68		55		76		4		0		944		10		1607.89		7704
69		59		3		4		8		232		10		1728.54		9426
70		45		1		3		0		954		10		1034.82		4554
71		41		61		2		292		538		10		931.18		6480
72		13		10		6		250		498		10		2727.69		10380
73		31		3		4		584		770		10		1728.54		9426
74		3		55		3		0		952		10		1155.47		6276
75		63		36		4		737		939		10		1607.89		7704
76		6		57		5		532		724		10		1939.66		7410
77		55		16		3		791		1000		10		1142.3		4464
78		18		76		2		400		692		10		904.84		2856
79		55		79		4		394		622		10		1728.54		9426
80		40		8		3		98		366		10		1276.12		7998
81		48		8		6		342		630		10		2190.29		10830
82		67		29		2		0		957		10		810.53		4758
83		2		27		3		0		956		10		1034.82		4554
84		37		70		6		273		503		10		2297.77		10740
85		59		42		5		750		994		10		2060.31		9132
86		21		1		3		0		953		10		1262.95		6186
87		22		17		5		490		692		10		2086.65		12756
88		66		70		4		476		758		10		1487.24		5982
89		32		42		4		109		325		10		1702.2		5802
90		23		77		2		293		503		10		918.01		4668
91		17		16		5		0		963		10		2060.31		9132
92		35		48		3		307		495		10		1249.78		4374
93		21		42		4		153		387		10		1822.85		7524
94		65		22		4		0		244		10		1500.41		7794
95		19		57		4		0		962		10		1728.54		9426
96		25		56		4		456		688		10		1702.2		5802
97		33		73		4		0		204		10		1607.89		7704
98		18		60		4		753		1000		10		1715.37		7614
99		38		74		6		375		631		10		2284.6		8928
100		57		23		6		686		916		10		2727.69		10380

ITEMS
Type		Length		Width		Height		Mass		Fragility	LoadBearingStrength
Bt1		27		10		12		465.59		0		5.8713126
Bt2		17		7		12		452.42		0		18.7544376
Bt3		23		11		6		344.94		1		15.3090396

DEMANDS PER CUSTOMER
i	Type Quantity
1	Bt1 1	Bt2 2	Bt3 1	
2	Bt2 2	
3	Bt1 2	Bt2 3	Bt3 1	
4	Bt1 1	Bt2 2	Bt3 2	
5	Bt1 2	Bt2 2	Bt3 1	
6	Bt1 1	Bt2 1	Bt3 1	
7	Bt1 1	Bt2 3	Bt3 1	
8	Bt2 3	Bt3 1	
9	Bt1 1	Bt2 2	Bt3 3	
10	Bt1 1	Bt2 2	Bt3 1	
11	Bt2 1	Bt3 1	
12	Bt2 2	Bt3 2	
13	Bt1 1	Bt3 1	
14	Bt1 1	Bt2 2	Bt3 3	
15	Bt2 2	Bt3 3	
16	Bt1 3	Bt2 2	Bt3 1	
17	Bt2 2	Bt3 1	
18	Bt1 1	Bt3 1	
19	Bt1 2	Bt2 2	Bt3 1	
20	Bt1 2	Bt2 1	
21	Bt1 1	Bt2 2	
22	Bt1 2	Bt2 2	Bt3 1	
23	Bt1 2	Bt3 3	
24	Bt1 1	Bt3 1	
25	Bt2 1	Bt3 3	
26	Bt3 2	
27	Bt1 2	Bt2 3	Bt3 1	
28	Bt1 2	Bt3 1	
29	Bt1 2	Bt2 1	Bt3 2	
30	Bt1 1	Bt2 1	Bt3 1	
31	Bt1 1	Bt3 2	
32	Bt1 1	Bt2 3	Bt3 2	
33	Bt2 2	Bt3 1	
34	Bt2 3	Bt3 2	
35	Bt2 1	Bt3 2	
36	Bt1 1	Bt2 1	Bt3 1	
37	Bt1 1	Bt2 2	
38	Bt1 2	Bt2 2	Bt3 2	
39	Bt1 1	Bt2 1	Bt3 1	
40	Bt1 1	Bt2 2	
41	Bt2 2	Bt3 2	
42	Bt1 2	Bt3 1	
43	Bt1 2	Bt3 3	
44	Bt1 2	Bt2 1	Bt3 2	
45	Bt1 2	Bt2 1	Bt3 1	
46	Bt1 3	Bt2 1	Bt3 1	
47	Bt2 2	Bt3 1	
48	Bt1 1	Bt2 1	Bt3 1	
49	Bt1 1	Bt3 2	
50	Bt1 2	Bt3 2	
51	Bt1 1	Bt2 2	Bt3 1	
52	Bt1 3	Bt2 1	Bt3 2	
53	Bt1 3	Bt2 1	Bt3 2	
54	Bt1 1	Bt2 1	
55	Bt1 1	Bt2 1	Bt3 1	
56	Bt1 2	Bt2 2	Bt3 1	
57	Bt1 2	Bt2 2	Bt3 1	
58	Bt1 3	Bt3 3	
59	Bt2 1	Bt3 4	
60	Bt3 3	
61	Bt2 3	Bt3 2	
62	Bt2 2	Bt3 2	
63	Bt1 1	Bt3 3	
64	Bt2 1	Bt3 2	
65	Bt2 3	Bt3 1	
66	Bt2 1	Bt3 1	
67	Bt1 2	Bt2 1	Bt3 2	
68	Bt1 1	Bt2 1	Bt3 2	
69	Bt1 2	Bt2 1	Bt3 1	
70	Bt3 3	
71	Bt1 2	
72	Bt1 1	Bt2 5	
73	Bt1 2	Bt2 1	Bt3 1	
74	Bt1 1	Bt3 2	
75	Bt1 1	Bt2 1	Bt3 2	
76	Bt2 2	Bt3 3	
77	Bt2 1	Bt3 2	
78	Bt2 2	
79	Bt1 2	Bt2 1	Bt3 1	
80	Bt1 2	Bt3 1	
81	Bt1 1	Bt3 5	
82	Bt1 1	Bt3 1	
83	Bt3 3	
84	Bt1 1	Bt2 1	Bt3 4	
85	Bt1 1	Bt2 2	Bt3 2	
86	Bt1 1	Bt2 1	Bt3 1	
87	Bt1 3	Bt3 2	
88	Bt2 1	Bt3 3	
89	Bt2 3	Bt3 1	
90	Bt1 1	Bt2 1	
91	Bt1 1	Bt2 2	Bt3 2	
92	Bt2 2	Bt3 1	
93	Bt1 1	Bt2 3	
94	Bt1 1	Bt3 3	
95	Bt1 2	Bt2 1	Bt3 1	
96	Bt2 3	Bt3 1	
97	Bt1 1	Bt2 1	Bt3 2	
98	Bt1 1	Bt2 2	Bt3 1	
99	Bt2 2	Bt3 4	
100	Bt1 1	Bt2 5	