Name				574_n100_m400_bt3
Number_of_Customers		100
Number_of_Items			400
Number_of_ItemTypes		3
Number_of_Vehicles		37
TimeWindows			1

VEHICLE
Mass_Capacity			12595
CargoSpace_Length		60
CargoSpace_Width		25
CargoSpace_Height		30
Wheelbase			48
Max_Mass_FrontAxle		7100
Max_Mass_RearAxle		11500
Distance_FrontAxle_CargoSpace	4

CUSTOMERS
i		x		y		Demand		ReadyTime	DueDate		ServiceTime	DemandedMass	DemandedVolume
0		35		35		0		0		1000		0		0		0
1		62		9		3		728		986		10		1004.76		5466
2		54		18		4		0		964		10		1796.71		6348
3		37		0		4		0		954		10		1030.56		5310
4		9		59		3		0		954		10		803.19		2520
5		6		44		3		0		959		10		783.01		3495
6		26		9		4		0		962		10		1292.67		5331
7		32		24		2		59		285		10		777.39		2676
8		23		67		5		560		824		10		2044.26		8163
9		40		27		3		0		980		10		1024.94		4491
10		18		36		6		0		972		10		2049.88		8982
11		11		14		3		659		941		10		1024.94		4491
12		49		63		4		0		958		10		1272.49		6306
13		57		60		6		0		956		10		1767.59		9936
14		59		43		5		0		964		10		1298.29		6150
15		37		15		4		92		374		10		1534.6		6327
16		26		57		2		0		966		10		777.39		2676
17		44		34		3		0		980		10		783.01		3495
18		66		24		4		0		957		10		1272.49		6306
19		50		11		4		0		961		10		1554.78		5352
20		18		75		6		716		990		10		1828.13		7011
21		60		18		6		273		529		10		2271.63		10953
22		37		30		6		0		984		10		2332.17		8028
23		15		37		3		0		969		10		783.01		3495
24		55		35		2		0		970		10		777.39		2676
25		6		62		5		0		950		10		1540.22		7146
26		34		3		3		0		957		10		783.01		3495
27		9		27		6		415		663		10		2291.81		9978
28		53		11		3		0		960		10		762.83		4470
29		52		59		5		628		860		10		1782.15		8142
30		27		65		2		0		958		10		515.28		2655
31		27		71		3		737		1000		10		783.01		3495
32		61		56		3		289		535		10		1004.76		5466
33		58		64		4		651		885		10		1272.49		6306
34		45		71		5		670		888		10		1540.22		7146
35		65		61		3		0		950		10		1024.94		4491
36		64		18		3		701		947		10		1004.76		5466
37		12		24		5		0		964		10		1802.33		7167
38		68		34		3		271		513		10		1004.76		5466
39		48		39		4		144		404		10		1252.31		7281
40		10		42		5		240		546		10		1298.29		6150
41		7		10		3		0		952		10		803.19		2520
42		58		30		6		0		966		10		1828.13		7011
43		60		21		5		811		1000		10		1298.29		6150
44		62		67		3		0		948		10		1024.94		4491
45		41		1		3		132		330		10		1024.94		4491
46		15		75		3		376		606		10		1024.94		4491
47		57		40		5		0		967		10		1560.4		6171
48		9		32		3		748		980		10		762.83		4470
49		47		34		2		699		923		10		515.28		2655
50		63		72		4		0		943		10		1292.67		5331
51		43		55		6		0		968		10		1807.95		7986
52		59		79		3		104		304		10		1266.87		5487
53		64		47		2		679		925		10		535.46		1680
54		66		11		5		479		741		10		1580.58		5196
55		62		63		2		0		951		10		535.46		1680
56		17		0		3		71		293		10		803.19		2520
57		19		69		2		185		375		10		757.21		3651
58		37		6		6		0		960		10		2070.06		8007
59		3		68		6		708		890		10		1787.77		8961
60		61		46		5		0		961		10		1802.33		7167
61		46		51		3		316		566		10		1024.94		4491
62		56		11		5		0		958		10		1802.33		7167
63		32		17		5		520		696		10		1499.86		9096
64		0		0		3		0		940		10		1004.76		5466
65		2		5		6		0		945		10		1787.77		8961
66		10		71		4		0		946		10		1272.49		6306
67		21		41		3		262		474		10		1266.87		5487
68		14		20		4		627		905		10		1796.71		6348
69		64		79		4		421		651		10		1554.78		5352
70		30		64		6		0		960		10		1545.84		7965
71		44		42		5		155		383		10		2044.26		8163
72		49		52		6		0		967		10		2049.88		8982
73		5		48		4		162		388		10		1514.42		7302
74		3		35		2		0		159		10		757.21		3651
75		5		17		4		0		955		10		1312.85		4356
76		35		27		4		0		982		10		1272.49		6306
77		5		76		6		450		682		10		2049.88		8982
78		61		2		2		0		947		10		495.1		3630
79		24		47		4		0		973		10		1272.49		6306
80		46		4		3		0		957		10		1045.12		3516
81		65		50		3		0		956		10		1024.94		4491
82		57		5		4		0		952		10		1030.56		5310
83		53		62		4		7		219		10		1534.6		6327
84		16		16		3		124		338		10		762.83		4470
85		47		43		5		122		360		10		1257.93		8100
86		29		51		3		0		142		10		1045.12		3516
87		40		16		6		443		717		10		1525.66		8940
88		40		55		6		0		252		10		2291.81		9978
89		0		21		5		783		1000		10		1298.29		6150
90		20		62		3		0		959		10		803.19		2520
91		14		61		6		0		956		10		2029.7		9957
92		11		64		2		118		338		10		535.46		1680
93		17		53		5		0		964		10		1278.11		7125
94		32		52		3		0		972		10		783.01		3495
95		65		14		4		548		812		10		1554.78		5352
96		69		58		5		289		539		10		1540.22		7146
97		53		54		5		0		195		10		1782.15		8142
98		65		43		6		0		958		10		2332.17		8028
99		50		55		3		0		146		10		783.01		3495
100		29		59		2		192		458		10		1019.32		3672

ITEMS
Type		Length		Width		Height		Mass		Fragility	LoadBearingStrength
Bt1		34		6		9		509.66		1		3.5805521
Bt2		33		5		11		247.55		0		13.1423120
Bt3		14		5		12		267.73		0		19.1090607

DEMANDS PER CUSTOMER
i	Type Quantity
1	Bt1 1	Bt2 2	
2	Bt1 3	Bt3 1	
3	Bt2 2	Bt3 2	
4	Bt3 3	
5	Bt2 1	Bt3 2	
6	Bt1 1	Bt2 1	Bt3 2	
7	Bt1 1	Bt3 1	
8	Bt1 3	Bt2 1	Bt3 1	
9	Bt1 1	Bt2 1	Bt3 1	
10	Bt1 2	Bt2 2	Bt3 2	
11	Bt1 1	Bt2 1	Bt3 1	
12	Bt1 1	Bt2 2	Bt3 1	
13	Bt1 1	Bt2 4	Bt3 1	
14	Bt2 2	Bt3 3	
15	Bt1 2	Bt2 1	Bt3 1	
16	Bt1 1	Bt3 1	
17	Bt2 1	Bt3 2	
18	Bt1 1	Bt2 2	Bt3 1	
19	Bt1 2	Bt3 2	
20	Bt1 1	Bt2 1	Bt3 4	
21	Bt1 3	Bt2 3	
22	Bt1 3	Bt3 3	
23	Bt2 1	Bt3 2	
24	Bt1 1	Bt3 1	
25	Bt1 1	Bt2 2	Bt3 2	
26	Bt2 1	Bt3 2	
27	Bt1 3	Bt2 2	Bt3 1	
28	Bt2 2	Bt3 1	
29	Bt1 2	Bt2 2	Bt3 1	
30	Bt2 1	Bt3 1	
31	Bt2 1	Bt3 2	
32	Bt1 1	Bt2 2	
33	Bt1 1	Bt2 2	Bt3 1	
34	Bt1 1	Bt2 2	Bt3 2	
35	Bt1 1	Bt2 1	Bt3 1	
36	Bt1 1	Bt2 2	
37	Bt1 2	Bt2 1	Bt3 2	
38	Bt1 1	Bt2 2	
39	Bt1 1	Bt2 3	
40	Bt2 2	Bt3 3	
41	Bt3 3	
42	Bt1 1	Bt2 1	Bt3 4	
43	Bt2 2	Bt3 3	
44	Bt1 1	Bt2 1	Bt3 1	
45	Bt1 1	Bt2 1	Bt3 1	
46	Bt1 1	Bt2 1	Bt3 1	
47	Bt1 1	Bt2 1	Bt3 3	
48	Bt2 2	Bt3 1	
49	Bt2 1	Bt3 1	
50	Bt1 1	Bt2 1	Bt3 2	
51	Bt1 1	Bt2 2	Bt3 3	
52	Bt1 2	Bt2 1	
53	Bt3 2	
54	Bt1 1	Bt3 4	
55	Bt3 2	
56	Bt3 3	
57	Bt1 1	Bt2 1	
58	Bt1 2	Bt2 1	Bt3 3	
59	Bt1 1	Bt2 3	Bt3 2	
60	Bt1 2	Bt2 1	Bt3 2	
61	Bt1 1	Bt2 1	Bt3 1	
62	Bt1 2	Bt2 1	Bt3 2	
63	Bt1 1	Bt2 4	
64	Bt1 1	Bt2 2	
65	Bt1 1	Bt2 3	Bt3 2	
66	Bt1 1	Bt2 2	Bt3 1	
67	Bt1 2	Bt2 1	
68	Bt1 3	Bt3 1	
69	Bt1 2	Bt3 2	
70	Bt2 3	Bt3 3	
71	Bt1 3	Bt2 1	Bt3 1	
72	Bt1 2	Bt2 2	Bt3 2	
73	Bt1 2	Bt2 2	
74	Bt1 1	Bt2 1	
75	Bt1 1	Bt3 3	
76	Bt1 1	Bt2 2	Bt3 1	
77	Bt1 2	Bt2 2	Bt3 2	
78	Bt2 2	
79	Bt1 1	Bt2 2	Bt3 1	
80	Bt1 1	Bt3 2	
81	Bt1 1	Bt2 1	Bt3 1	
82	Bt2 2	Bt3 2	
83	Bt1 2	Bt2 1	Bt3 1	
84	Bt2 2	Bt3 1	
85	Bt2 4	Bt3 1	
86	Bt1 1	Bt3 2	
87	Bt2 4	Bt3 2	
88	Bt1 3	Bt2 2	Bt3 1	
89	Bt2 2	Bt3 3	
90	Bt3 3	
91	Bt1 2	Bt2 3	Bt3 1	
92	Bt3 2	
93	Bt2 3	Bt3 2	
94	Bt2 1	Bt3 2	
95	Bt1 2	Bt3 2	
96	Bt1 1	Bt2 2	Bt3 2	
97	Bt1 2	Bt2 2	Bt3 1	
98	Bt1 3	Bt3 3	
99	Bt2 1	Bt3 2	
100	Bt1 2	