Name				577_n100_m400_bt10
Number_of_Customers		100
Number_of_Items			400
Number_of_ItemTypes		10
Number_of_Vehicles		50
TimeWindows			1

VEHICLE
Mass_Capacity			12595
CargoSpace_Length		60
CargoSpace_Width		25
CargoSpace_Height		30
Wheelbase			48
Max_Mass_FrontAxle		7100
Max_Mass_RearAxle		11500
Distance_FrontAxle_CargoSpace	4

CUSTOMERS
i		x		y		Demand		ReadyTime	DueDate		ServiceTime	DemandedMass	DemandedVolume
0		35		35		0		0		1000		0		0		0
1               69              36              5               617             909             10              1523.54         7568
2               8               63              2               527             839             10              536.76          3432
3               36              21              3               0               206             10              965.18          5214
4               49              52              4               3               241             10              1333.55         8262
5               66              44              2               39              313             10              660.79          3870
6               67              64              6               0               946             10              2156.34         9716
7               54              40              3               234             452             10              1078.17         4858
8               12              75              5               174             466             10              2184.71         12484
9               33              24              5               467             741             10              1499.60         9148
10              53              4               4               548             778             10              1196.18         5872
11              44              0               4               0               179             10              1228.48         8526
12              15              42              4               0               277             10              945.88          7384
13              8               19              5               198             430             10              1492.90         10288
14              64              76              6               426             670             10              1848.90         9452
15              35              31              2               855             1000            10              962.48          4252
16              58              33              4               631             929             10              1406.20         5900
17              3               19              4               0               954             10              1036.34         7422
18              38              28              6               56              286             10              1832.13         8822
19              59              45              5               512             740             10              1539.95         10248
20              13              67              5               0               951             10              1771.28         10632
21              40              37              4               680             862             10              1177.21         7768
22              33              78              3               445             681             10              1194.85         6340
23              19              4               3               667             919             10              906.99          6734
24              52              50              2               0               967             10              971.48          4270
25              41              58              3               692             934             10              882.49          5788
26              24              70              6               187             421             10              1863.43         12312
27              14              24              3               0               207             10              874.68          6678
28              16              0               3               637             881             10              1194.85         6340
29              2               59              3               0               210             10              1069.13         6342
30              5               30              6               380             566             10              1674.49         10600
31              70              49              5               164             374             10              1406.61         9222
32              18              14              2               0               962             10              661.72          3598
33              61              50              3               141             419             10              1089.49         5284
34              69              60              5               427             649             10              1386.57         8410
35              33              63              6               82              342             10              2314.34         13120
36              47              13              2               367             605             10              712.10          2968
37              64              59              5               0               952             10              2208.64         9690
38              11              58              5               249             519             10              1657.20         8872
39              21              57              5               0               963             10              1583.55         7962
40              58              51              4               203             461             10              1673.61         8994
41              8               44              5               93              315             10              2039.68         10884
42              5               51              4               687             923             10              1154.83         7458
43              50              17              2               259             511             10              425.93          2922
44              57              37              3               89              281             10              1006.48         7728
45              3               65              3               0               946             10              957.37          6104
46              15              20              2               0               965             10              723.14          3762
47              2               23              6               132             344             10              2126.03         11938
48              8               31              3               718             990             10              874.68          6678
49              15              45              3               0               967             10              1089.49         5284
50              8               75              2               305             559             10              962.48          4252
51              29              39              3               0               982             10              944.17          6176
52              66              54              5               609             811             10              1738.66         10006
53              57              71              4               460             718             10              1057.31         7962
54              23              62              3               0               960             10              903.76          5050
55              64              14              3               299             527             10              1171.89         7360
56              3               35              6               116             344             10              2064.61         11774
57              45              40              2               19              249             10              467.27          3934
58              0               44              2               778             1000            10              702.13          4724
59              8               60              4               498             752             10              1351.58         8920
60              49              59              4               0               962             10              1004.03         7366
61              65              47              2               0               957             10              712.10          2968
62              0               52              3               0               210             10              1069.17         4840
63              24              41              6               640             832             10              1942.92         10992
64              45              79              3               282             536             10              1080.21         5634
65              22              45              3               0               973             10              893.79          6964
66              68              32              5               645             909             10              1720.62         11472
67              39              69              4               0               955             10              1198.22         6648
68              38              63              6               0               241             10              1826.96         10686
69              20              63              6               609             853             10              2015.64         12174
70              24              77              5               636             874             10              1771.26         11066
71              35              8               3               0               963             10              1358.85         6202
72              19              41              3               553             791             10              815.27          6510
73              37              56              4               0               968             10              1156.80         8956
74              21              7               4               757             1000            10              1094.49         7404
75              58              54              3               0               960             10              1307.54         7104
76              41              46              5               247             489             10              1798.16         9574
77              44              29              3               0               979             10              895.99          4438
78              11              43              5               0               964             10              1927.92         9848
79              18              29              3               0               971             10              835.68          5322
80              4               55              5               376             618             10              1513.87         10828
81              46              47              5               492             746             10              1594.59         8598
82              11              5               4               228             474             10              1301.54         6928
83              35              13              6               247             461             10              2056.65         13526
84              60              42              3               65              279             10              1267.13         5978
85              27              27              5               757             1000            10              1711.59         10674
86              52              78              5               135             375             10              1456.02         9568
87              56              68              3               75              355             10              794.30          5970
88              28              11              4               440             644             10              1156.80         8956
89              30              16              3               350             642             10              865.65          5880
90              51              0               6               510             706             10              2376.99         11734
91              49              41              5               352             564             10              1520.90         9348
92              36              40              3               283             511             10              1193.48         4910
93              34              70              3               0               954             10              967.48          6372
94              20              19              6               172             410             10              1727.13         12630
95              59              59              2               0               956             10              723.10          5264
96              22              24              4               18              246             10              1014.00         5452
97              57              16              6               0               960             10              1980.70         11458
98              28              63              3               272             490             10              1308.51         5330
99              64              30              6               618             878             10              2054.64         13530
100             21              71              6               202             490             10              2264.65         12186

ITEMS
Type		Length		Width		Height		Mass		Fragility	LoadBearingStrength
Bt1		22		11		6		242.04		0		20.8463134
Bt2		22		14		8		283.38		0		11.4602550
Bt3		20		14		9		315.69		0		28.9384332
Bt4		17		14		10		605.41		0		17.7055251
Bt5		15		11		12		294.72		0		24.5549747
Bt6		14		7		11		346.03		0		26.1620225
Bt7		30		7		7		183.89		0		28.1163343
Bt8		30		9		7		366.07		1		2.3706034
Bt9		26		8		9		357.07		0		24.0747775
Bt10		28		14		7		407.41		1		3.2321447

DEMANDS PER CUSTOMER
i	Type Quantity
1	Bt1 1	Bt5 2	Bt6 2	
2	Bt1 1	Bt5 1	
3	Bt1 1	Bt8 1	Bt9 1	
4	Bt3 1	Bt5 1	Bt8 1	Bt9 1	
5	Bt5 1	Bt8 1	
6	Bt6 2	Bt8 4	
7	Bt6 1	Bt8 2	
8	Bt4 1	Bt9 1	Bt10 3	
9	Bt1 2	Bt2 1	Bt8 2	
10	Bt1 2	Bt6 1	Bt8 1	
11	Bt2 2	Bt3 1	Bt6 1	
12	Bt2 1	Bt5 1	Bt7 2	
13	Bt1 1	Bt2 1	Bt3 1	Bt5 1	Bt9 1	
14	Bt1 2	Bt3 1	Bt6 2	Bt9 1	
15	Bt4 1	Bt9 1	
16	Bt6 2	Bt9 2	
17	Bt1 1	Bt3 1	Bt5 1	Bt7 1	
18	Bt1 1	Bt6 2	Bt7 1	Bt9 2	
19	Bt2 2	Bt4 1	Bt7 2	
20	Bt1 1	Bt2 2	Bt4 1	Bt9 1	
21	Bt1 1	Bt2 1	Bt5 1	Bt9 1	
22	Bt4 1	Bt5 2	
23	Bt3 1	Bt7 1	Bt10 1	
24	Bt4 1	Bt8 1	
25	Bt1 1	Bt2 1	Bt9 1	
26	Bt3 2	Bt5 1	Bt6 1	Bt7 1	Bt10 1	
27	Bt2 1	Bt7 1	Bt10 1	
28	Bt4 1	Bt5 2	
29	Bt3 1	Bt6 1	Bt10 1	
30	Bt1 2	Bt2 1	Bt7 1	Bt8 1	Bt9 1	
31	Bt3 1	Bt7 2	Bt8 1	Bt9 1	
32	Bt3 1	Bt6 1	
33	Bt1 2	Bt4 1	
34	Bt3 1	Bt6 1	Bt7 2	Bt9 1	
35	Bt1 1	Bt2 2	Bt4 2	Bt5 1	
36	Bt6 1	Bt8 1	
37	Bt4 2	Bt5 1	Bt6 1	Bt9 1	
38	Bt1 1	Bt3 1	Bt6 2	Bt10 1	
39	Bt1 1	Bt2 1	Bt6 2	Bt8 1	
40	Bt4 1	Bt5 1	Bt8 1	Bt10 1	
41	Bt4 1	Bt5 1	Bt8 2	Bt10 1	
42	Bt1 1	Bt2 2	Bt6 1	
43	Bt1 1	Bt7 1	
44	Bt2 1	Bt3 1	Bt10 1	
45	Bt7 1	Bt8 1	Bt10 1	
46	Bt8 1	Bt9 1	
47	Bt2 1	Bt6 1	Bt8 2	Bt9 1	Bt10 1	
48	Bt2 1	Bt7 1	Bt10 1	
49	Bt1 2	Bt4 1	
50	Bt4 1	Bt9 1	
51	Bt1 1	Bt5 1	Bt10 1	
52	Bt2 1	Bt8 3	Bt9 1	
53	Bt1 1	Bt3 2	Bt7 1	
54	Bt1 1	Bt3 1	Bt6 1	
55	Bt9 1	Bt10 2	
56	Bt2 1	Bt3 1	Bt6 2	Bt8 1	Bt10 1	
57	Bt2 1	Bt7 1	
58	Bt5 1	Bt10 1	
59	Bt1 1	Bt5 1	Bt10 2	
60	Bt1 1	Bt2 1	Bt5 1	Bt7 1	
61	Bt6 1	Bt8 1	
62	Bt6 1	Bt8 1	Bt9 1	
63	Bt2 1	Bt3 1	Bt5 1	Bt6 2	Bt9 1	
64	Bt8 1	Bt9 2	
65	Bt2 1	Bt3 1	Bt5 1	
66	Bt2 1	Bt3 1	Bt9 2	Bt10 1	
67	Bt1 2	Bt9 2	
68	Bt1 2	Bt5 2	Bt6 1	Bt10 1	
69	Bt3 1	Bt5 2	Bt6 1	Bt9 1	Bt10 1	
70	Bt3 1	Bt5 1	Bt6 1	Bt10 2	
71	Bt4 1	Bt6 1	Bt10 1	
72	Bt3 2	Bt7 1	
73	Bt1 1	Bt2 1	Bt3 2	
74	Bt1 2	Bt3 1	Bt5 1	
75	Bt4 1	Bt5 1	Bt10 1	
76	Bt4 1	Bt5 1	Bt7 1	Bt9 2	
77	Bt6 1	Bt7 1	Bt8 1	
78	Bt3 1	Bt4 1	Bt5 1	Bt6 1	Bt8 1	
79	Bt5 1	Bt7 1	Bt9 1	
80	Bt1 1	Bt2 1	Bt3 2	Bt9 1	
81	Bt1 2	Bt6 1	Bt9 1	Bt10 1	
82	Bt5 2	Bt6 1	Bt8 1	
83	Bt3 2	Bt5 1	Bt8 1	Bt9 1	Bt10 1	
84	Bt3 1	Bt4 1	Bt6 1	
85	Bt3 2	Bt8 1	Bt9 2	
86	Bt3 2	Bt5 1	Bt6 1	Bt7 1	
87	Bt3 1	Bt5 1	Bt7 1	
88	Bt1 1	Bt2 1	Bt3 2	
89	Bt3 1	Bt7 1	Bt8 1	
90	Bt1 1	Bt2 1	Bt4 2	Bt5 1	Bt6 1	
91	Bt1 1	Bt2 2	Bt6 1	Bt8 1	
92	Bt1 1	Bt4 1	Bt6 1	
93	Bt3 1	Bt5 1	Bt9 1	
94	Bt1 1	Bt2 1	Bt3 1	Bt5 1	Bt7 1	Bt10 1	
95	Bt3 1	Bt10 1	
96	Bt1 2	Bt6 1	Bt7 1	
97	Bt1 1	Bt2 1	Bt8 3	Bt9 1	
98	Bt4 1	Bt6 1	Bt9 1	
99	Bt2 1	Bt3 1	Bt5 1	Bt6 1	Bt10 2	
100	Bt2 1	Bt3 1	Bt4 1	Bt6 1	Bt9 2	