Name				578_n100_m400_bt10
Number_of_Customers		100
Number_of_Items			400
Number_of_ItemTypes		10
Number_of_Vehicles		51
TimeWindows			1

VEHICLE
Mass_Capacity			12595
CargoSpace_Length		60
CargoSpace_Width		25
CargoSpace_Height		30
Wheelbase			48
Max_Mass_FrontAxle		7100
Max_Mass_RearAxle		11500
Distance_FrontAxle_CargoSpace	4

CUSTOMERS
i		x		y		Demand		ReadyTime	DueDate		ServiceTime	DemandedMass	DemandedVolume
0		35		35		0		0		1000		0		0		0
1               59              37              3               273             475             10              1308.36         7676
2               37              78              4               746             994             10              1522.67         8035
3               30              75              5               610             842             10              1589.16         10672
4               38              12              3               142             368             10              941.10          4961
5               17              28              6               633             885             10              1688.01         9902
6               64              15              5               119             361             10              1833.43         8661
7               36              51              2               51              305             10              390.26          3432
8               17              35              3               617             877             10              1739.06         8952
9               51              27              2               0               166             10              523.96          3335
10              52              70              6               641             885             10              1840.86         11722
11              32              18              4               599             833             10              1529.44         8272
12              18              46              4               349             573             10              1558.76         8327
13              24              48              3               412             694             10              886.57          5656
14              47              28              3               475             663             10              1051.38         7340
15              23              52              4               156             382             10              1293.88         9951
16              63              16              4               246             520             10              1079.84         7876
17              54              67              4               778             972             10              1710.30         8920
18              11              42              5               844             1000            10              1652.69         9181
19              26              51              6               330             626             10              2406.92         10606
20              46              79              4               454             732             10              1301.84         5570
21              56              30              2               121             433             10              681.43          3520
22              61              70              3               142             366             10              969.95          6220
23              16              66              4               807             1000            10              1109.31         6160
24              19              79              3               661             909             10              1377.91         4576
25              42              80              5               29              281             10              1703.96         9601
26              49              45              5               0               226             10              1494.02         8842
27              21              30              4               551             765             10              1432.24         7711
28              44              65              3               186             392             10              1172.94         4290
29              54              60              4               0               229             10              1345.85         8636
30              26              21              5               574             840             10              1795.22         8052
31              27              54              4               524             774             10              1280.88         5865
32              32              41              6               581             851             10              1756.27         10707
33              28              29              3               547             795             10              1288.51         5621
34              51              43              3               317             569             10              962.81          6512
35              46              56              4               0               256             10              1379.11         7795
36              28              32              3               190             446             10              1163.70         6272
37              41              58              3               270             512             10              733.00          4996
38              11              10              5               309             547             10              1833.27         10306
39              60              59              5               0               184             10              2185.52         11912
40              29              65              3               657             859             10              956.04          6275
41              30              80              2               7               271             10              621.16          3896
42              55              40              6               309             563             10              1768.34         9858
43              22              24              3               156             368             10              1016.22         5951
44              65              37              3               603             797             10              906.72          5936
45              59              79              3               0               178             10              738.96          5808
46              56              34              2               227             455             10              756.92          2530
47              46              37              6               296             562             10              2052.51         13748
48              49              58              3               297             565             10              1363.63         6611
49              66              69              2               87              315             10              667.52          3575
50              37              42              3               613             865             10              1031.53         5285
51              65              59              6               348             600             10              2266.35         14032
52              48              28              6               167             427             10              2260.59         15011
53              17              71              4               722             934             10              1395.17         8975
54              14              11              4               81              311             10              1231.57         7742
55              19              22              4               391             669             10              1309.93         8915
56              14              24              3               0               235             10              1309.47         5326
57              18              24              2               492             736             10              543.83          4092
58              66              34              2               331             557             10              689.60          3146
59              33              63              3               0               252             10              1294.45         7731
60              27              73              3               4               186             10              795.33          5907
61              47              61              2               95              385             10              690.63          4515
62              45              11              6               486             722             10              1686.00         12879
63              28              26              6               612             810             10              1908.15         8100
64              25              25              6               629             813             10              1607.72         9438
65              57              71              3               6               210             10              1302.42         5566
66              39              62              6               840             1000            10              1714.35         11297
67              46              68              5               296             496             10              1589.16         10672
68              40              44              5               60              320             10              1491.04         7392
69              50              80              3               752             972             10              878.77          4050
70              17              35              5               541             819             10              1819.36         10361
71              18              59              2               783             1000            10              693.68          5760
72              66              48              5               267             507             10              1567.19         9751
73              33              66              2               298             536             10              947.61          4851
74              25              56              3               326             548             10              1220.07         6371
75              28              24              5               375             671             10              1628.27         8800
76              61              12              6               676             856             10              1934.99         12336
77              40              33              3               311             477             10              808.49          4006
78              34              47              4               0               154             10              1550.69         9716
79              61              48              4               279             531             10              2073.65         9592
80              60              63              5               105             297             10              1484.91         10351
81              41              48              5               836             990             10              1248.07         7777
82              50              35              6               163             419             10              2522.49         11937
83              33              80              3               0               256             10              1383.85         6686
84              21              33              5               739             1000            10              1558.36         6776
85              27              76              6               62              270             10              2338.48         11356
86              47              34              4               812             1000            10              1489.41         8876
87              23              65              2               100             336             10              592.40          2585
88              57              56              5               280             500             10              1913.75         12131
89              26              62              5               285             513             10              1794.39         9925
90              60              19              6               711             941             10              1990.26         11271
91              17              17              3               299             561             10              1831.35         8772
92              22              30              6               406             604             10              2324.95         11647
93              26              23              4               0               170             10              1324.95         6510
94              65              55              4               297             525             10              1080.95         5526
95              26              26              3               277             505             10              1196.05         5230
96              70              22              4               825             1000            10              1824.84         8882
97              11              74              3               396             644             10              1309.47         5326
98              44              52              6               673             891             10              1620.11         11396
99              27              50              3               651             897             10              893.62          5416
100             53              51              4               640             874             10              1372.06         8035

ITEMS
Type		Length		Width		Height		Mass		Fragility	LoadBearingStrength
Bt1		30		12		8		346.84		1		5.4957358
Bt2		22		10		8		416.02		0		33.1616562
Bt3		15		11		11		251.50		0		39.0323711
Bt4		23		11		12		696.11		0		23.0557611
Bt5		30		10		9		439.13		0		31.3295776
Bt6		20		8		11		265.41		0		25.1426257
Bt7		18		11		12		348.70		0		27.1813187
Bt8		19		8		10		272.46		0		30.2349849
Bt9		14		5		11		340.90		0		24.6665218
Bt10		22		6		13		195.13		1		5.5483790

DEMANDS PER CUSTOMER
i	Type Quantity
1	Bt1 1	Bt4 1	Bt6 1	
2	Bt2 2	Bt3 1	Bt5 1	
3	Bt1 1	Bt7 2	Bt8 2	
4	Bt3 1	Bt7 1	Bt9 1	
5	Bt6 2	Bt7 1	Bt8 1	Bt9 1	Bt10 1	
6	Bt3 1	Bt4 1	Bt8 2	Bt9 1	
7	Bt10 2	
8	Bt1 1	Bt4 2	
9	Bt3 1	Bt8 1	
10	Bt1 2	Bt2 1	Bt9 1	Bt10 2	
11	Bt2 2	Bt7 2	
12	Bt2 1	Bt3 1	Bt4 1	Bt10 1	
13	Bt6 1	Bt7 1	Bt8 1	
14	Bt1 1	Bt5 1	Bt6 1	
15	Bt1 2	Bt3 1	Bt7 1	
16	Bt1 1	Bt6 1	Bt8 1	Bt10 1	
17	Bt2 2	Bt5 2	
18	Bt3 1	Bt5 1	Bt7 1	Bt8 1	Bt9 1	
19	Bt2 2	Bt4 1	Bt6 1	Bt8 1	Bt9 1	
20	Bt2 1	Bt8 2	Bt9 1	
21	Bt2 1	Bt6 1	
22	Bt5 1	Bt6 2	
23	Bt3 2	Bt6 1	Bt9 1	
24	Bt4 1	Bt9 2	
25	Bt1 1	Bt2 1	Bt3 1	Bt7 1	Bt9 1	
26	Bt1 1	Bt2 1	Bt9 1	Bt10 2	
27	Bt2 2	Bt3 1	Bt7 1	
28	Bt2 2	Bt9 1	
29	Bt5 2	Bt8 1	Bt10 1	
30	Bt2 1	Bt7 2	Bt9 2	
31	Bt2 1	Bt3 1	Bt8 1	Bt9 1	
32	Bt2 1	Bt3 1	Bt7 1	Bt8 2	Bt10 1	
33	Bt3 1	Bt4 1	Bt9 1	
34	Bt6 1	Bt7 2	
35	Bt2 1	Bt3 1	Bt5 1	Bt8 1	
36	Bt4 1	Bt8 1	Bt10 1	
37	Bt6 1	Bt8 1	Bt10 1	
38	Bt5 2	Bt6 1	Bt7 1	Bt9 1	
39	Bt2 1	Bt4 1	Bt5 2	Bt10 1	
40	Bt3 1	Bt5 1	Bt6 1	
41	Bt7 1	Bt8 1	
42	Bt2 1	Bt7 1	Bt8 1	Bt9 1	Bt10 2	
43	Bt2 1	Bt3 1	Bt7 1	
44	Bt5 1	Bt8 1	Bt10 1	
45	Bt7 1	Bt10 2	
46	Bt2 1	Bt9 1	
47	Bt1 2	Bt4 1	Bt8 1	Bt10 2	
48	Bt2 1	Bt3 1	Bt4 1	
49	Bt2 1	Bt3 1	
50	Bt3 1	Bt5 1	Bt9 1	
51	Bt1 2	Bt2 1	Bt4 1	Bt6 1	Bt10 1	
52	Bt1 3	Bt3 1	Bt4 1	Bt8 1	
53	Bt3 1	Bt5 2	Bt6 1	
54	Bt1 1	Bt7 1	Bt9 1	Bt10 1	
55	Bt1 1	Bt3 1	Bt5 1	Bt8 1	
56	Bt4 1	Bt8 1	Bt9 1	
57	Bt7 1	Bt10 1	
58	Bt7 1	Bt9 1	
59	Bt1 1	Bt3 1	Bt4 1	
60	Bt3 1	Bt7 1	Bt10 1	
61	Bt3 1	Bt5 1	
62	Bt1 1	Bt3 1	Bt7 2	Bt10 2	
63	Bt2 1	Bt6 1	Bt8 2	Bt9 2	
64	Bt2 1	Bt6 1	Bt9 1	Bt10 3	
65	Bt4 1	Bt6 1	Bt9 1	
66	Bt2 1	Bt3 3	Bt7 1	Bt10 1	
67	Bt1 1	Bt7 2	Bt8 2	
68	Bt6 1	Bt7 1	Bt9 2	Bt10 1	
69	Bt6 1	Bt8 1	Bt9 1	
70	Bt3 1	Bt5 2	Bt7 1	Bt9 1	
71	Bt1 2	
72	Bt2 1	Bt3 1	Bt5 1	Bt6 1	Bt10 1	
73	Bt3 1	Bt4 1	
74	Bt3 1	Bt4 1	Bt8 1	
75	Bt2 2	Bt6 3	
76	Bt1 1	Bt2 1	Bt5 1	Bt6 1	Bt8 1	Bt10 1	
77	Bt8 1	Bt9 1	Bt10 1	
78	Bt1 1	Bt2 1	Bt5 1	Bt7 1	
79	Bt2 1	Bt4 2	Bt6 1	
80	Bt1 1	Bt3 1	Bt6 1	Bt7 1	Bt8 1	
81	Bt3 1	Bt6 1	Bt9 1	Bt10 2	
82	Bt3 1	Bt4 2	Bt6 1	Bt8 1	Bt9 1	
83	Bt1 1	Bt4 1	Bt9 1	
84	Bt2 1	Bt6 1	Bt9 2	Bt10 1	
85	Bt2 2	Bt4 1	Bt6 1	Bt8 2	
86	Bt2 1	Bt5 2	Bt10 1	
87	Bt3 1	Bt9 1	
88	Bt1 2	Bt3 1	Bt4 1	Bt8 1	
89	Bt1 1	Bt2 1	Bt3 1	Bt5 1	Bt9 1	
90	Bt2 2	Bt3 1	Bt5 1	Bt8 1	Bt10 1	
91	Bt4 2	Bt5 1	
92	Bt1 1	Bt3 1	Bt4 1	Bt7 1	Bt9 2	
93	Bt5 1	Bt8 2	Bt9 1	
94	Bt8 2	Bt9 1	Bt10 1	
95	Bt2 1	Bt5 1	Bt9 1	
96	Bt4 1	Bt5 1	Bt7 1	Bt9 1	
97	Bt4 1	Bt8 1	Bt9 1	
98	Bt3 4	Bt6 1	Bt7 1	
99	Bt7 1	Bt8 2	
100	Bt2 1	Bt3 1	Bt5 1	Bt6 1	