Name				582_n100_m400_bt100
Number_of_Customers		100
Number_of_Items			400
Number_of_ItemTypes		100
Number_of_Vehicles		54
TimeWindows			1

VEHICLE
Mass_Capacity			12595
CargoSpace_Length		60
CargoSpace_Width		25
CargoSpace_Height		30
Wheelbase			48
Max_Mass_FrontAxle		7100
Max_Mass_RearAxle		11500
Distance_FrontAxle_CargoSpace	4

CUSTOMERS
i		x		y		Demand		ReadyTime	DueDate		ServiceTime	DemandedMass	DemandedVolume
0		35		35		0		0		1000		0		0		0
1		64		38		3		0		960		10		661.55		4301
2		29		29		5		333		589		10		3146.5		8635
3		17		9		5		0		958		10		2381.93		15393
4		67		69		5		0		943		10		3972.53		9095
5		57		69		6		228		462		10		2355.14		17329
6		39		9		5		0		963		10		1272.17		7370
7		15		22		2		0		966		10		1366.61		6676
8		63		49		6		0		958		10		3124.37		10301
9		54		8		2		0		956		10		344.9		2572
10		22		76		4		0		946		10		2605.85		10396
11		23		3		4		393		653		10		1588.47		7128
12		48		58		5		803		1000		10		1921.66		11409
13		52		48		2		185		405		10		464.41		2399
14		62		28		5		261		491		10		1159.11		7740
15		69		74		3		176		498		10		1641.7		8417
16		7		54		4		0		956		10		977.68		7058
17		2		62		2		332		558		10		642.07		3978
18		20		9		6		0		959		10		2085.38		12380
19		18		67		2		116		324		10		1234.56		3424
20		11		32		2		0		965		10		741.39		4221
21		36		43		6		0		981		10		2919.2		16185
22		64		11		5		512		754		10		3845.54		10248
23		61		64		3		555		813		10		1012.98		6888
24		3		75		6		289		511		10		2838.87		14365
25		11		24		3		515		743		10		1245.88		7142
26		10		4		2		562		810		10		1295.89		3694
27		21		65		2		529		751		10		781.84		5490
28		17		25		5		0		969		10		1946.59		12457
29		25		52		2		332		588		10		138.01		1044
30		21		38		5		13		239		10		2166.33		16269
31		63		21		3		112		344		10		1980.62		11338
32		4		69		6		0		943		10		1933.3		13788
33		55		42		4		700		962		10		2456.78		10683
34		55		78		4		437		673		10		2426.87		13363
35		34		52		4		585		841		10		2580.08		10605
36		1		55		2		116		320		10		1025.51		6342
37		58		36		5		117		349		10		2917.45		13106
38		35		15		3		32		284		10		1295.61		3978
39		62		14		5		0		955		10		2651.76		15791
40		57		32		3		0		967		10		719.17		4752
41		50		5		3		847		1000		10		2009.79		5280
42		36		23		5		531		755		10		3507.22		8913
43		24		43		4		7		209		10		2606.14		13992
44		61		10		3		193		371		10		901.47		6124
45		7		22		4		388		666		10		1076.91		9220
46		61		40		5		164		418		10		2250.61		13341
47		48		77		5		172		402		10		1464.78		9858
48		42		69		6		0		955		10		2599.36		13020
49		59		61		4		685		883		10		1395.51		9191
50		54		60		5		401		647		10		1809.81		9186
51		43		75		5		209		513		10		2498.08		11577
52		48		22		2		420		622		10		602.83		3272
53		13		65		3		156		414		10		1241.74		7304
54		59		49		5		216		406		10		2709.36		11064
55		38		60		4		0		206		10		1680.81		10308
56		54		51		4		271		553		10		1208.25		7271
57		36		9		2		0		963		10		540.82		4769
58		28		38		4		216		504		10		2708.56		9852
59		63		7		2		685		921		10		943.85		4974
60		29		32		6		244		478		10		1985.25		11336
61		64		69		6		837		1000		10		1913.62		10950
62		26		75		3		0		165		10		1031.83		6062
63		22		56		2		779		987		10		762.98		5328
64		41		27		5		45		275		10		1527.71		9376
65		35		6		5		187		415		10		4325.33		9156
66		5		72		3		443		719		10		842.41		5084
67		4		29		4		361		659		10		1032.03		7353
68		13		27		3		183		449		10		1635.93		4677
69		63		55		4		0		210		10		2260.46		11202
70		56		22		5		644		904		10		2375.65		10177
71		66		18		3		0		171		10		910.63		5940
72		51		57		5		802		1000		10		1907.94		13399
73		25		62		6		472		678		10		1958.27		12153
74		51		11		5		277		591		10		1550.41		10236
75		9		70		3		235		465		10		2078.95		9328
76		32		35		4		797		1000		10		1365.71		8556
77		44		50		2		100		358		10		939.56		3228
78		18		28		2		143		347		10		191.88		1505
79		21		27		5		0		973		10		2178.05		15046
80		3		8		5		789		1000		10		2313.91		14827
81		32		18		2		0		154		10		1148.84		7376
82		38		56		6		48		308		10		2409.81		16787
83		12		75		3		148		374		10		633.02		4202
84		44		37		3		109		361		10		1652.98		9821
85		2		17		4		125		349		10		4547.77		8884
86		58		72		3		0		946		10		1363.29		8706
87		48		41		2		8		162		10		764.77		4668
88		51		16		4		328		578		10		1901.61		7424
89		38		73		3		0		951		10		1427.83		9776
90		54		28		6		597		817		10		2318.25		16202
91		43		54		6		0		260		10		2631.19		16606
92		68		23		6		0		954		10		3718.85		14620
93		53		22		6		1		221		10		1756.46		12016
94		40		48		4		354		560		10		835.18		5312
95		19		43		3		0		972		10		1104.82		6352
96		45		16		5		0		968		10		2215.55		13033
97		11		16		6		622		818		10		1926.7		13255
98		56		75		6		90		316		10		1965.28		13724
99		7		57		3		0		954		10		1844		7230
100		42		45		2		351		559		10		552.26		2808

ITEMS
Type		Length		Width		Height		Mass		Fragility	LoadBearingStrength
Bt1		32		10		6		271.64		0		15.8029806
Bt2		29		8		10		317.81		0		17.5452453
Bt3		29		7		13		533.84		0		16.3982506
Bt4		12		9		10		219.75		0		8.8913869
Bt5		25		13		9		596.59		0		18.4273689
Bt6		26		12		6		257.01		0		5.0241250
Bt7		23		8		9		316.41		0		10.3206559
Bt8		29		6		6		189.34		0		4.2035947
Bt9		12		9		13		157.41		0		14.2993885
Bt10		16		6		11		145.35		0		6.7660967
Bt11		23		5		11		1170.36		0		96.1265699
Bt12		16		5		14		128.94		0		6.5588052
Bt13		22		10		9		383.56		0		19.6739381
Bt14		13		11		13		376.88		0		16.4118889
Bt15		17		5		8		107.96		1		3.6595105
Bt16		34		6		12		369.70		0		9.5909817
Bt17		30		7		7		230.78		0		8.9992717
Bt18		27		10		14		558.29		0		5.9726640
Bt19		32		10		13		455.19		0		3.9750286
Bt20		21		13		14		708		1		7.0915541
Bt21		25		11		9		311.16		0		10.7776684
Bt22		28		13		9		508.59		0		4.8939449
Bt23		14		11		6		496.86		1		7.3971260
Bt24		16		8		9		235.85		0		8.7631655
Bt25		27		12		8		494.87		1		4.7328132
Bt26		20		12		14		373.50		1		6.4678119
Bt27		32		12		7		2750.40		0		227.4538875
Bt28		29		6		6		109.04		0		10.2914768
Bt29		19		12		12		506.96		0		18.4291258
Bt30		14		12		9		226.65		0		4.3224786
Bt31		12		10		12		238.82		0		6.7235725
Bt32		28		5		12		197.65		1		8.2538453
Bt33		34		12		12		784.47		0		26.2391461
Bt34		29		11		7		439.90		0		44.4446792
Bt35		15		12		14		429.38		0		53.0828078
Bt36		30		6		12		256.40		0		7.6392523
Bt37		18		14		10		317.51		0		8.4585915
Bt38		34		11		8		1162.41		1		6.2799114
Bt39		25		12		6		187.12		0		4.9068347
Bt40		30		6		9		228.30		0		20.2494105
Bt41		32		11		9		373.57		0		48.4764781
Bt42		24		9		12		530.92		0		40.3325359
Bt43		29		11		11		399.81		0		25.1488487
Bt44		33		9		13		790.84		0		66.5900998
Bt45		15		10		12		347.35		0		6.0553743
Bt46		14		12		9		469.50		0		39.8345860
Bt47		23		14		8		902.59		0		13.8369232
Bt48		21		8		9		223.98		0		14.8066033
Bt49		26		12		9		287.36		0		7.6856619
Bt50		32		13		12		551.21		0		7.3952517
Bt51		20		10		14		472.42		0		27.2649657
Bt52		25		9		14		483.60		0		12.0128802
Bt53		27		14		7		296.55		0		9.0366533
Bt54		17		8		7		116.60		0		15.9106095
Bt55		24		6		12		984.53		0		33.2843450
Bt56		32		7		12		381.21		1		2.5391435
Bt57		18		12		6		144.80		0		11.8742821
Bt58		15		8		13		306.03		0		81.3743209
Bt59		21		12		13		537.98		0		24.9998982
Bt60		33		6		12		285.93		0		6.0259146
Bt61		12		7		6		50.48		0		10.5146753
Bt62		29		9		11		293.93		0		7.5255412
Bt63		30		6		13		464.05		0		8.2539374
Bt64		35		8		6		1408.46		0		469.4360129
Bt65		21		12		14		575.86		1		3.0366172
Bt66		21		13		8		451.51		1		6.1305232
Bt67		26		5		6		145.99		0		10.7374024
Bt68		25		13		6		240.96		0		14.1972214
Bt69		24		14		8		337.19		1		4.8130015
Bt70		33		5		13		398.44		0		66.6049755
Bt71		13		7		11		141.40		0		12.9785848
Bt72		21		11		11		1270.83		1		7.2691193
Bt73		33		10		6		329		0		13.3113784
Bt74		35		6		7		297.67		0		11.8825875
Bt75		35		12		12		842.43		0		15.8241159
Bt76		32		11		9		542.97		0		9.2824056
Bt77		20		5		14		152.20		0		23.7243609
Bt78		35		9		11		453.18		0		12.3391425
Bt79		14		6		9		110.91		0		5.8720817
Bt80		32		10		12		465.95		1		6.5376332
Bt81		19		10		9		223.55		0		16.7416030
Bt82		14		10		9		141.01		0		21.6631328
Bt83		17		12		7		752.44		0		28.0544688
Bt84		23		13		14		667.50		0		19.4371206
Bt85		34		8		13		682.89		0		62.8174342
Bt86		35		11		10		665.23		1		5.7640037
Bt87		29		6		14		353.43		1		15.1600574
Bt88		32		11		9		529.18		1		2.8607008
Bt89		24		13		12		617.34		0		14.2906495
Bt90		27		13		8		504.67		0		31.3099777
Bt91		12		6		6		72.15		0		23.1441057
Bt92		15		11		14		484.48		0		74.9507120
Bt93		13		9		6		133.48		1		3.9628446
Bt94		27		13		8		1327.34		1		28.9465791
Bt95		28		5		7		182.82		0		12.9876416
Bt96		32		11		9		432.07		1		13.0410528
Bt97		13		12		8		129.12		0		8.7111029
Bt98		12		5		9		87.53		1		8.2242553
Bt99		20		14		9		307.99		0		6.5406160
Bt100		31		11		11		770.02		0		22.0823657

DEMANDS PER CUSTOMER
i	Type Quantity
1	Bt70 1	Bt77 1	Bt79 1	
2	Bt4 1	Bt14 1	Bt31 1	Bt47 1	Bt64 1	
3	Bt1 1	Bt31 1	Bt65 1	Bt75 1	Bt78 1	
4	Bt10 1	Bt14 1	Bt24 1	Bt27 1	Bt63 1	
5	Bt19 1	Bt21 1	Bt24 1	Bt26 1	Bt53 1	Bt85 1	
6	Bt16 1	Bt31 1	Bt45 1	Bt93 1	Bt95 1	
7	Bt5 1	Bt100 1	
8	Bt1 1	Bt11 1	Bt24 1	Bt29 1	Bt39 1	Bt83 1	
9	Bt40 1	Bt54 1	
10	Bt20 1	Bt34 1	Bt39 1	Bt72 1	
11	Bt46 2	Bt57 1	Bt90 1	
12	Bt20 1	Bt21 1	Bt45 1	Bt61 1	Bt90 1	
13	Bt14 1	Bt98 1	
14	Bt25 1	Bt28 1	Bt30 1	Bt36 1	Bt91 1	
15	Bt47 1	Bt60 1	Bt78 1	
16	Bt12 1	Bt22 1	Bt54 1	Bt81 1	
17	Bt22 1	Bt93 1	
18	Bt8 1	Bt10 1	Bt68 1	Bt75 1	Bt92 1	Bt95 1	
19	Bt38 1	Bt91 1	
20	Bt5 1	Bt57 1	
21	Bt38 1	Bt40 1	Bt43 1	Bt48 1	Bt49 1	Bt89 1	
22	Bt26 1	Bt27 1	Bt40 1	Bt45 1	Bt67 1	
23	Bt2 1	Bt76 1	Bt77 1	
24	Bt16 1	Bt37 1	Bt44 1	Bt47 1	Bt58 1	Bt77 1	
25	Bt54 1	Bt63 1	Bt86 1	
26	Bt38 1	Bt93 1	
27	Bt18 1	Bt81 1	
28	Bt14 1	Bt19 1	Bt42 1	Bt60 1	Bt74 1	
29	Bt61 1	Bt98 1	
30	Bt22 1	Bt50 1	Bt52 1	Bt62 1	Bt73 1	
31	Bt33 1	Bt42 1	Bt86 1	
32	Bt10 1	Bt30 1	Bt31 1	Bt40 1	Bt50 1	Bt76 1	
33	Bt21 1	Bt42 1	Bt49 1	Bt94 1	
34	Bt22 1	Bt42 1	Bt89 1	Bt100 1	
35	Bt40 1	Bt59 1	Bt72 1	Bt76 1	
36	Bt20 1	Bt37 1	
37	Bt13 1	Bt33 1	Bt69 1	Bt71 1	Bt72 1	
38	Bt55 1	Bt81 1	Bt98 1	
39	Bt34 1	Bt65 1	Bt86 1	Bt87 1	Bt89 1	
40	Bt28 1	Bt59 1	Bt91 1	
41	Bt64 1	Bt88 1	Bt91 1	
42	Bt55 1	Bt67 1	Bt72 1	Bt83 1	Bt87 1	
43	Bt33 1	Bt50 1	Bt55 1	Bt60 1	
44	Bt1 1	Bt9 1	Bt51 1	
45	Bt2 1	Bt9 1	Bt50 1	Bt61 1	
46	Bt22 1	Bt42 1	Bt70 1	Bt90 1	Bt99 1	
47	Bt22 1	Bt34 1	Bt49 1	Bt71 1	Bt98 1	
48	Bt1 1	Bt2 1	Bt15 1	Bt62 1	Bt69 1	Bt72 1	
49	Bt3 1	Bt30 1	Bt37 2	
50	Bt6 1	Bt41 1	Bt74 1	Bt83 1	Bt97 1	
51	Bt32 1	Bt55 1	Bt66 1	Bt70 1	Bt80 1	
52	Bt15 1	Bt25 1	
53	Bt2 1	Bt51 1	Bt66 1	
54	Bt11 1	Bt30 1	Bt36 1	Bt60 1	Bt100 1	
55	Bt23 1	Bt60 1	Bt80 1	Bt96 1	
56	Bt3 1	Bt4 1	Bt6 1	Bt32 1	
57	Bt43 1	Bt82 1	
58	Bt33 1	Bt39 1	Bt55 1	Bt83 1	
59	Bt20 1	Bt24 1	
60	Bt14 1	Bt31 1	Bt66 1	Bt70 1	Bt96 1	Bt98 1	
61	Bt13 2	Bt35 1	Bt52 1	Bt67 1	Bt98 1	
62	Bt20 1	Bt82 1	Bt95 1	
63	Bt39 1	Bt65 1	
64	Bt22 1	Bt67 1	Bt84 1	Bt91 1	Bt93 1	
65	Bt23 1	Bt24 1	Bt25 1	Bt27 1	Bt45 1	
66	Bt28 1	Bt61 1	Bt85 1	
67	Bt10 1	Bt24 1	Bt32 1	Bt78 1	
68	Bt4 1	Bt10 1	Bt72 1	
69	Bt46 1	Bt63 1	Bt75 1	Bt92 1	
70	Bt29 1	Bt34 1	Bt45 1	Bt73 1	Bt83 1	
71	Bt30 1	Bt76 1	Bt82 1	
72	Bt21 1	Bt22 1	Bt33 1	Bt39 1	Bt54 1	
73	Bt3 1	Bt15 1	Bt30 1	Bt54 1	Bt86 1	Bt99 1	
74	Bt14 1	Bt36 1	Bt45 1	Bt54 1	Bt78 1	
75	Bt38 1	Bt41 1	Bt76 1	
76	Bt32 1	Bt65 1	Bt90 1	Bt98 1	
77	Bt39 1	Bt83 1	
78	Bt61 1	Bt71 1	
79	Bt37 1	Bt42 1	Bt50 1	Bt79 1	Bt84 1	
80	Bt20 1	Bt24 1	Bt43 1	Bt49 1	Bt85 1	
81	Bt80 1	Bt85 1	
82	Bt12 1	Bt21 1	Bt53 1	Bt65 1	Bt86 1	Bt96 1	
83	Bt30 1	Bt81 1	Bt95 1	
84	Bt5 1	Bt26 1	Bt85 1	
85	Bt27 1	Bt54 1	Bt87 1	Bt94 1	
86	Bt8 1	Bt20 1	Bt80 1	
87	Bt13 1	Bt56 1	
88	Bt15 1	Bt69 1	Bt94 1	Bt97 1	
89	Bt19 1	Bt22 1	Bt63 1	
90	Bt5 1	Bt17 1	Bt22 1	Bt43 1	Bt53 1	Bt60 1	
91	Bt17 1	Bt53 1	Bt62 1	Bt63 1	Bt65 1	Bt100 1	
92	Bt36 1	Bt38 1	Bt60 1	Bt65 1	Bt79 1	Bt94 1	
93	Bt2 1	Bt8 1	Bt13 1	Bt24 1	Bt26 1	Bt36 1	
94	Bt13 1	Bt54 1	Bt77 1	Bt95 1	
95	Bt2 1	Bt37 1	Bt46 1	
96	Bt5 1	Bt13 1	Bt39 1	Bt51 1	Bt65 1	
97	Bt8 1	Bt14 1	Bt19 1	Bt36 1	Bt59 1	Bt79 1	
98	Bt22 1	Bt36 2	Bt73 1	Bt95 1	Bt96 1	
99	Bt13 1	Bt20 1	Bt83 1	
100	Bt7 1	Bt24 1	