Name				587_n100_m400_bt3
Number_of_Customers		100
Number_of_Items			400
Number_of_ItemTypes		3
Number_of_Vehicles		21
TimeWindows			1

VEHICLE
Mass_Capacity			12595
CargoSpace_Length		60
CargoSpace_Width		25
CargoSpace_Height		30
Wheelbase			48
Max_Mass_FrontAxle		7100
Max_Mass_RearAxle		11500
Distance_FrontAxle_CargoSpace	4

CUSTOMERS
i		x		y		Demand		ReadyTime	DueDate		ServiceTime	DemandedMass	DemandedVolume
0		35		35		0		0		1000		0		0		0
1		44		76		4		688		950		10		927.22		2412
2		23		32		3		356		612		10		676		1812
3		30		30		4		0		208		10		925.94		2196
4		34		41		6		92		336		10		1266.66		2340
5		51		49		6		0		968		10		1346.88		2760
6		11		2		5		0		949		10		1016.72		1956
7		31		59		3		299		547		10		674.72		1596
8		0		43		6		0		954		10		1511.16		4248
9		33		38		5		295		539		10		1095.66		2160
10		15		79		5		82		342		10		1016.72		1956
11		48		18		6		540		794		10		1348.16		2976
12		51		19		4		196		464		10		927.22		2412
13		12		80		4		410		660		10		927.22		2412
14		64		51		6		531		793		10		1349.44		3192
15		61		62		3		495		681		10		756.22		2232
16		23		16		4		497		759		10		1007.44		2832
17		25		70		2		133		427		10		422.22		780
18		42		23		6		665		915		10		1508.6		3816
19		24		60		5		236		412		10		1175.88		2580
20		6		47		3		297		599		10		594.5		1176
21		46		69		2		386		648		10		422.22		780
22		10		47		3		287		527		10		594.5		1176
23		24		54		4		0		968		10		927.22		2412
24		4		43		5		0		957		10		1177.16		2796
25		64		9		3		0		951		10		676		1812
26		58		0		3		0		948		10		676		1812
27		33		76		5		579		793		10		1096.94		2376
28		6		19		4		391		613		10		845.72		1776
29		53		78		2		0		943		10		422.22		780
30		22		22		3		0		971		10		674.72		1596
31		64		65		5		804		1000		10		1096.94		2376
32		10		69		3		0		947		10		593.22		960
33		57		48		5		669		899		10		1016.72		1956
34		14		55		3		0		961		10		673.44		1380
35		28		51		3		438		646		10		756.22		2232
36		28		6		5		549		811		10		1099.5		2808
37		30		34		2		0		984		10		423.5		996
38		1		48		3		0		953		10		754.94		2016
39		70		4		4		209		483		10		845.72		1776
40		64		46		2		447		729		10		505		1632
41		24		46		2		635		841		10		423.5		996
42		59		36		5		156		388		10		1177.16		2796
43		12		73		5		526		756		10		1016.72		1956
44		3		52		5		769		1000		10		1096.94		2376
45		48		55		3		263		553		10		754.94		2016
46		67		14		4		838		1000		10		928.5		2628
47		68		44		5		599		885		10		1179.72		3228
48		21		45		3		45		297		10		593.22		960
49		13		12		4		457		739		10		847		1992
50		18		1		3		0		951		10		674.72		1596
51		2		64		5		795		1000		10		1258.66		3432
52		19		51		6		0		967		10		1348.16		2976
53		51		27		3		823		1000		10		673.44		1380
54		6		52		6		0		956		10		1106.22		1500
55		18		9		3		0		958		10		674.72		1596
56		0		37		2		274		462		10		423.5		996
57		39		67		3		627		859		10		594.5		1176
58		61		79		6		0		938		10		1348.16		2976
59		5		62		5		728		956		10		1016.72		1956
60		18		56		5		17		249		10		1181		3444
61		0		30		6		460		664		10		1349.44		3192
62		0		10		3		0		190		10		673.44		1380
63		23		66		2		0		258		10		503.72		1416
64		51		6		4		0		956		10		764.22		1140
65		5		5		3		141		417		10		754.94		2016
66		56		12		4		425		643		10		845.72		1776
67		69		67		5		198		462		10		1177.16		2796
68		39		49		2		732		978		10		422.22		780
69		55		17		3		322		592		10		593.22		960
70		44		12		4		0		222		10		925.94		2196
71		61		14		4		671		923		10		925.94		2196
72		9		18		5		0		169		10		1096.94		2376
73		69		41		3		0		955		10		673.44		1380
74		11		40		5		709		939		10		1178.44		3012
75		57		7		4		0		954		10		845.72		1776
76		47		51		6		211		439		10		1189		2352
77		14		64		4		645		881		10		1007.44		2832
78		14		30		6		0		968		10		1348.16		2976
79		54		26		5		0		153		10		1096.94		2376
80		40		73		4		492		766		10		927.22		2412
81		5		10		6		20		226		10		1430.94		3828
82		61		66		3		783		969		10		674.72		1596
83		42		54		5		187		449		10		1098.22		2592
84		25		0		3		540		806		10		757.5		2448
85		44		1		4		793		1000		10		928.5		2628
86		70		52		6		579		793		10		1187.72		2136
87		46		8		6		394		656		10		1186.44		1920
88		50		69		4		0		952		10		927.22		2412
89		30		66		4		0		958		10		764.22		1140
90		68		64		3		195		445		10		674.72		1596
91		9		53		3		156		396		10		593.22		960
92		58		45		3		105		353		10		673.44		1380
93		59		24		4		9		287		10		847		1992
94		14		15		3		712		918		10		594.5		1176
95		13		61		6		219		461		10		1186.44		1920
96		36		65		4		303		523		10		847		1992
97		47		42		2		0		976		10		502.44		1200
98		4		58		2		202		460		10		422.22		780
99		27		27		3		140		390		10		673.44		1380
100		36		4		2		0		145		10		342		360

ITEMS
Type		Length		Width		Height		Mass		Fragility	LoadBearingStrength
Bt1		17		6		8		252.50		0		5.0049582
Bt2		9		4		5		171		1		12.9970828
Bt3		15		5		8		251.22		0		46.2854775

DEMANDS PER CUSTOMER
i	Type Quantity
1	Bt1 2	Bt2 1	Bt3 1	
2	Bt1 2	Bt2 1	
3	Bt1 1	Bt2 1	Bt3 2	
4	Bt2 3	Bt3 3	
5	Bt2 2	Bt3 4	
6	Bt1 1	Bt2 3	Bt3 1	
7	Bt1 1	Bt2 1	Bt3 1	
8	Bt1 3	Bt3 3	
9	Bt2 2	Bt3 3	
10	Bt1 1	Bt2 3	Bt3 1	
11	Bt1 1	Bt2 2	Bt3 3	
12	Bt1 2	Bt2 1	Bt3 1	
13	Bt1 2	Bt2 1	Bt3 1	
14	Bt1 2	Bt2 2	Bt3 2	
15	Bt1 2	Bt3 1	
16	Bt1 2	Bt3 2	
17	Bt2 1	Bt3 1	
18	Bt1 1	Bt3 5	
19	Bt2 1	Bt3 4	
20	Bt1 1	Bt2 2	
21	Bt2 1	Bt3 1	
22	Bt1 1	Bt2 2	
23	Bt1 2	Bt2 1	Bt3 1	
24	Bt1 1	Bt2 1	Bt3 3	
25	Bt1 2	Bt2 1	
26	Bt1 2	Bt2 1	
27	Bt1 1	Bt2 2	Bt3 2	
28	Bt1 1	Bt2 2	Bt3 1	
29	Bt2 1	Bt3 1	
30	Bt1 1	Bt2 1	Bt3 1	
31	Bt1 1	Bt2 2	Bt3 2	
32	Bt2 2	Bt3 1	
33	Bt1 1	Bt2 3	Bt3 1	
34	Bt2 1	Bt3 2	
35	Bt1 2	Bt3 1	
36	Bt1 3	Bt2 2	
37	Bt1 1	Bt2 1	
38	Bt1 1	Bt3 2	
39	Bt1 1	Bt2 2	Bt3 1	
40	Bt1 2	
41	Bt1 1	Bt2 1	
42	Bt1 1	Bt2 1	Bt3 3	
43	Bt1 1	Bt2 3	Bt3 1	
44	Bt1 1	Bt2 2	Bt3 2	
45	Bt1 1	Bt3 2	
46	Bt1 3	Bt2 1	
47	Bt1 3	Bt2 1	Bt3 1	
48	Bt2 2	Bt3 1	
49	Bt1 2	Bt2 2	
50	Bt1 1	Bt2 1	Bt3 1	
51	Bt1 2	Bt3 3	
52	Bt1 1	Bt2 2	Bt3 3	
53	Bt2 1	Bt3 2	
54	Bt2 5	Bt3 1	
55	Bt1 1	Bt2 1	Bt3 1	
56	Bt1 1	Bt2 1	
57	Bt1 1	Bt2 2	
58	Bt1 1	Bt2 2	Bt3 3	
59	Bt1 1	Bt2 3	Bt3 1	
60	Bt1 4	Bt2 1	
61	Bt1 2	Bt2 2	Bt3 2	
62	Bt2 1	Bt3 2	
63	Bt1 1	Bt3 1	
64	Bt2 3	Bt3 1	
65	Bt1 1	Bt3 2	
66	Bt1 1	Bt2 2	Bt3 1	
67	Bt1 1	Bt2 1	Bt3 3	
68	Bt2 1	Bt3 1	
69	Bt2 2	Bt3 1	
70	Bt1 1	Bt2 1	Bt3 2	
71	Bt1 1	Bt2 1	Bt3 2	
72	Bt1 1	Bt2 2	Bt3 2	
73	Bt2 1	Bt3 2	
74	Bt1 2	Bt2 1	Bt3 2	
75	Bt1 1	Bt2 2	Bt3 1	
76	Bt1 2	Bt2 4	
77	Bt1 2	Bt3 2	
78	Bt1 1	Bt2 2	Bt3 3	
79	Bt1 1	Bt2 2	Bt3 2	
80	Bt1 2	Bt2 1	Bt3 1	
81	Bt1 3	Bt2 1	Bt3 2	
82	Bt1 1	Bt2 1	Bt3 1	
83	Bt1 2	Bt2 2	Bt3 1	
84	Bt1 3	
85	Bt1 3	Bt2 1	
86	Bt1 1	Bt2 4	Bt3 1	
87	Bt2 4	Bt3 2	
88	Bt1 2	Bt2 1	Bt3 1	
89	Bt2 3	Bt3 1	
90	Bt1 1	Bt2 1	Bt3 1	
91	Bt2 2	Bt3 1	
92	Bt2 1	Bt3 2	
93	Bt1 2	Bt2 2	
94	Bt1 1	Bt2 2	
95	Bt2 4	Bt3 2	
96	Bt1 2	Bt2 2	
97	Bt3 2	
98	Bt2 1	Bt3 1	
99	Bt2 1	Bt3 2	
100	Bt2 2	