Name				588_n100_m400_bt3
Number_of_Customers		100
Number_of_Items			400
Number_of_ItemTypes		3
Number_of_Vehicles		24
TimeWindows			1

VEHICLE
Mass_Capacity			12595
CargoSpace_Length		60
CargoSpace_Width		25
CargoSpace_Height		30
Wheelbase			48
Max_Mass_FrontAxle		7100
Max_Mass_RearAxle		11500
Distance_FrontAxle_CargoSpace	4

CUSTOMERS
i		x		y		Demand		ReadyTime	DueDate		ServiceTime	DemandedMass	DemandedVolume
0		35		35		0		0		1000		0		0		0
1		41		73		6		292		476		10		999.04		2016
2		25		79		2		351		603		10		242.78		704
3		27		16		4		746		948		10		711.46		1409
4		60		17		5		517		705		10		651.75		1663
5		29		74		3		353		599		10		364.17		1056
6		12		58		6		270		588		10		1406.04		2115
7		66		31		3		253		475		10		408.97		959
8		15		72		4		200		460		10		756.26		1312
9		68		2		4		0		168		10		892.56		1507
10		24		62		3		764		992		10		726.37		1252
11		4		39		3		53		373		10		545.27		1154
12		0		62		3		227		455		10		453.77		862
13		37		66		3		366		616		10		453.77		862
14		32		57		3		589		817		10		726.37		1252
15		35		3		3		653		895		10		590.07		1057
16		44		57		6		480		660		10		999.04		2016
17		16		69		2		354		640		10		423.88		802
18		66		67		4		590		806		10		756.26		1312
19		4		22		6		641		897		10		817.94		1918
20		23		25		2		75		289		10		287.58		607
21		32		25		3		689		903		10		771.17		1155
22		13		79		4		256		532		10		711.46		1409
23		13		13		5		815		1000		10		967.25		1470
24		53		58		3		693		901		10		634.87		960
25		69		36		3		447		733		10		726.37		1252
26		18		53		6		801		1000		10		1180.14		2114
27		24		17		3		229		441		10		364.17		1056
28		35		53		6		711		1000		10		999.04		2016
29		28		42		6		0		162		10		1361.24		2212
30		21		31		3		521		739		10		590.07		1057
31		62		25		3		604		864		10		408.97		959
32		70		31		5		374		626		10		922.45		1567
33		10		39		4		40		290		10		801.06		1215
34		26		67		3		645		899		10		408.97		959
35		3		45		6		549		821		10		1180.14		2114
36		56		64		4		798		1000		10		756.26		1312
37		4		16		6		0		218		10		1043.84		1919
38		9		5		2		75		287		10		242.78		704
39		19		11		5		588		852		10		1195.05		1957
40		68		64		5		737		975		10		1376.15		2055
41		44		75		4		142		372		10		575.16		1214
42		70		46		3		444		664		10		364.17		1056
43		7		0		3		281		543		10		634.87		960
44		21		37		4		0		209		10		619.96		1117
45		30		78		3		40		280		10		453.77		862
46		13		76		3		317		601		10		907.47		1350
47		25		75		5		677		917		10		1376.15		2055
48		0		14		3		130		400		10		634.87		960
49		48		52		4		844		1000		10		937.36		1410
50		56		67		4		477		707		10		801.06		1215
51		57		58		4		705		941		10		619.96		1117
52		27		28		4		0		180		10		666.66		1506
53		19		47		2		426		720		10		468.68		705
54		28		62		4		224		486		10		937.36		1410
55		52		69		3		340		632		10		634.87		960
56		55		77		4		446		670		10		1028.86		1702
57		39		29		6		210		472		10		1271.64		2406
58		56		71		2		29		219		10		287.58		607
59		11		44		5		0		132		10		969.15		1956
60		41		44		3		18		266		10		590.07		1057
61		24		29		3		669		905		10		364.17		1056
62		69		67		4		825		1000		10		847.76		1604
63		0		24		2		69		321		10		423.88		802
64		10		62		4		33		165		10		892.56		1507
65		1		77		2		145		381		10		468.68		705
66		55		30		3		21		241		10		634.87		960
67		48		23		6		183		439		10		1316.44		2309
68		56		55		3		167		397		10		590.07		1057
69		66		18		6		652		858		10		817.94		1918
70		29		49		4		713		933		10		711.46		1409
71		66		11		4		137		369		10		1073.66		1605
72		13		38		3		701		889		10		408.97		959
73		48		30		5		224		482		10		877.65		1664
74		10		75		4		740		992		10		711.46		1409
75		26		35		5		767		1000		10		877.65		1664
76		19		40		4		87		317		10		619.96		1117
77		59		64		4		448		680		10		892.56		1507
78		36		50		4		857		1000		10		711.46		1409
79		23		59		3		197		449		10		634.87		960
80		14		32		4		616		778		10		756.26		1312
81		12		4		6		552		736		10		1224.94		2017
82		36		39		6		672		884		10		1361.24		2212
83		64		64		4		77		359		10		711.46		1409
84		56		4		3		834		1000		10		771.17		1155
85		49		61		4		708		910		10		1073.66		1605
86		60		20		6		430		676		10		1542.34		2310
87		47		76		4		622		892		10		711.46		1409
88		23		66		3		75		321		10		726.37		1252
89		27		3		3		763		993		10		453.77		862
90		27		57		3		558		786		10		634.87		960
91		66		61		5		147		415		10		696.55		1566
92		43		51		4		209		403		10		619.96		1117
93		49		46		4		864		1000		10		575.16		1214
94		41		34		6		566		826		10		817.94		1918
95		7		36		6		611		881		10		1180.14		2114
96		32		32		5		304		508		10		1239.85		1860
97		3		36		2		454		688		10		287.58		607
98		29		52		4		221		449		10		801.06		1215
99		51		11		6		790		1000		10		907.54		1724
100		19		5		6		0		194		10		1180.14		2114

ITEMS
Type		Length		Width		Height		Mass		Fragility	LoadBearingStrength
Bt1		15		5		6		302.49		1		3.1067627
Bt2		17		5		3		166.19		0		43.0320387
Bt3		11		4		8		121.39		0		16.3307855

DEMANDS PER CUSTOMER
i	Type Quantity
1	Bt1 1	Bt2 2	Bt3 3	
2	Bt3 2	
3	Bt1 1	Bt2 1	Bt3 2	
4	Bt2 1	Bt3 4	
5	Bt3 3	
6	Bt1 3	Bt2 3	
7	Bt2 1	Bt3 2	
8	Bt1 1	Bt2 2	Bt3 1	
9	Bt1 2	Bt2 1	Bt3 1	
10	Bt1 2	Bt3 1	
11	Bt1 1	Bt3 2	
12	Bt2 2	Bt3 1	
13	Bt2 2	Bt3 1	
14	Bt1 2	Bt3 1	
15	Bt1 1	Bt2 1	Bt3 1	
16	Bt1 1	Bt2 2	Bt3 3	
17	Bt1 1	Bt3 1	
18	Bt1 1	Bt2 2	Bt3 1	
19	Bt2 2	Bt3 4	
20	Bt2 1	Bt3 1	
21	Bt1 2	Bt2 1	
22	Bt1 1	Bt2 1	Bt3 2	
23	Bt1 1	Bt2 4	
24	Bt1 1	Bt2 2	
25	Bt1 2	Bt3 1	
26	Bt1 2	Bt2 2	Bt3 2	
27	Bt3 3	
28	Bt1 1	Bt2 2	Bt3 3	
29	Bt1 3	Bt2 2	Bt3 1	
30	Bt1 1	Bt2 1	Bt3 1	
31	Bt2 1	Bt3 2	
32	Bt1 1	Bt2 3	Bt3 1	
33	Bt1 1	Bt2 3	
34	Bt2 1	Bt3 2	
35	Bt1 2	Bt2 2	Bt3 2	
36	Bt1 1	Bt2 2	Bt3 1	
37	Bt1 1	Bt2 3	Bt3 2	
38	Bt3 2	
39	Bt1 3	Bt2 1	Bt3 1	
40	Bt1 4	Bt2 1	
41	Bt2 2	Bt3 2	
42	Bt3 3	
43	Bt1 1	Bt2 2	
44	Bt2 3	Bt3 1	
45	Bt2 2	Bt3 1	
46	Bt1 3	
47	Bt1 4	Bt2 1	
48	Bt1 1	Bt2 2	
49	Bt1 2	Bt2 2	
50	Bt1 1	Bt2 3	
51	Bt2 3	Bt3 1	
52	Bt1 1	Bt3 3	
53	Bt1 1	Bt2 1	
54	Bt1 2	Bt2 2	
55	Bt1 1	Bt2 2	
56	Bt1 3	Bt3 1	
57	Bt1 3	Bt3 3	
58	Bt2 1	Bt3 1	
59	Bt1 2	Bt3 3	
60	Bt1 1	Bt2 1	Bt3 1	
61	Bt3 3	
62	Bt1 2	Bt3 2	
63	Bt1 1	Bt3 1	
64	Bt1 2	Bt2 1	Bt3 1	
65	Bt1 1	Bt2 1	
66	Bt1 1	Bt2 2	
67	Bt1 3	Bt2 1	Bt3 2	
68	Bt1 1	Bt2 1	Bt3 1	
69	Bt2 2	Bt3 4	
70	Bt1 1	Bt2 1	Bt3 2	
71	Bt1 3	Bt2 1	
72	Bt2 1	Bt3 2	
73	Bt1 1	Bt2 2	Bt3 2	
74	Bt1 1	Bt2 1	Bt3 2	
75	Bt1 1	Bt2 2	Bt3 2	
76	Bt2 3	Bt3 1	
77	Bt1 2	Bt2 1	Bt3 1	
78	Bt1 1	Bt2 1	Bt3 2	
79	Bt1 1	Bt2 2	
80	Bt1 1	Bt2 2	Bt3 1	
81	Bt1 2	Bt2 3	Bt3 1	
82	Bt1 3	Bt2 2	Bt3 1	
83	Bt1 1	Bt2 1	Bt3 2	
84	Bt1 2	Bt2 1	
85	Bt1 3	Bt2 1	
86	Bt1 4	Bt2 2	
87	Bt1 1	Bt2 1	Bt3 2	
88	Bt1 2	Bt3 1	
89	Bt2 2	Bt3 1	
90	Bt1 1	Bt2 2	
91	Bt2 2	Bt3 3	
92	Bt2 3	Bt3 1	
93	Bt2 2	Bt3 2	
94	Bt2 2	Bt3 4	
95	Bt1 2	Bt2 2	Bt3 2	
96	Bt1 3	Bt2 2	
97	Bt2 1	Bt3 1	
98	Bt1 1	Bt2 3	
99	Bt2 4	Bt3 2	
100	Bt1 2	Bt2 2	Bt3 2	