Name				592_n100_m400_bt10
Number_of_Customers		100
Number_of_Items			400
Number_of_ItemTypes		10
Number_of_Vehicles		18
TimeWindows			1

VEHICLE
Mass_Capacity			12595
CargoSpace_Length		60
CargoSpace_Width		25
CargoSpace_Height		30
Wheelbase			48
Max_Mass_FrontAxle		7100
Max_Mass_RearAxle		11500
Distance_FrontAxle_CargoSpace	4

CUSTOMERS
i		x		y		Demand		ReadyTime	DueDate		ServiceTime	DemandedMass	DemandedVolume
0		35		35		0		0		1000		0		0		0
1		27		71		5		0		953		10		1336.11		2028
2		62		14		3		810		1000		10		619.49		1098
3		16		44		5		0		968		10		1061.16		1698
4		59		19		4		0		961		10		299.36		750
5		42		5		3		530		720		10		490.88		960
6		17		22		3		448		710		10		262.33		522
7		18		63		5		0		957		10		599.69		1230
8		40		60		3		0		964		10		197.24		384
9		5		14		6		0		953		10		852.54		1662
10		55		39		5		0		969		10		834.2		1680
11		55		70		3		90		328		10		274.94		720
12		53		19		2		211		489		10		200.11		426
13		47		72		5		0		951		10		830.45		1356
14		51		24		2		467		709		10		176.95		660
15		65		64		6		0		948		10		924.14		1842
16		67		10		6		0		949		10		716.63		1482
17		63		67		5		199		435		10		793.12		1560
18		19		39		5		277		535		10		573.43		996
19		34		40		4		0		984		10		706.47		1626
20		22		65		4		742		976		10		376.26		840
21		8		8		5		294		502		10		460.91		1026
22		34		32		3		0		986		10		197.28		600
23		24		78		2		564		814		10		318.94		888
24		11		38		6		645		907		10		933.97		1524
25		43		54		3		241		481		10		254.27		378
26		55		13		3		0		960		10		638.62		1026
27		46		47		4		0		973		10		780.06		1074
28		47		20		4		0		970		10		511.21		900
29		54		53		3		573		813		10		272.91		618
30		25		34		3		455		691		10		238.36		720
31		32		27		2		27		265		10		453.04		696
32		37		64		3		449		711		10		466.13		774
33		56		30		3		622		792		10		522.34		1176
34		1		34		6		159		379		10		435.6		1104
35		47		66		2		308		538		10		135.06		504
36		3		47		5		286		560		10		654.91		1542
37		49		16		6		0		966		10		757.71		1602
38		51		6		5		500		738		10		907.56		1608
39		54		24		5		0		968		10		542.93		972
40		10		45		4		0		963		10		393.38		774
41		22		68		4		0		954		10		520.77		846
42		47		75		5		0		948		10		537.39		1296
43		63		59		5		0		953		10		758.04		1362
44		49		10		3		0		961		10		854.51		1260
45		45		17		4		118		360		10		581.57		978
46		52		78		3		381		625		10		388.19		672
47		20		32		5		0		235		10		875.28		1800
48		14		23		4		229		457		10		997.7		1500
49		1		26		3		0		954		10		295.35		498
50		56		63		5		542		808		10		637.49		1368
51		64		32		3		791		1000		10		626.79		1212
52		38		14		6		0		968		10		957.95		1890
53		40		70		3		0		954		10		381.16		984
54		25		61		5		426		682		10		998.64		2034
55		8		18		4		0		266		10		785.85		1350
56		37		51		3		0		973		10		558.93		732
57		57		2		5		841		1000		10		1241.27		1722
58		28		48		5		0		975		10		1050.09		1914
59		56		36		4		109		359		10		698.85		1164
60		6		67		6		0		946		10		977.4		2166
61		22		20		3		180		442		10		549.85		906
62		16		36		6		0		970		10		686.29		1158
63		46		9		4		0		961		10		518.24		1278
64		46		62		3		34		270		10		290.08		558
65		14		71		3		0		232		10		316.02		840
66		46		3		4		0		956		10		490.58		1392
67		20		42		5		309		559		10		785.02		1656
68		22		53		4		21		227		10		401.49		924
69		31		67		4		506		732		10		539.74		1002
70		48		78		3		654		886		10		416.12		912
71		52		75		6		0		175		10		1109.78		1974
72		5		50		3		572		776		10		422.24		1104
73		12		2		5		0		949		10		510.91		1332
74		41		40		3		0		982		10		670.4		900
75		4		34		2		801		1000		10		699.48		960
76		64		76		3		37		271		10		233.86		600
77		0		74		4		357		615		10		375.03		984
78		59		15		5		0		958		10		926.19		1602
79		0		21		6		0		952		10		718.35		1704
80		26		66		3		0		957		10		379.17		1026
81		17		49		2		0		967		10		487.63		810
82		39		57		4		6		284		10		494.29		882
83		53		31		3		0		971		10		474.18		672
84		1		15		5		0		950		10		772.41		1458
85		68		42		3		618		824		10		375.04		792
86		15		41		3		700		948		10		208.67		732
87		70		67		4		0		942		10		586.88		1134
88		58		60		3		0		956		10		450.71		1026
89		41		28		2		0		980		10		263.63		426
90		66		45		3		0		957		10		381.16		984
91		56		18		4		0		962		10		946.48		1524
92		37		45		2		121		339		10		381.46		552
93		69		0		5		0		941		10		443.78		1302
94		70		58		6		0		948		10		901.47		2058
95		61		34		2		82		274		10		227.86		462
96		20		75		6		0		947		10		1312.61		2550
97		19		7		5		0		957		10		836.74		1494
98		20		29		5		0		973		10		813.53		1338
99		51		56		5		811		1000		10		1146.94		1524
100		3		23		3		0		955		10		407.64		948

ITEMS
Type		Length		Width		Height		Mass		Fragility	LoadBearingStrength
Bt1		12		6		3		103.30		0		27.5270730
Bt2		6		6		7		67.53		0		9.2533879
Bt3		17		6		4		109.42		0		29.1921402
Bt4		6		2		6		31.72		0		52.2362496
Bt5		15		5		6		366.88		1		4.5050457
Bt6		8		2		6		62.22		0		7.8840955
Bt7		11		5		6		137.89		0		13.9212949
Bt8		7		5		6		160.33		0		8.5229740
Bt9		12		5		8		209.52		1		12.4049965
Bt10		15		4		8		349.74		0		59.1486455

DEMANDS PER CUSTOMER
i	Type Quantity
1	Bt3 1	Bt5 1	Bt8 1	Bt10 2	
2	Bt3 1	Bt8 1	Bt10 1	
3	Bt1 1	Bt4 1	Bt5 1	Bt9 1	Bt10 1	
4	Bt2 1	Bt4 1	Bt6 1	Bt7 1	
5	Bt3 1	Bt4 1	Bt10 1	
6	Bt6 2	Bt7 1	
7	Bt3 1	Bt4 1	Bt7 1	Bt8 2	
8	Bt1 1	Bt4 1	Bt6 1	
9	Bt1 1	Bt2 1	Bt3 1	Bt6 1	Bt8 1	Bt10 1	
10	Bt1 1	Bt3 1	Bt6 1	Bt9 1	Bt10 1	
11	Bt1 1	Bt3 1	Bt6 1	
12	Bt6 1	Bt7 1	
13	Bt2 1	Bt4 2	Bt10 2	
14	Bt2 1	Bt3 1	
15	Bt1 2	Bt3 1	Bt4 1	Bt5 1	Bt9 1	
16	Bt2 2	Bt4 1	Bt6 1	Bt7 1	Bt10 1	
17	Bt3 1	Bt6 2	Bt9 1	Bt10 1	
18	Bt2 1	Bt4 1	Bt6 2	Bt10 1	
19	Bt3 2	Bt7 1	Bt10 1	
20	Bt1 1	Bt4 2	Bt9 1	
21	Bt1 1	Bt2 2	Bt6 1	Bt8 1	
22	Bt2 2	Bt6 1	
23	Bt3 1	Bt9 1	
24	Bt1 1	Bt4 1	Bt5 1	Bt6 1	Bt8 1	Bt9 1	
25	Bt4 1	Bt6 1	Bt8 1	
26	Bt5 1	Bt6 1	Bt9 1	
27	Bt4 2	Bt5 1	Bt10 1	
28	Bt2 1	Bt4 1	Bt6 1	Bt10 1	
29	Bt1 1	Bt4 1	Bt7 1	
30	Bt1 1	Bt2 2	
31	Bt1 1	Bt10 1	
32	Bt2 1	Bt4 1	Bt5 1	
33	Bt1 1	Bt9 2	
34	Bt1 2	Bt2 2	Bt4 1	Bt6 1	
35	Bt2 2	
36	Bt4 1	Bt7 3	Bt9 1	
37	Bt1 1	Bt2 2	Bt4 1	Bt7 1	Bt10 1	
38	Bt1 1	Bt2 1	Bt5 1	Bt8 1	Bt9 1	
39	Bt2 1	Bt4 2	Bt6 1	Bt10 1	
40	Bt1 1	Bt2 1	Bt6 1	Bt8 1	
41	Bt6 1	Bt7 1	Bt8 2	
42	Bt2 1	Bt3 1	Bt6 1	Bt7 1	Bt8 1	
43	Bt2 1	Bt8 3	Bt9 1	
44	Bt5 1	Bt7 1	Bt10 1	
45	Bt4 1	Bt6 1	Bt7 1	Bt10 1	
46	Bt2 1	Bt8 2	
47	Bt1 2	Bt3 1	Bt9 1	Bt10 1	
48	Bt7 1	Bt8 1	Bt10 2	
49	Bt1 1	Bt4 1	Bt8 1	
50	Bt2 1	Bt6 1	Bt7 1	Bt8 1	Bt9 1	
51	Bt2 1	Bt9 1	Bt10 1	
52	Bt1 1	Bt2 2	Bt8 1	Bt9 1	Bt10 1	
53	Bt3 1	Bt6 1	Bt9 1	
54	Bt1 1	Bt3 1	Bt5 1	Bt9 2	
55	Bt7 2	Bt8 1	Bt10 1	
56	Bt4 1	Bt5 1	Bt8 1	
57	Bt4 1	Bt8 1	Bt10 3	
58	Bt1 1	Bt3 1	Bt7 1	Bt10 2	
59	Bt3 1	Bt5 1	Bt6 1	Bt8 1	
60	Bt1 1	Bt2 1	Bt3 1	Bt7 1	Bt9 1	Bt10 1	
61	Bt6 1	Bt7 1	Bt10 1	
62	Bt1 1	Bt6 2	Bt7 1	Bt8 2	
63	Bt1 1	Bt2 1	Bt7 1	Bt9 1	
64	Bt2 1	Bt6 1	Bt8 1	
65	Bt1 2	Bt3 1	
66	Bt3 2	Bt6 1	Bt9 1	
67	Bt1 1	Bt2 1	Bt3 1	Bt5 1	Bt7 1	
68	Bt2 1	Bt6 2	Bt9 1	
69	Bt3 1	Bt4 2	Bt5 1	
70	Bt1 2	Bt9 1	
71	Bt1 1	Bt3 1	Bt5 1	Bt8 2	Bt9 1	
72	Bt1 1	Bt3 1	Bt9 1	
73	Bt2 1	Bt3 1	Bt6 2	Bt9 1	
74	Bt8 2	Bt10 1	
75	Bt10 2	
76	Bt3 1	Bt6 2	
77	Bt2 1	Bt4 1	Bt7 2	
78	Bt1 2	Bt8 1	Bt9 1	Bt10 1	
79	Bt1 1	Bt2 1	Bt6 1	Bt7 2	Bt9 1	
80	Bt3 2	Bt8 1	
81	Bt7 1	Bt10 1	
82	Bt6 2	Bt8 1	Bt9 1	
83	Bt6 2	Bt10 1	
84	Bt2 1	Bt5 1	Bt6 1	Bt7 2	
85	Bt1 1	Bt6 1	Bt9 1	
86	Bt2 1	Bt3 1	Bt4 1	
87	Bt2 1	Bt4 1	Bt7 1	Bt10 1	
88	Bt1 1	Bt7 1	Bt9 1	
89	Bt1 1	Bt8 1	
90	Bt3 1	Bt6 1	Bt9 1	
91	Bt1 1	Bt3 1	Bt5 2	
92	Bt4 1	Bt10 1	
93	Bt1 1	Bt2 3	Bt7 1	
94	Bt1 1	Bt4 1	Bt7 1	Bt9 3	
95	Bt2 1	Bt8 1	
96	Bt2 1	Bt3 1	Bt5 1	Bt9 2	Bt10 1	
97	Bt3 1	Bt5 1	Bt6 1	Bt7 1	Bt8 1	
98	Bt4 1	Bt6 1	Bt8 1	Bt9 1	Bt10 1	
99	Bt4 2	Bt5 2	Bt10 1	
100	Bt3 1	Bt7 1	Bt8 1	