Name				595_n100_m400_bt10
Number_of_Customers		100
Number_of_Items			400
Number_of_ItemTypes		10
Number_of_Vehicles		23
TimeWindows			1

VEHICLE
Mass_Capacity			12595
CargoSpace_Length		60
CargoSpace_Width		25
CargoSpace_Height		30
Wheelbase			48
Max_Mass_FrontAxle		7100
Max_Mass_RearAxle		11500
Distance_FrontAxle_CargoSpace	4

CUSTOMERS
i		x		y		Demand		ReadyTime	DueDate		ServiceTime	DemandedMass	DemandedVolume
0		35		35		0		0		1000		0		0		0
1		2		56		6		850		1000		10		733.9		1666
2		21		9		6		802		1000		10		650.17		1392
3		27		17		6		754		1000		10		1067.14		2356
4		44		44		3		532		770		10		344.09		876
5		49		39		3		583		813		10		802.27		1744
6		12		22		4		800		1000		10		462.24		1250
7		66		27		4		732		946		10		751.5		1484
8		70		41		2		642		902		10		618.12		1080
9		44		57		3		610		838		10		533.95		1136
10		10		25		3		823		1000		10		614.99		1112
11		60		30		3		367		573		10		506.17		848
12		33		79		6		112		348		10		894.93		1854
13		34		12		4		754		962		10		358.74		994
14		46		49		4		701		953		10		402.07		602
15		41		80		6		377		595		10		738.87		1876
16		49		54		3		674		924		10		717.73		1472
17		10		77		4		362		592		10		694.67		1202
18		20		56		5		833		1000		10		630.64		1234
19		39		71		3		438		672		10		403.34		856
20		40		6		6		38		238		10		1179.69		2026
21		53		23		5		825		1000		10		1202.17		2264
22		1		28		3		469		687		10		851.41		1760
23		55		52		4		753		1000		10		581.96		1084
24		64		50		3		716		954		10		368.31		938
25		61		70		2		524		816		10		92.02		96
26		63		5		6		672		902		10		1186.11		2586
27		49		10		4		0		176		10		202.82		292
28		49		57		4		277		547		10		797.35		1632
29		62		19		4		677		967		10		506.24		1116
30		63		67		5		792		1000		10		561.64		1214
31		65		33		6		704		930		10		1200.08		2164
32		37		27		2		82		316		10		309.41		544
33		29		77		3		821		1000		10		555.31		864
34		16		73		3		545		749		10		504.95		1096
35		13		66		5		344		562		10		514.08		1122
36		54		20		3		333		569		10		550.84		978
37		13		5		5		651		923		10		978		2000
38		70		0		6		445		693		10		914.11		1798
39		9		8		3		373		625		10		368.31		938
40		57		63		5		293		571		10		1125.99		2440
41		52		65		5		525		737		10		493.42		1286
42		28		65		2		559		813		10		300.66		456
43		58		40		3		564		792		10		603.23		1128
44		36		1		6		0		218		10		1308.9		2428
45		1		73		3		540		718		10		500.74		930
46		67		8		4		176		448		10		720.49		1258
47		51		70		2		670		918		10		300.66		456
48		36		17		6		331		585		10		878.25		1686
49		67		60		3		3		235		10		389.67		666
50		61		59		5		0		193		10		550.83		1358
51		10		39		5		769		995		10		490.44		850
52		68		54		3		406		662		10		376.39		762
53		60		25		6		249		481		10		709.84		1292
54		57		75		4		755		1000		10		781.95		1874
55		27		40		5		533		777		10		469.72		1084
56		65		11		4		371		557		10		619.4		1120
57		36		20		3		573		761		10		690.69		1664
58		5		47		2		773		1000		10		275.8		432
59		19		45		4		52		248		10		941.84		1776
60		44		37		4		642		932		10		742.38		1792
61		69		5		6		102		352		10		834.43		1698
62		8		48		3		135		379		10		614.99		1112
63		4		14		4		441		627		10		422.46		740
64		28		52		2		81		321		10		285.13		552
65		14		70		5		139		389		10		662.13		1492
66		60		80		5		161		403		10		724.97		1482
67		36		76		3		322		580		10		551.42		1010
68		69		16		3		0		194		10		400.67		754
69		16		13		2		577		845		10		251.52		440
70		43		13		4		638		854		10		352.93		586
71		23		3		2		151		371		10		618.12		1080
72		52		2		3		558		742		10		668.59		1456
73		59		17		5		344		574		10		803.61		1714
74		70		76		4		198		422		10		575.24		1136
75		62		22		4		227		447		10		241.35		506
76		12		9		2		625		919		10		309.41		544
77		16		80		5		811		1000		10		896.75		1596
78		47		3		5		650		886		10		1060.14		1794
79		61		50		2		529		705		10		454.73		882
80		15		63		2		399		671		10		173.55		472
81		32		33		3		334		590		10		358.92		888
82		55		31		6		32		268		10		910.34		1898
83		45		54		3		0		243		10		567.56		1248
84		5		2		3		165		421		10		243.26		722
85		60		62		6		121		379		10		478.56		794
86		17		0		4		7		241		10		714.6		1504
87		41		30		4		32		256		10		402.07		602
88		64		73		4		98		334		10		696.21		1266
89		22		31		5		277		477		10		774.23		1432
90		49		36		6		670		932		10		1113.15		2434
91		66		30		4		373		613		10		912.13		1866
92		3		40		5		711		1000		10		1145.42		2546
93		57		60		3		154		454		10		214.64		418
94		56		0		2		1		217		10		418.87		770
95		2		64		2		486		748		10		275.8		432
96		36		61		6		799		1000		10		1046.11		2256
97		37		44		5		784		982		10		1120.4		2074
98		24		45		6		98		312		10		807.32		1674
99		0		44		4		592		832		10		885.45		2130
100		8		62		4		49		281		10		881.89		1904

ITEMS
Type		Length		Width		Height		Mass		Fragility	LoadBearingStrength
Bt1		7		2		7		55.40		0		37.7445085
Bt2		16		6		7		363.47		1		13.5692052
Bt3		17		5		8		233.29		0		18.7043066
Bt4		14		4		7		205.51		0		21.6837138
Bt5		8		4		5		79.62		1		6.7175433
Bt6		13		3		8		93.93		0		4.5816402
Bt7		16		6		4		229.79		0		42.5099288
Bt8		8		2		3		46.01		0		19.1862511
Bt9		17		3		8		254.65		0		22.6485886
Bt10		7		5		6		91.26		0		35.2652409

DEMANDS PER CUSTOMER
i	Type Quantity
1	Bt1 1	Bt4 2	Bt5 1	Bt6 2	
2	Bt4 1	Bt5 1	Bt10 4	
3	Bt1 1	Bt2 1	Bt3 1	Bt6 1	Bt7 1	Bt10 1	
4	Bt1 2	Bt3 1	
5	Bt2 1	Bt3 1	Bt4 1	
6	Bt1 1	Bt3 1	Bt5 1	Bt6 1	
7	Bt2 1	Bt4 1	Bt10 2	
8	Bt2 1	Bt9 1	
9	Bt3 1	Bt8 1	Bt9 1	
10	Bt2 1	Bt4 1	Bt8 1	
11	Bt4 1	Bt8 1	Bt9 1	
12	Bt1 2	Bt3 1	Bt7 2	Bt10 1	
13	Bt5 1	Bt6 2	Bt10 1	
14	Bt1 1	Bt8 2	Bt9 1	
15	Bt1 1	Bt3 2	Bt5 1	Bt8 1	Bt10 1	
16	Bt3 1	Bt7 1	Bt9 1	
17	Bt1 1	Bt2 1	Bt7 1	Bt8 1	
18	Bt1 1	Bt4 1	Bt6 1	Bt7 1	Bt8 1	
19	Bt5 1	Bt6 1	Bt7 1	
20	Bt1 1	Bt2 1	Bt4 1	Bt8 1	Bt9 2	
21	Bt3 1	Bt7 2	Bt9 2	
22	Bt2 1	Bt3 1	Bt9 1	
23	Bt1 1	Bt4 1	Bt7 1	Bt10 1	
24	Bt1 1	Bt3 1	Bt5 1	
25	Bt8 2	
26	Bt1 1	Bt2 1	Bt3 2	Bt8 1	Bt9 1	
27	Bt1 2	Bt8 2	
28	Bt3 1	Bt5 1	Bt7 1	Bt9 1	
29	Bt6 1	Bt7 1	Bt10 2	
30	Bt1 1	Bt6 1	Bt7 1	Bt10 2	
31	Bt1 1	Bt2 1	Bt4 1	Bt7 1	Bt9 1	Bt10 1	
32	Bt5 1	Bt7 1	
33	Bt8 1	Bt9 2	
34	Bt4 2	Bt6 1	
35	Bt1 1	Bt4 1	Bt5 2	Bt6 1	
36	Bt7 2	Bt10 1	
37	Bt3 1	Bt4 1	Bt5 1	Bt7 2	
38	Bt1 2	Bt2 1	Bt6 1	Bt9 1	Bt10 1	
39	Bt1 1	Bt3 1	Bt5 1	
40	Bt2 1	Bt3 1	Bt4 1	Bt6 1	Bt7 1	
41	Bt1 3	Bt3 1	Bt6 1	
42	Bt8 1	Bt9 1	
43	Bt6 1	Bt9 2	
44	Bt1 1	Bt2 2	Bt4 1	Bt7 1	Bt10 1	
45	Bt2 1	Bt8 1	Bt10 1	
46	Bt1 1	Bt4 1	Bt7 2	
47	Bt8 1	Bt9 1	
48	Bt1 3	Bt2 1	Bt6 1	Bt9 1	
49	Bt1 1	Bt5 1	Bt9 1	
50	Bt1 1	Bt3 1	Bt5 1	Bt10 2	
51	Bt1 1	Bt5 2	Bt7 1	Bt8 1	
52	Bt4 1	Bt5 1	Bt10 1	
53	Bt4 1	Bt7 1	Bt8 2	Bt10 2	
54	Bt2 1	Bt3 1	Bt6 1	Bt10 1	
55	Bt1 2	Bt3 1	Bt5 1	Bt8 1	
56	Bt4 1	Bt5 2	Bt9 1	
57	Bt2 1	Bt3 1	Bt6 1	
58	Bt7 1	Bt8 1	
59	Bt2 1	Bt6 1	Bt7 1	Bt9 1	
60	Bt3 2	Bt7 1	Bt8 1	
61	Bt6 2	Bt8 1	Bt9 2	Bt10 1	
62	Bt2 1	Bt4 1	Bt8 1	
63	Bt1 1	Bt7 1	Bt8 1	Bt10 1	
64	Bt4 1	Bt5 1	
65	Bt1 2	Bt2 1	Bt6 2	
66	Bt4 1	Bt5 1	Bt6 1	Bt9 1	Bt10 1	
67	Bt4 1	Bt9 1	Bt10 1	
68	Bt5 1	Bt7 1	Bt10 1	
69	Bt4 1	Bt8 1	
70	Bt1 1	Bt4 1	Bt8 2	
71	Bt2 1	Bt9 1	
72	Bt3 1	Bt4 1	Bt7 1	
73	Bt1 1	Bt3 1	Bt4 1	Bt5 1	Bt7 1	
74	Bt4 1	Bt6 1	Bt7 1	Bt8 1	
75	Bt1 1	Bt6 1	Bt8 2	
76	Bt5 1	Bt7 1	
77	Bt7 2	Bt9 1	Bt10 2	
78	Bt7 2	Bt9 2	Bt10 1	
79	Bt2 1	Bt10 1	
80	Bt5 1	Bt6 1	
81	Bt3 1	Bt5 1	Bt8 1	
82	Bt3 1	Bt4 1	Bt5 1	Bt8 1	Bt9 1	Bt10 1	
83	Bt3 1	Bt5 1	Bt9 1	
84	Bt1 1	Bt6 2	
85	Bt1 1	Bt4 1	Bt5 1	Bt8 3	
86	Bt3 1	Bt4 1	Bt7 1	Bt8 1	
87	Bt1 1	Bt8 2	Bt9 1	
88	Bt1 1	Bt4 2	Bt7 1	
89	Bt2 1	Bt4 1	Bt5 2	Bt8 1	
90	Bt3 2	Bt8 1	Bt9 2	Bt10 1	
91	Bt2 2	Bt6 1	Bt10 1	
92	Bt2 2	Bt3 1	Bt6 1	Bt10 1	
93	Bt1 1	Bt5 2	
94	Bt1 1	Bt2 1	
95	Bt7 1	Bt8 1	
96	Bt2 1	Bt3 1	Bt5 1	Bt6 1	Bt7 1	Bt8 1	
97	Bt2 1	Bt4 2	Bt9 1	Bt10 1	
98	Bt1 1	Bt5 1	Bt6 2	Bt7 1	Bt9 1	
99	Bt1 1	Bt2 1	Bt3 2	
100	Bt2 1	Bt3 1	Bt4 1	Bt5 1	