Name				596_n100_m400_bt100
Number_of_Customers		100
Number_of_Items			400
Number_of_ItemTypes		100
Number_of_Vehicles		24
TimeWindows			1

VEHICLE
Mass_Capacity			12595
CargoSpace_Length		60
CargoSpace_Width		25
CargoSpace_Height		30
Wheelbase			48
Max_Mass_FrontAxle		7100
Max_Mass_RearAxle		11500
Distance_FrontAxle_CargoSpace	4

CUSTOMERS
i		x		y		Demand		ReadyTime	DueDate		ServiceTime	DemandedMass	DemandedVolume
0		35		35		0		0		1000		0		0		0
1		63		77		5		129		389		10		951.06		1762
2		44		54		3		153		383		10		962.32		1112
3		56		55		4		94		320		10		1027.97		1699
4		30		74		4		445		647		10		758.84		1364
5		54		75		6		0		157		10		953.34		1196
6		32		48		4		0		976		10		791.28		1335
7		69		33		2		0		955		10		162.84		280
8		40		33		3		0		984		10		723.89		1018
9		17		56		4		845		1000		10		706.13		1306
10		39		18		4		411		681		10		1077.41		1306
11		40		50		4		11		257		10		559.62		708
12		44		62		3		0		201		10		476.29		481
13		8		60		6		199		491		10		794.49		1494
14		16		71		5		0		949		10		913.03		1842
15		21		41		4		435		667		10		444.42		822
16		13		31		6		0		967		10		1286.25		1787
17		55		41		2		474		726		10		320.66		496
18		2		3		2		517		715		10		174.51		344
19		49		23		5		780		1000		10		856.92		1539
20		57		17		2		651		891		10		411.62		675
21		35		66		5		0		959		10		809.08		1431
22		56		35		4		21		263		10		439.27		601
23		47		27		4		838		1000		10		1125.19		1112
24		45		37		3		0		979		10		711.29		875
25		40		44		5		224		526		10		939.66		1145
26		3		14		4		260		508		10		729.05		1170
27		34		55		2		96		326		10		161.84		339
28		30		69		2		530		786		10		200.05		543
29		22		1		6		853		1000		10		1525.5		1904
30		36		61		3		550		790		10		367.25		480
31		43		34		4		12		258		10		529.61		653
32		51		56		6		651		861		10		1128.08		1398
33		17		74		6		463		689		10		978.66		1583
34		16		1		6		548		842		10		1379.06		2486
35		16		48		3		0		966		10		815.02		804
36		56		71		5		709		927		10		768.74		1302
37		45		41		3		37		303		10		338.8		432
38		60		25		2		0		186		10		331.69		580
39		7		25		5		105		373		10		1178.17		1402
40		59		20		4		0		229		10		712.67		1292
41		24		10		4		0		201		10		567.13		553
42		10		27		6		0		963		10		1093.6		1375
43		3		38		2		154		336		10		306.85		435
44		17		38		3		667		927		10		665.3		935
45		43		17		3		774		1000		10		466.04		738
46		70		64		4		124		362		10		1071.12		1583
47		26		24		3		0		975		10		346.49		744
48		24		53		6		0		968		10		871.16		1237
49		12		22		5		513		723		10		1036.61		1573
50		49		65		4		0		956		10		815.91		1320
51		63		74		2		0		941		10		347.13		720
52		60		56		2		749		961		10		303.04		384
53		16		53		4		384		638		10		554.04		748
54		41		21		6		623		881		10		591.75		1033
55		24		41		3		632		862		10		266.42		442
56		1		74		6		706		922		10		1242.22		1666
57		5		51		2		134		346		10		318.79		822
58		20		21		5		0		969		10		592.51		1086
59		66		14		2		506		708		10		222.23		504
60		6		10		3		838		1000		10		828.05		934
61		4		20		3		295		557		10		452.71		856
62		36		77		3		580		808		10		428.65		660
63		6		17		4		394		604		10		814.35		1200
64		62		11		5		430		674		10		1389.76		1562
65		65		66		3		805		1000		10		1191.15		1758
66		8		65		5		0		949		10		692.8		1163
67		66		30		3		0		958		10		1104.05		1048
68		5		32		2		696		916		10		135.35		390
69		21		15		3		306		554		10		358.66		546
70		46		15		3		0		967		10		549.47		855
71		69		8		4		103		329		10		1088.99		1508
72		69		57		5		55		335		10		1587.27		1864
73		20		9		6		0		959		10		1241.96		1802
74		28		28		4		0		980		10		713.23		1410
75		28		36		5		390		628		10		936.23		1123
76		51		13		6		0		962		10		1039.97		1856
77		6		13		3		663		911		10		467.05		1035
78		48		35		4		678		864		10		934.95		1098
79		62		48		5		200		446		10		1147.55		1561
80		22		34		3		0		976		10		996.53		1180
81		9		73		4		0		943		10		606.45		1128
82		62		16		4		0		956		10		897		1240
83		36		2		5		780		1000		10		1013.39		1203
84		69		50		3		625		875		10		647.3		1203
85		10		54		2		54		310		10		310.26		442
86		1		50		4		564		798		10		1105.19		1884
87		57		65		4		659		913		10		645.08		1125
88		8		40		6		94		344		10		906.56		1784
89		51		35		6		601		831		10		967.6		1373
90		29		13		2		500		710		10		482.02		508
91		4		24		5		587		827		10		676.88		948
92		68		17		4		85		329		10		494.59		741
93		23		44		5		138		350		10		710.82		1119
94		62		52		4		0		204		10		489.11		876
95		45		7		5		0		960		10		783.72		1691
96		11		1		6		362		572		10		1366.31		1542
97		9		12		6		173		455		10		1333.34		2083
98		47		68		2		0		954		10		233.47		458
99		29		60		3		391		671		10		420.47		960
100		41		74		6		749		905		10		669.24		1390

ITEMS
Type		Length		Width		Height		Mass		Fragility	LoadBearingStrength
Bt1		10		6		8		178.59		0		6.0179740
Bt2		15		5		4		242.49		0		45.9030237
Bt3		12		6		5		188.28		0		37.1850210
Bt4		13		3		5		136.76		0		17.6028496
Bt5		12		6		3		125.02		0		19.5932787
Bt6		13		6		8		232.69		1		2.8675822
Bt7		13		5		5		117.92		0		30.1143782
Bt8		10		3		7		129.09		0		20.8747359
Bt9		15		2		4		47.22		0		22.3731460
Bt10		11		6		7		159.94		0		20.4328041
Bt11		13		5		3		115.35		0		35.7479825
Bt12		17		5		3		84.34		1		3.5932634
Bt13		17		3		8		285.59		0		21.6289723
Bt14		7		6		8		157.68		1		8.2540720
Bt15		12		4		5		196.48		0		218.8931229
Bt16		16		6		3		273		0		38.4265566
Bt17		15		7		7		537.72		0		35.8269931
Bt18		14		5		7		192.47		0		13.2526352
Bt19		10		5		6		111.40		0		15.4341771
Bt20		14		5		8		495.52		0		69.7478392
Bt21		9		4		5		93.08		0		32.7296941
Bt22		15		3		7		253.69		0		17.9738161
Bt23		14		3		5		100.03		0		27.0501849
Bt24		11		4		3		83.02		0		10.2489804
Bt25		6		6		6		179.85		0		117.0954140
Bt26		17		5		3		213.77		0		28.0800820
Bt27		6		4		6		95.03		0		27.4343271
Bt28		6		2		8		94.77		0		55.1820867
Bt29		10		4		5		78.33		0		75.4672863
Bt30		12		2		6		121.31		0		13.1351301
Bt31		17		4		3		365.40		0		290.9781168
Bt32		10		4		4		48.18		0		11.3988741
Bt33		12		4		8		317.37		0		234.5399548
Bt34		11		2		3		54.94		0		32.7374042
Bt35		16		4		7		191.32		0		25.2086196
Bt36		14		2		4		142.21		0		49.1538648
Bt37		14		6		3		106.06		0		18.2579697
Bt38		16		3		5		239.22		0		18.3612331
Bt39		14		7		4		178.53		0		7.9744792
Bt40		7		3		4		65.48		0		34.5172689
Bt41		8		4		4		60.81		0		17.0923836
Bt42		15		6		8		270.41		0		15.6437945
Bt43		7		5		8		220.29		0		229.8898742
Bt44		15		6		4		241.21		1		7.3739650
Bt45		16		6		3		115.71		0		12.0105700
Bt46		17		4		3		110.83		0		62.6593847
Bt47		7		4		7		127.72		0		61.1807712
Bt48		9		3		3		56.03		0		24.5936393
Bt49		12		4		6		206.94		0		41.0323412
Bt50		6		4		7		53.36		0		12.6015419
Bt51		11		7		7		409.99		0		45.8208338
Bt52		7		6		4		87.39		1		17.4111487
Bt53		8		3		6		96.18		0		58.8218898
Bt54		14		3		4		123.20		0		106.8995004
Bt55		14		7		3		283.03		1		19.4184241
Bt56		6		4		7		77.52		0		64.2136843
Bt57		15		3		3		51.01		0		19.9513907
Bt58		17		5		3		243.41		0		44.0726761
Bt59		15		6		4		171.31		1		21.2551852
Bt60		7		4		7		309.43		1		24.0212254
Bt61		14		4		7		487.18		0		127.8963077
Bt62		16		6		6		324.10		0		21.3191943
Bt63		17		3		6		285.23		0		30.1965127
Bt64		13		3		3		132.81		0		99.4521135
Bt65		9		7		6		197.11		0		28.0010049
Bt66		13		3		5		74.94		1		3.9293316
Bt67		8		2		7		100.96		0		31.4122626
Bt68		15		4		4		93.01		0		34.7345790
Bt69		8		4		8		195.48		0		25.4652411
Bt70		16		3		5		206.86		0		49.0857197
Bt71		11		5		6		178.33		1		5.4552950
Bt72		11		4		6		140.42		1		5.7799390
Bt73		16		6		3		265.13		1		13.4175668
Bt74		11		4		5		195.28		0		21.8952987
Bt75		16		4		7		356.64		0		32.5888979
Bt76		10		3		5		135.22		0		11.9140436
Bt77		6		5		4		114.66		0		54.1354784
Bt78		16		6		3		121.72		0		40.8470525
Bt79		8		4		8		227.65		0		131.5617596
Bt80		16		7		7		516.55		1		6.9854335
Bt81		16		2		3		33		0		22.3042543
Bt82		13		4		8		389.99		1		30.2078259
Bt83		16		2		6		123.62		1		11.1783396
Bt84		16		6		8		444.16		1		13.6074774
Bt85		9		7		8		700.84		0		101.6295950
Bt86		17		5		6		224.69		0		28.9649013
Bt87		15		3		7		170.41		0		18.9102881
Bt88		16		5		5		307.03		0		27.0307549
Bt89		9		5		8		158.85		0		17.1392464
Bt90		15		6		4		356.61		0		47.9939452
Bt91		8		4		7		165.92		1		10.9534249
Bt92		6		5		3		86.03		1		11.1463852
Bt93		6		4		3		37.50		0		21.8467941
Bt94		11		4		5		100.97		0		121.4272656
Bt95		16		6		3		286.74		0		29.1194905
Bt96		12		5		3		197.71		0		42.7615827
Bt97		10		5		5		186.64		1		12.2565087
Bt98		9		4		3		86.74		0		44.4671159
Bt99		12		5		4		316.13		1		16.6219994
Bt100		11		3		7		115.15		0		164.2215366

DEMANDS PER CUSTOMER
i	Type Quantity
1	Bt12 1	Bt19 1	Bt80 1	Bt83 1	Bt100 1	
2	Bt13 1	Bt82 1	Bt95 1	
3	Bt7 1	Bt42 1	Bt55 1	Bt90 1	
4	Bt13 1	Bt32 1	Bt62 1	Bt94 1	
5	Bt28 1	Bt30 1	Bt43 1	Bt54 1	Bt88 1	Bt98 1	
6	Bt3 2	Bt58 1	Bt59 1	
7	Bt32 1	Bt77 1	
8	Bt30 1	Bt80 1	Bt92 1	
9	Bt34 1	Bt37 1	Bt84 1	Bt94 1	
10	Bt33 2	Bt75 1	Bt92 1	
11	Bt64 1	Bt66 1	Bt73 1	Bt98 1	
12	Bt46 1	Bt48 1	Bt60 1	
13	Bt6 1	Bt52 1	Bt64 1	Bt72 1	Bt92 1	Bt100 1	
14	Bt6 1	Bt14 1	Bt45 1	Bt63 1	Bt78 1	
15	Bt12 1	Bt30 1	Bt83 1	Bt100 1	
16	Bt8 1	Bt11 1	Bt60 1	Bt71 1	Bt80 1	Bt93 1	
17	Bt68 1	Bt79 1	
18	Bt29 1	Bt53 1	
19	Bt7 1	Bt29 1	Bt63 1	Bt65 1	Bt71 1	
20	Bt44 1	Bt87 1	
21	Bt1 1	Bt22 1	Bt32 1	Bt79 1	Bt94 1	
22	Bt36 1	Bt46 1	Bt57 1	Bt76 1	
23	Bt25 1	Bt38 1	Bt82 1	Bt99 1	
24	Bt22 1	Bt67 1	Bt75 1	
25	Bt7 1	Bt49 1	Bt67 1	Bt96 1	Bt99 1	
26	Bt2 1	Bt44 1	Bt66 1	Bt87 1	
27	Bt46 1	Bt57 1	
28	Bt12 1	Bt45 1	
29	Bt13 1	Bt27 1	Bt62 1	Bt77 1	Bt82 1	Bt99 1	
30	Bt27 1	Bt38 1	Bt81 1	
31	Bt24 1	Bt48 1	Bt74 2	
32	Bt19 1	Bt21 1	Bt24 1	Bt38 1	Bt63 1	Bt99 1	
33	Bt8 1	Bt10 1	Bt33 1	Bt43 1	Bt57 1	Bt67 1	
34	Bt19 1	Bt35 1	Bt45 1	Bt63 1	Bt80 1	Bt89 1	
35	Bt31 1	Bt68 1	Bt90 1	
36	Bt10 1	Bt30 1	Bt50 1	Bt56 1	Bt90 1	
37	Bt30 2	Bt53 1	
38	Bt19 1	Bt43 1	
39	Bt25 1	Bt77 1	Bt82 1	Bt88 1	Bt97 1	
40	Bt59 1	Bt65 1	Bt71 1	Bt91 1	
41	Bt52 1	Bt60 1	Bt64 1	Bt93 1	
42	Bt21 1	Bt32 1	Bt50 1	Bt54 1	Bt66 1	Bt85 1	
43	Bt21 1	Bt26 1	
44	Bt16 1	Bt26 1	Bt39 1	
45	Bt16 1	Bt23 1	Bt68 1	
46	Bt17 1	Bt33 1	Bt39 1	Bt93 1	
47	Bt9 1	Bt72 1	Bt89 1	
48	Bt27 1	Bt46 1	Bt48 1	Bt50 1	Bt82 1	Bt91 1	
49	Bt22 1	Bt34 1	Bt42 1	Bt67 1	Bt90 1	
50	Bt65 1	Bt86 1	Bt90 1	Bt93 1	
51	Bt3 1	Bt89 1	
52	Bt53 1	Bt70 1	
53	Bt2 1	Bt52 1	Bt54 1	Bt67 1	
54	Bt4 1	Bt34 1	Bt45 1	Bt47 1	Bt81 1	Bt83 1	
55	Bt24 1	Bt32 1	Bt76 1	
56	Bt4 1	Bt27 1	Bt33 1	Bt58 1	Bt68 1	Bt75 1	
57	Bt10 1	Bt89 1	
58	Bt10 1	Bt28 2	Bt30 1	Bt78 1	
59	Bt19 1	Bt46 1	
60	Bt33 1	Bt55 1	Bt79 1	
61	Bt5 1	Bt18 1	Bt76 1	
62	Bt2 1	Bt21 2	
63	Bt10 1	Bt16 1	Bt53 1	Bt63 1	
64	Bt16 1	Bt75 1	Bt95 2	Bt97 1	
65	Bt17 2	Bt45 1	
66	Bt7 1	Bt25 1	Bt67 1	Bt76 1	Bt89 1	
67	Bt53 1	Bt85 1	Bt88 1	
68	Bt12 1	Bt57 1	
69	Bt24 1	Bt72 1	Bt76 1	
70	Bt16 1	Bt37 1	Bt87 1	
71	Bt13 1	Bt15 1	Bt19 1	Bt20 1	
72	Bt65 1	Bt80 1	Bt85 1	Bt92 1	Bt98 1	
73	Bt40 1	Bt42 1	Bt63 1	Bt69 1	Bt79 1	Bt96 1	
74	Bt1 1	Bt14 1	Bt25 1	Bt65 1	
75	Bt4 1	Bt40 1	Bt46 1	Bt88 1	Bt99 1	
76	Bt5 1	Bt14 2	Bt25 1	Bt39 1	Bt44 1	
77	Bt6 1	Bt48 1	Bt71 1	
78	Bt22 1	Bt58 1	Bt78 1	Bt99 1	
79	Bt13 1	Bt20 1	Bt41 1	Bt76 1	Bt87 1	
80	Bt31 1	Bt62 1	Bt88 1	
81	Bt13 1	Bt21 1	Bt37 1	Bt78 1	
82	Bt3 1	Bt51 1	Bt64 1	Bt91 1	
83	Bt2 1	Bt45 1	Bt48 1	Bt55 1	Bt99 1	
84	Bt22 1	Bt42 1	Bt54 1	
85	Bt83 1	Bt97 1	
86	Bt13 1	Bt65 1	Bt71 1	Bt84 1	
87	Bt18 1	Bt22 1	Bt81 1	Bt91 1	
88	Bt6 1	Bt24 1	Bt37 1	Bt41 1	Bt73 1	Bt89 1	
89	Bt19 1	Bt26 1	Bt34 1	Bt35 1	Bt60 1	Bt98 1	
90	Bt74 1	Bt95 1	
91	Bt14 1	Bt24 1	Bt70 1	Bt77 2	
92	Bt26 1	Bt57 1	Bt77 1	Bt100 1	
93	Bt11 1	Bt47 1	Bt59 1	Bt67 1	Bt69 1	
94	Bt24 1	Bt83 2	Bt89 1	
95	Bt4 1	Bt35 2	Bt59 1	Bt68 1	
96	Bt8 1	Bt16 1	Bt26 1	Bt64 1	Bt79 1	Bt82 1	
97	Bt7 1	Bt43 1	Bt45 1	Bt76 1	Bt79 1	Bt80 1	
98	Bt34 1	Bt39 1	
99	Bt6 1	Bt28 1	Bt68 1	
100	Bt8 1	Bt9 1	Bt19 1	Bt67 1	Bt78 1	Bt89 1	