Name				599_n100_m400_bt100
Number_of_Customers		100
Number_of_Items			400
Number_of_ItemTypes		100
Number_of_Vehicles		22
TimeWindows			1

VEHICLE
Mass_Capacity			12595
CargoSpace_Length		60
CargoSpace_Width		25
CargoSpace_Height		30
Wheelbase			48
Max_Mass_FrontAxle		7100
Max_Mass_RearAxle		11500
Distance_FrontAxle_CargoSpace	4

CUSTOMERS
i		x		y		Demand		ReadyTime	DueDate		ServiceTime	DemandedMass	DemandedVolume
0		35		35		0		0		1000		0		0		0
1		46		20		4		726		988		10		694.74		1302
2		2		42		3		0		956		10		544.28		768
3		30		66		3		0		958		10		607.37		1668
4		35		74		3		202		498		10		525.59		768
5		61		10		5		721		975		10		610.42		1135
6		48		43		5		300		558		10		586.27		1382
7		49		17		6		450		684		10		863.72		1846
8		2		70		6		0		941		10		677.33		1386
9		50		78		5		204		406		10		696		1530
10		25		31		6		337		563		10		688.29		880
11		62		48		3		179		443		10		381.72		577
12		13		62		2		790		1000		10		381.37		756
13		1		8		2		0		250		10		279.41		381
14		23		59		3		0		963		10		232.89		492
15		22		50		4		606		822		10		1385.26		1374
16		53		32		3		0		971		10		565.53		1035
17		30		16		4		432		696		10		479.45		857
18		12		22		5		753		1000		10		915.27		1569
19		19		14		5		0		963		10		586.12		1086
20		33		51		3		2		236		10		861.62		1504
21		6		57		3		329		547		10		664.71		1284
22		20		44		2		792		1000		10		269.21		456
23		9		6		4		629		891		10		570.03		1023
24		26		7		6		551		781		10		872.45		1145
25		21		27		5		489		707		10		693.92		1485
26		54		75		3		162		408		10		588.82		1164
27		55		17		3		569		779		10		513.83		696
28		33		41		4		0		983		10		1051.76		1190
29		39		28		4		612		838		10		814.36		1108
30		8		10		6		8		228		10		826.56		2082
31		45		78		4		31		219		10		901.51		1254
32		9		0		3		612		810		10		593.6		952
33		14		38		3		0		968		10		353		738
34		14		14		4		460		684		10		548.91		969
35		17		7		5		123		393		10		711.35		1277
36		63		41		4		186		376		10		393.58		1142
37		44		37		4		248		452		10		813.94		1134
38		30		2		5		812		1000		10		617.7		1344
39		16		59		4		0		959		10		831.44		986
40		12		59		5		90		304		10		1201.5		1824
41		44		49		3		0		973		10		563.98		848
42		39		80		5		170		434		10		697.09		1488
43		67		17		6		0		953		10		623.52		1335
44		23		56		5		761		1000		10		737.57		1260
45		23		3		2		0		222		10		297.21		483
46		42		60		4		70		238		10		750.36		1600
47		56		5		5		196		406		10		1337.32		1795
48		44		26		3		49		313		10		388.84		724
49		22		77		4		0		946		10		752.99		972
50		45		59		6		569		857		10		1035.33		1947
51		32		62		3		0		962		10		505.81		776
52		37		31		4		805		1000		10		672.77		1344
53		45		32		6		575		723		10		671.85		1018
54		36		55		4		0		969		10		388.81		942
55		3		77		3		99		373		10		287.87		435
56		36		46		5		743		1000		10		733.25		1640
57		1		45		5		568		834		10		948.98		1676
58		57		71		5		0		947		10		795.09		2184
59		68		3		3		762		978		10		316.77		782
60		39		4		2		359		609		10		448.16		516
61		59		7		4		795		1000		10		441.36		738
62		39		49		4		50		262		10		826.74		1155
63		52		21		3		649		911		10		679.7		1120
64		6		47		4		608		880		10		574.2		1299
65		28		44		5		628		828		10		738.88		1616
66		41		21		4		0		192		10		563.98		1082
67		27		76		2		567		819		10		208.95		570
68		54		68		5		0		951		10		1647.72		2118
69		5		7		4		0		948		10		459.64		1464
70		58		42		4		688		864		10		898.94		1110
71		15		11		5		0		219		10		682.06		1137
72		34		65		4		440		644		10		632.28		1033
73		44		71		5		0		952		10		879.13		1647
74		7		14		3		362		630		10		355.94		654
75		10		13		2		0		956		10		297.84		708
76		27		63		3		0		245		10		508.16		666
77		10		44		6		652		918		10		717.28		1367
78		56		0		2		190		484		10		195.45		468
79		19		22		3		0		969		10		524.03		1160
80		3		57		5		440		654		10		502.69		1146
81		29		20		5		0		973		10		748.38		1210
82		24		27		4		18		244		10		634.85		1445
83		13		33		6		0		967		10		977.56		1895
84		66		0		3		0		943		10		405.96		609
85		14		54		6		564		778		10		1712.71		2078
86		14		27		3		203		463		10		312.16		600
87		41		8		6		0		254		10		892.43		1224
88		58		48		2		423		631		10		281.1		309
89		63		24		4		0		205		10		751.56		939
90		16		62		3		0		152		10		302.41		1050
91		2		51		2		0		953		10		96.12		108
92		52		5		4		599		889		10		487.93		954
93		65		9		3		758		1000		10		491.53		926
94		6		27		4		0		959		10		1134.46		1140
95		1		19		2		416		688		10		231.37		516
96		30		36		4		439		677		10		817.6		1436
97		13		47		4		712		970		10		641.77		930
98		37		21		6		101		273		10		999.74		1605
99		40		41		5		634		896		10		790.06		1438
100		0		73		3		577		825		10		635.83		1436

ITEMS
Type		Length		Width		Height		Mass		Fragility	LoadBearingStrength
Bt1		13		5		3		135.64		0		37.8319692
Bt2		16		6		8		166.18		0		14.2064430
Bt3		12		4		4		342.18		1		16.9328568
Bt4		15		3		8		124.35		0		39.8751666
Bt5		7		6		4		103.45		1		8.1136447
Bt6		9		2		8		81.10		1		6.4873919
Bt7		15		7		4		208.47		0		35.1450390
Bt8		12		6		3		105.48		0		6.7276561
Bt9		11		3		6		187.30		0		26.4566831
Bt10		6		6		6		52.07		1		3.2397824
Bt11		16		6		6		245.25		0		54.1919476
Bt12		14		4		6		281.16		0		56.4099473
Bt13		12		2		7		78.98		0		16.2427930
Bt14		14		4		3		105.77		0		19.7817200
Bt15		9		6		7		131.68		1		4.8621335
Bt16		15		3		8		259.49		0		23.6742032
Bt17		6		5		3		65.15		0		52.4145953
Bt18		6		4		5		75.33		0		28.3493098
Bt19		10		6		7		93.09		0		3.1408867
Bt20		13		6		7		327.29		0		21.7499917
Bt21		6		6		7		77.64		0		9.2616895
Bt22		12		3		7		166.80		1		4.3857864
Bt23		12		6		3		180.43		0		27.8200284
Bt24		6		3		7		106.90		0		17.3655007
Bt25		9		4		4		87		1		5.2153541
Bt26		8		4		4		63		0		34.5381946
Bt27		14		2		4		91.14		0		19.2824035
Bt28		17		6		4		178.88		0		26.7486510
Bt29		8		5		8		164.33		0		15.2643314
Bt30		14		5		3		54.08		0		4.8608386
Bt31		16		4		5		135.82		0		15.0101872
Bt32		17		6		7		230.44		0		22.6390098
Bt33		11		4		3		114.26		0		34.4033619
Bt34		13		6		4		188.11		0		60.5638344
Bt35		9		5		7		218.23		0		22.4301261
Bt36		12		6		5		323.49		0		34.8559811
Bt37		15		5		3		249.41		1		10.3690269
Bt38		11		6		4		68.19		0		4.7071131
Bt39		16		4		4		149.04		0		12.8811054
Bt40		11		2		5		70.95		0		32.9740091
Bt41		9		5		8		131.93		0		11.3848849
Bt42		11		4		6		64.57		0		3.9982238
Bt43		12		6		7		192.91		0		49.1048501
Bt44		7		3		7		124.26		0		48.0778093
Bt45		17		4		4		175.13		0		105.3739806
Bt46		12		6		7		350.51		0		55.7785441
Bt47		13		6		8		179.27		1		3.7242038
Bt48		6		3		4		64.67		0		129.2488498
Bt49		7		5		6		55.06		0		22.3865756
Bt50		7		6		7		111.85		0		45.6951928
Bt51		10		3		3		43.18		1		4.1178957
Bt52		12		6		7		166.87		0		30.8811591
Bt53		15		5		6		498.82		0		46.5457900
Bt54		6		2		3		31.45		1		18.1620413
Bt55		6		5		6		72.81		0		8.0837185
Bt56		14		4		7		144.78		0		23.5730729
Bt57		15		4		7		119.02		1		13.6701589
Bt58		17		3		3		153.87		0		85.9639971
Bt59		10		4		3		82.94		1		19.9002435
Bt60		6		6		3		97.23		0		28.6062039
Bt61		15		7		6		293.37		0		13.3351924
Bt62		17		4		6		388.39		0		58.0220700
Bt63		15		6		6		192.07		0		38.6654341
Bt64		7		3		4		31.69		0		30.4019468
Bt65		15		5		6		230.26		0		18.4530243
Bt66		10		6		6		153.89		0		8.7134745
Bt67		9		4		5		96.25		0		68.8728081
Bt68		17		6		5		443.67		1		22.9313329
Bt69		8		3		4		54.82		0		16.5387319
Bt70		14		6		5		269.19		0		42.4600357
Bt71		8		4		4		185.81		0		326.7868383
Bt72		11		4		6		281.36		0		78.7100633
Bt73		7		4		8		187.59		1		6.8530016
Bt74		9		3		8		130.79		0		15.9147231
Bt75		6		5		6		204.85		0		102.6355630
Bt76		13		7		5		162.51		0		28.5116573
Bt77		16		6		5		389.33		1		6.5620008
Bt78		14		3		7		175.17		1		27.1525291
Bt79		8		4		4		86.60		0		11.4872308
Bt80		12		4		5		177.96		0		15.5042610
Bt81		15		4		7		373.17		0		37.7101474
Bt82		12		3		7		124.74		0		20.3799586
Bt83		10		5		5		168.67		0		74.4533573
Bt84		8		5		3		93.98		0		39.9829553
Bt85		6		5		8		146.61		0		61.2154578
Bt86		13		7		3		193.50		0		22.5547838
Bt87		17		3		8		193.66		0		12.2202654
Bt88		13		3		6		106.85		0		13.9942601
Bt89		16		6		8		164.15		0		34.9586638
Bt90		15		4		8		877.38		1		16.4021886
Bt91		9		3		8		90.10		0		68.1588672
Bt92		10		5		5		151.92		0		22.0895584
Bt93		8		3		5		38.32		1		4.9009362
Bt94		6		6		3		90.80		0		30.1309227
Bt95		7		6		6		89.97		1		2.6621488
Bt96		6		3		6		85.91		0		219.8824104
Bt97		7		6		5		90.98		0		12.3599449
Bt98		12		5		4		327.08		0		49.0110492
Bt99		8		5		7		187.51		0		22.4895808
Bt100		9		7		4		171.08		0		119.8110954

DEMANDS PER CUSTOMER
i	Type Quantity
1	Bt52 1	Bt64 1	Bt77 1	Bt88 1	
2	Bt28 1	Bt93 1	Bt98 1	
3	Bt11 1	Bt15 1	Bt32 1	
4	Bt6 1	Bt46 1	Bt84 1	
5	Bt57 1	Bt58 1	Bt69 1	Bt74 1	Bt92 1	
6	Bt40 1	Bt47 1	Bt66 1	Bt67 1	Bt96 1	
7	Bt22 1	Bt41 1	Bt50 1	Bt57 1	Bt85 1	Bt99 1	
8	Bt5 1	Bt30 1	Bt38 1	Bt41 1	Bt72 1	Bt93 1	
9	Bt34 1	Bt47 1	Bt79 1	Bt91 1	Bt92 1	
10	Bt9 2	Bt25 1	Bt27 1	Bt60 1	Bt93 1	
11	Bt1 1	Bt40 1	Bt45 1	
12	Bt20 1	Bt30 1	
13	Bt86 1	Bt96 1	
14	Bt6 1	Bt13 1	Bt55 1	
15	Bt9 1	Bt11 1	Bt18 1	Bt90 1	
16	Bt23 1	Bt35 1	Bt52 1	
17	Bt21 1	Bt45 1	Bt55 1	Bt58 1	
18	Bt6 1	Bt11 1	Bt12 1	Bt58 1	Bt66 1	
19	Bt10 1	Bt24 1	Bt46 1	Bt93 2	
20	Bt32 1	Bt68 1	Bt99 1	
21	Bt16 1	Bt50 1	Bt61 1	
22	Bt6 1	Bt34 1	
23	Bt28 1	Bt86 1	Bt88 1	Bt94 1	
24	Bt13 1	Bt27 1	Bt36 1	Bt44 1	Bt83 1	Bt96 1	
25	Bt18 1	Bt21 1	Bt30 1	Bt61 1	Bt86 1	
26	Bt9 1	Bt32 1	Bt100 1	
27	Bt41 1	Bt69 1	Bt98 1	
28	Bt40 1	Bt53 1	Bt68 1	Bt93 1	
29	Bt14 1	Bt67 1	Bt68 1	Bt83 1	
30	Bt32 1	Bt33 1	Bt38 1	Bt43 1	Bt74 1	Bt95 1	
31	Bt22 1	Bt33 1	Bt61 1	Bt98 1	
32	Bt20 1	Bt27 1	Bt78 1	
33	Bt38 1	Bt80 1	Bt88 1	
34	Bt1 1	Bt30 1	Bt34 1	Bt100 1	
35	Bt29 1	Bt41 1	Bt74 1	Bt86 1	Bt94 1	
36	Bt26 1	Bt47 1	Bt49 1	Bt67 1	
37	Bt44 1	Bt77 1	Bt86 1	Bt88 1	
38	Bt11 1	Bt14 1	Bt22 1	Bt38 1	Bt64 1	
39	Bt35 1	Bt40 1	Bt58 1	Bt62 1	
40	Bt3 1	Bt20 2	Bt41 1	Bt55 1	
41	Bt36 1	Bt66 1	Bt79 1	
42	Bt9 1	Bt11 1	Bt15 1	Bt38 1	Bt48 1	
43	Bt35 1	Bt51 1	Bt52 1	Bt54 1	Bt55 1	Bt97 1	
44	Bt25 1	Bt46 1	Bt50 1	Bt60 1	Bt97 1	
45	Bt13 1	Bt35 1	
46	Bt61 1	Bt63 1	Bt67 1	Bt83 1	
47	Bt11 1	Bt37 1	Bt53 1	Bt78 1	Bt83 1	
48	Bt39 1	Bt66 1	Bt96 1	
49	Bt4 1	Bt17 1	Bt48 1	Bt53 1	
50	Bt29 1	Bt54 1	Bt71 1	Bt76 1	Bt89 1	Bt98 1	
51	Bt74 1	Bt99 2	
52	Bt43 1	Bt59 1	Bt63 1	Bt75 1	
53	Bt13 1	Bt22 1	Bt59 1	Bt60 1	Bt84 1	Bt92 1	
54	Bt4 1	Bt49 1	Bt93 1	Bt100 1	
55	Bt44 1	Bt55 1	Bt94 1	
56	Bt20 1	Bt31 1	Bt38 1	Bt50 1	Bt91 1	
57	Bt7 1	Bt41 1	Bt45 1	Bt46 1	Bt59 1	
58	Bt7 1	Bt21 1	Bt52 1	Bt80 1	Bt89 1	
59	Bt31 1	Bt95 1	Bt97 1	
60	Bt22 1	Bt72 1	
61	Bt25 1	Bt59 1	Bt67 1	Bt78 1	
62	Bt17 1	Bt44 1	Bt68 1	Bt87 1	
63	Bt57 1	Bt81 1	Bt99 1	
64	Bt1 1	Bt23 1	Bt84 1	Bt89 1	
65	Bt41 1	Bt71 1	Bt89 1	Bt96 1	Bt100 1	
66	Bt10 1	Bt24 1	Bt31 1	Bt70 1	
67	Bt49 1	Bt66 1	
68	Bt49 1	Bt80 1	Bt81 1	Bt89 1	Bt90 1	
69	Bt2 1	Bt4 1	Bt74 1	Bt93 1	
70	Bt16 1	Bt51 1	Bt70 1	Bt98 1	
71	Bt6 1	Bt12 1	Bt30 1	Bt50 1	Bt58 1	
72	Bt20 1	Bt39 1	Bt44 1	Bt64 1	
73	Bt65 1	Bt76 1	Bt83 1	Bt85 1	Bt100 1	
74	Bt78 1	Bt94 1	Bt95 1	
75	Bt14 1	Bt63 1	
76	Bt91 1	Bt97 1	Bt98 1	
77	Bt29 1	Bt34 1	Bt42 1	Bt44 1	Bt91 1	Bt96 1	
78	Bt8 1	Bt95 1	
79	Bt23 1	Bt29 1	Bt47 1	
80	Bt4 1	Bt64 1	Bt66 1	Bt88 1	Bt96 1	
81	Bt14 1	Bt21 1	Bt36 1	Bt55 1	Bt83 1	
82	Bt9 1	Bt14 1	Bt47 1	Bt76 1	
83	Bt14 1	Bt52 1	Bt72 1	Bt76 1	Bt95 1	Bt100 1	
84	Bt8 1	Bt58 1	Bt85 1	
85	Bt4 1	Bt12 1	Bt22 1	Bt40 1	Bt63 1	Bt90 1	
86	Bt18 1	Bt59 1	Bt66 1	
87	Bt10 1	Bt26 1	Bt27 1	Bt64 1	Bt72 1	Bt81 1	
88	Bt37 1	Bt64 1	
89	Bt54 1	Bt59 1	Bt68 1	Bt86 1	
90	Bt15 1	Bt19 1	Bt21 1	
91	Bt48 1	Bt54 1	
92	Bt28 1	Bt33 1	Bt50 1	Bt59 1	
93	Bt20 1	Bt21 1	Bt79 1	
94	Bt3 2	Bt11 1	Bt75 1	
95	Bt22 1	Bt42 1	
96	Bt35 1	Bt37 1	Bt71 1	Bt89 1	
97	Bt18 1	Bt65 1	Bt69 1	Bt72 1	
98	Bt3 1	Bt35 1	Bt43 1	Bt50 1	Bt67 1	Bt93 1	
99	Bt14 1	Bt19 1	Bt45 1	Bt65 1	Bt71 1	
100	Bt32 1	Bt45 1	Bt65 1	