Name				600_n100_m400_bt100
Number_of_Customers		100
Number_of_Items			400
Number_of_ItemTypes		100
Number_of_Vehicles		17
TimeWindows			1

VEHICLE
Mass_Capacity			12595
CargoSpace_Length		60
CargoSpace_Width		25
CargoSpace_Height		30
Wheelbase			48
Max_Mass_FrontAxle		7100
Max_Mass_RearAxle		11500
Distance_FrontAxle_CargoSpace	4

CUSTOMERS
i		x		y		Demand		ReadyTime	DueDate		ServiceTime	DemandedMass	DemandedVolume
0		35		35		0		0		1000		0		0		0
1		50		5		6		0		956		10		813.08		1398
2		20		57		6		0		963		10		612.74		1779
3		10		61		4		0		953		10		324.5		864
4		52		0		3		0		951		10		242.12		429
5		1		43		5		0		955		10		239.57		696
6		49		48		4		660		858		10		803.37		1275
7		55		31		3		0		969		10		354.79		680
8		14		59		4		0		958		10		352.5		1067
9		15		79		3		384		630		10		165.83		344
10		18		67		3		0		953		10		431.56		867
11		42		24		6		0		976		10		630.58		1382
12		42		72		3		0		952		10		564.15		1117
13		11		29		4		340		548		10		341.23		906
14		42		28		5		0		980		10		415.23		1029
15		39		73		4		0		951		10		319.05		932
16		14		20		6		0		964		10		422.46		1158
17		24		18		4		0		969		10		517.63		1158
18		21		6		6		844		1000		10		683.35		1589
19		50		35		2		0		975		10		173.2		408
20		56		3		3		0		951		10		198.42		660
21		45		67		5		703		883		10		311.39		1179
22		5		28		6		0		959		10		311.35		1188
23		5		42		6		140		424		10		631.52		1912
24		31		77		2		0		947		10		160.08		346
25		22		72		6		65		319		10		724.64		1949
26		15		52		3		42		226		10		215.49		453
27		62		2		4		0		947		10		434.51		796
28		61		70		5		0		946		10		369.11		1215
29		2		60		3		0		948		10		481.91		981
30		11		65		4		0		951		10		259.05		826
31		45		5		5		0		211		10		707.34		1764
32		41		46		6		0		977		10		948.39		2092
33		9		53		4		732		910		10		524.56		1074
34		1		63		2		0		945		10		178.15		522
35		66		25		6		0		957		10		925.87		2120
36		38		80		2		0		944		10		124.6		582
37		65		79		2		0		936		10		157.03		327
38		32		2		4		533		751		10		316.9		698
39		2		79		4		0		935		10		432.25		1176
40		63		42		2		0		961		10		521.05		884
41		42		61		4		0		963		10		273.61		976
42		66		58		5		0		951		10		400.46		840
43		64		39		3		0		960		10		346.83		442
44		30		25		3		601		805		10		345.1		682
45		31		65		3		0		959		10		268.48		614
46		39		56		3		424		728		10		380.06		680
47		64		67		5		50		270		10		396.47		1067
48		36		68		6		0		956		10		972.58		1718
49		67		74		3		0		939		10		648.33		1379
50		8		33		4		454		740		10		778.8		1653
51		8		3		5		782		1000		10		287.73		1080
52		1		38		4		0		955		10		549.55		820
53		37		6		6		236		508		10		525.56		1099
54		56		41		6		0		968		10		429.84		875
55		6		45		4		0		959		10		438.59		951
56		25		68		2		0		955		10		221.37		468
57		22		33		3		0		976		10		293.18		657
58		18		43		5		0		971		10		459.53		879
59		69		1		5		0		941		10		717.85		1610
60		29		20		5		0		973		10		626.82		1606
61		28		43		3		0		979		10		292.21		717
62		32		61		5		0		963		10		748.27		1701
63		20		64		5		0		957		10		467.86		1569
64		7		60		4		0		952		10		649.93		1357
65		33		7		2		0		961		10		308.09		428
66		40		11		3		0		965		10		225.15		812
67		60		17		3		0		959		10		183.38		488
68		61		76		4		0		941		10		665.62		1088
69		41		49		4		0		974		10		421.5		892
70		68		64		3		0		946		10		159.93		380
71		53		22		3		0		967		10		252.52		636
72		56		35		6		0		969		10		643.47		1396
73		5		69		3		0		944		10		209.37		544
74		12		26		2		432		692		10		313.84		670
75		14		8		4		0		955		10		568.64		1336
76		70		29		3		0		954		10		273.91		360
77		51		53		3		0		965		10		265.99		708
78		3		15		5		623		885		10		691.36		1398
79		14		5		5		0		953		10		450.25		1592
80		24		40		3		0		977		10		565.97		1074
81		64		20		2		0		957		10		355.61		600
82		25		47		3		0		974		10		437.68		738
83		46		20		3		0		971		10		456.05		1034
84		9		25		4		0		962		10		209.59		592
85		57		13		5		461		663		10		887.01		1777
86		14		40		2		0		968		10		366.96		792
87		30		8		2		0		962		10		200.71		468
88		55		44		5		74		366		10		425.48		998
89		64		75		6		141		365		10		545.81		1253
90		34		73		3		0		951		10		426.99		752
91		10		38		4		160		450		10		547.03		1596
92		63		60		2		287		545		10		69.29		264
93		52		74		3		0		947		10		335.47		722
94		40		37		5		0		984		10		267.91		838
95		26		33		6		0		980		10		750.58		1354
96		68		49		5		0		954		10		987.79		1788
97		14		66		4		451		693		10		708.89		1200
98		3		1		3		0		943		10		325.02		696
99		10		41		5		0		964		10		721.17		1750
100		66		28		6		0		958		10		803.09		1434

ITEMS
Type		Length		Width		Height		Mass		Fragility	LoadBearingStrength
Bt1		12		4		8		38.77		0		11.0585838
Bt2		8		6		6		221.46		0		70.1744723
Bt3		9		6		6		73.37		0		12.8022015
Bt4		12		5		6		285.52		0		72.8215288
Bt5		7		2		5		20.08		0		5.9426023
Bt6		14		7		6		206.88		0		8.5279537
Bt7		15		3		7		69.74		0		14.6356006
Bt8		11		5		6		137.94		0		21.1369815
Bt9		10		5		5		154.44		0		28.6037834
Bt10		17		3		4		26.46		0		31.1789359
Bt11		15		4		7		48.10		0		8.9325482
Bt12		6		4		6		37.46		0		13.8717155
Bt13		10		5		6		164.53		0		21.1011512
Bt14		9		7		6		78.54		0		9.7015719
Bt15		11		2		5		77.25		0		91.2982769
Bt16		9		2		8		159.47		0		23.0265368
Bt17		7		4		6		120.71		0		28.3704233
Bt18		12		4		4		140.31		0		18.3389482
Bt19		16		3		4		91.61		0		8.3018054
Bt20		15		5		4		56.40		1		3.0557780
Bt21		17		3		3		95.82		0		14.0066767
Bt22		6		3		4		31.43		0		42.1464153
Bt23		16		4		3		65.57		1		3.4923793
Bt24		16		6		7		313.91		0		7.5107815
Bt25		14		4		7		277.51		0		21.4091629
Bt26		9		4		8		166.91		1		8.8560178
Bt27		11		4		8		328.32		1		18.7592706
Bt28		16		3		8		71.63		0		15.2575346
Bt29		10		3		3		44.38		1		4.1440102
Bt30		8		5		7		73.68		0		4.7523471
Bt31		13		4		4		78.10		0		11.7223063
Bt32		7		3		8		109.73		0		74.8235486
Bt33		6		4		3		82.20		0		48.4664225
Bt34		17		5		5		180.66		0		17.1470605
Bt35		6		6		8		118.03		1		7.7137585
Bt36		9		5		5		84.40		0		24.6272900
Bt37		16		5		4		59.27		0		50.0455868
Bt38		12		6		4		117.46		1		3.0747247
Bt39		16		3		4		21.88		0		3.5643152
Bt40		12		5		8		151.77		0		22.2411776
Bt41		6		4		7		51.81		0		18.0202283
Bt42		6		6		8		161.24		0		23.2806662
Bt43		9		4		6		78.29		0		14.2858204
Bt44		11		6		5		112.58		0		7.6448537
Bt45		12		5		3		92.67		0		41.6053753
Bt46		11		4		3		66.84		0		142.8462421
Bt47		14		5		3		160.45		1		8.0609845
Bt48		7		7		7		276.34		0		41.6907145
Bt49		15		3		4		85.20		0		30.2565695
Bt50		11		3		6		131.29		0		166.7311277
Bt51		11		5		3		39.61		0		12.7530697
Bt52		6		6		8		159.07		0		22.0821203
Bt53		6		6		5		83.25		1		6.8903378
Bt54		17		6		3		129.58		1		13.7030920
Bt55		8		4		5		44.71		0		7.7266132
Bt56		10		3		3		12.70		0		5.2728063
Bt57		10		2		8		80.32		0		26.1189244
Bt58		6		4		3		26.76		1		6.5647230
Bt59		11		6		4		194.91		0		28.5661116
Bt60		17		2		4		57.09		1		17.4462700
Bt61		12		2		3		25.89		0		20.3295023
Bt62		7		7		3		73.78		0		37.7685697
Bt63		10		2		3		25.07		0		16.8513970
Bt64		16		3		3		29.42		0		11.8654484
Bt65		6		5		4		55.17		0		11.5241381
Bt66		13		5		4		187.38		0		26.3368574
Bt67		6		5		6		84.08		0		15.9507228
Bt68		13		3		8		133.23		1		16.4949771
Bt69		10		5		5		137.49		1		8.1498399
Bt70		12		4		7		83.70		0		6.2831369
Bt71		14		4		5		211.12		0		75.9355969
Bt72		13		6		5		102.72		1		2.2962340
Bt73		16		4		8		293.28		0		29.0406469
Bt74		9		4		4		75.88		0		36.8658864
Bt75		9		5		4		90.21		0		49.0596811
Bt76		6		4		5		108.53		1		25.5170753
Bt77		8		6		8		197.62		0		25.8232653
Bt78		12		7		6		309.07		1		15.8026679
Bt79		13		4		3		37.11		0		20.3160816
Bt80		14		6		8		228.82		0		33.5668775
Bt81		16		7		7		363.03		0		21.5388369
Bt82		9		5		4		38.30		0		24.1513326
Bt83		7		4		3		66.80		0		82.5200387
Bt84		10		3		3		50.72		1		5.2401202
Bt85		6		5		8		86.85		0		82.1787657
Bt86		13		6		8		333.67		1		16.3783590
Bt87		7		3		4		57.31		1		12.6107058
Bt88		7		7		3		70.04		0		41.1931828
Bt89		6		6		7		52.36		0		11.5349593
Bt90		14		2		4		25.44		0		10.6338453
Bt91		17		2		3		79.41		0		125.5259521
Bt92		17		6		3		116.97		0		19.0387481
Bt93		10		7		3		102.99		0		20.7287562
Bt94		12		7		4		79.22		0		11.4853949
Bt95		9		6		6		135.58		0		6.7317682
Bt96		10		3		4		53.48		0		15.9598109
Bt97		8		7		5		115.46		0		25.6354907
Bt98		8		5		7		215.56		0		43.9687177
Bt99		6		4		5		39.87		0		16.1347140
Bt100		16		7		5		88.28		0		9.7106629

DEMANDS PER CUSTOMER
i	Type Quantity
1	Bt9 1	Bt58 1	Bt59 1	Bt73 1	Bt75 1	Bt96 1	
2	Bt2 1	Bt7 1	Bt12 1	Bt28 1	Bt68 1	Bt94 1	
3	Bt29 1	Bt46 1	Bt54 1	Bt70 1	
4	Bt45 1	Bt88 1	Bt91 1	
5	Bt19 1	Bt63 1	Bt64 1	Bt65 1	Bt82 1	
6	Bt26 1	Bt46 1	Bt48 1	Bt73 1	
7	Bt23 1	Bt31 1	Bt71 1	
8	Bt21 1	Bt50 1	Bt79 1	Bt100 1	
9	Bt15 1	Bt56 1	Bt74 1	
10	Bt7 1	Bt26 1	Bt59 1	
11	Bt22 1	Bt67 1	Bt74 1	Bt81 1	Bt84 1	Bt90 1	
12	Bt34 1	Bt73 1	Bt75 1	
13	Bt39 1	Bt83 1	Bt92 1	Bt95 1	
14	Bt12 1	Bt35 2	Bt36 1	Bt87 1	
15	Bt19 1	Bt30 1	Bt82 1	Bt97 1	
16	Bt3 1	Bt18 1	Bt22 1	Bt39 1	Bt54 1	Bt61 1	
17	Bt12 1	Bt24 1	Bt85 1	Bt91 1	
18	Bt32 1	Bt34 1	Bt58 1	Bt71 1	Bt83 1	Bt100 1	
19	Bt35 1	Bt65 1	
20	Bt20 1	Bt65 1	Bt85 1	
21	Bt7 1	Bt10 1	Bt40 1	Bt56 1	Bt84 1	
22	Bt10 1	Bt28 1	Bt29 1	Bt79 1	Bt89 1	Bt91 1	
23	Bt3 1	Bt10 1	Bt17 1	Bt64 1	Bt73 1	Bt100 1	
24	Bt60 1	Bt93 1	
25	Bt14 1	Bt37 1	Bt39 1	Bt42 1	Bt86 1	Bt88 1	
26	Bt17 1	Bt51 1	Bt65 1	
27	Bt17 1	Bt23 1	Bt71 1	Bt79 1	
28	Bt14 1	Bt21 1	Bt28 1	Bt53 1	Bt99 1	
29	Bt51 1	Bt68 1	Bt78 1	
30	Bt12 1	Bt29 1	Bt40 1	Bt90 1	
31	Bt1 1	Bt43 1	Bt66 1	Bt81 1	Bt99 1	
32	Bt12 1	Bt18 1	Bt45 1	Bt80 1	Bt86 1	Bt97 1	
33	Bt47 1	Bt58 1	Bt76 1	Bt80 1	
34	Bt23 1	Bt44 1	
35	Bt22 1	Bt75 1	Bt81 2	Bt82 1	Bt99 1	
36	Bt39 1	Bt72 1	
37	Bt53 1	Bt62 1	
38	Bt5 1	Bt26 1	Bt49 1	Bt55 1	
39	Bt3 1	Bt6 1	Bt49 1	Bt83 1	
40	Bt66 1	Bt86 1	
41	Bt11 1	Bt46 1	Bt68 1	Bt90 1	
42	Bt2 1	Bt12 2	Bt33 1	Bt39 1	
43	Bt15 1	Bt33 1	Bt66 1	
44	Bt9 1	Bt42 1	Bt64 1	
45	Bt30 1	Bt69 1	Bt87 1	
46	Bt71 1	Bt96 1	Bt97 1	
47	Bt7 1	Bt52 1	Bt58 1	Bt90 1	Bt97 1	
48	Bt10 1	Bt27 1	Bt35 1	Bt52 1	Bt54 1	Bt71 1	
49	Bt7 1	Bt81 1	Bt98 1	
50	Bt19 1	Bt24 1	Bt51 1	Bt86 1	
51	Bt1 1	Bt19 1	Bt20 1	Bt63 1	Bt74 1	
52	Bt2 1	Bt58 1	Bt71 1	Bt75 1	
53	Bt2 1	Bt20 1	Bt46 1	Bt57 1	Bt58 1	Bt62 1	
54	Bt13 1	Bt15 1	Bt21 1	Bt46 1	Bt56 2	
55	Bt67 1	Bt77 1	Bt85 1	Bt88 1	
56	Bt10 1	Bt59 1	
57	Bt8 1	Bt49 1	Bt88 1	
58	Bt9 2	Bt65 1	Bt88 1	Bt90 1	
59	Bt4 1	Bt23 1	Bt35 1	Bt47 1	Bt100 1	
60	Bt38 1	Bt53 1	Bt57 1	Bt80 1	Bt92 1	
61	Bt34 1	Bt46 1	Bt55 1	
62	Bt12 1	Bt34 1	Bt71 1	Bt75 1	Bt80 1	
63	Bt28 2	Bt34 1	Bt60 1	Bt85 1	
64	Bt7 1	Bt24 1	Bt84 1	Bt98 1	
65	Bt17 1	Bt66 1	
66	Bt3 1	Bt30 1	Bt31 1	
67	Bt37 1	Bt83 1	Bt87 1	
68	Bt25 1	Bt60 1	Bt97 1	Bt98 1	
69	Bt23 1	Bt59 1	Bt90 1	Bt95 1	
70	Bt15 1	Bt29 1	Bt82 1	
71	Bt38 1	Bt41 1	Bt53 1	
72	Bt44 1	Bt49 1	Bt50 1	Bt52 1	Bt97 1	Bt99 1	
73	Bt22 1	Bt55 1	Bt68 1	
74	Bt71 1	Bt72 1	
75	Bt43 1	Bt75 1	Bt79 1	Bt81 1	
76	Bt18 1	Bt83 2	
77	Bt10 1	Bt42 1	Bt43 1	
78	Bt15 1	Bt18 1	Bt64 1	Bt80 1	Bt98 1	
79	Bt39 1	Bt50 1	Bt54 1	Bt94 1	Bt100 1	
80	Bt19 1	Bt24 1	Bt47 1	
81	Bt25 1	Bt31 1	
82	Bt16 1	Bt42 1	Bt92 1	
83	Bt56 1	Bt57 1	Bt81 1	
84	Bt30 1	Bt58 1	Bt63 1	Bt67 1	
85	Bt15 1	Bt35 1	Bt48 1	Bt81 1	Bt89 1	
86	Bt30 1	Bt73 1	
87	Bt38 1	Bt53 1	
88	Bt15 1	Bt35 1	Bt38 1	Bt61 1	Bt85 1	
89	Bt17 1	Bt34 1	Bt43 1	Bt53 1	Bt64 1	Bt96 1	
90	Bt4 1	Bt33 1	Bt37 1	
91	Bt14 1	Bt47 1	Bt80 1	Bt94 1	
92	Bt64 1	Bt99 1	
93	Bt9 1	Bt23 1	Bt97 1	
94	Bt5 1	Bt12 1	Bt39 1	Bt52 1	Bt64 1	
95	Bt5 1	Bt44 1	Bt47 1	Bt76 1	Bt78 1	Bt99 1	
96	Bt6 1	Bt16 1	Bt38 1	Bt59 1	Bt78 1	
97	Bt22 1	Bt25 1	Bt27 1	Bt28 1	
98	Bt17 1	Bt38 1	Bt85 1	
99	Bt1 1	Bt52 1	Bt81 1	Bt87 1	Bt93 1	
100	Bt4 1	Bt17 1	Bt38 1	Bt62 1	Bt88 1	Bt95 1	