Name				VRPTWP08
Number_of_Customers		22
Number_of_Items			43
Number_of_ItemTypes		43
Number_of_Vehicles		6
TimeWindows			1

VEHICLE
Mass_Capacity			4500
CargoSpace_Length		60
CargoSpace_Width		25
CargoSpace_Height		30
Wheelbase			48
Max_Mass_FrontAxle		2536
Max_Mass_RearAxle		4108
Distance_FrontAxle_CargoSpace	4

CUSTOMERS
i		x		y		Demand		ReadyTime	DueDate		ServiceTime	DemandedMass	DemandedVolume
0		40		50		0		0		1236		0		0		0
1		45		68		1		830		1049		90		125		4420
2		45		70		1		756		939		90		84		1122
3		42		66		1		16		336		90		60		7920
4		42		68		2		643		866		90		500		9289
5		42		65		2		15		226		90		300		6468
6		40		69		1		499		824		90		175		840
7		40		66		2		87		308		90		350		4389
8		38		68		3		150		429		90		150		14005
9		38		70		2		429		710		90		1100		6608
10		35		66		1		279		488		90		4100		1584
11		35		69		3		363		590		90		225		4416
12		25		85		2		547		826		90		300		4596
13		22		75		3		30		280		90		250		3762
14		22		85		1		489		698		90		500		2100
15		20		80		1		318		495		90		150		4056
16		20		85		2		394		609		90		100		3952
17		18		75		2		33		226		90		250		8580
18		15		75		3		68		365		90		120		11628
19		15		80		2		176		447		90		600		5787
20		30		50		3		10		265		90		500		8008
21		30		52		2		836		1043		90		175		5428
22		28		52		3		704		991		90		75		8386

ITEMS
Type		Length		Width		Height		Mass		Fragility	LoadBearingStrength
Bt1		34		10		13		125		0		1.4170997
Bt2		17		6		11		84		0		3.7663660
Bt3		33		15		16		60		1		0.6951593
Bt4		28		14		17		250		1		0.9840529
Bt5		35		5		15		250		1		0.6611398
Bt6		21		12		14		150		0		3.1060640
Bt7		35		14		6		150		1		0.8618608
Bt8		15		8		7		175		0		2.2865746
Bt9		15		11		17		175		0		2.8029420
Bt10		22		6		12		175		1		0.6885491
Bt11		36		11		13		50		0		2.3189662
Bt12		27		11		17		50		0		3.4779462
Bt13		34		7		16		50		0		3.3935697
Bt14		36		13		7		550		0		1.0617670
Bt15		28		7		17		550		1		0.7167358
Bt16		18		11		8		4100		0		2.4780278
Bt17		20		12		9		75		0		1.5761334
Bt18		18		6		10		75		0		1.0006059
Bt19		24		7		7		75		1		0.7858864
Bt20		34		6		15		150		0		3.3300845
Bt21		16		6		16		150		0		3.8174599
Bt22		14		9		11		83.33		0		2.1185657
Bt23		24		7		7		83.33		0		3.5032611
Bt24		15		10		8		83.33		1		0.9843311
Bt25		21		10		10		500		0		3.0485808
Bt26		26		13		12		150		0		2.1159061
Bt27		13		7		7		50		0		2.4887970
Bt28		17		13		15		50		1		0.6032600
Bt29		32		13		15		125		0		1.5665273
Bt30		20		13		9		125		0		2.5642374
Bt31		30		15		16		40		0		1.3218348
Bt32		32		11		9		40		0		1.6584387
Bt33		14		9		10		40		0		3.3873873
Bt34		33		9		11		300		0		2.5853523
Bt35		30		12		7		300		0		1.4164279
Bt36		36		10		10		166.67		0		3.3930556
Bt37		29		10		8		166.67		0		1.6507405
Bt38		29		8		9		166.67		0		3.0676569
Bt39		24		15		8		87.50		0		3.0290202
Bt40		13		14		14		87.50		0		2.2166463
Bt41		18		13		11		25		0		2.2745466
Bt42		22		8		11		25		0		1.4069242
Bt43		19		12		17		25		1		0.6320020

DEMANDS PER CUSTOMER
i	Type Quantity
1	Bt1 1	
2	Bt2 1	
3	Bt3 1	
4	Bt4 1	Bt5 1	
5	Bt6 1	Bt7 1	
6	Bt8 1	
7	Bt9 1	Bt10 1	
8	Bt11 1	Bt12 1	Bt13 1	
9	Bt14 1	Bt15 1	
10	Bt16 1	
11	Bt17 1	Bt18 1	Bt19 1	
12	Bt20 1	Bt21 1	
13	Bt22 1	Bt23 1	Bt24 1	
14	Bt25 1	
15	Bt26 1	
16	Bt27 1	Bt28 1	
17	Bt29 1	Bt30 1	
18	Bt31 1	Bt32 1	Bt33 1	
19	Bt34 1	Bt35 1	
20	Bt36 1	Bt37 1	Bt38 1	
21	Bt39 1	Bt40 1	
22	Bt41 1	Bt42 1	Bt43 1	