Name				VRPTWP26
Number_of_Customers		100
Number_of_Items			199
Number_of_ItemTypes		199
Number_of_Vehicles		26
TimeWindows			1

VEHICLE
Mass_Capacity			200
CargoSpace_Length		60
CargoSpace_Width		25
CargoSpace_Height		30
Wheelbase			48
Max_Mass_FrontAxle		112
Max_Mass_RearAxle		182
Distance_FrontAxle_CargoSpace	4

CUSTOMERS
i		x		y		Demand		ReadyTime	DueDate		ServiceTime	DemandedMass	DemandedVolume
0		35		35		0		0		230		0		0		0
1		41		49		1		133		198		10		10		2646
2		35		17		3		22		87		10		30		11159
3		55		45		2		98		143		10		10		9555
4		55		20		1		123		184		10		10		1365
5		15		30		3		20		93		10		10		7524
6		25		30		1		76		131		10		20		1650
7		20		50		3		61		110		10		20		8590
8		10		43		3		75		124		10		20		6884
9		55		60		2		74		129		10		10		6402
10		30		60		2		107		150		10		10		10218
11		20		65		3		42		101		10		10		7573
12		50		35		1		38		97		10		20		768
13		30		25		2		131		196		10		30		4763
14		15		10		3		32		114		10		10		6832
15		30		5		2		35		96		10		40		3511
16		10		20		2		52		107		10		40		4770
17		5		30		2		124		189		10		20		6180
18		20		40		1		69		114		10		20		4320
19		15		60		2		52		109		10		10		5685
20		45		65		1		105		156		10		10		4550
21		45		20		3		37		96		10		20		11175
22		45		10		3		76		127		10		20		12579
23		55		5		1		43		102		10		10		1197
24		65		35		3		124		190		10		10		10444
25		65		20		3		121		186		10		40		10363
26		45		30		1		112		161		10		10		1080
27		35		40		3		8		75		10		10		10388
28		41		37		2		11		76		10		20		7236
29		64		42		2		37		98		10		10		3252
30		40		60		1		49		102		10		10		4480
31		31		52		2		24		85		10		20		2640
32		35		69		2		116		175		10		30		8250
33		53		52		3		24		92		10		40		6504
34		65		55		1		96		147		10		20		4732
35		63		65		2		116		178		10		10		7548
36		2		60		1		41		112		10		10		1848
37		20		20		2		113		164		10		20		3660
38		5		5		1		60		115		10		30		1764
39		60		12		3		33		110		10		20		9112
40		40		25		3		65		114		10		10		11440
41		42		7		3		72		131		10		10		11047
42		24		12		2		25		91		10		20		7466
43		23		3		1		111		162		10		10		3990
44		11		14		2		45		102		10		10		4536
45		6		38		1		29		99		10		10		2744
46		2		48		3		92		151		10		30		11471
47		8		56		3		34		105		10		10		6762
48		13		52		3		128		192		10		10		9846
49		6		68		1		93		132		10		10		5610
50		47		47		3		102		155		10		10		7497
51		49		58		1		64		121		10		10		2340
52		27		43		1		26		87		10		10		1008
53		37		31		2		75		124		10		20		6620
54		57		29		3		118		171		10		40		10492
55		63		23		1		111		170		10		10		1920
56		53		12		3		106		163		10		30		3544
57		32		12		1		77		134		10		40		7854
58		36		26		2		147		210		10		30		7483
59		21		24		3		17		100		10		10		9080
60		17		34		3		134		199		10		20		13362
61		12		24		3		55		106		10		10		8235
62		24		58		3		30		95		10		20		11130
63		27		69		1		34		103		10		50		1764
64		15		77		3		48		107		10		10		4311
65		62		77		3		49		113		10		10		11299
66		49		73		1		104		159		10		10		3360
67		67		5		1		59		116		10		10		4784
68		56		39		1		117		176		10		10		1584
69		37		47		2		23		86		10		10		6356
70		37		56		2		123		198		10		30		6195
71		57		68		2		54		109		10		20		5860
72		47		16		2		22		96		10		10		6972
73		44		17		3		56		109		10		10		8953
74		46		13		2		123		184		10		50		6512
75		49		11		1		45		102		10		20		3432
76		49		42		2		52		103		10		10		4524
77		53		43		1		136		200		10		10		5236
78		61		52		2		71		130		10		20		4124
79		57		48		2		72		121		10		10		10144
80		56		37		1		135		198		10		10		2835
81		55		54		1		78		119		10		30		3920
82		15		47		2		29		90		10		20		6809
83		14		37		2		21		89		10		10		7462
84		11		31		3		81		130		10		20		5229
85		16		22		2		70		121		10		30		6984
86		4		18		2		74		123		10		10		6748
87		28		18		2		79		116		10		20		5229
88		26		52		3		50		107		10		30		10908
89		26		35		1		139		211		10		10		2790
90		31		67		1		73		126		10		10		3072
91		15		19		3		132		194		10		10		7085
92		22		22		1		18		88		10		20		2304
93		18		24		2		129		199		10		40		5346
94		26		27		1		81		128		10		10		4290
95		25		24		1		14		78		10		30		2772
96		22		27		2		114		165		10		10		7602
97		25		21		2		115		160		10		30		6688
98		19		21		2		32		93		10		20		3936
99		20		26		1		60		115		10		10		900
100		18		18		3		123		195		10		20		9986

ITEMS
Type		Length		Width		Height		Mass		Fragility	LoadBearingStrength
Bt1		21		9		14		10		0		1.8728619
Bt2		29		14		15		10		0		1.9261395
Bt3		31		11		9		10		0		2.4589967
Bt4		20		10		10		10		1		0.9357565
Bt5		35		11		15		5		0		1.0298493
Bt6		30		14		9		5		0		2.1025401
Bt7		13		7		15		10		1		0.5424966
Bt8		33		6		18		3.33		0		2.3510835
Bt9		30		7		16		3.33		0		2.7934830
Bt10		15		5		8		3.33		0		3.7774797
Bt11		15		10		11		20		1		0.6429312
Bt12		21		14		12		6.67		0		3.9988391
Bt13		17		8		12		6.67		0		2.4081584
Bt14		35		7		14		6.67		1		0.6986352
Bt15		26		12		14		6.67		0		2.8827479
Bt16		13		8		11		6.67		0		2.0457108
Bt17		14		14		7		6.67		1		0.9119782
Bt18		22		10		7		5		0		3.9080956
Bt19		34		13		11		5		1		0.8878230
Bt20		34		13		17		5		0		3.8046305
Bt21		13		13		16		5		0		3.1067545
Bt22		20		12		17		3.33		0		2.8232758
Bt23		13		6		11		3.33		0		1.7186807
Bt24		31		5		17		3.33		1		0.6626529
Bt25		16		8		6		20		1		0.8218686
Bt26		31		9		11		15		0		1.9660703
Bt27		22		11		7		15		0		1.8108757
Bt28		14		5		10		3.33		0		1.5463178
Bt29		18		14		15		3.33		1		0.6959449
Bt30		12		14		14		3.33		1		0.8207562
Bt31		12		13		16		20		0		2.9569679
Bt32		29		5		7		20		0		1.3646298
Bt33		30		5		7		20		0		2.4923965
Bt34		31		8		15		20		1		0.5865371
Bt35		32		15		11		10		0		3.1102578
Bt36		15		6		10		10		0		3.1097198
Bt37		36		15		8		20		1		0.9671882
Bt38		17		9		13		5		0		2.1295239
Bt39		22		14		12		5		1		0.9423535
Bt40		35		13		10		10		0		1.7165339
Bt41		33		14		12		6.67		0		1.3875706
Bt42		29		6		17		6.67		0		1.9245126
Bt43		33		9		9		6.67		0		1.4344240
Bt44		29		15		14		6.67		0		3.8964392
Bt45		36		14		10		6.67		0		3.3511799
Bt46		23		7		9		6.67		0		2.8843595
Bt47		19		9		7		10		1		0.9537823
Bt48		35		14		12		3.33		0		3.8618564
Bt49		31		7		16		3.33		0		2.8735261
Bt50		13		12		7		3.33		0		1.1057543
Bt51		27		13		15		13.33		0		1.0229076
Bt52		34		5		15		13.33		1		0.5510342
Bt53		26		7		14		13.33		1		0.9366843
Bt54		20		6		9		10		0		1.9051796
Bt55		36		14		11		3.33		0		1.3202377
Bt56		32		11		7		3.33		0		3.3528468
Bt57		34		7		10		3.33		0		3.9819241
Bt58		36		9		11		10		0		2.3823374
Bt59		34		12		9		10		1		0.9934389
Bt60		16		11		15		5		0		2.7084434
Bt61		17		6		6		5		0		1.0179341
Bt62		35		8		16		10		0		1.9856617
Bt63		28		5		6		10		0		2.3294331
Bt64		30		6		10		10		1		0.7225424
Bt65		33		15		12		15		1		0.5879174
Bt66		30		7		11		15		1		0.6753307
Bt67		36		13		6		13.33		0		2.2233972
Bt68		12		13		16		13.33		0		2.4639065
Bt69		24		5		10		13.33		0		1.8896570
Bt70		26		13		14		20		0		3.0960217
Bt71		20		15		8		5		0		3.9385829
Bt72		33		13		12		5		1		0.9359388
Bt73		24		7		11		10		1		0.6447660
Bt74		30		9		10		10		0		1.9272158
Bt75		16		6		10		10		0		1.4397059
Bt76		18		7		14		30		0		3.1185110
Bt77		29		10		16		6.67		0		2.4714510
Bt78		20		5		14		6.67		0		3.5087447
Bt79		16		12		16		6.67		1		0.9679291
Bt80		35		13		14		3.33		0		3.1199630
Bt81		30		11		11		3.33		0		2.5424003
Bt82		18		8		10		3.33		0		3.0519608
Bt83		30		14		17		3.33		0		2.8556297
Bt84		19		9		17		3.33		0		2.7746325
Bt85		25		5		8		3.33		0		2.6570653
Bt86		24		14		16		10		0		1.5622353
Bt87		19		11		10		10		0		2.4430741
Bt88		19		14		15		10		0		1.6785063
Bt89		28		9		9		5		0		1.8283945
Bt90		21		12		9		5		1		0.7186951
Bt91		28		14		7		10		0		1.0832230
Bt92		31		13		14		10		0		1.0849234
Bt93		33		11		11		10		0		1.6788462
Bt94		17		6		18		10		0		1.2761141
Bt95		30		7		13		3.33		0		3.1905808
Bt96		15		10		14		3.33		0		1.6098477
Bt97		23		7		12		3.33		1		0.7521078
Bt98		35		10		13		3.33		0		1.8776368
Bt99		18		9		16		3.33		0		3.1755259
Bt100		13		13		16		3.33		1		0.5816254
Bt101		33		10		17		10		1		0.9458091
Bt102		16		12		18		3.33		0		2.1854942
Bt103		29		8		9		3.33		0		3.2084263
Bt104		31		7		9		3.33		0		1.2550049
Bt105		18		13		10		10		0		2.0077013
Bt106		18		7		8		10		0		3.0991154
Bt107		35		7		18		10		0		1.7081221
Bt108		17		13		10		10		0		3.8909531
Bt109		14		14		16		13.33		0		3.8825121
Bt110		32		12		8		13.33		0		1.2453734
Bt111		34		14		9		13.33		1		0.5357778
Bt112		16		12		10		10		0		1.2115943
Bt113		18		6		10		10		0		1.6717207
Bt114		24		5		11		10		1		0.5770182
Bt115		13		8		11		10		1		0.7480527
Bt116		33		14		17		40		0		1.3489905
Bt117		21		15		17		15		0		2.8369669
Bt118		19		7		16		15		0		3.0281245
Bt119		25		13		16		3.33		0		2.3407223
Bt120		31		5		16		3.33		0		1.7829512
Bt121		20		7		10		3.33		1		0.9113555
Bt122		29		14		17		6.67		0		1.3760567
Bt123		31		8		17		6.67		0		2.1952643
Bt124		12		11		17		6.67		0		1.2291024
Bt125		23		12		8		3.33		0		3.6711735
Bt126		17		7		17		3.33		0		1.7073580
Bt127		22		14		13		3.33		1		0.9586458
Bt128		17		15		18		6.67		0		1.2015037
Bt129		35		12		9		6.67		1		0.9932125
Bt130		23		12		10		6.67		1		0.8387146
Bt131		14		9		14		50		0		2.8459133
Bt132		30		11		6		3.33		0		1.5356173
Bt133		19		6		14		3.33		0		1.6315829
Bt134		15		7		7		3.33		0		1.4375795
Bt135		23		14		13		3.33		0		3.5089760
Bt136		13		13		10		3.33		0		3.4719885
Bt137		29		11		17		3.33		1		0.5484524
Bt138		21		10		16		10		0		2.0216798
Bt139		23		13		16		10		1		0.7018307
Bt140		22		6		12		10		0		1.7092056
Bt141		36		11		11		5		0		2.9056719
Bt142		25		10		8		5		0		3.1584591
Bt143		35		12		8		15		0		2.4085916
Bt144		21		9		15		15		0		1.0402444
Bt145		18		15		14		10		0		3.3826313
Bt146		20		8		13		10		0		1.6836178
Bt147		32		12		14		5		0		2.6223422
Bt148		19		7		12		5		1		0.8314461
Bt149		33		9		17		3.33		0		1.3204472
Bt150		23		6		8		3.33		0		1.9906384
Bt151		25		8		14		3.33		1		0.7256571
Bt152		31		8		10		25		0		2.6375449
Bt153		28		9		16		25		1		0.9333651
Bt154		24		13		11		20		0		3.3615155
Bt155		16		12		17		5		0		3.3160735
Bt156		14		9		10		5		0		3.5911498
Bt157		34		14		11		10		0		1.9429282
Bt158		13		11		16		10		0		2.6330915
Bt159		17		6		18		10		1		0.8841874
Bt160		36		14		16		5		0		2.4051768
Bt161		16		10		13		5		1		0.8288446
Bt162		27		7		15		10		0		2.1824937
Bt163		28		10		14		30		0		1.8033741
Bt164		28		13		11		10		0		3.2846765
Bt165		17		15		11		10		0		3.2726052
Bt166		23		14		11		5		0		2.2206744
Bt167		35		7		16		5		1		0.9301466
Bt168		16		11		15		6.67		0		3.0897322
Bt169		29		8		6		6.67		0		3.5465910
Bt170		19		7		9		6.67		0		2.0693917
Bt171		24		14		15		15		0		3.0037159
Bt172		27		6		12		15		1		0.7453149
Bt173		30		8		14		5		0		1.9120741
Bt174		22		14		11		5		1		0.9073714
Bt175		21		9		18		10		0		2.1617272
Bt176		29		9		7		10		1		0.7959397
Bt177		36		8		9		10		0		1.1923855
Bt178		33		9		8		10		0		2.0709729
Bt179		30		11		18		10		1		0.8340521
Bt180		31		6		15		10		0		3.2633187
Bt181		32		6		16		10		0		3.1545728
Bt182		20		8		17		3.33		0		2.8584890
Bt183		35		9		7		3.33		0		2.1910716
Bt184		15		12		12		3.33		0		1.1404132
Bt185		32		6		12		20		1		0.6812752
Bt186		21		6		15		20		0		3.2607709
Bt187		32		9		12		20		1		0.7985176
Bt188		33		10		13		10		0		2.5019138
Bt189		28		11		9		30		0		2.8581514
Bt190		24		12		14		5		0		1.7672950
Bt191		30		7		17		5		1		0.6599265
Bt192		17		14		16		15		0		2.0407783
Bt193		24		12		10		15		0		2.6915283
Bt194		14		8		18		10		0		3.0169393
Bt195		16		8		15		10		1		0.6589326
Bt196		15		6		10		10		0		2.7276489
Bt197		34		14		10		6.67		0		1.4679652
Bt198		32		8		15		6.67		0		1.2454004
Bt199		14		9		11		6.67		1		0.6661732

DEMANDS PER CUSTOMER
i	Type Quantity
1	Bt1 1	
2	Bt2 1	Bt3 1	Bt4 1	
3	Bt5 1	Bt6 1	
4	Bt7 1	
5	Bt8 1	Bt9 1	Bt10 1	
6	Bt11 1	
7	Bt12 1	Bt13 1	Bt14 1	
8	Bt15 1	Bt16 1	Bt17 1	
9	Bt18 1	Bt19 1	
10	Bt20 1	Bt21 1	
11	Bt22 1	Bt23 1	Bt24 1	
12	Bt25 1	
13	Bt26 1	Bt27 1	
14	Bt28 1	Bt29 1	Bt30 1	
15	Bt31 1	Bt32 1	
16	Bt33 1	Bt34 1	
17	Bt35 1	Bt36 1	
18	Bt37 1	
19	Bt38 1	Bt39 1	
20	Bt40 1	
21	Bt41 1	Bt42 1	Bt43 1	
22	Bt44 1	Bt45 1	Bt46 1	
23	Bt47 1	
24	Bt48 1	Bt49 1	Bt50 1	
25	Bt51 1	Bt52 1	Bt53 1	
26	Bt54 1	
27	Bt55 1	Bt56 1	Bt57 1	
28	Bt58 1	Bt59 1	
29	Bt60 1	Bt61 1	
30	Bt62 1	
31	Bt63 1	Bt64 1	
32	Bt65 1	Bt66 1	
33	Bt67 1	Bt68 1	Bt69 1	
34	Bt70 1	
35	Bt71 1	Bt72 1	
36	Bt73 1	
37	Bt74 1	Bt75 1	
38	Bt76 1	
39	Bt77 1	Bt78 1	Bt79 1	
40	Bt80 1	Bt81 1	Bt82 1	
41	Bt83 1	Bt84 1	Bt85 1	
42	Bt86 1	Bt87 1	
43	Bt88 1	
44	Bt89 1	Bt90 1	
45	Bt91 1	
46	Bt92 1	Bt93 1	Bt94 1	
47	Bt95 1	Bt96 1	Bt97 1	
48	Bt98 1	Bt99 1	Bt100 1	
49	Bt101 1	
50	Bt102 1	Bt103 1	Bt104 1	
51	Bt105 1	
52	Bt106 1	
53	Bt107 1	Bt108 1	
54	Bt109 1	Bt110 1	Bt111 1	
55	Bt112 1	
56	Bt113 1	Bt114 1	Bt115 1	
57	Bt116 1	
58	Bt117 1	Bt118 1	
59	Bt119 1	Bt120 1	Bt121 1	
60	Bt122 1	Bt123 1	Bt124 1	
61	Bt125 1	Bt126 1	Bt127 1	
62	Bt128 1	Bt129 1	Bt130 1	
63	Bt131 1	
64	Bt132 1	Bt133 1	Bt134 1	
65	Bt135 1	Bt136 1	Bt137 1	
66	Bt138 1	
67	Bt139 1	
68	Bt140 1	
69	Bt141 1	Bt142 1	
70	Bt143 1	Bt144 1	
71	Bt145 1	Bt146 1	
72	Bt147 1	Bt148 1	
73	Bt149 1	Bt150 1	Bt151 1	
74	Bt152 1	Bt153 1	
75	Bt154 1	
76	Bt155 1	Bt156 1	
77	Bt157 1	
78	Bt158 1	Bt159 1	
79	Bt160 1	Bt161 1	
80	Bt162 1	
81	Bt163 1	
82	Bt164 1	Bt165 1	
83	Bt166 1	Bt167 1	
84	Bt168 1	Bt169 1	Bt170 1	
85	Bt171 1	Bt172 1	
86	Bt173 1	Bt174 1	
87	Bt175 1	Bt176 1	
88	Bt177 1	Bt178 1	Bt179 1	
89	Bt180 1	
90	Bt181 1	
91	Bt182 1	Bt183 1	Bt184 1	
92	Bt185 1	
93	Bt186 1	Bt187 1	
94	Bt188 1	
95	Bt189 1	
96	Bt190 1	Bt191 1	
97	Bt192 1	Bt193 1	
98	Bt194 1	Bt195 1	
99	Bt196 1	
100	Bt197 1	Bt198 1	Bt199 1	