Name				VRPTWP15
Number_of_Customers		32
Number_of_Items			68
Number_of_ItemTypes		68
Number_of_Vehicles		9
TimeWindows			1

VEHICLE
Mass_Capacity			8000
CargoSpace_Length		60
CargoSpace_Width		25
CargoSpace_Height		30
Wheelbase			48
Max_Mass_FrontAxle		4509
Max_Mass_RearAxle		7304
Distance_FrontAxle_CargoSpace	4

CUSTOMERS
i		x		y		Demand		ReadyTime	DueDate		ServiceTime	DemandedMass	DemandedVolume
0		40		50		0		0		3390		0		0		0
1		52		75		1		213		568		90		700		6720
2		45		70		3		22		563		90		400		8950
3		62		69		1		1030		1463		90		400		2304
4		60		66		3		1154		1527		90		1200		6752
5		42		65		3		15		402		90		40		10208
6		16		42		2		331		822		90		80		6950
7		58		70		2		965		1340		90		2000		4344
8		34		60		3		2653		3280		90		900		6452
9		28		70		1		2385		2976		90		600		1632
10		35		66		2		2628		3113		90		750		3652
11		35		69		1		2603		2952		90		1500		6240
12		25		85		1		1985		2412		90		150		1764
13		22		75		2		2310		2659		90		250		6804
14		22		85		1		1846		2365		90		1600		1120
15		20		80		3		2077		2514		90		450		10242
16		20		85		3		1763		2264		90		700		8928
17		18		75		2		2143		2638		90		550		5274
18		15		75		1		1560		2083		90		650		4320
19		15		80		2		1689		2144		90		200		5504
20		30		50		1		10		645		90		400		2520
21		30		56		2		2675		3288		90		300		5294
22		28		52		1		12		505		90		1300		4032
23		14		66		2		1519		1926		90		700		8128
24		25		50		2		23		368		90		750		5832
25		22		66		2		2380		2787		90		1400		7294
26		8		62		3		1330		1919		90		4000		8824
27		23		52		3		93		484		90		600		6678
28		4		55		3		1268		1785		90		1000		5880
29		20		50		3		168		787		90		500		6494
30		20		55		3		170		595		90		2500		6643
31		10		35		3		585		1136		90		1700		13094
32		10		40		3		448		897		90		1100		6818

ITEMS
Type		Length		Width		Height		Mass		Fragility	LoadBearingStrength
Bt1		30		14		16		700		0		2.7476234
Bt2		31		8		11		133.33		0		1.7463533
Bt3		34		7		9		133.33		0		1.1297899
Bt4		34		8		15		133.33		1		0.9083896
Bt5		32		8		9		400		0		1.5987069
Bt6		13		13		18		400		0		3.9794974
Bt7		14		9		17		400		1		0.7715566
Bt8		14		7		16		400		1		0.6188499
Bt9		32		11		17		13.33		0		3.6955750
Bt10		24		12		9		13.33		0		3.9895821
Bt11		17		6		16		13.33		0		1.5025988
Bt12		28		10		16		40		0		2.8831135
Bt13		19		13		10		40		1		0.5278318
Bt14		31		13		8		1000		0		3.6738689
Bt15		16		5		14		1000		0		3.7432635
Bt16		16		12		12		300		0		1.7168159
Bt17		17		8		11		300		0		2.5521341
Bt18		26		6		17		300		1		0.7054967
Bt19		17		8		12		600		0		2.7436143
Bt20		14		6		15		375		0		3.1728001
Bt21		23		8		13		375		1		0.6175793
Bt22		32		13		15		1500		0		2.5352465
Bt23		14		14		9		150		0		2.7194825
Bt24		13		12		14		125		0		2.7844895
Bt25		22		15		14		125		1		0.8078285
Bt26		28		5		8		1600		0		1.8981277
Bt27		27		11		16		150		0		1.7597657
Bt28		33		5		18		150		1		0.9270610
Bt29		21		8		15		150		1		0.7295552
Bt30		22		11		18		233.33		0		1.1009224
Bt31		30		10		13		233.33		0		2.1769779
Bt32		16		7		6		233.33		0		1.3466453
Bt33		27		11		12		275		0		1.1054541
Bt34		19		9		10		275		0		1.6508276
Bt35		36		12		10		650		0		1.6789066
Bt36		16		14		16		100		0		3.6008403
Bt37		30		8		8		100		0		3.7653031
Bt38		18		10		14		400		0		3.3332587
Bt39		22		13		12		150		0		1.5674137
Bt40		19		7		14		150		0		1.7318297
Bt41		32		14		9		1300		0		3.0919007
Bt42		34		10		12		350		0		2.3499346
Bt43		23		11		16		350		0		2.9175221
Bt44		23		8		15		375		0		1.9338075
Bt45		24		8		16		375		1		0.7679499
Bt46		35		12		10		700		1		0.8049330
Bt47		26		7		17		700		1		0.8619500
Bt48		35		10		11		1333.33		0		1.0447834
Bt49		31		10		9		1333.33		0		2.1081839
Bt50		14		12		13		1333.33		0		1.2550479
Bt51		22		12		12		200		0		3.6197097
Bt52		17		6		13		200		0		2.5976855
Bt53		21		13		8		200		1		0.7979400
Bt54		23		8		14		333.33		0		3.3711202
Bt55		16		11		14		333.33		0		2.1076761
Bt56		21		5		8		333.33		0		1.0182114
Bt57		13		9		14		166.67		0		3.7703747
Bt58		22		6		10		166.67		0		3.7452566
Bt59		17		13		16		166.67		1		0.7519956
Bt60		27		6		13		833.33		0		3.0771898
Bt61		13		15		13		833.33		1		0.9968447
Bt62		26		11		7		833.33		1		0.6971477
Bt63		32		11		17		566.67		0		2.2353039
Bt64		25		10		15		566.67		0		1.5902252
Bt65		35		12		8		566.67		0		2.6646753
Bt66		14		13		13		366.67		0		2.3073257
Bt67		17		7		12		366.67		0		2.6809244
Bt68		28		6		18		366.67		1		0.6737987

DEMANDS PER CUSTOMER
i	Type Quantity
1	Bt1 1	
2	Bt2 1	Bt3 1	Bt4 1	
3	Bt5 1	
4	Bt6 1	Bt7 1	Bt8 1	
5	Bt9 1	Bt10 1	Bt11 1	
6	Bt12 1	Bt13 1	
7	Bt14 1	Bt15 1	
8	Bt16 1	Bt17 1	Bt18 1	
9	Bt19 1	
10	Bt20 1	Bt21 1	
11	Bt22 1	
12	Bt23 1	
13	Bt24 1	Bt25 1	
14	Bt26 1	
15	Bt27 1	Bt28 1	Bt29 1	
16	Bt30 1	Bt31 1	Bt32 1	
17	Bt33 1	Bt34 1	
18	Bt35 1	
19	Bt36 1	Bt37 1	
20	Bt38 1	
21	Bt39 1	Bt40 1	
22	Bt41 1	
23	Bt42 1	Bt43 1	
24	Bt44 1	Bt45 1	
25	Bt46 1	Bt47 1	
26	Bt48 1	Bt49 1	Bt50 1	
27	Bt51 1	Bt52 1	Bt53 1	
28	Bt54 1	Bt55 1	Bt56 1	
29	Bt57 1	Bt58 1	Bt59 1	
30	Bt60 1	Bt61 1	Bt62 1	
31	Bt63 1	Bt64 1	Bt65 1	
32	Bt66 1	Bt67 1	Bt68 1	