Name				VRPTWP25
Number_of_Customers		100
Number_of_Items			193
Number_of_ItemTypes		193
Number_of_Vehicles		22
TimeWindows			1

VEHICLE
Mass_Capacity			200
CargoSpace_Length		60
CargoSpace_Width		25
CargoSpace_Height		30
Wheelbase			48
Max_Mass_FrontAxle		112
Max_Mass_RearAxle		182
Distance_FrontAxle_CargoSpace	4

CUSTOMERS
i		x		y		Demand		ReadyTime	DueDate		ServiceTime	DemandedMass	DemandedVolume
0		35		35		0		0		230		0		0		0
1		41		49		3		0		204		10		10		7564
2		35		17		1		0		202		10		7		4480
3		55		45		1		0		197		10		13		5096
4		55		20		2		139		169		10		19		5380
5		15		30		1		0		199		10		26		1008
6		25		30		3		0		208		10		3		8712
7		20		50		3		0		198		10		5		6484
8		10		43		1		85		115		10		9		1056
9		55		60		1		87		117		10		16		1512
10		30		60		2		0		194		10		16		7224
11		20		65		1		57		87		10		12		756
12		50		35		2		0		205		10		19		7844
13		30		25		3		149		179		10		23		12526
14		15		10		3		0		187		10		20		3663
15		30		5		3		51		81		10		8		7343
16		10		20		2		0		190		10		19		8985
17		5		30		1		0		189		10		2		6426
18		20		40		3		0		204		10		12		4978
19		15		60		1		0		187		10		17		2688
20		45		65		2		0		188		10		9		4524
21		45		20		1		0		201		10		11		1449
22		45		10		3		0		193		10		18		9768
23		55		5		3		58		88		10		29		9828
24		65		35		2		0		190		10		3		5565
25		65		20		2		156		186		10		6		8052
26		45		30		2		0		208		10		17		2744
27		35		40		2		0		215		10		16		2978
28		41		37		3		0		213		10		16		13862
29		64		42		1		0		190		10		9		1600
30		40		60		3		0		194		10		21		8186
31		31		52		1		0		202		10		27		1275
32		35		69		3		0		186		10		23		10976
33		53		52		3		0		195		10		11		5929
34		65		55		1		0		183		10		14		1344
35		63		65		3		0		178		10		8		5900
36		2		60		3		0		178		10		5		9704
37		20		20		1		0		198		10		8		1782
38		5		5		1		73		103		10		16		3192
39		60		12		1		0		186		10		31		882
40		40		25		2		0		208		10		9		6480
41		42		7		2		0		191		10		5		4008
42		24		12		2		0		194		10		5		5124
43		23		3		3		0		185		10		7		7116
44		11		14		2		59		89		10		18		4986
45		6		38		3		0		190		10		16		11736
46		2		48		2		0		184		10		1		3900
47		8		56		2		0		185		10		27		5200
48		13		52		3		0		192		10		36		8270
49		6		68		3		0		176		10		30		10628
50		47		47		2		0		203		10		13		5256
51		49		58		1		0		193		10		10		784
52		27		43		1		0		208		10		9		3780
53		37		31		2		85		115		10		14		5592
54		57		29		2		0		197		10		18		6339
55		63		23		2		126		156		10		2		6216
56		53		12		1		0		190		10		6		1890
57		32		12		2		0		196		10		7		4744
58		36		26		1		180		210		10		18		1782
59		21		24		2		0		202		10		28		6960
60		17		34		2		0		201		10		3		7554
61		12		24		3		0		194		10		13		4272
62		24		58		3		48		78		10		19		12000
63		27		69		3		0		185		10		10		3156
64		15		77		3		0		173		10		9		6627
65		62		77		3		0		170		10		20		12965
66		49		73		3		0		179		10		25		8844
67		67		5		3		73		103		10		25		4518
68		56		39		1		0		198		10		36		2700
69		37		47		3		40		70		10		6		6180
70		37		56		2		0		198		10		5		2310
71		57		68		1		0		180		10		15		1620
72		47		16		1		0		197		10		25		2304
73		44		17		1		0		199		10		9		1155
74		46		13		2		139		169		10		8		6594
75		49		11		1		0		192		10		18		2400
76		49		42		3		63		93		10		13		9234
77		53		43		1		169		199		10		14		4960
78		61		52		2		0		188		10		3		7926
79		57		48		1		82		112		10		23		5670
80		56		37		1		0		198		10		6		3689
81		55		54		1		0		192		10		26		3840
82		15		47		1		0		196		10		16		4284
83		14		37		1		0		198		10		11		4176
84		11		31		2		91		121		10		7		7608
85		16		22		1		0		196		10		41		1694
86		4		18		1		0		184		10		35		5236
87		28		18		1		83		113		10		26		1260
88		26		52		3		0		200		10		9		7896
89		26		35		1		0		211		10		15		2856
90		31		67		1		0		187		10		3		1440
91		15		19		3		0		194		10		1		8960
92		22		22		3		18		48		10		2		9936
93		18		24		1		0		199		10		22		1944
94		26		27		3		0		207		10		27		8814
95		25		24		1		0		205		10		20		2691
96		22		27		2		0		204		10		11		6106
97		25		21		1		0		202		10		12		2652
98		19		21		1		0		198		10		10		3120
99		20		26		1		73		103		10		9		1760
100		18		18		3		165		195		10		17		8796

ITEMS
Type		Length		Width		Height		Mass		Fragility	LoadBearingStrength
Bt1		32		6		8		3.33		0		3.3372129
Bt2		16		8		11		3.33		0		1.1849323
Bt3		33		14		10		3.33		1		0.8324799
Bt4		28		10		16		7		1		0.6376960
Bt5		28		13		14		13		0		3.6678831
Bt6		33		10		14		9.50		0		3.1480171
Bt7		19		5		8		9.50		0		2.3303890
Bt8		14		9		8		26		0		3.3470615
Bt9		15		12		17		1		0		1.8347336
Bt10		31		12		11		1		1		0.6667285
Bt11		15		8		13		1		1		0.9623385
Bt12		18		8		15		1.67		0		2.9451630
Bt13		12		9		11		1.67		0		2.5105985
Bt14		32		14		7		1.67		1		0.7139878
Bt15		22		6		8		9		0		3.7975637
Bt16		21		6		12		16		0		3.5366782
Bt17		26		14		15		8		0		2.8127741
Bt18		36		7		7		8		1		0.7590953
Bt19		12		9		7		12		1		0.8090225
Bt20		36		15		11		9.50		0		1.2626007
Bt21		17		7		16		9.50		0		3.7073509
Bt22		26		15		16		7.67		0		3.6251061
Bt23		34		7		18		7.67		0		1.3262559
Bt24		13		11		14		7.67		0		3.6630038
Bt25		13		13		9		6.67		0		1.4950790
Bt26		22		6		11		6.67		0		1.5735151
Bt27		23		5		6		6.67		0		1.5096269
Bt28		21		13		12		2.67		0		1.2962585
Bt29		28		14		6		2.67		0		3.5402374
Bt30		35		7		7		2.67		0		2.3608858
Bt31		30		13		13		9.50		0		1.3456169
Bt32		29		15		9		9.50		0		2.2329484
Bt33		27		14		17		2		0		1.0149916
Bt34		15		13		12		4		0		3.4676784
Bt35		20		5		7		4		0		1.7827532
Bt36		19		6		17		4		1		0.8438994
Bt37		32		6		14		17		0		1.1078064
Bt38		29		6		16		4.50		0		3.2458112
Bt39		29		6		10		4.50		0		2.7378994
Bt40		23		9		7		11		1		0.7796343
Bt41		24		14		11		6		0		3.2534281
Bt42		14		13		12		6		0		2.3485822
Bt43		24		9		18		6		1		0.7851028
Bt44		33		8		17		9.67		0		3.9659740
Bt45		28		8		12		9.67		0		3.5911102
Bt46		13		12		17		9.67		0		3.6121999
Bt47		30		9		14		1.50		0		1.5985635
Bt48		15		7		17		1.50		0		1.4584485
Bt49		32		10		12		3		0		2.8343949
Bt50		36		13		9		3		1		0.7195570
Bt51		33		7		8		8.50		0		3.4081772
Bt52		14		8		8		8.50		1		0.8963510
Bt53		23		5		14		8		0		1.1312754
Bt54		19		9		8		8		1		0.6020757
Bt55		29		14		14		5.33		0		2.5549034
Bt56		18		15		17		5.33		0		1.7372349
Bt57		23		12		13		5.33		0		3.9015284
Bt58		25		8		8		9		0		2.3393392
Bt59		19		13		14		7		0		2.6388267
Bt60		24		11		12		7		0		2.9911115
Bt61		26		6		10		7		1		0.6430420
Bt62		17		5		15		27		0		2.0066942
Bt63		23		12		14		7.67		0		1.9836387
Bt64		16		14		16		7.67		0		1.8485973
Bt65		36		7		14		7.67		0		2.1136574
Bt66		31		8		14		3.67		0		1.2715466
Bt67		27		7		7		3.67		0		2.4504320
Bt68		14		9		9		3.67		0		3.4552014
Bt69		21		8		8		14		0		3.8428916
Bt70		36		10		9		2.67		0		2.4820924
Bt71		14		8		14		2.67		0		3.3335874
Bt72		14		13		6		2.67		0		1.6315307
Bt73		25		14		13		1.67		0		2.8612908
Bt74		31		7		18		1.67		0		1.6719408
Bt75		13		8		12		1.67		1		0.9493930
Bt76		33		9		6		8		0		2.1167987
Bt77		19		12		14		16		0		2.7793932
Bt78		18		7		7		31		0		2.2643227
Bt79		22		12		15		4.50		0		2.7514382
Bt80		12		14		15		4.50		0		2.0629343
Bt81		30		9		8		2.50		0		3.8122616
Bt82		14		12		11		2.50		0		3.3619807
Bt83		14		14		15		2.50		0		2.5221987
Bt84		13		12		14		2.50		1		0.6160435
Bt85		35		7		12		2.33		0		2.3163383
Bt86		21		12		8		2.33		0		1.7914386
Bt87		18		8		15		2.33		1		0.9658959
Bt88		19		14		12		9		0		1.4831311
Bt89		23		6		13		9		0		1.4144483
Bt90		30		15		17		5.33		0		1.5973883
Bt91		29		6		14		5.33		0		2.0782308
Bt92		22		5		15		5.33		1		0.8448696
Bt93		17		12		12		0.50		0		2.5725003
Bt94		22		6		11		0.50		0		1.1165874
Bt95		20		12		16		13.50		0		2.0809757
Bt96		16		5		17		13.50		0		2.8236475
Bt97		33		10		16		12		0		1.1342641
Bt98		19		6		15		12		0		1.4879495
Bt99		32		5		8		12		0		1.9683866
Bt100		20		13		15		10		0		3.5440433
Bt101		23		12		16		10		1		0.6989960
Bt102		17		8		17		10		1		0.9029220
Bt103		28		9		10		6.50		0		1.3200406
Bt104		19		9		16		6.50		1		0.8611436
Bt105		14		7		8		10		1		0.9770134
Bt106		27		14		10		9		1		0.6305474
Bt107		24		10		17		7		0		3.1656500
Bt108		27		7		8		7		0		3.5009448
Bt109		29		15		10		9		0		3.1213554
Bt110		17		13		9		9		0		1.0733792
Bt111		16		15		14		1		0		1.2873012
Bt112		28		6		17		1		1		0.6369675
Bt113		15		9		14		6		0		3.0034065
Bt114		20		10		10		3.50		0		1.1674426
Bt115		28		7		14		3.50		1		0.9434973
Bt116		33		9		6		18		0		2.7699560
Bt117		36		8		15		14		0		3.1645072
Bt118		20		11		12		14		0		3.7370478
Bt119		34		12		13		1.50		0		2.8258920
Bt120		25		10		9		1.50		0		3.5698043
Bt121		27		6		12		4.33		0		1.8008638
Bt122		33		7		8		4.33		0		1.1403273
Bt123		12		5		8		4.33		1		0.5999830
Bt124		27		14		18		6.33		0		1.0437800
Bt125		17		14		12		6.33		0		2.6865219
Bt126		13		12		15		6.33		0		3.9035142
Bt127		19		10		6		3.33		0		2.0174784
Bt128		21		6		9		3.33		0		2.3098668
Bt129		21		7		6		3.33		0		3.3407966
Bt130		24		8		13		3		0		3.1961453
Bt131		15		15		11		3		1		0.6978418
Bt132		23		9		8		3		1		0.8727945
Bt133		32		13		18		6.67		0		1.7739968
Bt134		27		13		12		6.67		0		1.0750445
Bt135		23		5		11		6.67		0		2.1241209
Bt136		23		14		15		8.33		0		2.9503675
Bt137		33		8		9		8.33		0		1.9315341
Bt138		13		7		18		8.33		0		3.5683776
Bt139		27		11		7		8.33		0		3.2512386
Bt140		13		9		12		8.33		0		2.8270679
Bt141		23		5		9		8.33		0		3.5851068
Bt142		20		9		15		36		0		1.8213502
Bt143		18		13		15		2		0		2.4815601
Bt144		14		6		17		2		0		1.1201391
Bt145		23		6		9		2		0		2.9275612
Bt146		18		10		7		2.50		0		1.3710735
Bt147		15		5		14		2.50		1		0.6131828
Bt148		36		5		9		15		0		1.5295216
Bt149		16		12		12		25		1		0.8885269
Bt150		15		11		7		9		0		3.2644239
Bt151		31		15		10		4		0		1.2930752
Bt152		24		9		9		4		0		2.0621494
Bt153		32		5		15		18		1		0.9396029
Bt154		34		9		15		4.33		0		1.9079945
Bt155		24		12		10		4.33		0		2.5093118
Bt156		18		14		7		4.33		0		3.0315428
Bt157		31		10		16		14		1		0.8125012
Bt158		32		6		10		1.50		0		2.0500195
Bt159		33		13		14		1.50		1		0.6321609
Bt160		27		14		15		23		0		3.2678614
Bt161		31		7		17		6		0		3.4707250
Bt162		32		8		15		26		0		1.0735841
Bt163		21		12		17		16		0		3.7024290
Bt164		29		8		18		11		0		3.8473407
Bt165		31		12		13		3.50		0		1.4371626
Bt166		18		11		14		3.50		0		2.9985295
Bt167		22		11		7		41		1		0.6447683
Bt168		34		11		14		35		0		2.7729490
Bt169		18		10		7		26		0		3.0912377
Bt170		35		8		15		3		0		3.9519129
Bt171		21		6		16		3		0		1.8227976
Bt172		30		7		8		3		0		2.5342363
Bt173		24		7		17		15		0		3.3626561
Bt174		36		5		8		3		0		2.4103581
Bt175		32		11		12		0.33		0		1.1129209
Bt176		26		8		16		0.33		0		3.8503335
Bt177		22		8		8		0.33		0		3.8690887
Bt178		32		11		15		0.67		0		2.4616628
Bt179		31		8		12		0.67		0		1.5889995
Bt180		24		10		7		0.67		1		0.9896612
Bt181		27		6		12		22		0		3.7915407
Bt182		24		8		7		9		0		2.9800884
Bt183		12		10		8		9		0		2.9464383
Bt184		31		14		15		9		1		0.7886577
Bt185		23		13		9		20		1		0.6094285
Bt186		31		10		15		5.50		0		1.7157948
Bt187		13		8		14		5.50		0		1.6760465
Bt188		13		12		17		12		0		3.0735291
Bt189		26		10		12		10		0		2.7162372
Bt190		20		8		11		9		1		0.8150732
Bt191		34		10		18		5.67		0		2.5272448
Bt192		18		5		15		5.67		0		1.0721545
Bt193		17		13		6		5.67		0		2.7743743

DEMANDS PER CUSTOMER
i	Type Quantity
1	Bt1 1	Bt2 1	Bt3 1	
2	Bt4 1	
3	Bt5 1	
4	Bt6 1	Bt7 1	
5	Bt8 1	
6	Bt9 1	Bt10 1	Bt11 1	
7	Bt12 1	Bt13 1	Bt14 1	
8	Bt15 1	
9	Bt16 1	
10	Bt17 1	Bt18 1	
11	Bt19 1	
12	Bt20 1	Bt21 1	
13	Bt22 1	Bt23 1	Bt24 1	
14	Bt25 1	Bt26 1	Bt27 1	
15	Bt28 1	Bt29 1	Bt30 1	
16	Bt31 1	Bt32 1	
17	Bt33 1	
18	Bt34 1	Bt35 1	Bt36 1	
19	Bt37 1	
20	Bt38 1	Bt39 1	
21	Bt40 1	
22	Bt41 1	Bt42 1	Bt43 1	
23	Bt44 1	Bt45 1	Bt46 1	
24	Bt47 1	Bt48 1	
25	Bt49 1	Bt50 1	
26	Bt51 1	Bt52 1	
27	Bt53 1	Bt54 1	
28	Bt55 1	Bt56 1	Bt57 1	
29	Bt58 1	
30	Bt59 1	Bt60 1	Bt61 1	
31	Bt62 1	
32	Bt63 1	Bt64 1	Bt65 1	
33	Bt66 1	Bt67 1	Bt68 1	
34	Bt69 1	
35	Bt70 1	Bt71 1	Bt72 1	
36	Bt73 1	Bt74 1	Bt75 1	
37	Bt76 1	
38	Bt77 1	
39	Bt78 1	
40	Bt79 1	Bt80 1	
41	Bt81 1	Bt82 1	
42	Bt83 1	Bt84 1	
43	Bt85 1	Bt86 1	Bt87 1	
44	Bt88 1	Bt89 1	
45	Bt90 1	Bt91 1	Bt92 1	
46	Bt93 1	Bt94 1	
47	Bt95 1	Bt96 1	
48	Bt97 1	Bt98 1	Bt99 1	
49	Bt100 1	Bt101 1	Bt102 1	
50	Bt103 1	Bt104 1	
51	Bt105 1	
52	Bt106 1	
53	Bt107 1	Bt108 1	
54	Bt109 1	Bt110 1	
55	Bt111 1	Bt112 1	
56	Bt113 1	
57	Bt114 1	Bt115 1	
58	Bt116 1	
59	Bt117 1	Bt118 1	
60	Bt119 1	Bt120 1	
61	Bt121 1	Bt122 1	Bt123 1	
62	Bt124 1	Bt125 1	Bt126 1	
63	Bt127 1	Bt128 1	Bt129 1	
64	Bt130 1	Bt131 1	Bt132 1	
65	Bt133 1	Bt134 1	Bt135 1	
66	Bt136 1	Bt137 1	Bt138 1	
67	Bt139 1	Bt140 1	Bt141 1	
68	Bt142 1	
69	Bt143 1	Bt144 1	Bt145 1	
70	Bt146 1	Bt147 1	
71	Bt148 1	
72	Bt149 1	
73	Bt150 1	
74	Bt151 1	Bt152 1	
75	Bt153 1	
76	Bt154 1	Bt155 1	Bt156 1	
77	Bt157 1	
78	Bt158 1	Bt159 1	
79	Bt160 1	
80	Bt161 1	
81	Bt162 1	
82	Bt163 1	
83	Bt164 1	
84	Bt165 1	Bt166 1	
85	Bt167 1	
86	Bt168 1	
87	Bt169 1	
88	Bt170 1	Bt171 1	Bt172 1	
89	Bt173 1	
90	Bt174 1	
91	Bt175 1	Bt176 1	Bt177 1	
92	Bt178 1	Bt179 1	Bt180 1	
93	Bt181 1	
94	Bt182 1	Bt183 1	Bt184 1	
95	Bt185 1	
96	Bt186 1	Bt187 1	
97	Bt188 1	
98	Bt189 1	
99	Bt190 1	
100	Bt191 1	Bt192 1	Bt193 1	