Name				VRPTWP16
Number_of_Customers		35
Number_of_Items			63
Number_of_ItemTypes		63
Number_of_Vehicles		11
TimeWindows			1

VEHICLE
Mass_Capacity			67
CargoSpace_Length		60
CargoSpace_Width		25
CargoSpace_Height		30
Wheelbase			48
Max_Mass_FrontAxle		37
Max_Mass_RearAxle		61
Distance_FrontAxle_CargoSpace	4

CUSTOMERS
i		x		y		Demand		ReadyTime	DueDate		ServiceTime	DemandedMass	DemandedVolume
0		40		50		0		0		3390		0		0		0
1		52		75		2		302		479		90		18		3060
2		45		70		3		157		428		90		26		8266
3		62		69		1		1138		1355		90		11		6370
4		60		66		2		1247		1434		90		30		7734
5		42		65		2		15		208		90		21		6920
6		16		42		1		209		944		90		19		1710
7		58		70		1		1059		1246		90		15		2535
8		34		60		1		2035		3288		90		16		4896
9		28		70		2		2090		3271		90		29		4901
10		35		66		3		2311		3283		90		26		4146
11		35		69		2		2428		3127		90		37		9620
12		25		85		2		1772		2625		90		16		3138
13		22		75		2		2135		2834		90		12		3616
14		22		85		1		1586		2625		90		31		2170
15		20		80		3		1858		2733		90		8		6012
16		20		85		1		1512		2515		90		19		2145
17		18		75		1		1895		2886		90		20		1848
18		15		75		1		1299		2344		90		13		3024
19		15		80		2		1461		2372		90		15		6090
20		30		50		2		10		963		90		22		3265
21		30		56		1		2062		3288		90		28		2940
22		28		52		1		12		752		90		12		4992
23		14		66		3		1316		2129		90		6		8303
24		25		50		1		15		532		90		27		4416
25		22		66		1		2177		2990		90		14		1365
26		8		62		3		1036		2213		90		18		6012
27		23		52		3		17		602		90		17		7383
28		4		55		1		1010		2043		90		29		1015
29		20		50		3		20		948		90		13		4571
30		20		55		1		63		702		90		22		1584
31		10		35		2		309		1412		90		25		5180
32		10		40		1		336		1009		90		28		4056
33		8		40		3		234		1295		90		27		13685
34		8		45		1		954		1897		90		19		1575
35		5		35		3		377		1534		90		10		9214

ITEMS
Type		Length		Width		Height		Mass		Fragility	LoadBearingStrength
Bt1		12		10		8		9		0		1.1189294
Bt2		15		10		14		9		1		0.7706926
Bt3		16		13		12		8.67		0		3.9103243
Bt4		33		6		8		8.67		0		3.7350917
Bt5		23		14		13		8.67		1		0.5659397
Bt6		35		14		13		11		0		1.3162452
Bt7		25		7		10		15		0		3.1864085
Bt8		34		11		16		15		1		0.7189878
Bt9		23		15		16		10.50		0		3.1692294
Bt10		25		8		7		10.50		0		1.7104493
Bt11		19		6		15		19		0		2.6508917
Bt12		13		13		15		15		1		0.6973921
Bt13		24		12		17		16		0		1.2961038
Bt14		25		13		11		14.50		0		3.2088756
Bt15		17		6		13		14.50		1		0.5589282
Bt16		29		6		10		8.67		0		2.3677022
Bt17		22		5		15		8.67		0		2.1268918
Bt18		18		6		7		8.67		0		3.3738245
Bt19		24		13		18		18.50		0		2.1539820
Bt20		28		13		11		18.50		0		2.5208182
Bt21		14		10		12		8		0		2.1782245
Bt22		27		6		9		8		0		2.0541010
Bt23		24		10		9		6		0		1.1741372
Bt24		14		8		13		6		0		1.9578194
Bt25		31		10		7		31		1		0.6337028
Bt26		20		9		11		2.67		0		2.4734600
Bt27		13		12		14		2.67		1		0.7360352
Bt28		24		7		11		2.67		1		0.9629461
Bt29		33		5		13		19		0		1.5418427
Bt30		28		6		11		20		0		3.6889309
Bt31		14		12		18		13		1		0.5286664
Bt32		33		10		15		7.50		0		1.2764057
Bt33		19		6		10		7.50		0		1.5976227
Bt34		15		11		13		11		0		2.5543018
Bt35		28		5		8		11		1		0.6828682
Bt36		28		15		7		28		0		2.4461888
Bt37		32		13		12		12		0		2.5132625
Bt38		25		11		13		2		0		3.5229032
Bt39		33		12		8		2		0		1.1910294
Bt40		26		10		6		2		0		1.7204609
Bt41		23		12		16		27		0		3.4965997
Bt42		21		5		13		14		0		2.2932366
Bt43		35		6		12		6		0		3.3837026
Bt44		16		6		12		6		0		1.3844238
Bt45		20		9		13		6		1		0.8754270
Bt46		31		11		11		5.67		0		2.2693287
Bt47		20		10		10		5.67		1		0.5924737
Bt48		17		8		12		5.67		1		0.7642316
Bt49		29		5		7		29		1		0.6474112
Bt50		23		11		11		4.33		0		2.1014653
Bt51		13		9		9		4.33		0		3.0397964
Bt52		15		7		7		4.33		1		0.6838263
Bt53		18		8		11		22		0		2.7891724
Bt54		19		10		14		12.50		0		1.0794712
Bt55		24		15		7		12.50		1		0.6390810
Bt56		24		13		13		28		0		1.5645203
Bt57		24		15		17		9		0		2.4326226
Bt58		34		5		6		9		0		3.2927241
Bt59		35		11		17		9		1		0.9092708
Bt60		25		7		9		19		1		0.5268215
Bt61		34		14		17		3.33		0		1.7868223
Bt62		16		6		7		3.33		0		1.6825612
Bt63		15		5		6		3.33		0		1.9593837

DEMANDS PER CUSTOMER
i	Type Quantity
1	Bt1 1	Bt2 1	
2	Bt3 1	Bt4 1	Bt5 1	
3	Bt6 1	
4	Bt7 1	Bt8 1	
5	Bt9 1	Bt10 1	
6	Bt11 1	
7	Bt12 1	
8	Bt13 1	
9	Bt14 1	Bt15 1	
10	Bt16 1	Bt17 1	Bt18 1	
11	Bt19 1	Bt20 1	
12	Bt21 1	Bt22 1	
13	Bt23 1	Bt24 1	
14	Bt25 1	
15	Bt26 1	Bt27 1	Bt28 1	
16	Bt29 1	
17	Bt30 1	
18	Bt31 1	
19	Bt32 1	Bt33 1	
20	Bt34 1	Bt35 1	
21	Bt36 1	
22	Bt37 1	
23	Bt38 1	Bt39 1	Bt40 1	
24	Bt41 1	
25	Bt42 1	
26	Bt43 1	Bt44 1	Bt45 1	
27	Bt46 1	Bt47 1	Bt48 1	
28	Bt49 1	
29	Bt50 1	Bt51 1	Bt52 1	
30	Bt53 1	
31	Bt54 1	Bt55 1	
32	Bt56 1	
33	Bt57 1	Bt58 1	Bt59 1	
34	Bt60 1	
35	Bt61 1	Bt62 1	Bt63 1	