Name				VRPTWP11
Number_of_Customers		29
Number_of_Items			58
Number_of_ItemTypes		58
Number_of_Vehicles		8
TimeWindows			1

VEHICLE
Mass_Capacity			4500
CargoSpace_Length		60
CargoSpace_Width		25
CargoSpace_Height		30
Wheelbase			48
Max_Mass_FrontAxle		2536
Max_Mass_RearAxle		4108
Distance_FrontAxle_CargoSpace	4

CUSTOMERS
i		x		y		Demand		ReadyTime	DueDate		ServiceTime	DemandedMass	DemandedVolume
0		40		50		0		0		3390		0		0		0
1		52		75		1		0		3272		90		300		4928
2		45		70		2		0		3279		90		3100		7837
3		62		69		1		0		3270		90		125		4030
4		60		66		1		1261		1421		90		100		1820
5		42		65		2		0		3284		90		200		8440
6		16		42		3		497		657		90		150		6215
7		58		70		1		0		3273		90		150		1764
8		34		60		3		2887		3047		90		450		6251
9		28		70		2		2601		2761		90		300		1799
10		35		66		2		2791		2951		90		100		4527
11		35		69		3		2698		2858		90		950		6850
12		25		85		3		0		3261		90		125		15764
13		22		75		2		2405		2565		90		150		7911
14		22		85		1		2026		2186		90		150		2016
15		20		80		2		2216		2376		90		550		6510
16		20		85		2		1934		2094		90		150		7217
17		18		75		3		2311		2471		90		100		11855
18		15		75		2		1742		1902		90		150		10944
19		15		80		3		1837		1997		90		400		7120
20		30		50		1		10		170		90		300		2548
21		30		56		1		0		3288		90		1500		2184
22		28		52		3		22		182		90		100		11016
23		14		66		2		1643		1803		90		300		3948
24		25		50		2		116		276		90		500		4366
25		22		66		1		2504		2664		90		800		5508
26		8		62		1		0		3265		90		300		4590
27		23		52		3		209		369		90		100		5494
28		4		55		2		1447		1607		90		150		3080
29		20		50		3		398		558		90		1000		7892

ITEMS
Type		Length		Width		Height		Mass		Fragility	LoadBearingStrength
Bt1		28		11		16		300		0		2.2747831
Bt2		35		7		17		1550		0		2.6200160
Bt3		27		8		17		1550		0		2.5234438
Bt4		31		10		13		125		0		2.5081761
Bt5		26		10		7		100		0		3.1394669
Bt6		32		14		10		100		0		3.5501317
Bt7		24		15		11		100		0		2.1049122
Bt8		31		10		10		50		0		3.9518957
Bt9		26		10		8		50		1		0.5398411
Bt10		23		5		9		50		1		0.7787637
Bt11		21		7		12		150		0		3.9792435
Bt12		24		8		14		150		0		1.8875266
Bt13		30		10		7		150		0		1.1714699
Bt14		19		7		11		150		0		2.3198983
Bt15		14		10		7		150		0		2.0505802
Bt16		13		7		9		150		1		0.9977254
Bt17		27		11		7		50		0		3.7777160
Bt18		17		9		16		50		1		0.8593264
Bt19		34		10		9		316.67		0		2.5582035
Bt20		18		5		11		316.67		0		3.6513893
Bt21		25		8		14		316.67		1		0.9760571
Bt22		34		14		18		41.67		0		3.0853568
Bt23		23		14		11		41.67		0		3.5886069
Bt24		29		9		14		41.67		1		0.6347196
Bt25		27		13		16		75		0		2.4158104
Bt26		17		9		15		75		0		2.6079969
Bt27		14		9		16		150		0		1.2078587
Bt28		33		11		10		275		0		1.4972917
Bt29		20		12		12		275		1		0.6147089
Bt30		34		13		14		75		0		3.9941559
Bt31		21		7		7		75		0		1.9927282
Bt32		25		13		8		33.33		0		1.6618404
Bt33		30		9		9		33.33		0		2.8688470
Bt34		35		13		15		33.33		1		0.7728341
Bt35		34		14		16		75		0		1.5627134
Bt36		16		13		16		75		0		2.9822506
Bt37		35		11		8		133.33		0		1.0917368
Bt38		14		14		14		133.33		1		0.7380062
Bt39		18		9		8		133.33		1		0.8472162
Bt40		28		7		13		300		0		2.5285903
Bt41		24		7		13		1500		0		2.4479277
Bt42		35		10		18		33.33		0		1.1736735
Bt43		34		12		6		33.33		0		3.5248787
Bt44		27		6		14		33.33		0		3.9836731
Bt45		12		10		14		150		0		1.4850437
Bt46		21		12		9		150		1		0.5840290
Bt47		20		8		9		250		0		3.4132439
Bt48		19		11		14		250		1		0.5655668
Bt49		36		9		17		800		0		1.0565779
Bt50		34		9		15		300		0		1.4857702
Bt51		28		14		7		33.33		0		3.8155325
Bt52		21		7		10		33.33		0		2.8472072
Bt53		16		10		8		33.33		0		3.4883527
Bt54		28		5		13		75		0		2.3811448
Bt55		21		6		10		75		0		2.0142093
Bt56		26		12		11		333.33		0		1.6010861
Bt57		30		9		9		333.33		0		1.2227480
Bt58		29		7		10		333.33		0		3.8681473

DEMANDS PER CUSTOMER
i	Type Quantity
1	Bt1 1	
2	Bt2 1	Bt3 1	
3	Bt4 1	
4	Bt5 1	
5	Bt6 1	Bt7 1	
6	Bt8 1	Bt9 1	Bt10 1	
7	Bt11 1	
8	Bt12 1	Bt13 1	Bt14 1	
9	Bt15 1	Bt16 1	
10	Bt17 1	Bt18 1	
11	Bt19 1	Bt20 1	Bt21 1	
12	Bt22 1	Bt23 1	Bt24 1	
13	Bt25 1	Bt26 1	
14	Bt27 1	
15	Bt28 1	Bt29 1	
16	Bt30 1	Bt31 1	
17	Bt32 1	Bt33 1	Bt34 1	
18	Bt35 1	Bt36 1	
19	Bt37 1	Bt38 1	Bt39 1	
20	Bt40 1	
21	Bt41 1	
22	Bt42 1	Bt43 1	Bt44 1	
23	Bt45 1	Bt46 1	
24	Bt47 1	Bt48 1	
25	Bt49 1	
26	Bt50 1	
27	Bt51 1	Bt52 1	Bt53 1	
28	Bt54 1	Bt55 1	
29	Bt56 1	Bt57 1	Bt58 1	