Name				VRPTWP24
Number_of_Customers		75
Number_of_Items			143
Number_of_ItemTypes		143
Number_of_Vehicles		16
TimeWindows			1

VEHICLE
Mass_Capacity			100
CargoSpace_Length		60
CargoSpace_Width		25
CargoSpace_Height		30
Wheelbase			48
Max_Mass_FrontAxle		56
Max_Mass_RearAxle		91
Distance_FrontAxle_CargoSpace	4

CUSTOMERS
i		x		y		Demand		ReadyTime	DueDate		ServiceTime	DemandedMass	DemandedVolume
0		35		35		0		0		230		0		0		0
1		41		49		1		0		204		10		18		672
2		35		17		1		0		202		10		26		1092
3		55		45		3		0		197		10		11		4580
4		55		20		1		139		169		10		30		3900
5		15		30		2		0		199		10		21		8718
6		25		30		3		89		119		10		19		8785
7		20		50		3		0		198		10		15		9720
8		10		43		2		85		115		10		16		5820
9		55		60		2		87		117		10		29		4101
10		30		60		2		114		144		10		26		2382
11		20		65		1		57		87		10		37		3451
12		50		35		1		0		205		10		16		2646
13		30		25		1		149		179		10		12		2016
14		15		10		3		0		187		10		31		13029
15		30		5		1		51		81		10		8		3024
16		10		20		3		0		190		10		19		12360
17		5		30		1		147		177		10		20		2790
18		20		40		3		0		204		10		13		12616
19		15		60		3		0		187		10		15		10142
20		45		65		1		0		188		10		22		3248
21		45		20		3		0		201		10		28		8640
22		45		10		1		87		117		10		12		1820
23		55		5		1		58		88		10		6		4608
24		65		35		2		0		190		10		27		5411
25		65		20		1		156		186		10		14		1360
26		45		30		1		0		208		10		18		5400
27		35		40		1		27		57		10		17		2744
28		41		37		3		0		213		10		29		10857
29		64		42		1		0		190		10		13		2376
30		40		60		2		61		91		10		22		3492
31		31		52		1		0		202		10		25		2912
32		35		69		1		0		186		10		28		1421
33		53		52		3		27		57		10		27		7140
34		65		55		3		0		183		10		19		8724
35		63		65		3		133		163		10		10		8740
36		2		60		3		41		71		10		12		4498
37		20		20		3		0		198		10		14		6880
38		5		5		3		73		103		10		24		7461
39		60		12		3		34		64		10		16		7110
40		40		25		3		75		105		10		33		8250
41		42		7		1		87		117		10		15		1134
42		24		12		2		25		55		10		11		2854
43		23		3		3		0		185		10		18		4636
44		11		14		3		59		89		10		17		7136
45		6		38		3		29		59		10		21		8974
46		2		48		2		0		184		10		27		3472
47		8		56		2		0		185		10		19		4404
48		13		52		2		0		192		10		20		4671
49		6		68		3		98		128		10		5		7280
50		47		47		2		0		203		10		22		5742
51		49		58		3		0		193		10		12		4530
52		27		43		2		0		208		10		19		7578
53		37		31		1		85		115		10		22		4284
54		57		29		1		0		197		10		16		4872
55		63		23		1		126		156		10		7		2688
56		53		12		1		120		150		10		26		5760
57		32		12		1		0		196		10		14		4290
58		36		26		1		180		210		10		21		2160
59		21		24		1		0		202		10		24		4774
60		17		34		3		0		201		10		13		8155
61		12		24		1		0		194		10		15		7072
62		24		58		1		48		78		10		18		1560
63		27		69		2		0		185		10		11		4975
64		15		77		2		63		93		10		28		5876
65		62		77		1		49		79		10		9		1020
66		49		73		3		117		147		10		37		9576
67		67		5		2		73		103		10		30		4455
68		56		39		2		132		162		10		10		6860
69		37		47		1		40		70		10		8		1386
70		37		56		2		168		198		10		11		5805
71		57		68		1		0		180		10		3		1176
72		47		16		2		0		197		10		1		8399
73		44		17		3		0		199		10		6		7768
74		46		13		1		139		169		10		10		2688
75		49		11		1		0		192		10		20		1440

ITEMS
Type		Length		Width		Height		Mass		Fragility	LoadBearingStrength
Bt1		14		6		8		18		0		2.0543706
Bt2		13		14		6		26		0		2.3414751
Bt3		19		11		10		3.67		0		3.7785559
Bt4		12		11		10		3.67		0		3.0764624
Bt5		13		9		10		3.67		0		1.9964541
Bt6		26		10		15		30		0		2.8051630
Bt7		32		12		16		10.50		0		1.2703193
Bt8		22		9		13		10.50		1		0.7993497
Bt9		17		11		17		6.33		0		1.6343098
Bt10		13		13		14		6.33		0		3.1076928
Bt11		18		12		15		6.33		1		0.5777956
Bt12		21		10		18		5		0		1.8408581
Bt13		32		9		11		5		0		2.5041339
Bt14		33		7		12		5		0		1.2187452
Bt15		24		9		18		8		0		2.4708305
Bt16		23		7		12		8		0		1.8734092
Bt17		24		11		8		14.50		0		1.8883910
Bt18		17		9		13		14.50		1		0.7232309
Bt19		16		6		13		13		0		2.4544400
Bt20		27		6		7		13		0		3.7063312
Bt21		29		7		17		37		0		2.8508526
Bt22		21		9		14		16		0		1.0074783
Bt23		21		12		8		12		0		3.0573264
Bt24		34		11		12		10.33		0		1.3497070
Bt25		31		13		16		10.33		1		0.9277042
Bt26		23		7		13		10.33		1		0.8419009
Bt27		28		12		9		8		0		1.5547152
Bt28		35		15		16		6.33		0		2.4688000
Bt29		12		14		18		6.33		0		2.2006182
Bt30		12		13		6		6.33		0		3.7112377
Bt31		31		6		15		20		1		0.9654273
Bt32		27		12		15		4.33		0		3.6582159
Bt33		29		14		16		4.33		1		0.5985372
Bt34		20		7		9		4.33		1		0.6886845
Bt35		33		8		17		5		0		2.0143961
Bt36		29		10		11		5		0		1.9809961
Bt37		22		14		8		5		0		3.4357386
Bt38		29		7		16		22		0		2.2471909
Bt39		14		12		13		9.33		0		2.5438360
Bt40		21		10		10		9.33		0		1.3315038
Bt41		33		11		12		9.33		1		0.8668224
Bt42		14		10		13		12		1		0.5037633
Bt43		24		12		16		6		0		2.0149094
Bt44		28		8		14		13.50		0		2.5483215
Bt45		25		13		7		13.50		0		3.6205537
Bt46		34		5		8		14		0		2.0256606
Bt47		36		15		10		18		0		1.4166961
Bt48		14		14		14		17		1		0.6182726
Bt49		30		11		14		9.67		0		2.1529403
Bt50		21		14		11		9.67		0		1.1763429
Bt51		33		13		7		9.67		0		2.6254323
Bt52		33		12		6		13		0		2.5196450
Bt53		31		9		8		11		0		3.7837180
Bt54		14		5		18		11		0		3.5480740
Bt55		26		8		14		25		0		2.3872129
Bt56		29		7		7		28		0		2.5456980
Bt57		17		8		7		9		0		1.5207776
Bt58		15		14		15		9		1		0.8048483
Bt59		31		14		7		9		1		0.8376913
Bt60		26		14		7		6.33		0		1.9905051
Bt61		16		12		10		6.33		0		1.2813278
Bt62		19		14		16		6.33		1		0.7560842
Bt63		27		10		12		3.33		0		1.2583582
Bt64		32		10		8		3.33		0		1.1987699
Bt65		14		15		14		3.33		1		0.9704874
Bt66		14		14		13		4		0		1.5473185
Bt67		27		6		7		4		0		1.1440473
Bt68		17		6		8		4		0		2.8281296
Bt69		26		11		13		4.67		0		3.0764509
Bt70		14		7		6		4.67		0		3.9115121
Bt71		26		9		11		4.67		1		0.5966828
Bt72		27		9		15		8		0		3.2673314
Bt73		34		7		9		8		0		1.3568518
Bt74		31		6		9		8		1		0.5439641
Bt75		27		12		13		5.33		0		1.8206059
Bt76		21		10		7		5.33		0		3.4177684
Bt77		14		6		17		5.33		0		2.0054191
Bt78		31		10		9		11		0		2.3572174
Bt79		28		11		9		11		0		2.5434326
Bt80		28		12		8		11		0		1.3042822
Bt81		27		6		7		15		1		0.5953202
Bt82		22		6		9		5.50		0		3.6031849
Bt83		17		14		7		5.50		1		0.6831952
Bt84		16		8		17		6		0		1.8385380
Bt85		30		9		6		6		0		2.7701571
Bt86		21		5		8		6		0		1.3492281
Bt87		31		10		12		5.67		0		3.9673794
Bt88		22		10		8		5.67		0		3.7390886
Bt89		23		12		6		5.67		0		2.5101469
Bt90		26		11		13		7		0		3.9398939
Bt91		24		12		7		7		0		3.7528477
Bt92		24		9		15		7		1		0.5720480
Bt93		32		7		11		13.50		0		1.9210481
Bt94		14		6		12		13.50		0		3.5350370
Bt95		22		6		13		9.50		0		2.2996369
Bt96		32		12		7		9.50		1		0.5494163
Bt97		19		9		14		10		0		2.6130421
Bt98		23		11		9		10		0		1.4866692
Bt99		15		15		16		1.67		0		2.7870247
Bt100		14		8		8		1.67		0		1.5490882
Bt101		29		8		12		1.67		1		0.9415205
Bt102		33		12		11		11		0		2.5326765
Bt103		22		7		9		11		0		2.6739809
Bt104		15		10		12		4		0		3.8916878
Bt105		30		8		7		4		0		2.1339971
Bt106		25		6		7		4		0		2.0806705
Bt107		27		12		17		9.50		0		3.4061627
Bt108		23		6		15		9.50		0		1.3459313
Bt109		36		7		17		22		0		1.6198679
Bt110		29		12		14		16		0		3.0048759
Bt111		32		7		12		7		1		0.6164771
Bt112		30		12		16		26		0		2.6304082
Bt113		26		15		11		14		1		0.5923327
Bt114		18		15		8		21		0		1.7240902
Bt115		31		14		11		24		0		3.3622398
Bt116		35		13		9		4.33		0		2.4892781
Bt117		27		7		15		4.33		0		2.3510370
Bt118		25		7		7		4.33		0		2.6970380
Bt119		34		13		16		15		0		2.6390078
Bt120		26		6		10		18		1		0.9326095
Bt121		32		12		9		5.50		1		0.9563308
Bt122		31		7		7		5.50		1		0.6976111
Bt123		12		13		12		14		0		3.1761949
Bt124		26		14		11		14		1		0.9586692
Bt125		17		6		10		9		0		3.3354047
Bt126		14		11		11		12.33		0		3.5494588
Bt127		22		14		14		12.33		1		0.9857116
Bt128		14		15		17		12.33		1		0.5859877
Bt129		15		11		15		15		0		3.9730034
Bt130		30		6		11		15		0		2.5526169
Bt131		30		10		17		5		0		1.2876377
Bt132		20		8		11		5		0		1.8238158
Bt133		33		6		7		8		1		0.8053564
Bt134		18		13		10		5.50		0		1.1305623
Bt135		35		11		9		5.50		1		0.5275903
Bt136		14		7		12		3		0		3.6767066
Bt137		36		10		16		0.50		0		1.8998795
Bt138		29		7		13		0.50		0		3.4643286
Bt139		22		10		10		2		0		3.2648987
Bt140		34		11		12		2		1		0.8165373
Bt141		30		6		6		2		1		0.9215029
Bt142		16		14		12		10		0		3.4877079
Bt143		20		8		9		20		0		1.9443871

DEMANDS PER CUSTOMER
i	Type Quantity
1	Bt1 1	
2	Bt2 1	
3	Bt3 1	Bt4 1	Bt5 1	
4	Bt6 1	
5	Bt7 1	Bt8 1	
6	Bt9 1	Bt10 1	Bt11 1	
7	Bt12 1	Bt13 1	Bt14 1	
8	Bt15 1	Bt16 1	
9	Bt17 1	Bt18 1	
10	Bt19 1	Bt20 1	
11	Bt21 1	
12	Bt22 1	
13	Bt23 1	
14	Bt24 1	Bt25 1	Bt26 1	
15	Bt27 1	
16	Bt28 1	Bt29 1	Bt30 1	
17	Bt31 1	
18	Bt32 1	Bt33 1	Bt34 1	
19	Bt35 1	Bt36 1	Bt37 1	
20	Bt38 1	
21	Bt39 1	Bt40 1	Bt41 1	
22	Bt42 1	
23	Bt43 1	
24	Bt44 1	Bt45 1	
25	Bt46 1	
26	Bt47 1	
27	Bt48 1	
28	Bt49 1	Bt50 1	Bt51 1	
29	Bt52 1	
30	Bt53 1	Bt54 1	
31	Bt55 1	
32	Bt56 1	
33	Bt57 1	Bt58 1	Bt59 1	
34	Bt60 1	Bt61 1	Bt62 1	
35	Bt63 1	Bt64 1	Bt65 1	
36	Bt66 1	Bt67 1	Bt68 1	
37	Bt69 1	Bt70 1	Bt71 1	
38	Bt72 1	Bt73 1	Bt74 1	
39	Bt75 1	Bt76 1	Bt77 1	
40	Bt78 1	Bt79 1	Bt80 1	
41	Bt81 1	
42	Bt82 1	Bt83 1	
43	Bt84 1	Bt85 1	Bt86 1	
44	Bt87 1	Bt88 1	Bt89 1	
45	Bt90 1	Bt91 1	Bt92 1	
46	Bt93 1	Bt94 1	
47	Bt95 1	Bt96 1	
48	Bt97 1	Bt98 1	
49	Bt99 1	Bt100 1	Bt101 1	
50	Bt102 1	Bt103 1	
51	Bt104 1	Bt105 1	Bt106 1	
52	Bt107 1	Bt108 1	
53	Bt109 1	
54	Bt110 1	
55	Bt111 1	
56	Bt112 1	
57	Bt113 1	
58	Bt114 1	
59	Bt115 1	
60	Bt116 1	Bt117 1	Bt118 1	
61	Bt119 1	
62	Bt120 1	
63	Bt121 1	Bt122 1	
64	Bt123 1	Bt124 1	
65	Bt125 1	
66	Bt126 1	Bt127 1	Bt128 1	
67	Bt129 1	Bt130 1	
68	Bt131 1	Bt132 1	
69	Bt133 1	
70	Bt134 1	Bt135 1	
71	Bt136 1	
72	Bt137 1	Bt138 1	
73	Bt139 1	Bt140 1	Bt141 1	
74	Bt142 1	
75	Bt143 1	