Name				VRPTWP22
Number_of_Customers		75
Number_of_Items			146
Number_of_ItemTypes		146
Number_of_Vehicles		18
TimeWindows			1

VEHICLE
Mass_Capacity			180
CargoSpace_Length		60
CargoSpace_Width		25
CargoSpace_Height		30
Wheelbase			48
Max_Mass_FrontAxle		101
Max_Mass_RearAxle		164
Distance_FrontAxle_CargoSpace	4

CUSTOMERS
i		x		y		Demand		ReadyTime	DueDate		ServiceTime	DemandedMass	DemandedVolume
0		35		35		0		0		230		0		0		0
1		41		49		1		151		181		10		18		3640
2		35		17		1		40		70		10		26		2142
3		55		45		3		106		136		10		11		6832
4		55		20		2		139		169		10		30		8775
5		15		30		2		24		54		10		21		6144
6		25		30		2		89		119		10		19		6300
7		20		50		2		71		101		10		15		5100
8		10		43		1		85		115		10		16		2376
9		55		60		2		87		117		10		29		7764
10		30		60		2		114		144		10		26		5585
11		20		65		1		57		87		10		37		3080
12		50		35		2		53		83		10		16		10273
13		30		25		2		149		179		10		12		4438
14		15		10		1		32		62		10		31		2496
15		30		5		2		51		81		10		8		9000
16		10		20		3		65		95		10		19		7462
17		5		30		2		147		177		10		20		6171
18		20		40		2		77		107		10		13		5922
19		15		60		1		66		96		10		15		4455
20		45		65		2		116		146		10		22		9958
21		45		20		1		52		82		10		28		1680
22		45		10		3		87		117		10		12		9702
23		55		5		2		58		88		10		6		4860
24		65		35		2		143		173		10		27		10073
25		65		20		2		156		186		10		14		2523
26		45		30		2		122		152		10		18		6640
27		35		40		2		27		57		10		17		5292
28		41		37		1		29		59		10		29		2244
29		64		42		1		53		83		10		13		1914
30		40		60		3		61		91		10		22		11096
31		31		52		2		40		70		10		25		3721
32		35		69		2		131		161		10		28		2838
33		53		52		1		27		57		10		27		3072
34		65		55		1		107		137		10		19		4004
35		63		65		2		133		163		10		10		6376
36		2		60		3		41		71		10		12		12676
37		20		20		1		124		154		10		14		2912
38		5		5		2		73		103		10		24		7686
39		60		12		2		34		64		10		16		6801
40		40		25		2		75		105		10		33		3280
41		42		7		3		87		117		10		15		6917
42		24		12		3		25		55		10		11		12290
43		23		3		1		122		152		10		18		3808
44		11		14		3		59		89		10		17		6368
45		6		38		2		29		59		10		21		9212
46		2		48		2		107		137		10		27		4863
47		8		56		1		41		71		10		19		1200
48		13		52		2		155		185		10		20		5448
49		6		68		2		98		128		10		5		2744
50		47		47		2		114		144		10		22		7686
51		49		58		1		78		108		10		12		1280
52		27		43		2		42		72		10		19		4256
53		37		31		1		85		115		10		22		5304
54		57		29		1		130		160		10		16		840
55		63		23		1		126		156		10		7		6480
56		53		12		2		120		150		10		26		11008
57		32		12		3		91		121		10		14		10605
58		36		26		3		180		210		10		21		9528
59		21		24		3		17		47		10		24		9659
60		17		34		2		152		182		10		13		5355
61		12		24		2		66		96		10		15		10101
62		24		58		1		48		78		10		18		2700
63		27		69		2		34		64		10		11		2568
64		15		77		1		63		93		10		28		2100
65		62		77		2		49		79		10		9		7910
66		49		73		2		117		147		10		37		6795
67		67		5		2		73		103		10		30		4229
68		56		39		2		132		162		10		10		4890
69		37		47		3		40		70		10		8		4944
70		37		56		3		168		198		10		11		11412
71		57		68		3		67		97		10		3		11441
72		47		16		3		25		55		10		1		9418
73		44		17		3		68		98		10		6		6976
74		46		13		2		139		169		10		10		2240
75		49		11		2		59		89		10		20		3330

ITEMS
Type		Length		Width		Height		Mass		Fragility	LoadBearingStrength
Bt1		20		13		14		18		0		3.1032001
Bt2		34		9		7		26		0		2.0682626
Bt3		26		10		11		3.67		0		3.5782881
Bt4		13		12		17		3.67		0		2.2995460
Bt5		22		6		10		3.67		1		0.8415566
Bt6		26		15		7		15		0		3.1362753
Bt7		31		13		15		15		1		0.6879675
Bt8		16		15		13		10.50		0		3.9421027
Bt9		27		7		16		10.50		0		1.0294940
Bt10		35		12		9		9.50		0		1.3309600
Bt11		30		14		6		9.50		1		0.7864503
Bt12		33		11		10		7.50		0		3.2951137
Bt13		35		6		7		7.50		0		3.0189614
Bt14		22		12		9		16		0		2.2467471
Bt15		32		6		17		14.50		0		2.6133187
Bt16		30		15		10		14.50		1		0.6383440
Bt17		14		13		16		13		0		2.8055724
Bt18		27		9		11		13		1		0.9172811
Bt19		28		10		11		37		0		2.2429422
Bt20		19		11		17		8		0		2.4644408
Bt21		32		14		15		8		1		0.5619813
Bt22		20		14		10		6		0		2.1771813
Bt23		18		7		13		6		0		1.7085450
Bt24		24		8		13		31		1		0.8952685
Bt25		24		15		17		4		1		0.8980680
Bt26		32		10		9		4		1		0.9956824
Bt27		20		15		16		6.33		0		1.8235435
Bt28		22		8		9		6.33		0		3.2847912
Bt29		22		7		7		6.33		0		1.1350536
Bt30		25		11		12		10		0		3.8750230
Bt31		29		9		11		10		0		3.8719048
Bt32		24		11		12		6.50		0		3.3797052
Bt33		34		9		9		6.50		0		1.1507352
Bt34		27		11		15		15		0		2.1583182
Bt35		34		13		15		11		0		2.8450546
Bt36		26		8		16		11		0		3.8382699
Bt37		14		12		10		28		1		0.6947416
Bt38		29		14		15		4		0		2.2111064
Bt39		21		14		8		4		0		1.5420137
Bt40		14		10		9		4		0		1.9971260
Bt41		21		11		12		3		1		0.8015484
Bt42		29		6		12		3		1		0.6846808
Bt43		35		13		13		13.50		0		1.9514468
Bt44		27		11		14		13.50		1		0.7795780
Bt45		13		11		11		7		0		3.6672712
Bt46		19		5		10		7		1		0.6448066
Bt47		28		13		16		9		0		1.7929131
Bt48		17		6		8		9		0		3.6948880
Bt49		18		15		14		8.50		0		3.9829238
Bt50		28		6		9		8.50		0		3.8028624
Bt51		34		6		11		29		0		2.7163272
Bt52		29		6		11		13		0		2.6622182
Bt53		36		12		11		7.33		0		1.4119238
Bt54		32		8		14		7.33		0		3.9167772
Bt55		23		8		15		7.33		0		2.2443581
Bt56		19		11		9		12.50		0		1.9146413
Bt57		23		8		10		12.50		1		0.6280473
Bt58		12		14		11		14		0		3.3817339
Bt59		18		5		11		14		0		1.6682549
Bt60		16		12		16		27		1		0.6127921
Bt61		26		14		11		19		1		0.7087778
Bt62		18		12		15		5		0		2.6415205
Bt63		16		14		14		5		0		2.5614694
Bt64		26		13		14		4		0		1.2541362
Bt65		24		14		14		4		0		3.0089855
Bt66		24		15		9		4		0		1.1133855
Bt67		13		14		16		14		0		1.0010234
Bt68		27		10		13		12		0		2.1787913
Bt69		29		8		18		12		1		0.5979400
Bt70		23		12		13		8		0		3.4304826
Bt71		21		9		17		8		0		2.8103864
Bt72		30		9		8		16.50		0		1.2138396
Bt73		16		5		14		16.50		0		1.7067154
Bt74		25		8		18		5		0		2.4270055
Bt75		17		10		10		5		0		2.9822623
Bt76		21		11		7		5		0		3.6580285
Bt77		35		13		15		3.67		0		2.6856579
Bt78		33		7		15		3.67		0		3.1946778
Bt79		25		10		8		3.67		0		1.9445496
Bt80		17		14		16		18		1		0.7294122
Bt81		12		13		17		5.67		0		2.4000992
Bt82		13		14		13		5.67		0		2.6157428
Bt83		25		6		9		5.67		0		2.2613388
Bt84		34		7		14		10.50		0		1.2261556
Bt85		35		14		12		10.50		1		0.9728255
Bt86		19		15		11		13.50		1		0.7114198
Bt87		27		8		8		13.50		1		0.9860276
Bt88		15		8		10		19		0		3.5927834
Bt89		27		12		14		10		0		1.4552337
Bt90		19		8		6		10		0		2.0968051
Bt91		17		8		11		2.50		0		2.1343077
Bt92		13		12		8		2.50		0		2.1579562
Bt93		27		14		15		11		0		2.7733524
Bt94		12		14		12		11		0		3.9444279
Bt95		20		8		8		12		0		3.6289001
Bt96		22		8		7		9.50		0		1.5282953
Bt97		27		8		14		9.50		1		0.7023356
Bt98		34		12		13		22		0		2.8799918
Bt99		14		5		12		16		0		2.2250084
Bt100		36		12		15		7		0		1.8412222
Bt101		32		15		16		13		0		1.6520375
Bt102		32		13		8		13		0		1.5579289
Bt103		21		5		9		4.67		0		3.7416425
Bt104		35		8		18		4.67		1		0.8216133
Bt105		28		11		15		4.67		1		0.6467985
Bt106		29		10		12		7		0		1.5882437
Bt107		32		7		15		7		0		3.3446608
Bt108		32		12		7		7		0		1.9125602
Bt109		20		13		13		8		0		3.1228987
Bt110		27		11		7		8		0		2.2662875
Bt111		28		15		10		8		1		0.7854099
Bt112		27		9		17		6.50		0		3.0731951
Bt113		17		9		8		6.50		0		1.9941025
Bt114		35		13		17		7.50		0		3.7788747
Bt115		13		14		13		7.50		1		0.5955752
Bt116		20		15		9		18		0		1.5165520
Bt117		12		8		11		5.50		0		2.3843117
Bt118		21		8		9		5.50		1		0.5200957
Bt119		20		15		7		28		0		1.2865725
Bt120		35		14		14		4.50		0		3.3155013
Bt121		30		5		7		4.50		0		2.9769626
Bt122		29		8		15		18.50		0		3.8215260
Bt123		15		13		17		18.50		0		1.9861273
Bt124		19		12		13		15		0		1.6666678
Bt125		23		5		11		15		0		1.2572023
Bt126		27		8		15		5		1		0.5731071
Bt127		15		11		10		5		1		0.7225381
Bt128		18		6		17		2.67		0		2.3880504
Bt129		21		12		7		2.67		0		3.4576318
Bt130		14		8		12		2.67		0		2.1012489
Bt131		31		12		16		3.67		0		1.5874477
Bt132		23		12		13		3.67		0		1.2481937
Bt133		13		12		12		3.67		0		3.7355027
Bt134		23		14		18		1		0		1.9372456
Bt135		31		13		10		1		0		3.7109034
Bt136		19		5		17		1		1		0.6407126
Bt137		29		15		12		0.33		0		1.5482383
Bt138		20		13		12		0.33		0		1.6028544
Bt139		14		11		7		0.33		0		3.0152150
Bt140		14		9		9		2		0		1.6876489
Bt141		25		8		15		2		1		0.7049213
Bt142		29		7		14		2		1		0.5210527
Bt143		13		8		10		5		0		3.7472390
Bt144		25		8		6		5		1		0.5636151
Bt145		13		14		15		10		0		1.1976056
Bt146		20		5		6		10		0		2.7254811

DEMANDS PER CUSTOMER
i	Type Quantity
1	Bt1 1	
2	Bt2 1	
3	Bt3 1	Bt4 1	Bt5 1	
4	Bt6 1	Bt7 1	
5	Bt8 1	Bt9 1	
6	Bt10 1	Bt11 1	
7	Bt12 1	Bt13 1	
8	Bt14 1	
9	Bt15 1	Bt16 1	
10	Bt17 1	Bt18 1	
11	Bt19 1	
12	Bt20 1	Bt21 1	
13	Bt22 1	Bt23 1	
14	Bt24 1	
15	Bt25 1	Bt26 1	
16	Bt27 1	Bt28 1	Bt29 1	
17	Bt30 1	Bt31 1	
18	Bt32 1	Bt33 1	
19	Bt34 1	
20	Bt35 1	Bt36 1	
21	Bt37 1	
22	Bt38 1	Bt39 1	Bt40 1	
23	Bt41 1	Bt42 1	
24	Bt43 1	Bt44 1	
25	Bt45 1	Bt46 1	
26	Bt47 1	Bt48 1	
27	Bt49 1	Bt50 1	
28	Bt51 1	
29	Bt52 1	
30	Bt53 1	Bt54 1	Bt55 1	
31	Bt56 1	Bt57 1	
32	Bt58 1	Bt59 1	
33	Bt60 1	
34	Bt61 1	
35	Bt62 1	Bt63 1	
36	Bt64 1	Bt65 1	Bt66 1	
37	Bt67 1	
38	Bt68 1	Bt69 1	
39	Bt70 1	Bt71 1	
40	Bt72 1	Bt73 1	
41	Bt74 1	Bt75 1	Bt76 1	
42	Bt77 1	Bt78 1	Bt79 1	
43	Bt80 1	
44	Bt81 1	Bt82 1	Bt83 1	
45	Bt84 1	Bt85 1	
46	Bt86 1	Bt87 1	
47	Bt88 1	
48	Bt89 1	Bt90 1	
49	Bt91 1	Bt92 1	
50	Bt93 1	Bt94 1	
51	Bt95 1	
52	Bt96 1	Bt97 1	
53	Bt98 1	
54	Bt99 1	
55	Bt100 1	
56	Bt101 1	Bt102 1	
57	Bt103 1	Bt104 1	Bt105 1	
58	Bt106 1	Bt107 1	Bt108 1	
59	Bt109 1	Bt110 1	Bt111 1	
60	Bt112 1	Bt113 1	
61	Bt114 1	Bt115 1	
62	Bt116 1	
63	Bt117 1	Bt118 1	
64	Bt119 1	
65	Bt120 1	Bt121 1	
66	Bt122 1	Bt123 1	
67	Bt124 1	Bt125 1	
68	Bt126 1	Bt127 1	
69	Bt128 1	Bt129 1	Bt130 1	
70	Bt131 1	Bt132 1	Bt133 1	
71	Bt134 1	Bt135 1	Bt136 1	
72	Bt137 1	Bt138 1	Bt139 1	
73	Bt140 1	Bt141 1	Bt142 1	
74	Bt143 1	Bt144 1	
75	Bt145 1	Bt146 1	