Name					29_TruckTrailer_n60_m200_bt100_4
Number_of_Customers			60
Number_of_Items				200
Number_of_ItemTypes			100
Number_of_Vehicles			5
TimeWindows				0

VEHICLE
Mass_Capacity				25950
CargoSpace_Length			136
CargoSpace_Width			25
CargoSpace_Height			30
Wheelbase				36
Max_Mass_FrontAxle			10000
Max_Mass_RearAxle			11500
Max_Mass_TrailerAxle			24000
Distance_Kingpin_RearAxle		6
Distance_Kingpin_TrailerAxle		76
Distance_CargoSpace_TrailerAxle		92
Distance_Mass_Tractor_RearAxle		25
Distance_Mass_Trailer_TrailerAxle	16
Mass_Tractor				7300
Mass_Trailer				6750

CUSTOMERS
i		x		y		Demand		ReadyTime	DueDate		ServiceTime	DemandedMass	DemandedVolume
0		35		35		0		0		0		0		0		0
1		31		41		6		0		0		0		1186.08		6919
2		57		22		4		0		0		0		743.717		4099
3		34		17		3		0		0		0		619.009		3720
4		70		29		5		0		0		0		1317.75		8102
5		61		52		1		0		0		0		75.156		588
6		68		67		3		0		0		0		371.914		2768
7		66		1		4		0		0		0		553.054		3504
8		30		67		2		0		0		0		303.378		2064
9		25		59		4		0		0		0		1015.62		5498
10		14		28		2		0		0		0		212.015		1596
11		3		39		4		0		0		0		979.709		5727
12		21		2		1		0		0		0		153.024		1092
13		23		24		3		0		0		0		483.906		2824
14		50		68		3		0		0		0		575.682		4051
15		11		56		2		0		0		0		228.555		1464
16		67		40		4		0		0		0		490.633		3572
17		57		23		5		0		0		0		1787.47		11989
18		50		36		4		0		0		0		1095.2		5444
19		53		66		7		0		0		0		1158.21		6929
20		7		39		2		0		0		0		265.069		1890
21		16		62		3		0		0		0		398.026		2406
22		17		34		2		0		0		0		180.159		1128
23		30		63		4		0		0		0		865.483		4232
24		7		52		4		0		0		0		714.768		4898
25		54		32		5		0		0		0		1044.72		7347
26		44		56		5		0		0		0		1096.44		6294
27		13		18		1		0		0		0		615.299		3850
28		31		68		5		0		0		0		1462.48		8034
29		17		43		3		0		0		0		769.174		4386
30		22		65		2		0		0		0		312.093		1394
31		52		10		1		0		0		0		122.677		1080
32		66		26		5		0		0		0		547.114		3762
33		1		24		2		0		0		0		331.355		1811
34		54		30		3		0		0		0		961.03		5514
35		46		10		3		0		0		0		727.869		3492
36		5		49		2		0		0		0		650.529		3540
37		43		0		2		0		0		0		431.698		2423
38		60		18		3		0		0		0		951.09		5496
39		33		44		4		0		0		0		795.575		5538
40		36		62		6		0		0		0		1531.43		8244
41		33		24		4		0		0		0		1298.24		6372
42		44		35		4		0		0		0		818.949		6096
43		41		7		5		0		0		0		1255.39		7490
44		7		66		2		0		0		0		475.345		4320
45		70		7		3		0		0		0		478.198		2856
46		4		52		3		0		0		0		803.992		4052
47		49		32		3		0		0		0		1204.1		7440
48		70		28		5		0		0		0		1055.87		5053
49		18		15		3		0		0		0		937.43		6233
50		15		40		3		0		0		0		629.415		3317
51		66		25		4		0		0		0		885.028		4307
52		38		19		1		0		0		0		205.819		1170
53		64		47		4		0		0		0		575.787		3492
54		4		45		2		0		0		0		278.009		1442
55		67		21		5		0		0		0		991.51		6792
56		11		29		4		0		0		0		514.828		3590
57		39		31		4		0		0		0		375.68		3138
58		11		3		2		0		0		0		304.008		1869
59		49		27		3		0		0		0		1439.44		7788
60		12		26		2		0		0		0		533.936		3164

ITEMS
Type		Length		Width		Height		Mass		Fragility	LoadBearingStrength
Bt1		19		7		11		166.38		0		6.2550574
Bt2		25		7		9		257.02		1		1.4687068
Bt3		19		10		11		288.41		0		7.5898204
Bt4		19		6		12		156.76		0		6.8754914
Bt5		18		8		6		133.13		0		4.6224732
Bt6		16		7		9		136.86		0		6.1097643
Bt7		13		6		14		153.02		0		9.8092543
Bt8		14		8		7		119.30		0		5.3257614
Bt9		10		8		7		67.64		0		4.2273928
Bt10		6		8		6		61.22		0		6.3774286
Bt11		14		9		12		187.72		0		7.4490567
Bt12		11		6		12		144.58		0		10.9529395
Bt13		20		7		9		185.27		0		6.6167305
Bt14		24		11		11		493.40		0		9.3446291
Bt15		25		11		14		615.30		0		11.1872603
Bt16		7		10		11		166.03		0		11.8594210
Bt17		8		6		6		49.79		0		5.1859886
Bt18		8		6		13		91.83		0		9.5658976
Bt19		15		10		6		103.71		0		3.4570960
Bt20		7		7		8		79.77		0		8.1399087
Bt21		11		9		10		223.18		0		11.2715221
Bt22		8		9		13		99.13		0		6.8840838
Bt23		18		12		15		352.67		1		1.6327213
Bt24		12		12		15		388.12		0		13.4763587
Bt25		8		10		13		228.14		0		14.2584563
Bt26		11		11		11		278.67		0		11.5154188
Bt27		13		10		9		205.82		0		7.9161218
Bt28		14		7		10		177.40		0		9.0509039
Bt29		13		6		15		119.78		0		7.6783032
Bt30		6		7		7		46.98		0		5.5934294
Bt31		21		12		11		454.17		0		9.0112113
Bt32		18		9		13		350.74		0		10.8252164
Bt33		22		12		11		704.57		0		13.3440619
Bt34		15		9		8		122.68		0		4.5436013
Bt35		17		9		12		354.48		0		11.5844579
Bt36		19		6		9		119.43		0		5.2381597
Bt37		22		9		10		452.65		0		11.4304484
Bt38		25		11		7		414.19		0		7.5307926
Bt39		17		6		8		144.92		0		7.1040335
Bt40		8		8		8		119.48		0		9.3340811
Bt41		20		11		11		444.80		0		10.1090409
Bt42		17		6		12		302.93		0		14.8493731
Bt43		15		7		14		296.86		0		14.1363647
Bt44		6		9		10		70.41		0		6.5193200
Bt45		16		7		11		275.45		0		12.2970800
Bt46		13		8		9		131.07		0		6.3015672
Bt47		24		9		15		546.66		0		12.6541871
Bt48		8		6		14		164.38		0		17.1228254
Bt49		13		6		7		106.88		0		6.8510286
Bt50		7		6		7		37.45		0		4.4588397
Bt51		12		7		7		75.16		0		4.4735726
Bt52		14		6		11		158.15		0		9.4134758
Bt53		6		10		8		52.68		1		0.8780277
Bt54		23		6		10		199.56		0		7.2304997
Bt55		11		12		6		105.35		0		3.9904543
Bt56		18		8		8		156.43		0		5.4314536
Bt57		13		12		9		193.85		0		6.2131655
Bt58		20		12		11		546.82		0		11.3920041
Bt59		10		8		6		54.74		0		3.4211868
Bt60		8		7		7		48.08		0		4.2925499
Bt61		20		6		9		226.37		0		9.4319489
Bt62		19		6		11		159.98		0		7.0168789
Bt63		19		6		9		237.46		0		10.4150858
Bt64		25		8		15		376.86		0		9.4215087
Bt65		11		6		14		149.25		1		2.2614215
Bt66		25		8		11		377.92		0		9.4480683
Bt67		7		11		14		206.78		0		13.4272246
Bt68		17		11		15		355.77		0		9.5126587
Bt69		24		12		6		332.35		0		5.7700137
Bt70		8		8		7		98.00		0		7.6560925
Bt71		12		10		12		315.73		0		13.1555858
Bt72		24		12		7		468.45		0		8.1328991
Bt73		17		11		6		249.84		0		6.6802304
Bt74		10		11		8		122.64		0		5.5746586
Bt75		25		11		12		363.34		0		6.6061028
Bt76		8		6		11		110.51		0		11.5114004
Bt77		16		9		9		200.48		0		6.9611529
Bt78		11		10		12		289.85		0		13.1750015
Bt79		9		10		6		92.59		0		5.1438130
Bt80		8		6		7		35.58		0		3.7063133
Bt81		8		8		14		192.48		1		3.0075649
Bt82		9		7		12		186.76		0		14.8224941
Bt83		12		12		7		135.38		0		4.7007664
Bt84		11		7		7		108.93		0		7.0731510
Bt85		23		7		7		190.78		0		5.9249404
Bt86		8		6		13		146.06		1		3.0429433
Bt87		10		12		13		324.83		0		13.5344787
Bt88		19		10		11		263.93		0		6.9454372
Bt89		13		8		10		253.90		1		2.4413260
Bt90		8		6		8		78.67		1		1.6388769
Bt91		10		7		11		143.59		0		10.2566363
Bt92		6		9		7		77.35		0		7.1623079
Bt93		6		11		13		94.98		1		1.4391547
Bt94		7		10		14		196.22		0		14.0157868
Bt95		9		12		9		127.89		0		5.9209365
Bt96		11		9		9		208.46		0		10.5281422
Bt97		7		11		6		100.61		0		6.5332089
Bt98		11		9		7		98.62		1		0.9961402
Bt99		15		8		10		170.25		0		7.0937638
Bt100		6		8		7		38.71		0		4.0324606

DEMANDS PER CUSTOMER
i	Type Quantity
1	Bt27 2	Bt53 1	Bt66 1	Bt83 1	Bt96 1	
2	Bt2 1	Bt7 1	Bt20 1	Bt89 1	
3	Bt19 1	Bt54 1	Bt71 1	
4	Bt3 1	Bt6 1	Bt31 1	Bt42 1	Bt83 1	
5	Bt51 1	
6	Bt4 1	Bt20 1	Bt83 1	
7	Bt6 1	Bt57 1	Bt80 1	Bt82 1	
8	Bt5 1	Bt99 1	
9	Bt27 1	Bt41 1	Bt51 1	Bt78 1	
10	Bt6 1	Bt51 1	
11	Bt25 1	Bt43 1	Bt85 1	Bt88 1	
12	Bt7 1	
13	Bt49 1	Bt67 1	Bt99 1	
14	Bt8 1	Bt68 1	Bt97 1	
15	Bt44 1	Bt52 1	
16	Bt7 1	Bt9 1	Bt44 1	Bt54 1	
17	Bt7 1	Bt15 2	Bt60 1	Bt68 1	
18	Bt10 1	Bt24 1	Bt28 1	Bt72 1	
19	Bt11 1	Bt22 1	Bt26 1	Bt36 1	Bt73 1	Bt86 1	Bt92 1	
20	Bt11 1	Bt92 1	
21	Bt18 1	Bt36 1	Bt82 1	
22	Bt12 1	Bt80 1	
23	Bt9 1	Bt21 1	Bt73 1	Bt87 1	
24	Bt3 1	Bt13 1	Bt18 1	Bt65 1	
25	Bt9 1	Bt20 1	Bt29 1	Bt38 1	Bt75 1	
26	Bt5 1	Bt14 1	Bt39 1	Bt51 1	Bt73 1	
27	Bt15 1	
28	Bt15 1	Bt16 1	Bt37 1	Bt95 1	Bt97 1	
29	Bt18 1	Bt21 1	Bt31 1	
30	Bt16 1	Bt86 1	
31	Bt34 1	
32	Bt17 1	Bt44 1	Bt56 1	Bt62 1	Bt76 1	
33	Bt26 1	Bt53 1	
34	Bt15 1	Bt18 1	Bt89 1	
35	Bt42 1	Bt69 1	Bt79 1	
36	Bt19 1	Bt58 1	
37	Bt7 1	Bt26 1	
38	Bt14 1	Bt20 1	Bt66 1	
39	Bt3 2	Bt51 1	Bt91 1	
40	Bt21 1	Bt31 1	Bt42 1	Bt46 1	Bt73 1	Bt99 1	
41	Bt33 1	Bt35 1	Bt77 1	Bt100 1	
42	Bt21 1	Bt22 1	Bt29 1	Bt64 1	
43	Bt20 1	Bt24 1	Bt30 1	Bt47 1	Bt57 1	
44	Bt23 1	Bt34 1	
45	Bt11 1	Bt70 1	Bt81 1	
46	Bt16 1	Bt24 1	Bt73 1	
47	Bt24 1	Bt37 1	Bt75 1	
48	Bt25 1	Bt26 1	Bt67 1	Bt86 1	Bt94 1	
49	Bt6 1	Bt41 1	Bt68 1	
50	Bt26 1	Bt27 1	Bt39 1	
51	Bt12 1	Bt38 1	Bt40 1	Bt67 1	
52	Bt27 1	
53	Bt4 1	Bt18 1	Bt73 1	Bt92 1	
54	Bt28 1	Bt97 1	
55	Bt10 1	Bt13 1	Bt18 1	Bt75 1	Bt78 1	
56	Bt10 1	Bt28 1	Bt29 1	Bt56 1	
57	Bt19 1	Bt22 1	Bt50 1	Bt83 1	
58	Bt2 1	Bt30 1	
59	Bt14 2	Bt37 1	
60	Bt20 1	Bt31 1	