Name					30_TruckTrailer_n60_m200_bt100_5
Number_of_Customers			60
Number_of_Items				200
Number_of_ItemTypes			100
Number_of_Vehicles			6
TimeWindows				0

VEHICLE
Mass_Capacity				25950
CargoSpace_Length			136
CargoSpace_Width			25
CargoSpace_Height			30
Wheelbase				36
Max_Mass_FrontAxle			10000
Max_Mass_RearAxle			11500
Max_Mass_TrailerAxle			24000
Distance_Kingpin_RearAxle		6
Distance_Kingpin_TrailerAxle		76
Distance_CargoSpace_TrailerAxle		92
Distance_Mass_Tractor_RearAxle		25
Distance_Mass_Trailer_TrailerAxle	16
Mass_Tractor				7300
Mass_Trailer				6750

CUSTOMERS
i		x		y		Demand		ReadyTime	DueDate		ServiceTime	DemandedMass	DemandedVolume
0		35		35		0		0		0		0		0		0
1		23		66		3		0		0		0		709.063		3992
2		30		47		2		0		0		0		785.598		6456
3		20		69		5		0		0		0		1950.62		11952
4		22		26		5		0		0		0		1503.15		11328
5		47		59		4		0		0		0		954.078		4310
6		43		62		2		0		0		0		327.013		2340
7		37		69		3		0		0		0		509.234		2226
8		42		58		5		0		0		0		1868.88		10828
9		57		22		4		0		0		0		1437.15		8297
10		60		13		2		0		0		0		492.973		3168
11		6		58		4		0		0		0		805.022		5552
12		40		40		4		0		0		0		1076.74		6025
13		67		9		4		0		0		0		1855.98		10456
14		37		20		3		0		0		0		1430.89		7278
15		32		23		4		0		0		0		482.901		2336
16		49		26		5		0		0		0		663.941		4828
17		62		12		5		0		0		0		1248.03		6730
18		50		34		4		0		0		0		1058.74		5528
19		68		29		2		0		0		0		1079.15		5538
20		22		64		3		0		0		0		635.838		3662
21		4		63		3		0		0		0		317.829		2277
22		36		23		5		0		0		0		1557.92		8868
23		22		32		2		0		0		0		511.389		2688
24		29		26		1		0		0		0		269.807		1260
25		58		66		4		0		0		0		515.673		2575
26		58		61		4		0		0		0		907.583		6503
27		67		2		1		0		0		0		38.797		384
28		27		47		3		0		0		0		755.942		5130
29		11		56		6		0		0		0		1127.15		5577
30		11		18		2		0		0		0		638.639		3618
31		67		5		3		0		0		0		615.767		4050
32		11		58		3		0		0		0		818.131		4912
33		7		7		3		0		0		0		550.339		2784
34		51		41		3		0		0		0		967.377		6549
35		45		64		4		0		0		0		1550.12		8128
36		5		47		2		0		0		0		351.373		1832
37		1		31		2		0		0		0		304.758		2700
38		44		67		1		0		0		0		45.4311		252
39		43		0		3		0		0		0		862.134		4892
40		24		16		4		0		0		0		958.768		6321
41		68		42		3		0		0		0		385.164		2170
42		23		57		4		0		0		0		1259.87		7205
43		30		13		4		0		0		0		291.134		1770
44		16		18		3		0		0		0		434.635		2784
45		34		29		3		0		0		0		579.817		3384
46		18		20		5		0		0		0		1619.16		9504
47		19		27		4		0		0		0		690.951		4928
48		55		22		4		0		0		0		775.951		4474
49		9		16		3		0		0		0		607.085		3380
50		11		29		3		0		0		0		515.748		3368
51		11		70		4		0		0		0		1552.47		8241
52		53		43		5		0		0		0		907.148		4986
53		63		32		5		0		0		0		998.954		6011
54		2		30		2		0		0		0		555.199		2940
55		10		58		1		0		0		0		400.988		1800
56		70		62		1		0		0		0		73.5933		480
57		56		27		5		0		0		0		1809.44		8326
58		32		47		4		0		0		0		854.055		5759
59		46		18		4		0		0		0		1636.62		8895
60		61		25		1		0		0		0		259.134		1260

ITEMS
Type		Length		Width		Height		Mass		Fragility	LoadBearingStrength
Bt1		9		9		15		150.02		0		9.2608004
Bt2		23		10		12		331.17		0		7.1992719
Bt3		18		6		6		105.90		0		4.9029534
Bt4		19		12		9		287.44		0		6.3034351
Bt5		24		10		14		696.47		1		2.9019481
Bt6		24		8		14		419.38		0		10.9213395
Bt7		24		7		12		334.08		0		9.9428353
Bt8		22		11		15		889.42		0		18.3763629
Bt9		15		7		12		143.47		0		6.8318286
Bt10		8		6		7		67.57		0		7.0382377
Bt11		21		7		10		158.79		0		5.4011828
Bt12		11		12		10		293.55		0		11.1191964
Bt13		12		7		15		269.81		0		16.0599503
Bt14		10		6		14		103.89		0		8.6578760
Bt15		18		11		15		391.43		0		9.8845670
Bt16		22		9		11		382.68		0		9.6637126
Bt17		6		8		6		39.58		0		4.1225423
Bt18		23		11		15		653.47		0		12.9144016
Bt19		20		12		6		255.96		0		5.3324237
Bt20		6		7		6		45.43		0		5.4084688
Bt21		11		10		15		329.34		0		14.9697948
Bt22		23		11		12		398.90		0		7.8833389
Bt23		11		6		14		189.54		1		2.8718596
Bt24		15		10		8		138.62		0		4.6207351
Bt25		9		9		12		187.39		0		11.5670436
Bt26		20		6		8		103.03		1		0.8585944
Bt27		6		10		15		105.38		0		8.7815755
Bt28		18		10		11		430.06		0		11.9460298
Bt29		8		10		6		73.59		0		4.5995815
Bt30		8		7		7		95.42		0		8.5193634
Bt31		21		6		10		259.13		0		10.2830946
Bt32		25		6		10		267.95		0		8.9315855
Bt33		9		7		15		217.76		1		3.4564429
Bt34		12		9		11		212.76		0		9.8497789
Bt35		17		7		6		87.78		0		3.6881756
Bt36		16		11		11		359.18		0		10.2038538
Bt37		25		7		13		558.86		0		15.9674213
Bt38		11		6		11		140.84		1		2.1339017
Bt39		24		9		9		459.78		0		10.6430483
Bt40		6		7		8		73.72		0		8.7764017
Bt41		14		9		10		193.66		0		7.6847938
Bt42		11		7		11		211.72		1		2.7495866
Bt43		17		8		12		337.88		0		12.4219993
Bt44		8		8		15		155.32		0		12.1343816
Bt45		17		8		10		319.12		0		11.7322573
Bt46		7		8		7		80.92		0		7.2253372
Bt47		13		6		14		267.46		0		17.1450083
Bt48		7		10		13		158.20		0		11.3001027
Bt49		12		10		7		209.79		0		8.7414131
Bt50		7		7		6		51.29		0		5.2335287
Bt51		20		12		6		156.00		1		0.6499959
Bt52		8		7		6		39.38		0		3.5160119
Bt53		10		9		6		83.34		0		4.6300245
Bt54		13		10		14		227.58		1		1.7506035
Bt55		13		9		15		324.01		0		13.8464504
Bt56		18		8		10		161.29		0		5.6003492
Bt57		19		9		9		163.88		0		4.7919230
Bt58		15		7		12		247.64		0		11.7924648
Bt59		22		12		15		702.74		0		13.3094269
Bt60		8		8		6		71.32		1		1.1143620
Bt61		19		11		13		558.65		0		13.3647493
Bt62		10		6		11		106.47		0		8.8725552
Bt63		8		10		9		179.16		0		11.1976724
Bt64		9		9		13		175.14		0		10.8109301
Bt65		11		9		6		87.00		0		4.3941037
Bt66		14		8		10		137.54		0		6.1401217
Bt67		11		6		7		56.44		0		4.2756204
Bt68		12		7		13		242.55		0		14.4374252
Bt69		7		12		12		166.94		0		9.9366808
Bt70		7		8		7		76.06		0		6.7907188
Bt71		7		9		6		50.64		0		4.0187779
Bt72		8		9		7		84.59		1		1.1748479
Bt73		9		6		12		88.55		1		1.6397272
Bt74		12		7		13		117.54		0		6.9963780
Bt75		6		9		12		158.74		0		14.6976888
Bt76		24		11		14		454.43		0		8.6066623
Bt77		22		10		10		334.95		0		7.6124191
Bt78		7		8		7		78.64		1		1.4042369
Bt79		25		12		9		671.83		0		11.1972462
Bt80		8		8		6		38.80		0		3.0310166
Bt81		19		10		13		337.99		0		8.8943972
Bt82		18		8		12		408.36		1		2.8358184
Bt83		19		11		10		439.36		0		10.5109254
Bt84		15		10		12		400.99		0		13.3662513
Bt85		12		11		13		410.73		1		3.1115881
Bt86		10		12		8		125.14		0		5.2142415
Bt87		18		9		12		381.08		1		2.3523562
Bt88		6		11		12		195.86		0		14.8376806
Bt89		9		12		8		212.74		0		9.8491208
Bt90		7		6		7		69.83		0		8.3130210
Bt91		21		6		15		383.05		0		15.2002049
Bt92		21		9		9		202.69		0		5.3621725
Bt93		20		11		12		265.50		0		6.0341469
Bt94		20		8		11		233.58		0		7.2992197
Bt95		24		10		10		376.46		0		7.8430078
Bt96		16		12		10		215.96		0		5.6238335
Bt97		17		8		12		187.60		0		6.8970287
Bt98		16		12		9		258.64		0		6.7354444
Bt99		12		11		6		190.10		0		7.2008796
Bt100		7		7		7		65.02		0		6.6349672

DEMANDS PER CUSTOMER
i	Type Quantity
1	Bt20 1	Bt28 1	Bt94 1	
2	Bt2 1	Bt76 1	
3	Bt2 1	Bt5 1	Bt10 1	Bt76 1	Bt84 1	
4	Bt2 1	Bt3 1	Bt22 1	Bt34 1	Bt76 1	
5	Bt46 1	Bt67 1	Bt82 2	
6	Bt4 1	Bt17 1	
7	Bt33 2	Bt40 1	
8	Bt2 1	Bt5 1	Bt12 1	Bt34 1	Bt77 1	
9	Bt5 1	Bt15 1	Bt42 1	Bt66 1	
10	Bt6 1	Bt29 1	
11	Bt13 1	Bt41 1	Bt70 1	Bt93 1	
12	Bt7 1	Bt27 1	Bt61 1	Bt78 1	
13	Bt8 1	Bt15 1	Bt36 1	Bt96 1	
14	Bt8 1	Bt11 1	Bt16 1	
15	Bt12 1	Bt17 1	Bt40 1	Bt70 1	
16	Bt9 1	Bt14 1	Bt38 1	Bt48 1	Bt74 1	
17	Bt13 1	Bt37 1	Bt57 1	Bt69 1	Bt73 1	
18	Bt10 1	Bt49 1	Bt59 1	Bt78 1	
19	Bt5 1	Bt16 1	
20	Bt11 1	Bt70 1	Bt84 1	
21	Bt14 1	Bt64 1	Bt80 1	
22	Bt12 1	Bt17 1	Bt42 1	Bt61 1	Bt76 1	
23	Bt26 1	Bt82 1	
24	Bt13 1	
25	Bt23 1	Bt25 1	Bt40 1	Bt100 1	
26	Bt14 1	Bt42 1	Bt66 1	Bt76 1	
27	Bt80 1	
28	Bt15 1	Bt27 1	Bt31 1	
29	Bt28 1	Bt35 1	Bt42 1	Bt58 1	Bt60 1	Bt78 1	
30	Bt16 1	Bt19 1	
31	Bt21 1	Bt56 1	Bt86 1	
32	Bt6 1	Bt17 1	Bt36 1	
33	Bt19 1	Bt49 1	Bt72 1	
34	Bt1 1	Bt18 1	Bt57 1	
35	Bt45 1	Bt59 1	Bt74 1	Bt85 1	
36	Bt19 1	Bt30 1	
37	Bt9 1	Bt56 1	
38	Bt20 1	
39	Bt53 1	Bt59 1	Bt70 1	
40	Bt11 1	Bt21 1	Bt32 1	Bt92 1	
41	Bt17 1	Bt25 1	Bt48 1	
42	Bt22 1	Bt61 1	Bt62 1	Bt88 1	
43	Bt60 1	Bt71 1	Bt72 2	
44	Bt23 1	Bt24 1	Bt62 1	
45	Bt29 1	Bt86 1	Bt87 1	
46	Bt2 1	Bt4 1	Bt24 1	Bt79 1	Bt99 1	
47	Bt29 1	Bt86 1	Bt94 1	Bt98 1	
48	Bt25 1	Bt30 1	Bt48 1	Bt77 1	
49	Bt13 1	Bt78 1	Bt98 1	
50	Bt7 1	Bt26 1	Bt78 1	
51	Bt8 1	Bt43 1	Bt56 1	Bt57 1	
52	Bt12 1	Bt27 1	Bt43 1	Bt53 1	Bt65 1	
53	Bt14 1	Bt17 1	Bt38 1	Bt51 1	Bt61 1	
54	Bt28 1	Bt86 1	
55	Bt84 1	
56	Bt29 1	
57	Bt37 1	Bt43 1	Bt48 1	Bt61 1	Bt88 1	
58	Bt22 1	Bt30 1	Bt57 1	Bt88 1	
59	Bt18 1	Bt44 1	Bt51 1	Bt79 1	
60	Bt31 1	