Name					36_TruckTrailer_n60_m400_bt100_1
Number_of_Customers			60
Number_of_Items				400
Number_of_ItemTypes			100
Number_of_Vehicles			10
TimeWindows				0

VEHICLE
Mass_Capacity				25950
CargoSpace_Length			136
CargoSpace_Width			25
CargoSpace_Height			30
Wheelbase				36
Max_Mass_FrontAxle			10000
Max_Mass_RearAxle			11500
Max_Mass_TrailerAxle			24000
Distance_Kingpin_RearAxle		6
Distance_Kingpin_TrailerAxle		76
Distance_CargoSpace_TrailerAxle		92
Distance_Mass_Tractor_RearAxle		25
Distance_Mass_Trailer_TrailerAxle	16
Mass_Tractor				7300
Mass_Trailer				6750

CUSTOMERS
i		x		y		Demand		ReadyTime	DueDate		ServiceTime	DemandedMass	DemandedVolume
0		35		35		0		0		0		0		0		0
1		33		63		6		0		0		0		1210.13		8129
2		46		68		4		0		0		0		712.12		4682
3		11		57		4		0		0		0		568.08		3465
4		14		35		5		0		0		0		1038.21		7768
5		10		60		6		0		0		0		1075.41		6734
6		1		29		6		0		0		0		1011.79		5612
7		30		53		8		0		0		0		2047.92		12055
8		31		9		5		0		0		0		856.049		5533
9		2		39		6		0		0		0		1090.74		7544
10		12		13		2		0		0		0		399.754		2316
11		40		70		6		0		0		0		1378.3		7994
12		27		62		5		0		0		0		1583.36		8176
13		60		19		3		0		0		0		763.888		3900
14		8		1		5		0		0		0		1436.71		8194
15		26		64		6		0		0		0		1988.92		12682
16		16		70		6		0		0		0		1125.98		6812
17		19		33		6		0		0		0		1023.59		6123
18		63		8		6		0		0		0		1985.25		12310
19		66		8		9		0		0		0		2058.6		12238
20		2		47		6		0		0		0		1280.74		7330
21		14		1		10		0		0		0		2427.44		11746
22		9		53		7		0		0		0		1465.77		9441
23		9		66		6		0		0		0		1019.09		5639
24		18		70		7		0		0		0		1278.97		6833
25		67		16		10		0		0		0		2453.44		14156
26		39		17		8		0		0		0		1426.91		7941
27		35		38		7		0		0		0		1171.85		7066
28		20		63		9		0		0		0		1770.67		10004
29		29		48		11		0		0		0		1982.88		11616
30		11		68		7		0		0		0		1246.43		6548
31		40		62		6		0		0		0		882.591		5394
32		3		19		9		0		0		0		2054.61		12793
33		49		20		8		0		0		0		1534.12		9227
34		6		50		5		0		0		0		1401.59		8212
35		53		7		6		0		0		0		1347.54		8456
36		43		70		5		0		0		0		1639.4		8439
37		61		41		10		0		0		0		3414.26		18822
38		22		56		7		0		0		0		1455.41		8381
39		16		56		6		0		0		0		1235.49		6948
40		1		4		8		0		0		0		1840.02		9992
41		38		62		6		0		0		0		1182.51		6278
42		39		47		6		0		0		0		843.946		4936
43		42		6		4		0		0		0		1008.61		5886
44		3		32		9		0		0		0		2219.81		12907
45		69		6		4		0		0		0		689.395		4100
46		2		53		5		0		0		0		626.981		3144
47		9		14		9		0		0		0		1522.66		8030
48		17		0		8		0		0		0		1777.18		12350
49		46		0		9		0		0		0		1703.48		10925
50		41		36		7		0		0		0		1906.33		12238
51		64		62		8		0		0		0		1716		10437
52		44		63		6		0		0		0		1251.44		6648
53		49		10		6		0		0		0		1160.23		7418
54		11		9		8		0		0		0		1781.87		9319
55		15		2		6		0		0		0		915.057		5016
56		14		12		6		0		0		0		1312.59		7981
57		33		48		9		0		0		0		2104.81		10204
58		55		5		7		0		0		0		1030.74		5963
59		50		37		10		0		0		0		1085.46		6596
60		14		19		5		0		0		0		745.947		4646

ITEMS
Type		Length		Width		Height		Mass		Fragility	LoadBearingStrength
Bt1		14		9		12		214.08		0		8.4950512
Bt2		9		9		6		101.58		0		6.2704068
Bt3		6		7		6		33.19		0		3.9506641
Bt4		22		9		7		188.61		1		0.9525985
Bt5		13		12		11		265.28		0		8.5027216
Bt6		7		6		10		78.09		0		9.2967534
Bt7		18		7		7		214.02		0		8.4929123
Bt8		23		8		11		277.53		0		7.5415759
Bt9		13		7		12		183.63		0		10.0897766
Bt10		7		6		7		31.68		0		3.7710903
Bt11		6		12		8		66.47		1		0.9231983
Bt12		10		10		12		230.25		0		11.5125231
Bt13		23		10		13		334.90		1		1.4561087
Bt14		8		6		6		51.14		0		5.3265966
Bt15		11		11		9		249.29		0		10.3010736
Bt16		10		9		14		144.56		0		8.0312337
Bt17		7		12		10		146.12		0		8.6978016
Bt18		12		6		11		168.25		0		11.6841186
Bt19		20		11		14		447.28		0		10.1654172
Bt20		8		8		8		106.13		0		8.2913280
Bt21		15		6		12		247.16		0		13.7310707
Bt22		13		9		8		154.49		0		6.6019968
Bt23		24		9		15		540.07		0		12.5015862
Bt24		24		9		15		365.79		0		8.4672806
Bt25		16		11		15		385.47		1		2.1901603
Bt26		11		7		11		95.87		0		6.2252243
Bt27		9		6		6		68.93		0		6.3820819
Bt28		24		10		6		282.22		0		5.8796309
Bt29		21		10		15		698.68		0		16.6351941
Bt30		8		7		7		71.70		0		6.4014075
Bt31		7		8		10		88.72		0		7.9216151
Bt32		11		8		14		211.11		0		11.9950502
Bt33		15		10		13		366.19		0		12.2062419
Bt34		10		6		6		89.51		0		7.4588891
Bt35		7		9		9		128.15		0		10.1705810
Bt36		20		8		8		234.09		1		1.4630491
Bt37		21		7		10		291.89		0		9.9281124
Bt38		12		7		7		100.85		0		6.0030433
Bt39		22		6		9		178.10		0		6.7461316
Bt40		7		6		7		46.55		0		5.5416161
Bt41		7		6		7		47.80		0		5.6907833
Bt42		10		10		12		286.72		0		14.3361339
Bt43		20		7		10		167.89		0		5.9959860
Bt44		20		7		11		248.89		0		8.8888425
Bt45		6		12		15		245.96		0		17.0807092
Bt46		14		7		7		158.54		0		8.0889317
Bt47		8		7		9		100.42		0		8.9663849
Bt48		10		10		14		178.05		0		8.9023390
Bt49		16		11		13		557.93		0		15.8504069
Bt50		6		8		6		57.76		0		6.0167656
Bt51		22		10		10		276.63		0		6.2869405
Bt52		9		10		12		119.63		0		6.6459879
Bt53		10		10		13		238.48		0		11.9238687
Bt54		13		10		10		299.86		0		11.5332250
Bt55		9		6		12		140.36		0		12.9964731
Bt56		8		10		9		80.91		0		5.0571680
Bt57		14		9		14		420.51		0		16.6869073
Bt58		20		9		13		432.78		1		2.4043156
Bt59		12		6		14		146.60		0		10.1804431
Bt60		7		8		7		90.65		0		8.0933337
Bt61		15		9		10		214.91		0		7.9597899
Bt62		23		6		7		185.01		0		6.7032244
Bt63		19		6		10		134.21		0		5.8866132
Bt64		6		10		8		95.36		0		7.9469044
Bt65		8		8		12		161.01		0		12.5786948
Bt66		13		9		13		248.36		0		10.6136308
Bt67		14		6		11		112.84		0		6.7167666
Bt68		7		8		6		50.35		0		4.4953433
Bt69		21		9		10		298.35		1		1.5785709
Bt70		6		8		8		81.71		0		8.5112238
Bt71		15		10		9		257.98		0		8.5993244
Bt72		14		8		11		289.25		0		12.9131530
Bt73		16		11		12		391.45		0		11.1208779
Bt74		11		11		8		124.59		0		5.1484972
Bt75		12		8		13		130.28		0		6.7854999
Bt76		9		8		10		142.83		0		9.9187595
Bt77		10		9		14		129.85		0		7.2137216
Bt78		7		11		8		151.64		0		9.8467854
Bt79		16		6		12		258.12		0		13.4439201
Bt80		7		7		7		61.46		0		6.2715269
Bt81		6		6		13		99.27		0		13.7868880
Bt82		15		12		8		165.57		0		4.5991382
Bt83		24		7		13		319.63		0		9.5128646
Bt84		11		7		7		99.22		0		6.4426902
Bt85		18		12		10		307.11		0		7.1090659
Bt86		21		10		10		333.86		0		7.9489552
Bt87		23		9		8		194.07		0		4.6877458
Bt88		11		12		15		342.59		0		12.9767427
Bt89		14		6		12		156.02		0		9.2867522
Bt90		8		6		7		37.19		0		3.8744784
Bt91		12		11		14		300.49		1		2.2764243
Bt92		23		12		15		983.32		0		17.8138584
Bt93		13		11		6		160.93		0		5.6268836
Bt94		9		7		6		79.26		0		6.2902128
Bt95		19		10		8		219.09		0		5.7655231
Bt96		15		11		10		250.48		0		7.5904120
Bt97		14		6		14		163.65		0		9.7409187
Bt98		14		11		8		220.72		0		7.1661230
Bt99		24		9		11		449.64		0		10.4084142
Bt100		8		6		6		63.65		0		6.6297341

DEMANDS PER CUSTOMER
i	Type Quantity
1	Bt24 1	Bt43 1	Bt45 1	Bt47 1	Bt66 1	Bt70 1	
2	Bt61 1	Bt67 1	Bt97 1	Bt98 1	
3	Bt1 1	Bt35 1	Bt59 1	Bt94 1	
4	Bt2 1	Bt13 1	Bt16 1	Bt25 1	Bt30 1	
5	Bt39 1	Bt41 1	Bt43 1	Bt56 1	Bt79 1	Bt88 1	
6	Bt10 1	Bt46 1	Bt47 1	Bt48 1	Bt73 1	Bt78 1	
7	Bt15 1	Bt25 1	Bt53 1	Bt56 1	Bt61 1	Bt64 1	Bt86 1	Bt99 1	
8	Bt3 1	Bt20 1	Bt43 1	Bt66 1	Bt91 1	
9	Bt22 1	Bt44 1	Bt48 1	Bt63 1	Bt89 1	Bt95 1	
10	Bt81 1	Bt91 1	
11	Bt42 1	Bt46 1	Bt58 1	Bt68 1	Bt75 1	Bt83 1	
12	Bt4 1	Bt28 1	Bt29 1	Bt72 1	Bt74 1	
13	Bt5 1	Bt6 1	Bt57 1	
14	Bt33 1	Bt49 1	Bt77 1	Bt95 1	Bt97 1	
15	Bt9 1	Bt25 1	Bt29 1	Bt43 1	Bt51 2	
16	Bt5 1	Bt22 1	Bt64 1	Bt72 1	Bt82 1	Bt89 1	
17	Bt4 1	Bt5 1	Bt55 1	Bt66 1	Bt70 1	Bt81 1	
18	Bt19 1	Bt25 1	Bt29 1	Bt48 1	Bt70 1	Bt87 1	
19	Bt5 1	Bt6 1	Bt7 1	Bt8 1	Bt25 1	Bt68 1	Bt72 1	Bt88 1	Bt89 1	
20	Bt6 1	Bt40 1	Bt48 1	Bt49 1	Bt52 1	Bt91 1	
21	Bt7 2	Bt16 1	Bt20 1	Bt38 2	Bt60 1	Bt61 1	Bt79 1	Bt92 1	
22	Bt25 1	Bt66 1	Bt70 1	Bt73 1	Bt82 1	Bt89 1	Bt90 1	
23	Bt37 1	Bt55 1	Bt59 1	Bt62 1	Bt84 1	Bt89 1	
24	Bt7 1	Bt37 1	Bt69 1	Bt74 1	Bt78 1	Bt81 1	Bt84 1	
25	Bt12 1	Bt24 1	Bt28 1	Bt41 1	Bt49 1	Bt61 1	Bt65 1	Bt69 1	Bt71 1	Bt90 1	
26	Bt9 1	Bt10 1	Bt11 1	Bt21 1	Bt37 1	Bt44 1	Bt71 1	Bt84 1	
27	Bt16 1	Bt17 1	Bt46 1	Bt48 1	Bt50 1	Bt64 1	Bt73 1	
28	Bt8 1	Bt28 1	Bt31 1	Bt41 1	Bt47 1	Bt53 1	Bt54 1	Bt61 1	Bt98 1	
29	Bt2 1	Bt3 1	Bt23 1	Bt31 1	Bt41 1	Bt45 1	Bt48 1	Bt60 1	Bt71 1	Bt83 1	Bt94 1	
30	Bt6 1	Bt12 1	Bt36 1	Bt55 1	Bt68 1	Bt99 1	Bt100 1	
31	Bt2 1	Bt11 1	Bt59 1	Bt67 1	Bt73 1	Bt100 1	
32	Bt5 1	Bt9 1	Bt31 1	Bt36 1	Bt43 1	Bt51 1	Bt55 1	Bt66 1	Bt99 1	
33	Bt8 1	Bt35 1	Bt41 1	Bt42 1	Bt88 1	Bt90 1	Bt96 1	Bt97 1	
34	Bt1 1	Bt33 1	Bt42 1	Bt51 1	Bt71 1	
35	Bt9 1	Bt19 1	Bt44 1	Bt47 1	Bt59 1	Bt98 1	
36	Bt10 1	Bt27 1	Bt66 1	Bt85 1	Bt92 1	
37	Bt5 1	Bt12 1	Bt25 2	Bt34 1	Bt58 1	Bt68 1	Bt71 1	Bt86 1	Bt92 1	
38	Bt34 1	Bt59 1	Bt63 1	Bt66 1	Bt72 1	Bt73 1	Bt89 1	
39	Bt9 1	Bt28 1	Bt62 1	Bt79 1	Bt82 1	Bt93 1	
40	Bt8 1	Bt11 1	Bt18 1	Bt37 1	Bt41 1	Bt49 1	Bt54 1	Bt75 1	
41	Bt40 1	Bt62 2	Bt72 1	Bt76 1	Bt86 1	
42	Bt6 1	Bt60 1	Bt67 1	Bt72 1	Bt75 1	Bt76 1	
43	Bt37 1	Bt45 1	Bt85 1	Bt97 1	
44	Bt12 1	Bt15 1	Bt36 1	Bt37 1	Bt38 1	Bt51 1	Bt53 1	Bt58 1	Bt82 1	
45	Bt3 1	Bt62 1	Bt96 1	Bt98 1	
46	Bt34 2	Bt55 1	Bt59 1	Bt65 1	
47	Bt20 1	Bt27 1	Bt30 1	Bt42 1	Bt53 1	Bt67 1	Bt79 1	Bt91 1	Bt94 1	
48	Bt9 2	Bt13 1	Bt16 1	Bt34 1	Bt73 1	Bt77 1	Bt83 1	
49	Bt15 1	Bt20 1	Bt24 1	Bt32 1	Bt44 1	Bt59 1	Bt89 2	Bt100 1	
50	Bt13 1	Bt25 1	Bt57 1	Bt59 1	Bt81 1	Bt91 1	Bt95 1	
51	Bt3 1	Bt23 1	Bt33 1	Bt38 2	Bt66 1	Bt82 1	Bt93 1	
52	Bt14 1	Bt39 1	Bt57 1	Bt59 1	Bt73 1	Bt100 1	
53	Bt1 1	Bt17 1	Bt34 1	Bt44 1	Bt51 1	Bt62 1	
54	Bt32 1	Bt36 1	Bt49 1	Bt55 1	Bt61 1	Bt69 1	Bt80 1	Bt100 1	
55	Bt32 1	Bt62 1	Bt68 1	Bt78 1	Bt89 1	Bt93 1	
56	Bt8 1	Bt15 1	Bt48 1	Bt71 1	Bt81 1	Bt96 1	
57	Bt12 1	Bt17 1	Bt29 1	Bt30 1	Bt34 1	Bt40 1	Bt47 1	Bt49 1	Bt97 1	
58	Bt14 1	Bt26 1	Bt55 1	Bt58 1	Bt60 1	Bt64 1	Bt74 1	
59	Bt7 1	Bt10 1	Bt31 1	Bt40 2	Bt61 1	Bt65 1	Bt82 1	Bt90 1	Bt94 1	
60	Bt5 1	Bt16 1	Bt46 1	Bt55 1	Bt90 1	