Name					38_TruckTrailer_n60_m400_bt100_3
Number_of_Customers			60
Number_of_Items				400
Number_of_ItemTypes			100
Number_of_Vehicles			11
TimeWindows				0

VEHICLE
Mass_Capacity				25950
CargoSpace_Length			136
CargoSpace_Width			25
CargoSpace_Height			30
Wheelbase				36
Max_Mass_FrontAxle			10000
Max_Mass_RearAxle			11500
Max_Mass_TrailerAxle			24000
Distance_Kingpin_RearAxle		6
Distance_Kingpin_TrailerAxle		76
Distance_CargoSpace_TrailerAxle		92
Distance_Mass_Tractor_RearAxle		25
Distance_Mass_Trailer_TrailerAxle	16
Mass_Tractor				7300
Mass_Trailer				6750

CUSTOMERS
i		x		y		Demand		ReadyTime	DueDate		ServiceTime	DemandedMass	DemandedVolume
0		35		35		0		0		0		0		0		0
1		70		59		6		0		0		0		1013.15		6571
2		26		8		7		0		0		0		1405.15		9482
3		31		31		4		0		0		0		889.11		4956
4		41		15		2		0		0		0		414.279		2400
5		4		13		6		0		0		0		1638.84		8435
6		33		44		9		0		0		0		2846.62		15625
7		40		30		14		0		0		0		2545.68		17200
8		26		56		6		0		0		0		1192.29		7450
9		3		40		10		0		0		0		3538.9		19245
10		40		56		6		0		0		0		1164.45		7298
11		36		26		8		0		0		0		2001.38		11656
12		1		21		5		0		0		0		1353.47		7356
13		4		17		6		0		0		0		1234.76		6262
14		11		45		7		0		0		0		1975.8		12672
15		32		1		8		0		0		0		2121.35		11614
16		35		30		6		0		0		0		1283.96		7441
17		45		55		10		0		0		0		2290.29		12804
18		49		10		8		0		0		0		2219.41		13218
19		25		48		5		0		0		0		1117.18		5715
20		20		65		3		0		0		0		625.067		3260
21		35		42		6		0		0		0		659.847		4670
22		47		58		10		0		0		0		1876.82		9878
23		20		4		8		0		0		0		1712		10549
24		67		14		3		0		0		0		266.954		1724
25		6		44		8		0		0		0		2227.62		12675
26		51		18		4		0		0		0		1701.57		8102
27		3		62		3		0		0		0		657.587		3588
28		11		69		6		0		0		0		1295.8		8102
29		36		59		6		0		0		0		1160.7		7662
30		36		5		15		0		0		0		3255.04		18760
31		27		56		9		0		0		0		1367.05		8994
32		20		45		5		0		0		0		1033.91		5287
33		19		41		7		0		0		0		1709.84		9069
34		50		1		4		0		0		0		855.276		6838
35		7		66		6		0		0		0		1308.2		6968
36		9		44		8		0		0		0		2117.03		12052
37		13		8		4		0		0		0		1121.86		6496
38		39		39		7		0		0		0		1071.61		5924
39		0		4		7		0		0		0		1216.65		8492
40		13		47		5		0		0		0		1327.81		6784
41		54		44		6		0		0		0		1314.39		8192
42		5		36		2		0		0		0		506.892		3720
43		48		70		12		0		0		0		2632.05		15580
44		64		59		5		0		0		0		1320.09		7590
45		44		60		8		0		0		0		1881.32		11309
46		59		52		8		0		0		0		1977.77		10183
47		69		6		6		0		0		0		1434.7		8402
48		68		30		10		0		0		0		2903.21		16414
49		10		4		6		0		0		0		1311.13		8942
50		65		66		8		0		0		0		1723.23		9908
51		32		5		9		0		0		0		2334.06		13419
52		30		13		6		0		0		0		834.958		5316
53		58		67		5		0		0		0		1214.68		6064
54		38		30		7		0		0		0		1200.39		8596
55		51		20		6		0		0		0		2423.95		12246
56		41		53		3		0		0		0		519.929		2739
57		27		64		5		0		0		0		1160.52		6491
58		19		37		5		0		0		0		1208.85		8618
59		9		65		5		0		0		0		1664.58		7902
60		18		10		11		0		0		0		3277.37		17667

ITEMS
Type		Length		Width		Height		Mass		Fragility	LoadBearingStrength
Bt1		17		8		13		279.56		0		10.2780125
Bt2		21		10		8		267.41		0		6.3669716
Bt3		11		12		15		345.57		0		13.0897137
Bt4		11		10		12		304.64		1		2.7694576
Bt5		24		9		8		247.56		0		5.7304704
Bt6		6		8		12		108.14		0		11.2645338
Bt7		20		8		6		130.16		0		4.0675388
Bt8		17		6		9		128.28		0		6.2884543
Bt9		24		11		9		544.94		0		10.3207692
Bt10		6		8		8		87.81		0		9.1471093
Bt11		24		6		14		292.87		0		10.1690780
Bt12		13		6		15		212.59		0		13.6276579
Bt13		24		6		15		508.92		0		17.6709995
Bt14		8		11		8		171.36		0		9.7362834
Bt15		15		11		7		206.40		0		6.2545010
Bt16		13		7		14		288.33		0		15.8424627
Bt17		16		7		12		281.10		0		12.5489868
Bt18		23		9		11		279.98		0		6.7628901
Bt19		18		10		14		587.36		0		16.3155669
Bt20		6		7		8		41.40		1		0.9856461
Bt21		15		12		8		158.31		0		4.3974516
Bt22		19		6		10		281.32		0		12.3387194
Bt23		16		9		12		250.36		0		8.6929371
Bt24		9		9		14		250.56		0		15.4665110
Bt25		17		12		9		312.55		0		7.6605948
Bt26		16		11		15		508.83		0		14.4554779
Bt27		22		8		10		430.90		0		12.2414069
Bt28		7		6		8		79.87		0		9.5081273
Bt29		8		6		14		98.18		0		10.2270215
Bt30		6		8		6		61.92		0		6.4495259
Bt31		8		8		8		51.41		0		4.0162638
Bt32		25		8		8		252.93		1		1.2646464
Bt33		12		6		15		263.67		0		18.3102916
Bt34		18		10		14		266.77		0		7.4103896
Bt35		22		9		11		533.78		0		13.4794016
Bt36		8		9		15		129.35		0		8.9825592
Bt37		18		12		6		162.91		0		3.7710793
Bt38		12		9		14		236.23		0		10.9366800
Bt39		19		7		14		375.75		0		14.1259449
Bt40		6		8		8		90.40		1		1.8834157
Bt41		17		7		9		135.48		0		5.6926392
Bt42		23		6		8		125.84		0		4.5593292
Bt43		7		11		15		287.56		0		18.6724706
Bt44		25		12		10		712.07		0		11.8679051
Bt45		11		8		11		162.48		0		9.2319952
Bt46		6		9		15		111.55		0		10.3283966
Bt47		18		11		11		390.58		0		9.8631863
Bt48		13		7		11		168.10		0		9.2365269
Bt49		9		11		9		188.97		0		9.5441852
Bt50		8		7		8		111.72		1		1.9949356
Bt51		18		10		14		284.32		0		7.8978559
Bt52		9		7		13		136.05		0		10.7976479
Bt53		7		11		14		255.09		0		16.5645664
Bt54		17		12		14		628.78		0		15.4112457
Bt55		24		10		15		526.58		0		10.9704873
Bt56		9		7		14		169.71		0		13.4692405
Bt57		16		9		12		206.11		0		7.1567029
Bt58		8		8		11		105.22		0		8.2205195
Bt59		20		11		6		141.95		0		3.2260991
Bt60		7		6		7		32.32		0		3.8472621
Bt61		21		9		13		363.10		0		9.6056980
Bt62		24		9		7		167.11		0		3.8683582
Bt63		9		7		12		185.83		0		14.7486875
Bt64		23		12		10		376.73		0		6.8248345
Bt65		12		10		6		146.87		1		1.2238809
Bt66		10		8		8		107.16		0		6.6971926
Bt67		11		6		15		129.46		0		9.8075397
Bt68		21		9		6		250.23		0		6.6199097
Bt69		9		10		15		273.31		0		15.1840804
Bt70		8		8		8		88.36		0		6.9027609
Bt71		20		6		6		88.76		0		3.6982926
Bt72		25		9		6		185.95		0		4.1321115
Bt73		15		11		8		201.83		0		6.1160319
Bt74		12		10		10		196.12		0		8.1714590
Bt75		9		12		7		146.35		1		1.3550548
Bt76		8		12		6		142.47		1		1.4840351
Bt77		24		7		9		269.83		0		8.0306783
Bt78		24		6		14		427.70		1		2.9701063
Bt79		13		11		12		273.30		0		9.5559097
Bt80		7		7		8		78.13		1		1.5945288
Bt81		13		8		9		165.85		1		1.5947103
Bt82		23		8		7		165.78		1		0.9009670
Bt83		24		11		8		449.06		0		8.5049772
Bt84		18		7		10		175.61		0		6.9684832
Bt85		20		8		7		157.62		0		4.9256623
Bt86		8		9		10		159.02		0		11.0427295
Bt87		23		9		8		325.44		0		7.8609210
Bt88		16		9		15		300.92		0		10.4486174
Bt89		18		11		12		263.45		0		6.6527262
Bt90		6		6		8		56.91		0		7.9038853
Bt91		7		8		15		131.94		0		11.7801852
Bt92		9		6		12		147.68		0		13.6741550
Bt93		13		12		11		403.14		0		12.9211469
Bt94		9		9		15		138.49		0		8.5487842
Bt95		9		8		12		166.64		0		11.5720442
Bt96		22		7		6		101.43		0		3.2931583
Bt97		16		6		11		122.85		1		1.2796524
Bt98		20		12		9		228.56		0		4.7617231
Bt99		13		6		7		100.63		1		1.2900808
Bt100		6		7		6		48.44		1		1.1532691

DEMANDS PER CUSTOMER
i	Type Quantity
1	Bt33 1	Bt41 1	Bt57 1	Bt73 1	Bt85 1	Bt100 1	
2	Bt45 1	Bt51 1	Bt63 1	Bt69 1	Bt80 1	Bt85 1	Bt89 1	
3	Bt47 1	Bt65 1	Bt68 1	Bt96 1	
4	Bt2 1	Bt65 1	
5	Bt11 1	Bt16 1	Bt22 1	Bt29 1	Bt43 1	Bt47 1	
6	Bt14 1	Bt18 1	Bt19 1	Bt44 1	Bt64 1	Bt73 1	Bt79 1	Bt80 1	Bt81 1	
7	Bt3 1	Bt11 1	Bt15 1	Bt21 1	Bt23 1	Bt29 1	Bt32 1	Bt42 1	Bt60 1	Bt65 1	Bt75 1	Bt84 2	Bt94 1	
8	Bt3 1	Bt6 1	Bt8 1	Bt41 1	Bt50 1	Bt61 1	
9	Bt3 1	Bt7 1	Bt9 1	Bt18 1	Bt33 1	Bt44 1	Bt51 1	Bt78 1	Bt83 1	Bt96 1	
10	Bt10 1	Bt38 1	Bt53 1	Bt64 1	Bt66 1	Bt96 1	
11	Bt4 1	Bt22 1	Bt25 1	Bt40 1	Bt45 1	Bt55 1	Bt82 1	Bt85 1	
12	Bt4 1	Bt25 1	Bt59 1	Bt78 1	Bt95 1	
13	Bt10 1	Bt38 1	Bt54 1	Bt60 1	Bt66 1	Bt76 1	
14	Bt1 1	Bt31 1	Bt46 1	Bt51 1	Bt55 1	Bt69 1	Bt83 1	
15	Bt24 1	Bt36 1	Bt40 1	Bt54 1	Bt62 1	Bt77 1	Bt78 1	Bt85 1	
16	Bt5 1	Bt25 1	Bt41 1	Bt53 1	Bt95 2	
17	Bt20 1	Bt27 1	Bt42 1	Bt47 1	Bt65 1	Bt67 1	Bt78 1	Bt79 1	Bt85 1	Bt95 1	
18	Bt57 1	Bt62 1	Bt64 1	Bt68 1	Bt74 1	Bt75 1	Bt78 1	Bt83 1	
19	Bt1 1	Bt14 1	Bt38 1	Bt43 1	Bt76 1	
20	Bt3 1	Bt6 1	Bt14 1	
21	Bt20 1	Bt31 1	Bt67 1	Bt73 1	Bt80 1	Bt85 1	
22	Bt5 1	Bt15 1	Bt28 1	Bt42 1	Bt49 1	Bt63 1	Bt68 1	Bt70 1	Bt93 1	Bt99 1	
23	Bt16 1	Bt17 1	Bt34 1	Bt43 1	Bt70 1	Bt71 1	Bt89 1	Bt92 1	
24	Bt7 1	Bt70 1	Bt100 1	
25	Bt3 1	Bt4 1	Bt6 1	Bt21 1	Bt49 1	Bt55 1	Bt75 1	Bt83 1	
26	Bt39 1	Bt78 1	Bt83 2	
27	Bt4 1	Bt62 1	Bt63 1	
28	Bt8 1	Bt28 1	Bt54 1	Bt59 1	Bt70 1	Bt98 1	
29	Bt4 1	Bt40 1	Bt57 1	Bt67 1	Bt89 1	Bt95 1	
30	Bt7 1	Bt9 1	Bt12 1	Bt26 1	Bt34 1	Bt36 1	Bt39 1	Bt40 1	Bt45 1	Bt66 1	Bt77 1	Bt79 1	Bt80 1	Bt90 1	Bt100 1	
31	Bt10 1	Bt56 1	Bt62 1	Bt86 1	Bt88 1	Bt91 1	Bt92 1	Bt96 2	
32	Bt9 1	Bt52 1	Bt65 1	Bt85 1	Bt100 1	
33	Bt2 1	Bt22 1	Bt27 1	Bt50 1	Bt61 1	Bt71 1	Bt95 1	
34	Bt32 1	Bt34 1	Bt57 1	Bt67 1	
35	Bt5 1	Bt22 1	Bt28 1	Bt33 1	Bt45 1	Bt79 1	
36	Bt8 1	Bt10 1	Bt17 1	Bt26 1	Bt32 1	Bt67 1	Bt78 1	Bt88 1	
37	Bt11 2	Bt27 1	Bt58 1	
38	Bt12 1	Bt22 1	Bt42 1	Bt58 1	Bt60 1	Bt92 1	Bt95 1	
39	Bt8 1	Bt29 1	Bt37 1	Bt56 1	Bt58 1	Bt64 1	Bt84 1	
40	Bt11 1	Bt17 1	Bt19 1	Bt70 1	Bt80 1	
41	Bt2 1	Bt15 1	Bt41 1	Bt64 1	Bt68 1	Bt80 1	
42	Bt7 1	Bt64 1	
43	Bt14 2	Bt19 1	Bt21 1	Bt25 1	Bt42 2	Bt51 1	Bt53 1	Bt68 1	Bt70 1	Bt96 1	
44	Bt2 1	Bt12 1	Bt62 1	Bt77 1	Bt93 1	
45	Bt12 1	Bt32 2	Bt49 1	Bt61 1	Bt65 1	Bt87 1	Bt94 1	
46	Bt31 1	Bt42 1	Bt44 1	Bt48 1	Bt69 1	Bt76 1	Bt93 1	Bt96 1	
47	Bt1 1	Bt14 1	Bt23 1	Bt25 1	Bt53 1	Bt82 1	
48	Bt2 1	Bt4 1	Bt13 1	Bt18 1	Bt27 1	Bt49 1	Bt58 1	Bt62 1	Bt64 1	Bt69 1	
49	Bt11 1	Bt39 1	Bt42 1	Bt59 1	Bt79 1	Bt96 1	
50	Bt6 1	Bt12 1	Bt13 1	Bt17 1	Bt21 1	Bt31 1	Bt67 1	Bt79 1	
51	Bt42 1	Bt44 1	Bt48 1	Bt51 1	Bt53 1	Bt62 1	Bt63 1	Bt77 1	Bt81 1	
52	Bt6 1	Bt8 1	Bt14 1	Bt67 1	Bt82 1	Bt91 1	
53	Bt4 1	Bt6 1	Bt11 1	Bt27 1	Bt80 1	
54	Bt25 1	Bt37 1	Bt57 1	Bt59 1	Bt65 1	Bt66 1	Bt97 1	
55	Bt8 1	Bt33 1	Bt44 1	Bt54 1	Bt78 1	Bt89 1	
56	Bt15 1	Bt81 1	Bt92 1	
57	Bt14 1	Bt15 1	Bt47 1	Bt59 1	Bt68 1	
58	Bt18 2	Bt77 1	Bt80 1	Bt88 1	
59	Bt9 1	Bt17 1	Bt22 1	Bt47 1	Bt95 1	
60	Bt16 1	Bt19 1	Bt23 1	Bt29 1	Bt34 1	Bt35 1	Bt43 1	Bt50 1	Bt51 1	Bt81 1	Bt93 1	