Name					43_TruckTrailer_n90_m200_bt10_3
Number_of_Customers			90
Number_of_Items				200
Number_of_ItemTypes			10
Number_of_Vehicles			5
TimeWindows				0

VEHICLE
Mass_Capacity				25950
CargoSpace_Length			136
CargoSpace_Width			25
CargoSpace_Height			30
Wheelbase				36
Max_Mass_FrontAxle			10000
Max_Mass_RearAxle			11500
Max_Mass_TrailerAxle			24000
Distance_Kingpin_RearAxle		6
Distance_Kingpin_TrailerAxle		76
Distance_CargoSpace_TrailerAxle		92
Distance_Mass_Tractor_RearAxle		25
Distance_Mass_Trailer_TrailerAxle	16
Mass_Tractor				7300
Mass_Trailer				6750

CUSTOMERS
i		x		y		Demand		ReadyTime	DueDate		ServiceTime	DemandedMass	DemandedVolume
0		35		35		0		0		0		0		0		0
1		54		70		2		0		0		0		535.078		2296
2		26		0		4		0		0		0		837.535		4166
3		16		0		3		0		0		0		469.313		2148
4		37		40		2		0		0		0		184.512		1280
5		15		10		3		0		0		0		1216.42		5083
6		37		45		3		0		0		0		540.154		2720
7		63		32		1		0		0		0		526.148		2299
8		53		67		1		0		0		0		198.899		936
9		59		50		2		0		0		0		180.175		840
10		55		17		1		0		0		0		44.5969		384
11		30		39		2		0		0		0		672.358		2720
12		41		28		2		0		0		0		208.689		1374
13		38		51		2		0		0		0		400.239		1824
14		66		0		2		0		0		0		690.271		2784
15		63		0		4		0		0		0		684.783		3630
16		24		3		3		0		0		0		854.363		3774
17		12		16		2		0		0		0		519.517		2490
18		38		8		1		0		0		0		526.148		2299
19		55		69		5		0		0		0		1545.94		7139
20		67		65		1		0		0		0		334.629		1344
21		52		67		3		0		0		0		830.186		3680
22		11		54		3		0		0		0		1142.38		5018
23		25		35		2		0		0		0		500.271		2350
24		13		43		4		0		0		0		979.257		4140
25		11		37		1		0		0		0		139.915		896
26		46		38		3		0		0		0		585.645		2756
27		26		0		4		0		0		0		273.706		2048
28		15		12		1		0		0		0		163.875		1050
29		5		52		1		0		0		0		334.629		1344
30		56		17		1		0		0		0		164.092		990
31		32		40		1		0		0		0		198.899		936
32		63		69		2		0		0		0		725.047		3235
33		58		33		2		0		0		0		288.986		1356
34		46		24		2		0		0		0		243.496		1320
35		35		4		2		0		0		0		519.517		2490
36		8		14		1		0		0		0		336.179		1360
37		43		12		3		0		0		0		644.628		2796
38		15		12		2		0		0		0		279.83		1792
39		53		38		2		0		0		0		303.79		1946
40		66		55		2		0		0		0		690.023		3349
41		5		53		2		0		0		0		230.002		1316
42		45		58		3		0		0		0		1021.71		4635
43		51		63		3		0		0		0		1216.42		5083
44		50		34		3		0		0		0		830.155		4185
45		2		30		1		0		0		0		163.875		1050
46		25		33		2		0		0		0		711.284		2880
47		15		45		1		0		0		0		163.875		1050
48		34		64		4		0		0		0		896.518		4206
49		21		42		2		0		0		0		672.358		2720
50		35		26		2		0		0		0		670.808		2704
51		40		63		2		0		0		0		230.002		1316
52		32		30		2		0		0		0		230.002		1316
53		40		57		2		0		0		0		666.063		3195
54		63		0		2		0		0		0		725.047		3235
55		25		23		2		0		0		0		881.79		3739
56		0		40		2		0		0		0		666.063		3195
57		26		29		3		0		0		0		831.736		3696
58		56		64		2		0		0		0		279.83		1792
59		17		13		1		0		0		0		139.915		896
60		32		63		2		0		0		0		362.774		1986
61		49		10		1		0		0		0		164.092		990
62		35		12		3		0		0		0		864.962		4131
63		6		50		3		0		0		0		871.257		3656
64		13		13		1		0		0		0		163.875		1050
65		46		31		2		0		0		0		860.777		3643
66		64		1		3		0		0		0		759.345		3108
67		20		47		2		0		0		0		570.745		2683
68		56		49		3		0		0		0		1002.24		4555
69		69		31		1		0		0		0		336.179		1360
70		24		63		3		0		0		0		663.929		3460
71		8		25		1		0		0		0		139.915		896
72		2		10		1		0		0		0		163.875		1050
73		35		20		5		0		0		0		1328.44		6639
74		2		21		3		0		0		0		875.376		3870
75		42		63		3		0		0		0		644.628		2796
76		61		22		2		0		0		0		690.023		3349
77		8		40		3		0		0		0		133.791		1152
78		63		16		3		0		0		0		470.863		2164
79		61		28		3		0		0		0		890.72		3736
80		44		56		1		0		0		0		355.642		1440
81		21		65		2		0		0		0		400.239		1824
82		54		41		1		0		0		0		44.5969		384
83		12		42		3		0		0		0		487.885		2292
84		41		67		2		0		0		0		860.777		3643
85		25		37		2		0		0		0		570.745		2683
86		20		61		2		0		0		0		288.986		1356
87		58		19		3		0		0		0		623.615		2700
88		40		69		3		0		0		0		1061.23		4595
89		14		30		3		0		0		0		288.092		1704
90		58		48		1		0		0		0		198.899		936

ITEMS
Type		Length		Width		Height		Mass		Fragility	LoadBearingStrength
Bt1		10		11		9		164.09		0		7.4587340
Bt2		14		8		12		334.63		0		14.9387878
Bt3		19		11		11		526.15		0		12.5872795
Bt4		13		8		9		198.90		0		9.5624338
Bt5		12		8		15		355.64		0		18.5230282
Bt6		7		6		10		90.09		0		10.7246839
Bt7		8		8		14		139.92		0		10.9308611
Bt8		7		10		15		163.87		0		11.7053558
Bt9		17		10		8		336.18		0		9.8876189
Bt10		8		6		8		44.60		0		4.6455109

DEMANDS PER CUSTOMER
i	Type Quantity
1	Bt4 1	Bt9 1	
2	Bt1 1	Bt2 1	Bt4 1	Bt7 1	
3	Bt2 1	Bt6 1	Bt10 1	
4	Bt7 1	Bt10 1	
5	Bt2 1	Bt3 1	Bt5 1	
6	Bt5 1	Bt7 1	Bt10 1	
7	Bt3 1	
8	Bt4 1	
9	Bt6 2	
10	Bt10 1	
11	Bt9 2	
12	Bt1 1	Bt10 1	
13	Bt5 1	Bt10 1	
14	Bt2 1	Bt5 1	
15	Bt1 1	Bt7 1	Bt9 1	Bt10 1	
16	Bt1 1	Bt2 1	Bt5 1	
17	Bt5 1	Bt8 1	
18	Bt3 1	
19	Bt1 1	Bt3 1	Bt5 1	Bt8 1	Bt9 1	
20	Bt2 1	
21	Bt2 1	Bt5 1	Bt7 1	
22	Bt3 2	Bt6 1	
23	Bt1 1	Bt9 1	
24	Bt2 1	Bt4 1	Bt5 1	Bt6 1	
25	Bt7 1	
26	Bt5 1	Bt6 1	Bt7 1	
27	Bt7 1	Bt10 3	
28	Bt8 1	
29	Bt2 1	
30	Bt1 1	
31	Bt4 1	
32	Bt3 1	Bt4 1	
33	Bt4 1	Bt6 1	
34	Bt4 1	Bt10 1	
35	Bt5 1	Bt8 1	
36	Bt9 1	
37	Bt4 1	Bt5 1	Bt6 1	
38	Bt7 2	
39	Bt7 1	Bt8 1	
40	Bt3 1	Bt8 1	
41	Bt6 1	Bt7 1	
42	Bt3 1	Bt5 1	Bt7 1	
43	Bt2 1	Bt3 1	Bt5 1	
44	Bt1 1	Bt3 1	Bt7 1	
45	Bt8 1	
46	Bt5 2	
47	Bt8 1	
48	Bt1 1	Bt2 1	Bt4 2	
49	Bt9 2	
50	Bt2 1	Bt9 1	
51	Bt6 1	Bt7 1	
52	Bt6 1	Bt7 1	
53	Bt3 1	Bt7 1	
54	Bt3 1	Bt4 1	
55	Bt3 1	Bt5 1	
56	Bt3 1	Bt7 1	
57	Bt5 1	Bt7 1	Bt9 1	
58	Bt7 2	
59	Bt7 1	
60	Bt4 1	Bt8 1	
61	Bt1 1	
62	Bt3 1	Bt4 1	Bt7 1	
63	Bt4 1	Bt9 2	
64	Bt8 1	
65	Bt2 1	Bt3 1	
66	Bt2 2	Bt6 1	
67	Bt3 1	Bt10 1	
68	Bt3 1	Bt7 1	Bt9 1	
69	Bt9 1	
70	Bt8 2	Bt9 1	
71	Bt7 1	
72	Bt8 1	
73	Bt2 1	Bt3 1	Bt7 1	Bt8 2	
74	Bt1 1	Bt5 2	
75	Bt4 1	Bt5 1	Bt6 1	
76	Bt3 1	Bt8 1	
77	Bt10 3	
78	Bt6 1	Bt9 1	Bt10 1	
79	Bt4 1	Bt5 1	Bt9 1	
80	Bt5 1	
81	Bt5 1	Bt10 1	
82	Bt10 1	
83	Bt4 2	Bt6 1	
84	Bt2 1	Bt3 1	
85	Bt3 1	Bt10 1	
86	Bt4 1	Bt6 1	
87	Bt2 1	Bt4 1	Bt6 1	
88	Bt3 1	Bt4 1	Bt9 1	
89	Bt4 1	Bt10 2	
90	Bt4 1	