Name					47_TruckTrailer_n90_m200_bt100_2
Number_of_Customers			90
Number_of_Items				200
Number_of_ItemTypes			100
Number_of_Vehicles			6
TimeWindows				0

VEHICLE
Mass_Capacity				25950
CargoSpace_Length			136
CargoSpace_Width			25
CargoSpace_Height			30
Wheelbase				36
Max_Mass_FrontAxle			10000
Max_Mass_RearAxle			11500
Max_Mass_TrailerAxle			24000
Distance_Kingpin_RearAxle		6
Distance_Kingpin_TrailerAxle		76
Distance_CargoSpace_TrailerAxle		92
Distance_Mass_Tractor_RearAxle		25
Distance_Mass_Trailer_TrailerAxle	16
Mass_Tractor				7300
Mass_Trailer				6750

CUSTOMERS
i		x		y		Demand		ReadyTime	DueDate		ServiceTime	DemandedMass	DemandedVolume
0		35		35		0		0		0		0		0		0
1		50		66		1		0		0		0		131.149		616
2		5		14		2		0		0		0		400.287		3038
3		63		4		2		0		0		0		417.172		3204
4		29		37		1		0		0		0		213.682		1344
5		19		15		3		0		0		0		626.801		3978
6		46		61		2		0		0		0		491.217		4254
7		35		11		2		0		0		0		389.768		3456
8		3		32		2		0		0		0		271.418		1692
9		7		41		3		0		0		0		1507.23		7989
10		67		63		1		0		0		0		287.552		1485
11		14		47		3		0		0		0		514.664		2682
12		47		10		3		0		0		0		857.906		6287
13		43		35		3		0		0		0		868.983		4892
14		31		30		2		0		0		0		553.371		2496
15		8		54		2		0		0		0		301.552		1292
16		67		13		1		0		0		0		141.543		1197
17		54		27		3		0		0		0		1094.3		7064
18		30		2		2		0		0		0		185.982		1578
19		70		6		1		0		0		0		248.073		1200
20		58		8		2		0		0		0		514.464		2190
21		9		38		2		0		0		0		415.119		2146
22		64		58		1		0		0		0		333.924		1530
23		41		42		2		0		0		0		363.962		1979
24		36		22		1		0		0		0		381.219		2420
25		34		60		3		0		0		0		493.436		3371
26		29		65		2		0		0		0		617.627		2948
27		57		62		4		0		0		0		959.995		5497
28		35		11		3		0		0		0		573.816		3668
29		16		5		3		0		0		0		1284.36		5762
30		13		1		3		0		0		0		555.658		3776
31		23		9		2		0		0		0		677.092		4584
32		54		61		3		0		0		0		612.933		2766
33		50		62		2		0		0		0		564.391		3690
34		30		25		4		0		0		0		629.082		4540
35		43		23		2		0		0		0		444.509		2976
36		43		17		1		0		0		0		216.42		1008
37		25		1		1		0		0		0		46.5278		336
38		38		16		2		0		0		0		186.928		1308
39		46		64		2		0		0		0		462.648		3035
40		52		62		1		0		0		0		226.935		1176
41		43		26		5		0		0		0		1029.53		6209
42		67		51		2		0		0		0		321.612		1418
43		17		37		3		0		0		0		1021.16		5720
44		38		12		2		0		0		0		229.324		1590
45		34		21		2		0		0		0		169.607		1132
46		56		65		3		0		0		0		424.319		3024
47		58		3		2		0		0		0		553.749		3640
48		6		46		1		0		0		0		723.752		3528
49		11		11		3		0		0		0		385.271		2304
50		8		19		2		0		0		0		187.742		1104
51		17		62		3		0		0		0		469.989		2512
52		53		70		2		0		0		0		316.602		1639
53		26		12		3		0		0		0		447.117		2668
54		52		18		3		0		0		0		861.55		5223
55		21		6		3		0		0		0		587.919		3305
56		1		36		1		0		0		0		154.087		1512
57		31		13		2		0		0		0		947.012		5088
58		45		13		1		0		0		0		79.5838		448
59		8		18		2		0		0		0		218.264		1624
60		39		7		3		0		0		0		899.983		4568
61		49		14		3		0		0		0		585.854		3914
62		53		27		3		0		0		0		394.239		2415
63		65		38		1		0		0		0		350.189		1539
64		40		22		2		0		0		0		185.441		1434
65		53		39		1		0		0		0		281.252		1584
66		43		11		3		0		0		0		1168.6		5867
67		48		35		3		0		0		0		437.563		3228
68		14		48		1		0		0		0		180.423		1001
69		21		48		1		0		0		0		391.138		1650
70		57		38		2		0		0		0		76.7004		588
71		70		35		3		0		0		0		1295		5696
72		4		27		1		0		0		0		159.914		864
73		3		52		3		0		0		0		698.421		4272
74		32		70		2		0		0		0		580.043		3080
75		53		40		2		0		0		0		503.442		3310
76		26		47		2		0		0		0		363.396		2352
77		65		33		1		0		0		0		465.325		3375
78		53		50		2		0		0		0		283.035		1456
79		3		60		2		0		0		0		307.165		1386
80		55		2		5		0		0		0		470.598		3114
81		17		34		2		0		0		0		314.477		1856
82		10		7		2		0		0		0		347.755		2141
83		27		13		1		0		0		0		118.163		880
84		38		60		3		0		0		0		679.177		3066
85		58		38		3		0		0		0		1169.55		5648
86		31		37		2		0		0		0		556.356		3228
87		55		50		2		0		0		0		207.751		1848
88		33		12		3		0		0		0		410.173		1914
89		43		42		4		0		0		0		1085.42		5782
90		55		46		2		0		0		0		312.53		1722

ITEMS
Type		Length		Width		Height		Mass		Fragility	LoadBearingStrength
Bt1		20		10		10		219.26		0		5.4814904
Bt2		23		7		14		233.55		0		7.2532413
Bt3		21		8		8		213.68		0		6.3595747
Bt4		25		8		10		257.66		0		6.4415679
Bt5		10		9		6		123.33		1		1.3702918
Bt6		9		11		15		287.55		0		14.5228304
Bt7		23		11		11		411.20		0		8.1265622
Bt8		10		8		15		248.07		0		15.5045325
Bt9		19		7		9		141.54		0		5.3211806
Bt10		6		7		8		46.53		0		5.5390241
Bt11		15		11		10		391.14		0		11.8526533
Bt12		17		6		15		333.92		0		16.3687996
Bt13		20		11		11		381.22		1		1.7328130
Bt14		19		7		11		330.07		0		12.4088239
Bt15		6		12		14		102.20		0		7.0970981
Bt16		13		6		12		119.46		0		7.6575447
Bt17		19		6		11		313.15		0		13.7348603
Bt18		15		10		12		217.57		0		7.2524497
Bt19		12		7		12		216.42		0		12.8821524
Bt20		7		6		6		51.44		0		6.1242760
Bt21		21		7		8		226.94		0		7.7188911
Bt22		12		9		6		135.53		1		1.2549221
Bt23		15		6		13		138.97		1		1.5440590
Bt24		11		7		8		116.07		0		7.5367108
Bt25		21		12		14		723.75		1		2.8720308
Bt26		6		7		10		66.51		0		7.9177916
Bt27		10		10		11		231.11		0		11.5554291
Bt28		25		9		15		465.33		0		10.3405600
Bt29		21		8		9		154.09		0		4.5859112
Bt30		8		7		8		79.58		0		7.1057000
Bt31		19		10		14		516.10		0		13.5816431
Bt32		10		7		11		186.08		1		2.6582930
Bt33		16		11		6		135.48		0		3.8489821
Bt34		11		11		11		228.43		0		9.4392584
Bt35		7		11		13		180.42		0		11.7157724
Bt36		6		6		7		30.17		0		4.1906407
Bt37		12		8		9		159.91		0		8.3288543
Bt38		22		9		8		327.84		0		8.2787256
Bt39		7		12		14		181.70		0		10.8153564
Bt40		8		8		7		66.62		0		5.2043179
Bt41		22		6		6		158.49		0		6.0034517
Bt42		10		9		9		119.33		1		1.3258380
Bt43		12		11		8		208.80		0		7.9090885
Bt44		17		12		7		208.34		0		5.1064688
Bt45		17		6		7		165.08		0		8.0920847
Bt46		25		6		7		205.44		0		6.8479437
Bt47		18		11		12		528.16		0		13.3373491
Bt48		14		7		8		166.73		0		8.5067640
Bt49		19		9		9		350.19		0		10.2394576
Bt50		6		8		6		34.45		0		3.5883633
Bt51		8		11		10		118.16		0		6.7138341
Bt52		15		8		15		186.09		0		7.7538384
Bt53		7		11		7		85.49		0		5.5515246
Bt54		13		8		6		138.21		0		6.6445716
Bt55		19		6		6		121.23		1		1.0634442
Bt56		13		7		7		156.88		0		8.6199550
Bt57		18		9		12		392.69		0		12.1200427
Bt58		18		6		12		168.71		0		7.8106876
Bt59		23		6		12		172.19		1		1.2477843
Bt60		6		7		8		82.79		0		9.8564452
Bt61		14		8		14		176.54		0		7.8812233
Bt62		10		7		6		90.36		0		6.4542254
Bt63		7		11		8		81.20		0		5.2724187
Bt64		24		12		13		733.33		0		12.7314250
Bt65		20		7		9		269.61		0		9.6287568
Bt66		20		8		11		350.93		0		10.9665391
Bt67		24		11		7		249.24		0		4.7203793
Bt68		16		11		7		280.16		0		7.9590702
Bt69		12		12		9		305.30		0		10.6006267
Bt70		8		8		7		66.24		0		5.1749269
Bt71		24		8		15		445.07		0		11.5902368
Bt72		16		6		12		148.09		0		7.7130896
Bt73		25		8		12		328.77		0		8.2192915
Bt74		23		8		10		367.66		0		9.9906675
Bt75		9		12		12		301.09		0		13.9391365
Bt76		25		10		15		881.99		0		17.6397189
Bt77		18		6		13		199.60		0		9.2406827
Bt78		8		12		7		142.09		1		1.4800655
Bt79		10		12		6		171.77		0		7.1569882
Bt80		7		6		6		38.72		1		0.9218992
Bt81		7		10		13		174.67		0		12.4764743
Bt82		16		6		7		107.09		0		5.5776865
Bt83		18		9		7		126.69		0		3.9102142
Bt84		25		8		13		321.40		0		8.0350095
Bt85		14		11		8		126.56		0		4.1089528
Bt86		17		8		11		252.21		0		9.2722515
Bt87		7		8		11		131.15		0		11.7097223
Bt88		6		12		12		162.30		0		11.2708267
Bt89		16		11		9		281.25		0		7.9901019
Bt90		8		8		6		68.33		0		5.3385639
Bt91		24		11		10		284.40		0		5.3864092
Bt92		19		10		8		267.95		1		1.4102595
Bt93		12		7		15		157.04		0		9.3477909
Bt94		20		10		9		348.01		0		8.7003024
Bt95		10		8		13		250.11		0		15.6317712
Bt96		17		10		7		271.14		0		7.9746982
Bt97		11		12		7		166.65		0		6.3126511
Bt98		9		6		7		49.96		0		4.6256113
Bt99		23		6		9		139.45		0		5.0526988
Bt100		7		8		8		61.61		0		5.5010852

DEMANDS PER CUSTOMER
i	Type Quantity
1	Bt87 1	
2	Bt2 1	Bt48 1	
3	Bt18 1	Bt77 1	
4	Bt3 1	
5	Bt8 1	Bt73 1	Bt98 1	
6	Bt2 1	Bt4 1	
7	Bt18 1	Bt59 1	
8	Bt5 1	Bt72 1	
9	Bt28 1	Bt37 1	Bt76 1	
10	Bt6 1	
11	Bt45 1	Bt89 1	Bt90 1	
12	Bt7 1	Bt88 1	Bt91 1	
13	Bt44 1	Bt57 1	Bt92 1	
14	Bt8 1	Bt69 1	
15	Bt20 1	Bt95 1	
16	Bt9 1	
17	Bt38 1	Bt71 1	Bt84 1	
18	Bt10 1	Bt99 1	
19	Bt8 1	
20	Bt5 1	Bt11 1	
21	Bt12 1	Bt63 1	
22	Bt12 1	
23	Bt22 1	Bt34 1	
24	Bt13 1	
25	Bt44 1	Bt53 1	Bt77 1	
26	Bt6 1	Bt14 1	
27	Bt12 1	Bt14 1	Bt16 1	Bt61 1	
28	Bt9 1	Bt14 1	Bt15 1	
29	Bt20 1	Bt66 1	Bt76 1	
30	Bt16 1	Bt52 1	Bt95 1	
31	Bt57 1	Bt91 1	
32	Bt17 1	Bt36 1	Bt65 1	
33	Bt42 1	Bt71 1	
34	Bt18 1	Bt40 1	Bt46 1	Bt99 1	
35	Bt18 1	Bt21 1	
36	Bt19 1	
37	Bt10 1	
38	Bt20 1	Bt33 1	
39	Bt7 1	Bt20 1	
40	Bt21 1	
41	Bt6 1	Bt72 1	Bt77 1	Bt78 1	Bt86 1	
42	Bt22 1	Bt32 1	
43	Bt31 1	Bt93 1	Bt94 1	
44	Bt23 1	Bt62 1	
45	Bt20 1	Bt51 1	
46	Bt24 1	Bt39 1	Bt85 1	
47	Bt52 1	Bt74 1	
48	Bt25 1	
49	Bt44 1	Bt54 1	Bt80 1	
50	Bt26 1	Bt55 1	
51	Bt10 1	Bt51 1	Bt69 1	
52	Bt27 1	Bt53 1	
53	Bt51 1	Bt88 1	Bt97 1	
54	Bt24 1	Bt28 1	Bt68 1	
55	Bt15 1	Bt35 1	Bt69 1	
56	Bt29 1	
57	Bt3 1	Bt64 1	
58	Bt30 1	
59	Bt15 1	Bt24 1	
60	Bt12 1	Bt31 1	Bt98 1	
61	Bt3 1	Bt32 1	Bt52 1	
62	Bt9 1	Bt32 1	Bt40 1	
63	Bt49 1	
64	Bt33 1	Bt98 1	
65	Bt89 1	
66	Bt19 1	Bt25 1	Bt34 1	
67	Bt15 1	Bt58 1	Bt97 1	
68	Bt35 1	
69	Bt11 1	
70	Bt10 1	Bt36 1	
71	Bt21 1	Bt32 1	Bt76 1	
72	Bt37 1	
73	Bt39 1	Bt58 1	Bt94 1	
74	Bt38 1	Bt86 1	
75	Bt73 1	Bt81 1	
76	Bt39 2	
77	Bt28 1	
78	Bt19 1	Bt40 1	
79	Bt45 1	Bt78 1	
80	Bt15 1	Bt41 1	Bt55 1	Bt80 1	Bt98 1	
81	Bt10 1	Bt92 1	
82	Bt34 1	Bt42 1	
83	Bt51 1	
84	Bt43 1	Bt45 1	Bt69 1	
85	Bt45 1	Bt64 1	Bt96 1	
86	Bt44 1	Bt94 1	
87	Bt63 1	Bt85 1	
88	Bt45 1	Bt60 1	Bt88 1	
89	Bt6 1	Bt49 1	Bt61 1	Bt96 1	
90	Bt46 1	Bt82 1	