Name					50_TruckTrailer_n90_m200_bt100_5
Number_of_Customers			90
Number_of_Items				200
Number_of_ItemTypes			100
Number_of_Vehicles			6
TimeWindows				0

VEHICLE
Mass_Capacity				25950
CargoSpace_Length			136
CargoSpace_Width			25
CargoSpace_Height			30
Wheelbase				36
Max_Mass_FrontAxle			10000
Max_Mass_RearAxle			11500
Max_Mass_TrailerAxle			24000
Distance_Kingpin_RearAxle		6
Distance_Kingpin_TrailerAxle		76
Distance_CargoSpace_TrailerAxle		92
Distance_Mass_Tractor_RearAxle		25
Distance_Mass_Trailer_TrailerAxle	16
Mass_Tractor				7300
Mass_Trailer				6750

CUSTOMERS
i		x		y		Demand		ReadyTime	DueDate		ServiceTime	DemandedMass	DemandedVolume
0		35		35		0		0		0		0		0		0
1		24		8		1		0		0		0		545.884		2856
2		54		11		2		0		0		0		189.348		1056
3		2		38		1		0		0		0		590.819		3432
4		55		3		3		0		0		0		799.916		4464
5		59		30		1		0		0		0		387.386		1920
6		3		17		3		0		0		0		765.248		4560
7		1		41		1		0		0		0		106.626		720
8		17		24		3		0		0		0		430.357		2634
9		54		0		4		0		0		0		725.835		5138
10		43		54		1		0		0		0		606.205		2925
11		30		56		4		0		0		0		666.072		3972
12		14		63		3		0		0		0		594.007		3652
13		38		3		2		0		0		0		723.051		4620
14		70		38		1		0		0		0		110.227		672
15		37		31		3		0		0		0		878.26		5816
16		14		38		2		0		0		0		342.7		1968
17		36		31		3		0		0		0		698.187		4088
18		11		23		1		0		0		0		31.4994		294
19		4		61		2		0		0		0		678.204		3916
20		22		2		2		0		0		0		298.169		2132
21		64		57		3		0		0		0		1254.8		5318
22		4		12		2		0		0		0		942.354		5256
23		0		4		2		0		0		0		235.391		1944
24		68		19		3		0		0		0		325.005		2048
25		12		8		3		0		0		0		1065.26		4716
26		32		4		2		0		0		0		464.294		2970
27		6		62		2		0		0		0		445.665		2475
28		40		16		4		0		0		0		561.805		3684
29		28		63		3		0		0		0		679.029		3776
30		45		33		2		0		0		0		362.827		2904
31		7		47		2		0		0		0		1132.47		5466
32		37		29		1		0		0		0		134.412		637
33		53		28		2		0		0		0		239.646		1446
34		43		69		3		0		0		0		1148.84		6243
35		49		23		3		0		0		0		1687.64		8988
36		56		24		2		0		0		0		581.34		2744
37		18		15		4		0		0		0		670.632		4099
38		44		24		1		0		0		0		46.9658		252
39		50		26		2		0		0		0		208.563		1352
40		5		35		1		0		0		0		268.172		1088
41		31		25		3		0		0		0		557.528		3436
42		30		9		2		0		0		0		779.753		4310
43		8		15		2		0		0		0		345.425		2148
44		54		49		1		0		0		0		61.7827		252
45		17		19		2		0		0		0		932.231		4521
46		37		50		2		0		0		0		1003.11		5096
47		68		36		1		0		0		0		191.877		1188
48		24		7		2		0		0		0		170.64		1008
49		70		1		3		0		0		0		580.609		3318
50		28		7		3		0		0		0		902.473		5576
51		17		46		2		0		0		0		382.612		2144
52		1		5		1		0		0		0		286.179		1650
53		19		23		1		0		0		0		191.877		1188
54		28		19		2		0		0		0		525.187		3894
55		24		4		1		0		0		0		219.893		900
56		21		47		2		0		0		0		475.984		2790
57		27		0		3		0		0		0		755.917		4472
58		19		6		3		0		0		0		312.693		2052
59		53		61		1		0		0		0		195.065		1575
60		44		44		1		0		0		0		568.973		3600
61		8		29		1		0		0		0		545.884		2856
62		27		11		2		0		0		0		302.058		2076
63		33		49		2		0		0		0		162.679		889
64		54		32		1		0		0		0		386.248		2856
65		54		22		2		0		0		0		965.522		4642
66		49		67		2		0		0		0		812.761		5616
67		16		49		2		0		0		0		266.347		1320
68		62		9		4		0		0		0		607.575		4638
69		66		27		2		0		0		0		513.918		2351
70		55		57		2		0		0		0		723.051		4620
71		22		55		2		0		0		0		1221.71		5656
72		7		5		2		0		0		0		628.274		3480
73		70		9		5		0		0		0		1362.67		8160
74		6		14		3		0		0		0		396.784		2709
75		67		0		2		0		0		0		243.833		1296
76		16		34		2		0		0		0		258.995		2112
77		30		12		1		0		0		0		46.9658		252
78		35		69		1		0		0		0		28.2673		252
79		55		13		2		0		0		0		799.675		3584
80		68		20		4		0		0		0		956.375		6010
81		37		65		4		0		0		0		805.204		5416
82		7		13		3		0		0		0		609.009		3329
83		20		32		4		0		0		0		1272.81		7844
84		1		69		3		0		0		0		401.707		2386
85		8		28		1		0		0		0		216.376		1320
86		57		50		2		0		0		0		145.059		648
87		60		19		2		0		0		0		381.293		1824
88		50		63		3		0		0		0		475.674		3143
89		21		24		3		0		0		0		671.986		5548
90		12		34		3		0		0		0		561.861		4150

ITEMS
Type		Length		Width		Height		Mass		Fragility	LoadBearingStrength
Bt1		18		9		15		546.97		0		16.8816542
Bt2		6		11		8		94.67		0		7.1722858
Bt3		11		11		9		165.19		0		6.8260667
Bt4		19		12		12		445.53		0		9.7703254
Bt5		16		9		8		208.15		0		7.2273146
Bt6		25		9		13		606.21		0		13.4712236
Bt7		10		6		14		91.42		0		7.6184311
Bt8		7		8		12		110.23		0		9.8416925
Bt9		22		10		6		216.38		0		4.9176285
Bt10		7		7		6		31.50		1		0.6428454
Bt11		17		7		12		218.52		0		9.1816588
Bt12		20		8		15		396.47		0		12.3896861
Bt13		8		9		9		126.32		0		8.7725330
Bt14		18		9		11		332.06		0		10.2488326
Bt15		15		6		9		91.36		1		1.0150680
Bt16		13		12		14		256.20		0		8.2116001
Bt17		13		7		7		134.41		0		7.3852633
Bt18		17		6		9		146.17		0		7.1650420
Bt19		16		8		13		412.29		0		16.1050439
Bt20		7		6		6		46.97		0		5.5911613
Bt21		17		8		8		268.17		0		9.8592547
Bt22		22		11		10		447.83		0		9.2526403
Bt23		7		6		6		61.78		0		7.3550804
Bt24		22		12		13		590.82		0		11.1897545
Bt25		11		9		8		144.04		0		7.2745979
Bt26		16		11		13		288.70		0		8.2015878
Bt27		15		10		11		286.18		0		9.5392884
Bt28		10		11		9		215.35		0		9.7884379
Bt29		21		8		6		143.92		0		4.2833916
Bt30		8		6		8		78.33		0		8.1590187
Bt31		24		10		15		568.97		0		11.8535945
Bt32		18		6		6		83.53		0		3.8673203
Bt33		17		12		14		386.25		0		9.4668636
Bt34		22		12		14		425.37		0		8.0563309
Bt35		8		10		11		92.69		0		5.7934259
Bt36		18		6		11		132.23		0		6.1218325
Bt37		21		8		10		188.61		0		5.6135041
Bt38		12		9		10		169.05		0		7.8264299
Bt39		6		11		7		55.10		0		4.1745289
Bt40		7		6		6		28.27		0		3.3651509
Bt41		12		7		10		133.28		0		7.9332631
Bt42		13		11		7		231.04		1		1.6156298
Bt43		7		7		14		89.88		0		9.1718119
Bt44		6		12		6		102.40		0		7.1107842
Bt45		18		8		9		142.78		0		4.9576388
Bt46		15		11		10		203.89		0		6.1785323
Bt47		7		7		8		54.76		0		5.5875922
Bt48		23		11		8		244.29		0		4.8278090
Bt49		8		8		13		86.81		0		6.7821024
Bt50		6		6		6		46.58		0		6.4696720
Bt51		14		10		14		353.54		0		12.6263681
Bt52		8		9		13		188.02		0		13.0569950
Bt53		19		7		11		354.87		0		13.3411074
Bt54		16		6		14		135.30		0		7.0469276
Bt55		23		12		11		585.51		0		10.6070537
Bt56		8		8		6		57.95		0		4.5274854
Bt57		24		11		11		309.84		0		5.8681985
Bt58		19		9		13		383.88		0		11.2246437
Bt59		8		10		10		91.93		0		5.7456260
Bt60		6		7		7		30.33		1		0.7222315
Bt61		24		11		12		528.43		0		10.0080885
Bt62		13		6		15		159.16		0		10.2027412
Bt63		10		8		14		240.08		0		15.0047251
Bt64		21		11		8		275.84		0		5.9705496
Bt65		8		9		10		106.63		1		1.4809103
Bt66		11		11		10		198.48		0		8.2017371
Bt67		15		12		15		534.36		0		14.8432314
Bt68		18		9		7		264.07		0		8.1503729
Bt69		21		7		12		269.45		0		9.1649836
Bt70		6		6		6		26.60		0		3.6947955
Bt71		8		6		10		102.14		0		10.6390652
Bt72		17		12		14		545.88		1		2.6759020
Bt73		8		12		15		302.97		0		15.7794965
Bt74		9		6		10		62.54		0		5.7909168
Bt75		7		10		10		82.86		1		1.1836813
Bt76		24		11		13		767.04		1		2.9054559
Bt77		12		12		8		156.98		0		5.4507571
Bt78		25		6		9		282.88		0		9.4294379
Bt79		16		8		11		228.13		0		8.9113533
Bt80		8		6		7		62.77		0		6.5390257
Bt81		16		8		15		387.39		0		15.1322764
Bt82		14		9		15		331.92		1		2.6343238
Bt83		7		9		15		142.12		0		11.2792774
Bt84		22		9		6		191.88		0		4.8453793
Bt85		21		7		12		262.08		0		8.9143564
Bt86		7		12		12		214.31		1		2.5512592
Bt87		9		8		10		126.90		1		1.7625259
Bt88		8		9		8		116.93		0		8.1201974
Bt89		22		10		7		204.17		0		4.6401289
Bt90		6		6		6		42.66		0		5.9254972
Bt91		25		8		9		439.66		0		10.9915048
Bt92		10		9		10		219.89		0		12.2162845
Bt93		8		11		8		79.65		1		0.9050617
Bt94		22		7		14		363.46		0		11.8007503
Bt95		20		8		6		153.80		0		4.8063802
Bt96		25		10		14		858.25		0		17.1649195
Bt97		20		10		9		346.59		0		8.6646769
Bt98		25		7		9		195.06		1		1.1146564
Bt99		10		8		7		85.78		0		5.3610954
Bt100		8		7		8		100.58		0		8.9804877

DEMANDS PER CUSTOMER
i	Type Quantity
1	Bt72 1	
2	Bt2 2	
3	Bt24 1	
4	Bt3 1	Bt91 1	Bt98 1	
5	Bt81 1	
6	Bt4 1	Bt63 1	Bt93 1	
7	Bt65 1	
8	Bt5 1	Bt60 1	Bt84 1	
9	Bt57 1	Bt66 1	Bt88 1	Bt100 1	
10	Bt6 1	
11	Bt22 1	Bt35 1	Bt80 2	
12	Bt7 1	Bt22 1	Bt47 1	
13	Bt24 1	Bt36 1	
14	Bt8 1	
15	Bt4 1	Bt25 1	Bt26 1	
16	Bt9 1	Bt13 1	
17	Bt18 1	Bt51 1	Bt66 1	
18	Bt10 1	
19	Bt35 1	Bt55 1	
20	Bt11 1	Bt93 1	
21	Bt1 1	Bt21 1	Bt91 1	
22	Bt12 1	Bt72 1	
23	Bt10 1	Bt46 1	
24	Bt13 1	Bt29 1	Bt47 1	
25	Bt30 1	Bt76 1	Bt92 1	
26	Bt14 1	Bt36 1	
27	Bt23 1	Bt58 1	
28	Bt7 1	Bt14 1	Bt15 1	Bt20 1	
29	Bt27 1	Bt43 1	Bt73 1	
30	Bt16 1	Bt65 1	
31	Bt1 1	Bt55 1	
32	Bt17 1	
33	Bt5 1	Bt10 1	
34	Bt6 1	Bt12 1	Bt18 1	
35	Bt33 1	Bt67 1	Bt76 1	
36	Bt19 1	Bt38 1	
37	Bt17 1	Bt32 1	Bt37 1	Bt68 1	
38	Bt20 1	
39	Bt47 1	Bt95 1	
40	Bt21 1	
41	Bt59 1	Bt71 1	Bt94 1	
42	Bt22 1	Bt82 1	
43	Bt11 1	Bt87 1	
44	Bt23 1	
45	Bt3 1	Bt76 1	
46	Bt19 1	Bt24 1	
47	Bt84 1	
48	Bt25 1	Bt70 1	
49	Bt29 1	Bt78 1	Bt95 1	
50	Bt26 1	Bt40 1	Bt55 1	
51	Bt73 1	Bt93 1	
52	Bt27 1	
53	Bt84 1	
54	Bt28 1	Bt57 1	
55	Bt92 1	
56	Bt14 1	Bt29 1	
57	Bt14 1	Bt59 1	Bt82 1	
58	Bt30 1	Bt36 1	Bt71 1	
59	Bt98 1	
60	Bt31 1	
61	Bt72 1	
62	Bt11 1	Bt32 1	
63	Bt17 1	Bt40 1	
64	Bt33 1	
65	Bt66 1	Bt76 1	
66	Bt34 1	Bt81 1	
67	Bt30 1	Bt52 1	
68	Bt35 1	Bt46 1	Bt75 1	Bt79 1	
69	Bt42 1	Bt78 1	
70	Bt24 1	Bt36 1	
71	Bt94 1	Bt96 1	
72	Bt37 1	Bt91 1	
73	Bt7 1	Bt24 1	Bt32 1	Bt67 1	Bt74 1	
74	Bt3 1	Bt38 1	Bt74 1	
75	Bt87 1	Bt88 1	
76	Bt39 1	Bt46 1	
77	Bt20 1	
78	Bt40 1	
79	Bt19 1	Bt81 1	
80	Bt28 1	Bt41 1	Bt48 1	Bt94 1	
81	Bt15 1	Bt24 1	Bt35 1	Bt60 1	
82	Bt42 1	Bt64 1	Bt71 1	
83	Bt12 1	Bt16 1	Bt67 1	Bt99 1	
84	Bt43 1	Bt59 1	Bt92 1	
85	Bt9 1	
86	Bt44 1	Bt90 1	
87	Bt30 1	Bt73 1	
88	Bt17 1	Bt45 1	Bt66 1	
89	Bt35 1	Bt57 1	Bt69 1	
90	Bt46 1	Bt89 1	Bt95 1	