Name					52_TruckTrailer_n90_m400_bt10_2
Number_of_Customers			90
Number_of_Items				400
Number_of_ItemTypes			10
Number_of_Vehicles			10
TimeWindows				0

VEHICLE
Mass_Capacity				25950
CargoSpace_Length			136
CargoSpace_Width			25
CargoSpace_Height			30
Wheelbase				36
Max_Mass_FrontAxle			10000
Max_Mass_RearAxle			11500
Max_Mass_TrailerAxle			24000
Distance_Kingpin_RearAxle		6
Distance_Kingpin_TrailerAxle		76
Distance_CargoSpace_TrailerAxle		92
Distance_Mass_Tractor_RearAxle		25
Distance_Mass_Trailer_TrailerAxle	16
Mass_Tractor				7300
Mass_Trailer				6750

CUSTOMERS
i		x		y		Demand		ReadyTime	DueDate		ServiceTime	DemandedMass	DemandedVolume
0		35		35		0		0		0		0		0		0
1		36		27		2		0		0		0		716.265		3879
2		21		10		3		0		0		0		637.462		3552
3		37		12		7		0		0		0		1628.25		8889
4		56		64		3		0		0		0		144.753		1218
5		62		44		3		0		0		0		745.177		3969
6		45		11		5		0		0		0		1273.35		7908
7		5		22		9		0		0		0		2463.76		13303
8		4		48		6		0		0		0		1409.44		7812
9		22		53		3		0		0		0		551.552		3600
10		6		43		6		0		0		0		1000.25		5256
11		61		19		3		0		0		0		319.879		2131
12		50		66		5		0		0		0		719.804		4874
13		33		12		8		0		0		0		1282.07		7472
14		67		10		3		0		0		0		979.054		5358
15		33		66		3		0		0		0		525.34		3264
16		23		51		3		0		0		0		617.474		3420
17		59		4		4		0		0		0		916.252		6193
18		51		36		4		0		0		0		656.988		3714
19		59		32		3		0		0		0		975.2		5859
20		47		43		3		0		0		0		617.474		3420
21		29		20		5		0		0		0		958.992		5527
22		5		51		5		0		0		0		1343.13		7227
23		41		30		5		0		0		0		1010.87		6114
24		50		35		6		0		0		0		1190.95		6535
25		10		37		6		0		0		0		1643.22		9345
26		11		40		4		0		0		0		546.77		3121
27		61		5		3		0		0		0		1041.12		5679
28		41		38		5		0		0		0		1143.56		6202
29		36		44		6		0		0		0		1130.26		7056
30		6		7		4		0		0		0		916.252		6193
31		14		34		2		0		0		0		636.392		3231
32		24		18		5		0		0		0		1139.79		6559
33		49		16		7		0		0		0		2112.81		10647
34		48		25		6		0		0		0		1079.79		5913
35		29		65		5		0		0		0		1175.06		6864
36		41		34		2		0		0		0		343.061		2617
37		51		0		4		0		0		0		682.88		3679
38		40		28		3		0		0		0		623.306		4074
39		15		26		2		0		0		0		650.343		4059
40		51		34		5		0		0		0		1286.32		6555
41		65		17		3		0		0		0		832.631		4431
42		4		7		2		0		0		0		569.842		2952
43		57		6		5		0		0		0		1029.68		5415
44		50		9		5		0		0		0		624.747		3534
45		3		2		7		0		0		0		1267.2		7133
46		43		58		7		0		0		0		1101.21		6045
47		31		6		8		0		0		0		824.087		5083
48		61		54		3		0		0		0		846.582		5259
49		35		8		2		0		0		0		716.265		3879
50		41		6		4		0		0		0		588.584		3969
51		45		45		4		0		0		0		1014.71		6153
52		52		15		7		0		0		0		1855.46		10758
53		70		54		5		0		0		0		1205.72		6379
54		43		59		8		0		0		0		2229.48		11424
55		0		4		5		0		0		0		1205.12		6699
56		9		1		2		0		0		0		235.753		1494
57		38		34		5		0		0		0		894.306		6372
58		45		70		3		0		0		0		712.718		3960
59		29		28		5		0		0		0		1198.77		6749
60		58		31		6		0		0		0		1095.71		5890
61		39		6		3		0		0		0		912.504		5079
62		64		32		5		0		0		0		1092.7		6186
63		47		62		6		0		0		0		1239.24		6984
64		3		44		1		0		0		0		258.935		1980
65		3		21		6		0		0		0		781.862		4509
66		42		55		6		0		0		0		1635.43		9162
67		44		30		5		0		0		0		1289.13		6576
68		25		9		4		0		0		0		868.291		5226
69		13		54		1		0		0		0		196.239		1200
70		53		12		2		0		0		0		311.018		1627
71		68		3		6		0		0		0		1199.84		7070
72		47		29		2		0		0		0		587.647		3279
73		42		35		3		0		0		0		866.004		4386
74		20		42		5		0		0		0		1436.47		7797
75		54		32		2		0		0		0		310.71		1782
76		42		6		5		0		0		0		1450.73		8575
77		52		67		5		0		0		0		887.165		5874
78		67		26		4		0		0		0		860.931		6577
79		37		11		7		0		0		0		1230.49		6975
80		14		57		6		0		0		0		1496.89		8274
81		47		21		2		0		0		0		149.852		1267
82		36		67		3		0		0		0		912.504		5079
83		60		60		4		0		0		0		934.213		5046
84		52		14		5		0		0		0		836.357		4891
85		44		14		4		0		0		0		819.545		5274
86		13		47		5		0		0		0		1023.43		5742
87		50		57		3		0		0		0		769.429		4776
88		27		35		6		0		0		0		1414.27		9492
89		38		7		8		0		0		0		1351.43		8047
90		46		22		4		0		0		0		992.776		6217

ITEMS
Type		Length		Width		Height		Mass		Fragility	LoadBearingStrength
Bt1		21		9		11		391.41		0		10.3546999
Bt2		19		12		7		314.26		0		6.8915670
Bt3		24		8		6		244.98		0		6.3798069
Bt4		8		10		15		196.24		0		12.2649329
Bt5		15		11		6		226.89		0		6.8754934
Bt6		9		7		10		65.73		0		5.2163106
Bt7		20		9		10		324.86		0		9.0238224
Bt8		22		9		10		258.93		0		6.5387620
Bt9		7		7		13		84.13		0		8.5843151
Bt10		7		7		6		39.51		0		4.0320055

DEMANDS PER CUSTOMER
i	Type Quantity
1	Bt1 1	Bt7 1	
2	Bt3 1	Bt4 2	
3	Bt1 1	Bt4 2	Bt5 2	Bt6 1	Bt7 1	
4	Bt6 1	Bt10 2	
5	Bt1 1	Bt2 1	Bt10 1	
6	Bt2 1	Bt3 1	Bt4 1	Bt8 2	
7	Bt1 2	Bt2 1	Bt3 1	Bt5 2	Bt7 1	Bt8 1	Bt9 1	
8	Bt2 1	Bt3 1	Bt5 1	Bt7 1	Bt8 1	Bt10 1	
9	Bt5 1	Bt6 1	Bt8 1	
10	Bt3 1	Bt4 1	Bt5 2	Bt6 1	Bt10 1	
11	Bt4 1	Bt9 1	Bt10 1	
12	Bt5 1	Bt6 1	Bt8 1	Bt9 2	
13	Bt2 1	Bt3 1	Bt4 1	Bt5 1	Bt6 2	Bt9 2	
14	Bt1 2	Bt4 1	
15	Bt5 1	Bt8 1	Bt10 1	
16	Bt5 1	Bt6 1	Bt7 1	
17	Bt2 1	Bt8 2	Bt9 1	
18	Bt5 1	Bt6 1	Bt7 1	Bt10 1	
19	Bt1 1	Bt7 1	Bt8 1	
20	Bt5 1	Bt6 1	Bt7 1	
21	Bt2 1	Bt4 1	Bt7 1	Bt9 1	Bt10 1	
22	Bt1 1	Bt2 1	Bt3 1	Bt4 2	
23	Bt3 2	Bt4 1	Bt6 1	Bt8 1	
24	Bt1 2	Bt3 1	Bt9 1	Bt10 2	
25	Bt1 1	Bt2 2	Bt7 1	Bt8 1	Bt10 1	
26	Bt4 1	Bt5 1	Bt9 1	Bt10 1	
27	Bt1 1	Bt7 2	
28	Bt1 1	Bt2 2	Bt9 1	Bt10 1	
29	Bt3 1	Bt4 1	Bt6 1	Bt7 1	Bt8 1	Bt10 1	
30	Bt2 1	Bt8 2	Bt9 1	
31	Bt1 1	Bt3 1	
32	Bt3 1	Bt5 1	Bt7 1	Bt8 1	Bt9 1	
33	Bt1 1	Bt2 3	Bt5 2	Bt7 1	
34	Bt1 1	Bt3 1	Bt7 1	Bt10 3	
35	Bt5 1	Bt7 2	Bt8 1	Bt10 1	
36	Bt8 1	Bt9 1	
37	Bt2 1	Bt3 1	Bt9 1	Bt10 1	
38	Bt7 1	Bt8 1	Bt10 1	
39	Bt1 1	Bt8 1	
40	Bt1 1	Bt2 2	Bt5 1	Bt10 1	
41	Bt1 1	Bt3 1	Bt4 1	
42	Bt3 1	Bt7 1	
43	Bt1 1	Bt2 1	Bt3 1	Bt10 2	
44	Bt5 2	Bt6 2	Bt10 1	
45	Bt1 1	Bt2 2	Bt9 2	Bt10 2	
46	Bt1 1	Bt5 1	Bt7 1	Bt10 4	
47	Bt3 2	Bt6 2	Bt9 1	Bt10 3	
48	Bt1 1	Bt4 1	Bt8 1	
49	Bt1 1	Bt7 1	
50	Bt1 1	Bt6 3	
51	Bt1 1	Bt7 1	Bt8 1	Bt10 1	
52	Bt1 2	Bt4 1	Bt5 1	Bt6 1	Bt7 1	Bt8 1	
53	Bt3 1	Bt5 1	Bt7 2	Bt9 1	
54	Bt1 2	Bt2 2	Bt5 2	Bt7 1	Bt10 1	
55	Bt1 1	Bt4 1	Bt5 1	Bt6 1	Bt7 1	
56	Bt4 1	Bt10 1	
57	Bt3 1	Bt6 2	Bt8 2	
58	Bt5 2	Bt8 1	
59	Bt1 1	Bt2 1	Bt7 1	Bt9 2	
60	Bt1 1	Bt2 1	Bt5 1	Bt9 1	Bt10 2	
61	Bt1 1	Bt4 1	Bt7 1	
62	Bt2 1	Bt5 2	Bt6 1	Bt8 1	
63	Bt2 1	Bt4 1	Bt7 2	Bt10 2	
64	Bt8 1	
65	Bt3 2	Bt9 3	Bt10 1	
66	Bt2 2	Bt4 1	Bt5 1	Bt7 1	Bt8 1	
67	Bt2 1	Bt4 1	Bt5 2	Bt7 1	
68	Bt3 1	Bt7 1	Bt8 1	Bt10 1	
69	Bt4 1	
70	Bt5 1	Bt9 1	
71	Bt2 1	Bt4 2	Bt7 1	Bt9 2	
72	Bt1 1	Bt4 1	
73	Bt2 1	Bt5 1	Bt7 1	
74	Bt1 1	Bt2 1	Bt3 1	Bt5 1	Bt8 1	
75	Bt3 1	Bt6 1	
76	Bt1 2	Bt7 1	Bt8 1	Bt9 1	
77	Bt4 3	Bt8 1	Bt10 1	
78	Bt8 3	Bt9 1	
79	Bt1 1	Bt3 1	Bt4 1	Bt5 1	Bt6 2	Bt10 1	
80	Bt3 2	Bt4 1	Bt5 1	Bt7 1	Bt8 1	
81	Bt6 1	Bt9 1	
82	Bt1 1	Bt4 1	Bt7 1	
83	Bt3 1	Bt7 2	Bt10 1	
84	Bt5 2	Bt8 1	Bt9 1	Bt10 1	
85	Bt4 1	Bt7 1	Bt8 1	Bt10 1	
86	Bt3 1	Bt5 2	Bt6 1	Bt8 1	
87	Bt2 1	Bt4 1	Bt8 1	
88	Bt3 1	Bt4 2	Bt8 3	
89	Bt4 1	Bt5 3	Bt6 2	Bt8 1	Bt9 1	
90	Bt7 2	Bt8 1	Bt9 1	