Name					55_TruckTrailer_n90_m400_bt10_5
Number_of_Customers			90
Number_of_Items				400
Number_of_ItemTypes			10
Number_of_Vehicles			13
TimeWindows				0

VEHICLE
Mass_Capacity				25950
CargoSpace_Length			136
CargoSpace_Width			25
CargoSpace_Height			30
Wheelbase				36
Max_Mass_FrontAxle			10000
Max_Mass_RearAxle			11500
Max_Mass_TrailerAxle			24000
Distance_Kingpin_RearAxle		6
Distance_Kingpin_TrailerAxle		76
Distance_CargoSpace_TrailerAxle		92
Distance_Mass_Tractor_RearAxle		25
Distance_Mass_Trailer_TrailerAxle	16
Mass_Tractor				7300
Mass_Trailer				6750

CUSTOMERS
i		x		y		Demand		ReadyTime	DueDate		ServiceTime	DemandedMass	DemandedVolume
0		35		35		0		0		0		0		0		0
1		29		48		5		0		0		0		929.61		5004
2		34		36		3		0		0		0		1810.95		7722
3		24		43		2		0		0		0		252.309		1452
4		42		51		6		0		0		0		1142.51		5718
5		11		58		7		0		0		0		1801.99		9165
6		35		38		6		0		0		0		1263.94		6000
7		28		70		4		0		0		0		2640.67		11154
8		27		27		4		0		0		0		367.442		2220
9		23		14		7		0		0		0		1256.67		6542
10		52		11		3		0		0		0		861.343		5760
11		23		55		2		0		0		0		663.959		2880
12		58		40		5		0		0		0		1075.02		5566
13		60		63		5		0		0		0		1322.07		8493
14		50		9		3		0		0		0		619.692		3069
15		29		61		4		0		0		0		1405.7		8004
16		20		37		5		0		0		0		1305.13		10218
17		62		70		3		0		0		0		1991.41		8304
18		4		1		5		0		0		0		1601.87		7336
19		23		24		6		0		0		0		1292.4		6433
20		52		43		4		0		0		0		957.739		6588
21		36		69		1		0		0		0		373.45		3696
22		20		10		4		0		0		0		873.217		4398
23		3		1		5		0		0		0		1379.91		5976
24		30		40		4		0		0		0		1084.02		6828
25		26		17		5		0		0		0		1463.77		10923
26		20		10		4		0		0		0		2171.04		9438
27		13		65		5		0		0		0		1907.77		12816
28		60		27		6		0		0		0		1301.51		8224
29		40		16		6		0		0		0		1345.23		6721
30		2		0		4		0		0		0		996.376		6484
31		15		12		6		0		0		0		1932.69		8729
32		70		15		4		0		0		0		526.52		3168
33		20		69		7		0		0		0		2825.91		14364
34		47		8		5		0		0		0		2235.41		11436
35		41		57		2		0		0		0		516.793		2740
36		8		24		5		0		0		0		1381.26		6654
37		28		5		5		0		0		0		846.376		4698
38		48		30		4		0		0		0		450.946		2296
39		53		69		4		0		0		0		428.775		2262
40		70		54		7		0		0		0		1749.08		10435
41		19		41		3		0		0		0		1499.97		6711
42		40		10		4		0		0		0		1074.91		5037
43		35		6		3		0		0		0		573.186		3346
44		9		66		4		0		0		0		763.481		3783
45		58		22		8		0		0		0		2218.96		12363
46		37		32		4		0		0		0		1199.61		7599
47		6		46		3		0		0		0		408.223		2076
48		64		0		4		0		0		0		1811.07		8251
49		42		47		6		0		0		0		2388.53		10834
50		32		22		4		0		0		0		2355.75		10209
51		16		4		4		0		0		0		869.325		4366
52		17		8		6		0		0		0		1678.13		12244
53		14		21		4		0		0		0		1681.94		7401
54		9		8		2		0		0		0		420.066		3948
55		42		0		1		0		0		0		331.979		1440
56		2		69		3		0		0		0		1706.05		7116
57		41		19		6		0		0		0		1822.47		10992
58		23		19		5		0		0		0		1975.87		9066
59		40		29		7		0		0		0		1553.1		8218
60		39		24		5		0		0		0		1092.77		7312
61		14		28		9		0		0		0		3929.52		19881
62		41		50		7		0		0		0		1243.82		6942
63		61		63		3		0		0		0		1296.73		5596
64		45		58		2		0		0		0		1035.41		4632
65		55		65		2		0		0		0		378.595		1692
66		1		27		4		0		0		0		2176.22		9604
67		65		65		2		0		0		0		226.246		1386
68		55		0		4		0		0		0		1507.15		8821
69		14		63		2		0		0		0		1203.17		7128
70		42		41		3		0		0		0		758.774		6030
71		32		13		5		0		0		0		1131.74		5886
72		27		7		3		0		0		0		1133.7		5125
73		54		26		5		0		0		0		1068.29		4924
74		64		19		3		0		0		0		1082.03		4884
75		10		36		3		0		0		0		358.442		1500
76		4		55		6		0		0		0		1817.08		10404
77		36		29		4		0		0		0		1569.5		10977
78		1		58		7		0		0		0		1339.01		6685
79		47		39		5		0		0		0		1269.5		6691
80		63		8		3		0		0		0		778.77		4017
81		1		1		3		0		0		0		635.538		5502
82		49		52		6		0		0		0		2245.43		14156
83		49		52		6		0		0		0		1337		6843
84		22		67		5		0		0		0		1493.32		10944
85		20		49		7		0		0		0		2219.73		10570
86		9		57		4		0		0		0		1963.41		8557
87		21		34		2		0		0		0		876.332		3684
88		33		3		1		0		0		0		311.099		1540
89		12		4		4		0		0		0		1526.14		7306
90		62		51		12		0		0		0		4354.31		19242

ITEMS
Type		Length		Width		Height		Mass		Fragility	LoadBearingStrength
Bt1		12		8		7		82.46		0		4.2946200
Bt2		24		11		14		373.45		0		7.0729206
Bt3		20		6		10		205.69		0		8.5705681
Bt4		24		11		13		829.72		0		15.7143212
Bt5		10		11		14		311.10		0		14.1408646
Bt6		15		11		13		490.62		0		14.8672485
Bt7		9		9		14		179.63		0		11.0883100
Bt8		10		12		12		331.98		0		13.8324725
Bt9		8		6		13		155.91		0		16.2409542
Bt10		7		6		6		46.62		0		5.5495026

DEMANDS PER CUSTOMER
i	Type Quantity
1	Bt1 1	Bt7 2	Bt8 1	Bt9 1	
2	Bt4 1	Bt6 2	
3	Bt3 1	Bt10 1	
4	Bt3 1	Bt7 1	Bt8 2	Bt10 2	
5	Bt1 1	Bt3 1	Bt6 1	Bt7 2	Bt8 2	
6	Bt1 1	Bt3 1	Bt8 2	Bt9 2	
7	Bt4 2	Bt6 2	
8	Bt1 2	Bt9 1	Bt10 1	
9	Bt3 1	Bt5 2	Bt7 1	Bt9 1	Bt10 2	
10	Bt2 1	Bt8 1	Bt9 1	
11	Bt8 2	
12	Bt3 1	Bt5 1	Bt7 1	Bt8 1	Bt10 1	
13	Bt2 1	Bt3 2	Bt6 1	Bt10 1	
14	Bt1 1	Bt6 1	Bt10 1	
15	Bt2 1	Bt4 1	Bt9 1	Bt10 1	
16	Bt2 2	Bt7 1	Bt8 1	Bt10 1	
17	Bt4 2	Bt8 1	
18	Bt1 1	Bt4 1	Bt5 1	Bt8 1	Bt10 1	
19	Bt1 1	Bt3 1	Bt5 1	Bt6 1	Bt9 1	Bt10 1	
20	Bt2 1	Bt3 1	Bt8 1	Bt10 1	
21	Bt2 1	
22	Bt3 1	Bt7 1	Bt8 1	Bt9 1	
23	Bt1 1	Bt4 1	Bt9 3	
24	Bt2 1	Bt8 2	Bt10 1	
25	Bt2 2	Bt6 1	Bt7 1	Bt10 1	
26	Bt4 2	Bt7 1	Bt8 1	
27	Bt2 2	Bt6 2	Bt7 1	
28	Bt1 1	Bt2 1	Bt5 1	Bt8 1	Bt9 1	Bt10 1	
29	Bt1 2	Bt5 1	Bt6 1	Bt8 1	Bt10 1	
30	Bt2 1	Bt5 1	Bt9 2	
31	Bt5 2	Bt6 1	Bt8 2	Bt9 1	
32	Bt1 2	Bt3 1	Bt9 1	
33	Bt1 1	Bt2 1	Bt4 2	Bt8 2	Bt10 1	
34	Bt2 1	Bt4 2	Bt9 1	Bt10 1	
35	Bt3 1	Bt5 1	
36	Bt3 1	Bt7 1	Bt8 3	
37	Bt1 1	Bt3 1	Bt7 1	Bt8 1	Bt10 1	
38	Bt5 1	Bt10 3	
39	Bt7 1	Bt9 1	Bt10 2	
40	Bt1 1	Bt2 1	Bt5 1	Bt6 1	Bt7 1	Bt9 2	
41	Bt4 1	Bt6 1	Bt7 1	
42	Bt3 1	Bt6 1	Bt8 1	Bt10 1	
43	Bt1 1	Bt5 1	Bt7 1	
44	Bt6 1	Bt7 1	Bt10 2	
45	Bt2 1	Bt3 1	Bt4 1	Bt6 1	Bt7 1	Bt10 3	
46	Bt2 1	Bt6 1	Bt7 1	Bt9 1	
47	Bt3 1	Bt9 1	Bt10 1	
48	Bt4 1	Bt5 1	Bt6 1	Bt7 1	
49	Bt1 1	Bt4 2	Bt5 1	Bt7 1	Bt9 1	
50	Bt3 1	Bt4 2	Bt6 1	
51	Bt5 1	Bt7 1	Bt8 1	Bt10 1	
52	Bt1 1	Bt2 2	Bt3 1	Bt5 1	Bt8 1	
53	Bt3 1	Bt4 1	Bt6 1	Bt9 1	
54	Bt2 1	Bt10 1	
55	Bt8 1	
56	Bt4 2	Bt10 1	
57	Bt1 1	Bt2 1	Bt3 1	Bt6 2	Bt7 1	
58	Bt1 2	Bt4 1	Bt6 2	
59	Bt1 1	Bt5 4	Bt7 1	Bt10 1	
60	Bt2 1	Bt3 1	Bt5 1	Bt9 1	Bt10 1	
61	Bt1 2	Bt2 1	Bt3 2	Bt4 3	Bt6 1	
62	Bt1 2	Bt3 2	Bt7 1	Bt8 1	Bt9 1	
63	Bt4 1	Bt5 1	Bt9 1	
64	Bt3 1	Bt4 1	
65	Bt8 1	Bt10 1	
66	Bt3 1	Bt4 2	Bt5 1	
67	Bt7 1	Bt10 1	
68	Bt2 1	Bt5 1	Bt6 1	Bt8 1	
69	Bt2 1	Bt4 1	
70	Bt2 1	Bt3 1	Bt7 1	
71	Bt1 1	Bt3 1	Bt7 1	Bt8 2	
72	Bt5 1	Bt6 1	Bt8 1	
73	Bt5 1	Bt8 2	Bt10 2	
74	Bt3 1	Bt4 1	Bt10 1	
75	Bt9 2	Bt10 1	
76	Bt2 1	Bt3 2	Bt4 1	Bt9 1	Bt10 1	
77	Bt2 2	Bt6 1	Bt8 1	
78	Bt1 1	Bt3 1	Bt5 1	Bt6 1	Bt9 1	Bt10 2	
79	Bt1 1	Bt3 1	Bt5 1	Bt6 1	Bt7 1	
80	Bt1 1	Bt3 1	Bt6 1	
81	Bt1 1	Bt2 1	Bt7 1	
82	Bt2 2	Bt4 1	Bt5 2	Bt10 1	
83	Bt1 1	Bt3 1	Bt6 1	Bt7 1	Bt8 1	Bt10 1	
84	Bt1 1	Bt2 2	Bt8 2	
85	Bt3 2	Bt4 1	Bt5 1	Bt7 1	Bt8 1	Bt9 1	
86	Bt4 1	Bt5 1	Bt6 1	Bt8 1	
87	Bt4 1	Bt10 1	
88	Bt5 1	
89	Bt3 1	Bt4 1	Bt5 1	Bt7 1	
90	Bt4 2	Bt6 2	Bt7 2	Bt8 3	Bt9 2	Bt10 1	