Name					58_TruckTrailer_n90_m400_bt100_3
Number_of_Customers			90
Number_of_Items				400
Number_of_ItemTypes			100
Number_of_Vehicles			11
TimeWindows				0

VEHICLE
Mass_Capacity				25950
CargoSpace_Length			136
CargoSpace_Width			25
CargoSpace_Height			30
Wheelbase				36
Max_Mass_FrontAxle			10000
Max_Mass_RearAxle			11500
Max_Mass_TrailerAxle			24000
Distance_Kingpin_RearAxle		6
Distance_Kingpin_TrailerAxle		76
Distance_CargoSpace_TrailerAxle		92
Distance_Mass_Tractor_RearAxle		25
Distance_Mass_Trailer_TrailerAxle	16
Mass_Tractor				7300
Mass_Trailer				6750

CUSTOMERS
i		x		y		Demand		ReadyTime	DueDate		ServiceTime	DemandedMass	DemandedVolume
0		35		35		0		0		0		0		0		0
1		22		41		6		0		0		0		1220.28		7029
2		48		16		4		0		0		0		858.829		4686
3		54		4		5		0		0		0		1173.7		5607
4		36		50		6		0		0		0		1285.81		6628
5		14		7		2		0		0		0		785.826		4120
6		58		32		4		0		0		0		837.148		5522
7		9		21		6		0		0		0		1183.52		6840
8		62		3		3		0		0		0		629.264		4602
9		22		59		2		0		0		0		593.289		2818
10		35		1		7		0		0		0		1631.81		9350
11		43		63		4		0		0		0		1057.26		5286
12		0		37		3		0		0		0		666.104		3746
13		1		14		7		0		0		0		1572.74		8190
14		21		18		6		0		0		0		1454.98		7869
15		22		47		7		0		0		0		1842.17		11697
16		61		32		6		0		0		0		1597.08		9913
17		30		59		4		0		0		0		1098.67		6575
18		60		8		5		0		0		0		777.242		4230
19		20		59		5		0		0		0		877.888		4492
20		38		65		4		0		0		0		1284.14		6160
21		37		34		4		0		0		0		625.043		4256
22		58		20		4		0		0		0		921.446		4650
23		56		22		3		0		0		0		642.707		3738
24		33		54		5		0		0		0		1015.58		7832
25		66		33		4		0		0		0		972.718		5237
26		52		57		3		0		0		0		502.843		2648
27		15		41		3		0		0		0		719.805		3852
28		0		6		1		0		0		0		287.016		1859
29		11		20		5		0		0		0		701.131		3999
30		47		65		3		0		0		0		456.761		3455
31		60		14		3		0		0		0		772.693		5080
32		43		42		2		0		0		0		530.837		3194
33		11		34		3		0		0		0		426.986		2631
34		4		15		3		0		0		0		1273.15		7589
35		18		67		4		0		0		0		940.291		5100
36		58		43		3		0		0		0		1025.4		5502
37		44		23		3		0		0		0		739.37		4532
38		62		20		5		0		0		0		650.062		3910
39		67		23		4		0		0		0		751.988		4223
40		16		55		6		0		0		0		1246.7		6410
41		64		29		8		0		0		0		1822.42		8901
42		65		55		10		0		0		0		2086.33		10828
43		11		54		6		0		0		0		832.875		4151
44		31		3		4		0		0		0		751.507		3680
45		2		36		3		0		0		0		488.434		3572
46		52		31		3		0		0		0		932.589		4896
47		6		3		5		0		0		0		719.163		3781
48		49		49		1		0		0		0		282.598		1440
49		59		25		2		0		0		0		143.28		896
50		18		48		4		0		0		0		803.602		4773
51		58		24		5		0		0		0		947.187		5004
52		2		49		7		0		0		0		1802.95		11258
53		1		69		4		0		0		0		1031.53		6039
54		35		57		6		0		0		0		1641.39		8088
55		33		9		6		0		0		0		773.853		4684
56		10		24		5		0		0		0		1519.53		8618
57		36		6		3		0		0		0		609.945		3100
58		38		6		6		0		0		0		1459.25		7609
59		44		64		4		0		0		0		1227.24		6582
60		26		21		3		0		0		0		987.514		4720
61		10		15		4		0		0		0		1149.62		6341
62		7		35		10		0		0		0		2442.75		12690
63		59		50		8		0		0		0		1659.87		9006
64		20		63		8		0		0		0		2505.4		15645
65		20		12		6		0		0		0		1121.16		5389
66		58		15		4		0		0		0		871.868		5065
67		43		30		4		0		0		0		1301.47		5958
68		12		57		2		0		0		0		170.946		1086
69		1		59		5		0		0		0		1454.58		8531
70		29		51		3		0		0		0		899.077		4296
71		65		58		4		0		0		0		1078.69		7708
72		63		37		2		0		0		0		809.381		4407
73		23		13		3		0		0		0		450.281		2520
74		18		65		7		0		0		0		1744.17		9798
75		40		20		6		0		0		0		1046.27		6311
76		57		70		4		0		0		0		658.035		2928
77		64		56		3		0		0		0		637.146		3261
78		13		25		6		0		0		0		889.594		5250
79		46		4		4		0		0		0		933.192		4508
80		3		31		2		0		0		0		376.81		1650
81		31		37		1		0		0		0		342.233		1764
82		30		56		4		0		0		0		1260.37		8535
83		50		36		5		0		0		0		1616.41		8257
84		40		19		4		0		0		0		799.545		4410
85		2		30		4		0		0		0		783.959		4645
86		50		11		4		0		0		0		1140.27		6267
87		38		41		5		0		0		0		1177.39		6195
88		53		41		5		0		0		0		811.562		4919
89		18		17		7		0		0		0		1310.28		7105
90		13		30		4		0		0		0		943.442		4352

ITEMS
Type		Length		Width		Height		Mass		Fragility	LoadBearingStrength
Bt1		16		6		7		96.12		0		5.0065081
Bt2		24		9		7		356.69		0		8.2567105
Bt3		21		12		11		294.20		0		5.8373570
Bt4		14		6		15		219.14		0		13.0440441
Bt5		13		7		11		236.12		0		12.9733704
Bt6		14		12		12		463.23		0		13.7867282
Bt7		9		6		15		123.97		0		11.4790735
Bt8		13		11		13		287.02		0		10.0355347
Bt9		11		10		13		188.60		0		8.5729350
Bt10		7		7		7		69.13		0		7.0545252
Bt11		6		9		12		134.95		0		12.4949564
Bt12		9		8		8		112.68		0		7.8247652
Bt13		18		10		8		282.60		0		7.8499458
Bt14		11		12		6		175.50		0		6.6476879
Bt15		24		10		10		353.74		0		7.3696367
Bt16		18		12		10		474.94		0		10.9938682
Bt17		25		11		13		654.10		0		11.8927774
Bt18		6		7		13		76.40		1		1.8191349
Bt19		13		8		8		155.28		0		7.4652939
Bt20		8		7		6		63.08		0		5.6318016
Bt21		6		9		11		135.22		0		12.5199987
Bt22		12		7		15		249.26		0		14.8367448
Bt23		11		7		7		62.03		1		0.8055315
Bt24		7		12		7		64.30		0		3.8274152
Bt25		20		11		9		352.04		1		1.6001800
Bt26		19		8		13		206.22		0		6.7834685
Bt27		12		11		12		348.62		0		13.2053280
Bt28		21		12		7		177.32		0		3.5183300
Bt29		7		6		8		79.04		0		9.4100883
Bt30		7		7		6		40.12		0		4.0939624
Bt31		12		9		11		143.11		0		6.6253487
Bt32		19		11		7		219.19		0		5.2437422
Bt33		22		9		7		221.12		0		5.5839284
Bt34		9		6		13		77.24		0		7.1520041
Bt35		16		11		6		241.59		0		6.8634536
Bt36		18		8		14		368.30		1		2.5576228
Bt37		16		8		7		219.85		0		8.5879045
Bt38		21		9		13		293.64		0		7.7682550
Bt39		19		9		9		331.78		0		9.7012171
Bt40		8		8		8		60.33		0		4.7135523
Bt41		12		6		12		162.53		0		11.2869761
Bt42		25		12		12		387.50		0		6.4582633
Bt43		14		6		6		70.58		0		4.2011493
Bt44		22		6		9		232.71		1		1.7629669
Bt45		15		12		7		209.68		0		5.8244861
Bt46		25		6		9		299.16		0		9.9718454
Bt47		7		10		12		115.51		0		8.2510254
Bt48		11		12		12		302.17		0		11.4456892
Bt49		14		10		9		295.16		0		10.5414845
Bt50		8		8		8		83.88		0		6.5531002
Bt51		20		6		7		142.42		1		1.1868000
Bt52		8		7		10		92.97		0		8.3011904
Bt53		13		12		12		307.04		0		9.8408699
Bt54		8		8		10		116.75		0		9.1209631
Bt55		13		10		10		296.26		0		11.3947272
Bt56		25		8		12		278.87		0		6.9717395
Bt57		9		6		14		94.14		0		8.7165015
Bt58		17		10		7		218.31		0		6.4209663
Bt59		21		9		15		356.91		0		9.4419880
Bt60		8		7		7		72.70		0		6.4911730
Bt61		16		8		12		236.29		0		9.2300886
Bt62		24		11		10		607.89		0		11.5131235
Bt63		18		10		11		420.48		1		2.3359753
Bt64		14		12		13		325.68		0		9.6928394
Bt65		17		8		13		335.30		0		12.3273541
Bt66		20		11		13		536.57		0		12.1947444
Bt67		16		12		6		217.41		0		5.6617466
Bt68		21		6		10		216.32		0		8.5839531
Bt69		11		12		8		258.36		0		9.7863583
Bt70		7		8		8		94.80		0		8.4640876
Bt71		19		6		9		220.16		0		9.6560177
Bt72		25		6		10		340.98		0		11.3659663
Bt73		9		8		12		150.62		0		10.4596378
Bt74		8		11		11		228.65		0		12.9914781
Bt75		7		10		10		83.39		0		5.9563187
Bt76		15		10		6		181.74		0		6.0579788
Bt77		22		10		10		525.45		0		11.9420418
Bt78		17		9		7		110.81		0		3.6213989
Bt79		7		11		12		102.06		0		6.6269658
Bt80		7		7		7		73.52		0		7.5019230
Bt81		7		11		7		93.67		0		6.0822196
Bt82		15		9		6		113.95		0		4.2204199
Bt83		25		6		7		257.98		1		1.7198972
Bt84		16		9		13		241.01		0		8.3684614
Bt85		24		9		13		681.93		0		15.7854967
Bt86		22		10		11		469.72		0		10.6753823
Bt87		9		6		8		64.37		0		5.9604753
Bt88		15		7		12		264.38		0		12.5896464
Bt89		18		7		14		342.23		0		13.5806549
Bt90		7		6		7		42.56		0		5.0662858
Bt91		15		12		10		268.57		0		7.4603669
Bt92		11		12		15		207.86		0		7.8733501
Bt93		10		9		6		94.54		0		5.2523447
Bt94		10		10		7		115.66		0		5.7828347
Bt95		25		9		11		287.27		0		6.3836881
Bt96		20		6		13		317.64		0		13.2350930
Bt97		9		7		7		74.88		0		5.9424612
Bt98		8		10		13		122.35		1		1.5293210
Bt99		13		12		14		495.57		0		15.8835454
Bt100		8		7		8		73.07		0		6.5239529

DEMANDS PER CUSTOMER
i	Type Quantity
1	Bt21 1	Bt26 1	Bt35 1	Bt49 1	Bt80 1	Bt91 1	
2	Bt22 1	Bt25 1	Bt30 1	Bt67 1	
3	Bt4 1	Bt5 1	Bt29 1	Bt77 1	Bt82 1	
4	Bt2 1	Bt24 2	Bt63 1	Bt88 1	Bt94 1	
5	Bt22 1	Bt66 1	
6	Bt3 1	Bt57 1	Bt71 1	Bt74 1	
7	Bt7 1	Bt15 1	Bt18 1	Bt29 1	Bt44 1	Bt96 1	
8	Bt3 1	Bt54 1	Bt58 1	
9	Bt65 1	Bt83 1	
10	Bt17 1	Bt43 1	Bt49 1	Bt51 2	Bt68 1	Bt78 1	
11	Bt2 2	Bt9 1	Bt19 1	
12	Bt4 1	Bt9 1	Bt69 1	
13	Bt14 1	Bt27 1	Bt31 1	Bt32 1	Bt49 1	Bt80 1	Bt96 1	
14	Bt1 1	Bt32 1	Bt48 1	Bt62 1	Bt82 1	Bt94 1	
15	Bt17 1	Bt18 1	Bt28 2	Bt31 1	Bt55 1	Bt96 1	
16	Bt5 1	Bt17 1	Bt26 1	Bt32 1	Bt33 1	Bt40 1	
17	Bt8 1	Bt15 1	Bt35 1	Bt68 1	
18	Bt11 1	Bt21 1	Bt34 1	Bt45 1	Bt71 1	
19	Bt18 1	Bt19 1	Bt43 1	Bt83 1	Bt96 1	
20	Bt6 1	Bt45 1	Bt94 1	Bt99 1	
21	Bt12 1	Bt54 2	Bt56 1	
22	Bt7 1	Bt47 1	Bt72 2	
23	Bt47 1	Bt53 1	Bt71 1	
24	Bt7 1	Bt18 1	Bt37 1	Bt42 1	Bt92 1	
25	Bt8 1	Bt48 1	Bt72 1	Bt90 1	
26	Bt58 1	Bt71 1	Bt87 1	
27	Bt2 1	Bt91 1	Bt93 1	
28	Bt8 1	
29	Bt49 1	Bt70 1	Bt82 1	Bt97 1	Bt98 1	
30	Bt23 1	Bt28 1	Bt67 1	
31	Bt55 1	Bt91 1	Bt92 1	
32	Bt9 1	Bt89 1	
33	Bt19 1	Bt23 1	Bt45 1	
34	Bt17 1	Bt39 1	Bt95 1	
35	Bt25 1	Bt68 1	Bt82 1	Bt83 1	
36	Bt10 1	Bt17 1	Bt48 1	
37	Bt12 1	Bt26 1	Bt63 1	
38	Bt4 1	Bt20 1	Bt24 1	Bt71 1	Bt75 1	
39	Bt25 1	Bt45 1	Bt54 1	Bt80 1	
40	Bt11 1	Bt14 1	Bt37 1	Bt67 1	Bt83 1	Bt84 1	
41	Bt37 1	Bt57 1	Bt69 1	Bt77 1	Bt86 1	Bt87 1	Bt94 1	Bt97 1	
42	Bt7 1	Bt16 1	Bt34 1	Bt40 1	Bt54 1	Bt62 1	Bt73 1	Bt88 1	Bt93 1	Bt94 1	
43	Bt12 1	Bt24 1	Bt29 1	Bt35 2	Bt81 1	
44	Bt12 1	Bt41 1	Bt58 1	Bt83 1	
45	Bt4 1	Bt20 1	Bt26 1	
46	Bt16 1	Bt53 1	Bt73 1	
47	Bt27 1	Bt29 1	Bt50 1	Bt81 1	Bt82 1	
48	Bt13 1	
49	Bt43 1	Bt60 1	
50	Bt1 1	Bt34 1	Bt66 1	Bt81 1	
51	Bt4 1	Bt14 1	Bt22 1	Bt43 1	Bt44 1	
52	Bt6 1	Bt9 1	Bt14 1	Bt38 1	Bt41 2	Bt59 1	
53	Bt14 1	Bt38 1	Bt71 1	Bt89 1	
54	Bt4 2	Bt27 1	Bt88 1	Bt93 1	Bt99 1	
55	Bt30 1	Bt31 1	Bt34 1	Bt71 2	Bt100 1	
56	Bt15 1	Bt21 1	Bt26 1	Bt51 1	Bt85 1	
57	Bt4 1	Bt55 1	Bt93 1	
58	Bt33 1	Bt39 1	Bt49 1	Bt57 1	Bt65 1	Bt76 1	
59	Bt62 1	Bt82 1	Bt84 1	Bt88 1	
60	Bt16 1	Bt55 1	Bt68 1	
61	Bt54 1	Bt71 1	Bt77 1	Bt95 1	
62	Bt6 1	Bt10 1	Bt39 1	Bt43 1	Bt70 1	Bt77 1	Bt86 1	Bt92 1	Bt93 1	Bt94 1	
63	Bt2 1	Bt7 1	Bt12 1	Bt26 1	Bt50 1	Bt62 1	Bt81 1	Bt97 1	
64	Bt17 1	Bt32 1	Bt64 1	Bt68 1	Bt78 1	Bt84 1	Bt86 1	Bt91 1	
65	Bt2 1	Bt5 1	Bt21 1	Bt29 1	Bt33 1	Bt52 1	
66	Bt8 1	Bt48 1	Bt58 1	Bt87 1	
67	Bt4 1	Bt51 1	Bt83 1	Bt85 1	
68	Bt18 1	Bt93 1	
69	Bt6 1	Bt9 1	Bt46 1	Bt68 1	Bt95 1	
70	Bt70 1	Bt85 1	Bt98 1	
71	Bt15 1	Bt42 1	Bt88 1	Bt100 1	
72	Bt17 1	Bt19 1	
73	Bt11 1	Bt29 1	Bt61 1	
74	Bt2 1	Bt9 1	Bt40 1	Bt57 1	Bt62 1	Bt74 1	Bt92 1	
75	Bt12 1	Bt35 1	Bt41 1	Bt52 1	Bt64 1	Bt78 1	
76	Bt20 1	Bt37 1	Bt54 1	Bt69 1	
77	Bt5 1	Bt75 1	Bt96 1	
78	Bt25 1	Bt70 2	Bt73 1	Bt75 1	Bt82 1	
79	Bt27 1	Bt52 1	Bt72 1	Bt73 1	
80	Bt21 1	Bt35 1	
81	Bt89 1	
82	Bt42 1	Bt59 1	Bt83 2	
83	Bt6 1	Bt17 1	Bt25 1	Bt80 2	
84	Bt22 1	Bt30 1	Bt35 1	Bt91 1	
85	Bt9 1	Bt48 1	Bt58 1	Bt97 1	
86	Bt8 1	Bt11 1	Bt66 1	Bt76 1	
87	Bt16 1	Bt37 1	Bt53 1	Bt79 1	Bt80 1	
88	Bt19 1	Bt23 1	Bt44 1	Bt52 1	Bt91 1	
89	Bt24 1	Bt51 1	Bt55 1	Bt65 1	Bt81 1	Bt82 1	Bt88 1	
90	Bt19 1	Bt71 1	Bt77 1	Bt90 1	