Name				3l_cvrp06
Number_of_Customers		21
Number_of_Items			40
Number_of_ItemTypes		40
Number_of_Vehicles		6
TimeWindows			0

VEHICLE
Mass_Capacity			4000
CargoSpace_Length		60
CargoSpace_Width		25
CargoSpace_Height		30
Wheelbase			48
Max_Mass_FrontAxle		2254
Max_Mass_RearAxle		3652
Distance_FrontAxle_CargoSpace	4

CUSTOMERS
i		x		y		Demand		ReadyTime	DueDate		ServiceTime	DemandedMass	DemandedVolume
0		145		215		0		0		0		0		0		0
1		151		264		1		0		0		0		1100		1287
2		159		261		2		0		0		0		700		7140
3		130		254		2		0		0		0		800		3633
4		128		252		1		0		0		0		1400		1980
5		163		247		2		0		0		0		2100		7278
6		146		246		1		0		0		0		400		4576
7		161		242		3		0		0		0		800		6936
8		142		239		2		0		0		0		100		5716
9		163		236		2		0		0		0		500		3348
10		148		232		1		0		0		0		600		2720
11		128		231		3		0		0		0		1200		5960
12		156		217		2		0		0		0		1300		5270
13		129		214		1		0		0		0		1300		4114
14		146		208		3		0		0		0		300		5419
15		164		208		3		0		0		0		900		6569
16		141		206		2		0		0		0		2100		2723
17		147		193		2		0		0		0		1000		4852
18		164		193		1		0		0		0		900		6750
19		129		189		3		0		0		0		2500		7158
20		155		185		2		0		0		0		1800		5417
21		139		182		1		0		0		0		700		1666

ITEMS
Type		Length		Width		Height		Mass		Fragility	LoadBearingStrength
Bt1		13		9		11		1100		0		1.3854946
Bt2		21		15		6		350		0		3.4376280
Bt3		25		15		14		350		1		0.8217678
Bt4		34		8		7		400		1		0.8836976
Bt5		19		13		7		400		1		0.7808174
Bt6		30		6		11		1400		0		2.6425380
Bt7		26		13		16		1050		0		2.3394641
Bt8		17		10		11		1050		0		3.7896560
Bt9		32		13		11		400		0		2.3294508
Bt10		29		6		14		266.67		0		2.3554336
Bt11		23		9		11		266.67		0		1.4155827
Bt12		19		9		13		266.67		1		0.9097818
Bt13		23		14		10		50		0		3.0218658
Bt14		26		12		8		50		1		0.6430638
Bt15		31		7		6		250		0		2.6038059
Bt16		31		6		11		250		1		0.7753794
Bt17		34		8		10		600		0		3.2155417
Bt18		29		14		10		400		0		2.7824908
Bt19		14		5		16		400		0		3.2076698
Bt20		26		5		6		400		1		0.5322792
Bt21		25		10		11		650		0		1.8529233
Bt22		15		14		12		650		1		0.8320961
Bt23		34		11		11		1300		0		3.0050606
Bt24		29		11		7		100		0		3.0950186
Bt25		17		9		13		100		0		3.9170384
Bt26		19		9		7		100		0		3.6206865
Bt27		33		7		15		300		0		1.7335175
Bt28		26		6		9		300		0		1.0167436
Bt29		17		10		10		300		1		0.8853104
Bt30		29		9		7		1050		0		3.8005390
Bt31		14		8		8		1050		0		1.5616394
Bt32		33		6		14		500		0		1.1387843
Bt33		26		8		10		500		1		0.6600915
Bt34		30		15		15		900		0		2.6811462
Bt35		28		6		11		833.33		0		1.2073826
Bt36		15		14		8		833.33		0		1.3937608
Bt37		30		11		11		833.33		1		0.7150001
Bt38		24		11		18		900		0		1.9055991
Bt39		19		5		7		900		1		0.6971797
Bt40		17		7		14		700		0		1.6705447

DEMANDS PER CUSTOMER
i	Type Quantity
1	Bt1 1	
2	Bt2 1	Bt3 1	
3	Bt4 1	Bt5 1	
4	Bt6 1	
5	Bt7 1	Bt8 1	
6	Bt9 1	
7	Bt10 1	Bt11 1	Bt12 1	
8	Bt13 1	Bt14 1	
9	Bt15 1	Bt16 1	
10	Bt17 1	
11	Bt18 1	Bt19 1	Bt20 1	
12	Bt21 1	Bt22 1	
13	Bt23 1	
14	Bt24 1	Bt25 1	Bt26 1	
15	Bt27 1	Bt28 1	Bt29 1	
16	Bt30 1	Bt31 1	
17	Bt32 1	Bt33 1	
18	Bt34 1	
19	Bt35 1	Bt36 1	Bt37 1	
20	Bt38 1	Bt39 1	
21	Bt40 1	