Name				3l_cvrp13
Number_of_Customers		32
Number_of_Items			61
Number_of_ItemTypes		61
Number_of_Vehicles		8
TimeWindows			0

VEHICLE
Mass_Capacity			38000
CargoSpace_Length		60
CargoSpace_Width		25
CargoSpace_Height		30
Wheelbase			48
Max_Mass_FrontAxle		21421
Max_Mass_RearAxle		34696
Distance_FrontAxle_CargoSpace	4

CUSTOMERS
i		x		y		Demand		ReadyTime	DueDate		ServiceTime	DemandedMass	DemandedVolume
0		250		200		0		0		0		0		0		0
1		10		260		2		0		0		0		3500		4680
2		313		382		1		0		0		0		25705		3456
3		467		67		1		0		0		0		713		1400
4		205		254		3		0		0		0		2267		11124
5		275		34		1		0		0		0		447		1953
6		269		262		3		0		0		0		1847		6944
7		293		269		1		0		0		0		1437		3780
8		333		212		1		0		0		0		3720		1953
9		304		202		3		0		0		0		1115		7818
10		286		207		1		0		0		0		273		4200
11		288		191		2		0		0		0		5494		8248
12		295		235		3		0		0		0		1944		13595
13		50		249		3		0		0		0		250		6959
14		484		179		2		0		0		0		1500		5012
15		447		189		3		0		0		0		3585		10894
16		215		204		3		0		0		0		140		5361
17		22		255		1		0		0		0		629		3528
18		267		316		1		0		0		0		479		3289
19		391		196		1		0		0		0		17456		2904
20		399		122		2		0		0		0		1143		3342
21		363		187		1		0		0		0		1919		2268
22		355		236		3		0		0		0		826		4962
23		378		203		1		0		0		0		3264		3213
24		458		218		3		0		0		0		1570		6642
25		383		181		3		0		0		0		2215		8000
26		240		326		1		0		0		0		1239		3038
27		273		349		1		0		0		0		580		1632
28		278		374		1		0		0		0		5000		3510
29		352		271		3		0		0		0		100		9389
30		324		295		3		0		0		0		201		7779
31		249		250		2		0		0		0		6747		4312
32		65		248		1		0		0		0		1260		3960

ITEMS
Type		Length		Width		Height		Mass		Fragility	LoadBearingStrength
Bt1		21		14		12		1750		0		3.2704301
Bt2		18		8		8		1750		1		0.9991411
Bt3		16		12		18		25705		0		2.6736886
Bt4		20		10		7		713		1		0.5605654
Bt5		27		12		6		755.67		0		2.3639265
Bt6		24		15		18		755.67		1		0.7858697
Bt7		30		6		15		755.67		1		0.5510126
Bt8		31		7		9		447		1		0.6701245
Bt9		26		12		7		615.67		0		1.2172363
Bt10		21		10		12		615.67		1		0.8661772
Bt11		32		7		10		615.67		1		0.8220547
Bt12		21		10		18		1437		0		3.3291643
Bt13		31		7		9		3720		0		3.7153872
Bt14		24		13		10		371.67		0		1.3296596
Bt15		25		11		9		371.67		1		0.6207726
Bt16		19		9		13		371.67		1		0.7776862
Bt17		28		15		10		273		0		3.4455871
Bt18		19		10		16		2747		0		1.3120179
Bt19		31		14		12		2747		1		0.7014525
Bt20		26		15		17		648		0		2.9208862
Bt21		35		7		7		648		0		3.8178042
Bt22		25		14		15		648		1		0.8237704
Bt23		32		8		11		83.33		0		2.6095090
Bt24		27		11		9		83.33		0		2.5414533
Bt25		21		10		7		83.33		1		0.8467306
Bt26		17		14		12		750		0		1.9761940
Bt27		28		7		11		750		0		1.0595670
Bt28		26		14		10		1195		0		1.3937987
Bt29		24		8		12		1195		0		3.9038532
Bt30		22		15		15		1195		1		0.9946767
Bt31		22		11		12		46.67		0		3.0919818
Bt32		15		9		13		46.67		0		3.2776645
Bt33		13		9		6		46.67		0		3.5693797
Bt34		21		12		14		629		0		2.4261459
Bt35		23		11		13		479		1		0.5414481
Bt36		33		11		8		17456		1		0.5575847
Bt37		31		13		6		571.50		0		3.8184640
Bt38		22		7		6		571.50		0		2.8744812
Bt39		28		9		9		1919		0		3.3780750
Bt40		12		15		12		275.33		0		3.2852974
Bt41		13		11		10		275.33		0		2.6956221
Bt42		14		14		7		275.33		1		0.7710809
Bt43		21		9		17		3264		0		3.3436330
Bt44		20		12		17		523.33		0		3.0390157
Bt45		22		9		7		523.33		0		1.8094044
Bt46		14		12		7		523.33		0		3.7392447
Bt47		28		10		13		738.33		0		2.1283075
Bt48		29		6		15		738.33		0		2.3622143
Bt49		25		10		7		738.33		1		0.6475686
Bt50		31		7		14		1239		0		2.0350395
Bt51		17		12		8		580		0		1.5586438
Bt52		26		9		15		5000		0		2.4419857
Bt53		29		14		16		33.33		0		3.9369565
Bt54		19		7		11		33.33		0		3.9722782
Bt55		13		10		11		33.33		0		2.9593996
Bt56		20		14		9		67		0		3.8765222
Bt57		18		12		9		67		0		2.5596476
Bt58		13		15		17		67		1		0.9704015
Bt59		20		14		10		3373.50		0		1.3808292
Bt60		18		14		6		3373.50		1		0.9350205
Bt61		24		11		15		1260		1		0.5423751

DEMANDS PER CUSTOMER
i	Type Quantity
1	Bt1 1	Bt2 1	
2	Bt3 1	
3	Bt4 1	
4	Bt5 1	Bt6 1	Bt7 1	
5	Bt8 1	
6	Bt9 1	Bt10 1	Bt11 1	
7	Bt12 1	
8	Bt13 1	
9	Bt14 1	Bt15 1	Bt16 1	
10	Bt17 1	
11	Bt18 1	Bt19 1	
12	Bt20 1	Bt21 1	Bt22 1	
13	Bt23 1	Bt24 1	Bt25 1	
14	Bt26 1	Bt27 1	
15	Bt28 1	Bt29 1	Bt30 1	
16	Bt31 1	Bt32 1	Bt33 1	
17	Bt34 1	
18	Bt35 1	
19	Bt36 1	
20	Bt37 1	Bt38 1	
21	Bt39 1	
22	Bt40 1	Bt41 1	Bt42 1	
23	Bt43 1	
24	Bt44 1	Bt45 1	Bt46 1	
25	Bt47 1	Bt48 1	Bt49 1	
26	Bt50 1	
27	Bt51 1	
28	Bt52 1	
29	Bt53 1	Bt54 1	Bt55 1	
30	Bt56 1	Bt57 1	Bt58 1	
31	Bt59 1	Bt60 1	
32	Bt61 1	