Name				3l_cvrp03
Number_of_Customers		20
Number_of_Items			37
Number_of_ItemTypes		37
Number_of_Vehicles		4
TimeWindows			0

VEHICLE
Mass_Capacity			85
CargoSpace_Length		60
CargoSpace_Width		25
CargoSpace_Height		30
Wheelbase			48
Max_Mass_FrontAxle		47
Max_Mass_RearAxle		77
Distance_FrontAxle_CargoSpace	4

CUSTOMERS
i		x		y		Demand		ReadyTime	DueDate		ServiceTime	DemandedMass	DemandedVolume
0		30		40		0		0		0		0		0		0
1		42		41		1		0		0		0		19		1728
2		31		32		1		0		0		0		29		2016
3		5		25		1		0		0		0		23		1344
4		12		42		1		0		0		0		21		1560
5		36		16		3		0		0		0		10		8848
6		52		41		2		0		0		0		15		4536
7		27		23		1		0		0		0		3		2028
8		17		33		3		0		0		0		41		10322
9		13		13		3		0		0		0		9		4890
10		57		58		3		0		0		0		28		9702
11		62		42		3		0		0		0		8		7705
12		42		57		1		0		0		0		8		2028
13		16		57		2		0		0		0		16		8104
14		8		52		2		0		0		0		10		7040
15		7		38		1		0		0		0		28		4785
16		27		68		3		0		0		0		7		10420
17		30		48		1		0		0		0		15		3132
18		43		67		3		0		0		0		14		5661
19		58		48		1		0		0		0		6		3192
20		58		27		1		0		0		0		19		1792

ITEMS
Type		Length		Width		Height		Mass		Fragility	LoadBearingStrength
Bt1		24		6		12		19		0		1.4950443
Bt2		16		14		9		29		1		0.5632094
Bt3		12		7		16		23		0		2.2674131
Bt4		24		5		13		21		0		1.7169702
Bt5		22		15		8		3.33		0		2.8041414
Bt6		23		5		16		3.33		0		2.5665821
Bt7		21		13		16		3.33		1		0.9617764
Bt8		27		6		13		7.50		0		3.8963457
Bt9		27		15		6		7.50		1		0.5813593
Bt10		26		6		13		3		0		2.6387489
Bt11		31		13		16		13.67		0		3.6829791
Bt12		22		7		13		13.67		0		3.9890089
Bt13		26		6		12		13.67		0		2.3967377
Bt14		25		6		14		3		0		2.8872525
Bt15		15		9		12		3		0		2.8859828
Bt16		26		5		9		3		0		1.1125905
Bt17		33		13		14		9.33		0		3.3469224
Bt18		27		8		10		9.33		0		2.2128353
Bt19		16		12		8		9.33		1		0.6285158
Bt20		27		11		15		2.67		0		1.8711029
Bt21		25		6		11		2.67		0		3.8827493
Bt22		20		8		10		2.67		0		2.1466221
Bt23		13		13		12		8		0		3.9183355
Bt24		28		14		17		8		0		3.2425863
Bt25		15		6		16		8		0		2.2614042
Bt26		22		10		11		5		0		3.3854719
Bt27		33		10		14		5		1		0.7899355
Bt28		29		15		11		28		0		3.5585671
Bt29		29		12		18		2.33		0		3.4560067
Bt30		20		8		16		2.33		0		3.9436646
Bt31		19		12		7		2.33		1		0.6630487
Bt32		29		12		9		15		0		3.7660170
Bt33		16		9		17		4.67		0		2.9268406
Bt34		24		6		14		4.67		0		2.2607101
Bt35		19		7		9		4.67		1		0.8678888
Bt36		19		14		12		6		0		1.9712948
Bt37		14		8		16		19		1		0.8558700

DEMANDS PER CUSTOMER
i	Type Quantity
1	Bt1 1	
2	Bt2 1	
3	Bt3 1	
4	Bt4 1	
5	Bt5 1	Bt6 1	Bt7 1	
6	Bt8 1	Bt9 1	
7	Bt10 1	
8	Bt11 1	Bt12 1	Bt13 1	
9	Bt14 1	Bt15 1	Bt16 1	
10	Bt17 1	Bt18 1	Bt19 1	
11	Bt20 1	Bt21 1	Bt22 1	
12	Bt23 1	
13	Bt24 1	Bt25 1	
14	Bt26 1	Bt27 1	
15	Bt28 1	
16	Bt29 1	Bt30 1	Bt31 1	
17	Bt32 1	
18	Bt33 1	Bt34 1	Bt35 1	
19	Bt36 1	
20	Bt37 1	