Name				3l_cvrp10
Number_of_Customers		29
Number_of_Items			62
Number_of_ItemTypes		62
Number_of_Vehicles		8
TimeWindows			0

VEHICLE
Mass_Capacity			4500
CargoSpace_Length		60
CargoSpace_Width		25
CargoSpace_Height		30
Wheelbase			48
Max_Mass_FrontAxle		2536
Max_Mass_RearAxle		4108
Distance_FrontAxle_CargoSpace	4

CUSTOMERS
i		x		y		Demand		ReadyTime	DueDate		ServiceTime	DemandedMass	DemandedVolume
0		162		354		0		0		0		0		0		0
1		218		382		3		0		0		0		300		9333
2		218		358		2		0		0		0		3100		4641
3		201		370		2		0		0		0		125		5932
4		214		371		1		0		0		0		100		1248
5		224		370		3		0		0		0		200		9784
6		210		382		3		0		0		0		150		7632
7		104		354		2		0		0		0		150		10170
8		126		338		2		0		0		0		450		8676
9		119		340		3		0		0		0		300		10536
10		129		349		3		0		0		0		100		9188
11		126		347		2		0		0		0		950		4452
12		125		346		3		0		0		0		125		7498
13		116		355		1		0		0		0		150		4624
14		126		335		2		0		0		0		150		3708
15		125		355		2		0		0		0		550		4140
16		119		357		1		0		0		0		150		3024
17		115		341		2		0		0		0		100		4650
18		153		351		3		0		0		0		150		13170
19		175		363		1		0		0		0		400		3366
20		180		360		3		0		0		0		300		5978
21		159		331		1		0		0		0		1500		1560
22		188		357		2		0		0		0		100		8768
23		152		349		1		0		0		0		300		1470
24		215		389		3		0		0		0		500		6544
25		212		394		2		0		0		0		800		4641
26		188		393		2		0		0		0		300		3685
27		207		406		1		0		0		0		100		4928
28		184		410		3		0		0		0		150		9465
29		207		392		3		0		0		0		1000		8078

ITEMS
Type		Length		Width		Height		Mass		Fragility	LoadBearingStrength
Bt1		23		11		15		100		0		1.4222444
Bt2		25		7		6		100		0		2.8111188
Bt3		34		12		11		100		1		0.8479075
Bt4		28		11		12		1550		0		2.8349134
Bt5		15		7		9		1550		0		2.3653769
Bt6		13		13		18		62.50		0		3.1653705
Bt7		34		5		17		62.50		0		3.9248361
Bt8		16		6		13		100		0		1.6536779
Bt9		34		13		7		66.67		0		1.3263715
Bt10		33		10		8		66.67		0		1.1484530
Bt11		18		15		15		66.67		1		0.7591770
Bt12		26		6		7		50		0		3.9525830
Bt13		29		12		13		50		1		0.5667399
Bt14		21		12		8		50		1		0.6441761
Bt15		30		15		17		75		0		2.8763988
Bt16		30		12		7		75		1		0.5096067
Bt17		30		15		11		225		0		1.4041543
Bt18		23		9		18		225		0		2.4056636
Bt19		32		6		17		100		0		3.7580059
Bt20		29		8		12		100		0		3.5213015
Bt21		34		11		12		100		1		0.8884414
Bt22		26		10		17		33.33		0		1.6572958
Bt23		16		10		16		33.33		0		2.2425180
Bt24		23		8		12		33.33		0		1.7605599
Bt25		24		8		17		475		1		0.6851367
Bt26		22		6		9		475		1		0.6230323
Bt27		34		10		8		41.67		0		3.0586478
Bt28		24		8		14		41.67		0		3.4163938
Bt29		19		10		11		41.67		0		3.2843995
Bt30		34		8		17		150		0		3.3772209
Bt31		34		9		8		75		0		2.4286008
Bt32		21		10		6		75		0		1.7311818
Bt33		21		9		13		275		0		2.7359098
Bt34		17		9		11		275		0		2.0868542
Bt35		24		9		14		150		1		0.6849952
Bt36		30		8		13		50		0		2.5189725
Bt37		34		5		9		50		0		1.7797909
Bt38		31		15		13		50		0		3.6353707
Bt39		33		13		9		50		0		3.3579735
Bt40		32		6		17		50		0		3.2364264
Bt41		18		11		17		400		0		2.4901219
Bt42		25		7		14		100		0		1.8925154
Bt43		30		6		6		100		0		2.0397175
Bt44		34		8		9		100		1		0.7667925
Bt45		15		8		13		1500		0		1.1369374
Bt46		25		14		16		50		0		3.3195840
Bt47		22		12		12		50		0		3.9638383
Bt48		14		7		15		300		1		0.5633234
Bt49		30		11		12		166.67		0		1.2677975
Bt50		15		12		10		166.67		0		1.7423453
Bt51		16		7		7		166.67		0		3.1945202
Bt52		15		7		13		400		0		3.6139641
Bt53		13		14		18		400		1		0.9908921
Bt54		25		11		9		150		0		1.3637898
Bt55		22		5		11		150		1		0.8592121
Bt56		22		14		16		100		0		3.4105482
Bt57		25		15		14		50		0		2.5019885
Bt58		18		8		16		50		0		1.7489960
Bt59		21		13		7		50		0		3.2067549
Bt60		18		15		15		333.33		0		2.4986752
Bt61		28		7		11		333.33		0		3.9710815
Bt62		26		9		8		333.33		0		2.5601035

DEMANDS PER CUSTOMER
i	Type Quantity
1	Bt1 1	Bt2 1	Bt3 1	
2	Bt4 1	Bt5 1	
3	Bt6 1	Bt7 1	
4	Bt8 1	
5	Bt9 1	Bt10 1	Bt11 1	
6	Bt12 1	Bt13 1	Bt14 1	
7	Bt15 1	Bt16 1	
8	Bt17 1	Bt18 1	
9	Bt19 1	Bt20 1	Bt21 1	
10	Bt22 1	Bt23 1	Bt24 1	
11	Bt25 1	Bt26 1	
12	Bt27 1	Bt28 1	Bt29 1	
13	Bt30 1	
14	Bt31 1	Bt32 1	
15	Bt33 1	Bt34 1	
16	Bt35 1	
17	Bt36 1	Bt37 1	
18	Bt38 1	Bt39 1	Bt40 1	
19	Bt41 1	
20	Bt42 1	Bt43 1	Bt44 1	
21	Bt45 1	
22	Bt46 1	Bt47 1	
23	Bt48 1	
24	Bt49 1	Bt50 1	Bt51 1	
25	Bt52 1	Bt53 1	
26	Bt54 1	Bt55 1	
27	Bt56 1	
28	Bt57 1	Bt58 1	Bt59 1	
29	Bt60 1	Bt61 1	Bt62 1	