Name				3l_cvrp12
Number_of_Customers		30
Number_of_Items			63
Number_of_ItemTypes		63
Number_of_Vehicles		9
TimeWindows			0

VEHICLE
Mass_Capacity			68
CargoSpace_Length		60
CargoSpace_Width		25
CargoSpace_Height		30
Wheelbase			48
Max_Mass_FrontAxle		38
Max_Mass_RearAxle		62
Distance_FrontAxle_CargoSpace	4

CUSTOMERS
i		x		y		Demand		ReadyTime	DueDate		ServiceTime	DemandedMass	DemandedVolume
0		40		40		0		0		0		0		0		0
1		22		22		2		0		0		0		18		8746
2		36		26		3		0		0		0		26		10152
3		21		45		3		0		0		0		11		7017
4		45		35		2		0		0		0		30		10518
5		55		20		1		0		0		0		21		2760
6		33		34		1		0		0		0		19		4719
7		50		50		3		0		0		0		15		8383
8		55		45		2		0		0		0		16		6404
9		26		59		3		0		0		0		29		6464
10		40		66		1		0		0		0		26		1760
11		55		65		1		0		0		0		37		6480
12		35		51		3		0		0		0		16		7854
13		62		35		3		0		0		0		12		7127
14		62		57		1		0		0		0		31		1638
15		62		24		1		0		0		0		8		1872
16		21		36		2		0		0		0		19		2908
17		33		44		1		0		0		0		20		2640
18		9		56		3		0		0		0		13		7357
19		62		48		3		0		0		0		15		10225
20		66		14		2		0		0		0		22		5076
21		44		13		2		0		0		0		28		3504
22		26		13		2		0		0		0		12		4452
23		11		28		3		0		0		0		6		8313
24		7		43		3		0		0		0		27		11185
25		17		64		1		0		0		0		14		798
26		41		46		3		0		0		0		18		4620
27		55		34		3		0		0		0		17		11868
28		35		16		1		0		0		0		29		2340
29		52		26		3		0		0		0		13		8667
30		43		26		1		0		0		0		22		2700

ITEMS
Type		Length		Width		Height		Mass		Fragility	LoadBearingStrength
Bt1		29		14		16		9		0		1.6251267
Bt2		25		10		9		9		1		0.6743594
Bt3		21		13		14		8.67		0		3.9843173
Bt4		19		10		9		8.67		0		3.0384069
Bt5		22		14		15		8.67		1		0.7179509
Bt6		30		10		10		3.67		0		2.3007480
Bt7		15		11		13		3.67		0		1.7948288
Bt8		24		13		6		3.67		1		0.5482223
Bt9		34		6		16		15		0		2.8696201
Bt10		31		13		18		15		1		0.9439355
Bt11		23		12		10		21		1		0.6680637
Bt12		33		11		13		19		0		2.0964035
Bt13		25		9		15		5		0		1.7192229
Bt14		32		12		8		5		0		1.6670185
Bt15		22		11		8		5		0		3.5522576
Bt16		20		13		13		8		0		1.4101367
Bt17		21		12		12		8		0		1.9388115
Bt18		32		11		10		9.67		0		3.3150108
Bt19		16		13		10		9.67		0		1.7260361
Bt20		24		6		6		9.67		0		1.4848149
Bt21		16		10		11		26		0		2.1194875
Bt22		24		15		18		37		0		3.1665615
Bt23		34		7		13		5.33		0		1.7079663
Bt24		19		14		10		5.33		0		1.8527052
Bt25		35		5		12		5.33		0		2.3948648
Bt26		20		12		13		4		0		2.5830381
Bt27		23		11		11		4		0		2.5606691
Bt28		17		8		9		4		0		3.3763343
Bt29		13		7		18		31		1		0.9223480
Bt30		26		8		9		8		0		3.7716986
Bt31		19		10		10		9.50		0		2.6331763
Bt32		14		9		8		9.50		0		3.3187985
Bt33		24		11		10		20		0		3.3193694
Bt34		14		15		15		4.33		0		1.4655925
Bt35		29		7		14		4.33		0		3.4253675
Bt36		21		5		13		4.33		0		3.1431875
Bt37		31		10		16		5		0		1.8263487
Bt38		21		13		12		5		0		2.0809339
Bt39		13		9		17		5		1		0.7858783
Bt40		36		7		15		11		0		3.1332755
Bt41		24		9		6		11		0		2.0716091
Bt42		16		11		9		14		0		1.0828881
Bt43		15		8		16		14		1		0.9618962
Bt44		32		6		11		6		0		3.8135279
Bt45		13		10		18		6		1		0.8737003
Bt46		19		12		11		2		0		2.2967321
Bt47		23		13		7		2		0		1.7529243
Bt48		29		8		16		2		1		0.7918165
Bt49		27		12		15		9		0		2.9081839
Bt50		35		10		11		9		0		3.1371033
Bt51		15		11		15		9		1		0.9257802
Bt52		19		6		7		14		0		3.5511044
Bt53		18		6		17		6		0		2.5872376
Bt54		12		8		11		6		0		3.5488986
Bt55		16		12		9		6		1		0.9686771
Bt56		19		12		9		5.67		0		3.7970964
Bt57		24		13		18		5.67		1		0.6704692
Bt58		35		10		12		5.67		1		0.9205796
Bt59		12		15		13		29		0		1.6615137
Bt60		25		14		10		4.33		0		2.6513673
Bt61		25		11		11		4.33		0		2.2289869
Bt62		14		9		17		4.33		0		2.6817337
Bt63		15		15		12		22		0		1.0815319

DEMANDS PER CUSTOMER
i	Type Quantity
1	Bt1 1	Bt2 1	
2	Bt3 1	Bt4 1	Bt5 1	
3	Bt6 1	Bt7 1	Bt8 1	
4	Bt9 1	Bt10 1	
5	Bt11 1	
6	Bt12 1	
7	Bt13 1	Bt14 1	Bt15 1	
8	Bt16 1	Bt17 1	
9	Bt18 1	Bt19 1	Bt20 1	
10	Bt21 1	
11	Bt22 1	
12	Bt23 1	Bt24 1	Bt25 1	
13	Bt26 1	Bt27 1	Bt28 1	
14	Bt29 1	
15	Bt30 1	
16	Bt31 1	Bt32 1	
17	Bt33 1	
18	Bt34 1	Bt35 1	Bt36 1	
19	Bt37 1	Bt38 1	Bt39 1	
20	Bt40 1	Bt41 1	
21	Bt42 1	Bt43 1	
22	Bt44 1	Bt45 1	
23	Bt46 1	Bt47 1	Bt48 1	
24	Bt49 1	Bt50 1	Bt51 1	
25	Bt52 1	
26	Bt53 1	Bt54 1	Bt55 1	
27	Bt56 1	Bt57 1	Bt58 1	
28	Bt59 1	
29	Bt60 1	Bt61 1	Bt62 1	
30	Bt63 1	