Name				3l_cvrp09
Number_of_Customers		25
Number_of_Items			50
Number_of_ItemTypes		50
Number_of_Vehicles		8
TimeWindows			0

VEHICLE
Mass_Capacity			48
CargoSpace_Length		60
CargoSpace_Width		25
CargoSpace_Height		30
Wheelbase			48
Max_Mass_FrontAxle		27
Max_Mass_RearAxle		43
Distance_FrontAxle_CargoSpace	4

CUSTOMERS
i		x		y		Demand		ReadyTime	DueDate		ServiceTime	DemandedMass	DemandedVolume
0		30		40		0		0		0		0		0		0
1		52		41		1		0		0		0		15		1512
2		27		23		1		0		0		0		3		3570
3		17		33		1		0		0		0		41		2079
4		13		13		3		0		0		0		9		8352
5		57		58		1		0		0		0		28		7293
6		62		42		2		0		0		0		8		4158
7		42		57		2		0		0		0		8		4442
8		16		57		3		0		0		0		16		16545
9		8		52		1		0		0		0		10		3276
10		7		38		1		0		0		0		28		2244
11		27		68		2		0		0		0		7		3144
12		30		48		1		0		0		0		15		1260
13		43		67		3		0		0		0		14		12510
14		58		48		3		0		0		0		6		11096
15		58		27		2		0		0		0		19		3906
16		37		69		1		0		0		0		11		7560
17		38		46		3		0		0		0		12		8891
18		46		10		3		0		0		0		23		9185
19		61		33		3		0		0		0		26		11142
20		62		63		2		0		0		0		17		6240
21		63		69		1		0		0		0		6		4284
22		32		22		1		0		0		0		9		5236
23		45		35		3		0		0		0		15		9478
24		59		15		3		0		0		0		14		4780
25		5		6		3		0		0		0		7		10482

ITEMS
Type		Length		Width		Height		Mass		Fragility	LoadBearingStrength
Bt1		24		7		9		15		0		3.5674291
Bt2		30		7		17		3		0		2.0624145
Bt3		33		9		7		41		0		1.3472664
Bt4		34		10		10		3		0		3.6600630
Bt5		32		7		13		3		0		3.2369430
Bt6		12		10		17		3		0		2.5707692
Bt7		33		13		17		28		1		0.6348248
Bt8		18		12		11		4		0		3.4870658
Bt9		18		11		9		4		1		0.5155014
Bt10		36		11		8		4		0		1.3348965
Bt11		13		7		14		4		0		1.6451751
Bt12		34		15		17		5.33		0		3.7520814
Bt13		27		15		11		5.33		0		3.1962021
Bt14		19		12		15		5.33		0		2.2930083
Bt15		14		13		18		10		0		1.3568281
Bt16		17		11		12		28		0		2.0782694
Bt17		22		8		9		3.50		0		2.3024224
Bt18		24		5		13		3.50		1		0.5576539
Bt19		12		7		15		15		0		2.0873538
Bt20		36		14		15		4.67		0		1.7613512
Bt21		34		5		15		4.67		0		1.0263985
Bt22		25		12		8		4.67		0		1.0823599
Bt23		24		13		16		2		0		1.0335027
Bt24		31		14		11		2		0		1.1631017
Bt25		19		5		14		2		1		0.7097038
Bt26		20		8		18		9.50		0		3.5906464
Bt27		19		6		9		9.50		0		3.7354114
Bt28		36		14		15		11		1		0.7186727
Bt29		34		11		12		4		0		1.8688483
Bt30		34		7		12		4		0		3.6780684
Bt31		13		7		17		4		1		0.6813375
Bt32		32		9		15		7.67		0		1.0247234
Bt33		22		5		7		7.67		0		1.3734176
Bt34		35		13		9		7.67		1		0.5768137
Bt35		30		13		13		8.67		0		1.5941232
Bt36		21		7		11		8.67		0		1.7617226
Bt37		33		9		15		8.67		1		0.6997552
Bt38		16		13		9		8.50		0		2.1494561
Bt39		28		12		13		8.50		1		0.5529416
Bt40		34		7		18		6		0		3.3327848
Bt41		34		11		14		9		0		2.5565656
Bt42		17		11		8		5		0		3.1451392
Bt43		33		13		15		5		1		0.6720895
Bt44		13		7		17		5		1		0.5509688
Bt45		24		11		11		4.67		0		3.8003485
Bt46		19		7		7		4.67		0		1.1403932
Bt47		15		9		7		4.67		1		0.7524888
Bt48		24		13		16		2.33		0		2.8845318
Bt49		13		15		18		2.33		0		2.7140308
Bt50		15		12		11		2.33		0		2.5880605

DEMANDS PER CUSTOMER
i	Type Quantity
1	Bt1 1	
2	Bt2 1	
3	Bt3 1	
4	Bt4 1	Bt5 1	Bt6 1	
5	Bt7 1	
6	Bt8 1	Bt9 1	
7	Bt10 1	Bt11 1	
8	Bt12 1	Bt13 1	Bt14 1	
9	Bt15 1	
10	Bt16 1	
11	Bt17 1	Bt18 1	
12	Bt19 1	
13	Bt20 1	Bt21 1	Bt22 1	
14	Bt23 1	Bt24 1	Bt25 1	
15	Bt26 1	Bt27 1	
16	Bt28 1	
17	Bt29 1	Bt30 1	Bt31 1	
18	Bt32 1	Bt33 1	Bt34 1	
19	Bt35 1	Bt36 1	Bt37 1	
20	Bt38 1	Bt39 1	
21	Bt40 1	
22	Bt41 1	
23	Bt42 1	Bt43 1	Bt44 1	
24	Bt45 1	Bt46 1	Bt47 1	
25	Bt48 1	Bt49 1	Bt50 1	