Name				3l_cvrp05
Number_of_Customers		21
Number_of_Items			45
Number_of_ItemTypes		45
Number_of_Vehicles		6
TimeWindows			0

VEHICLE
Mass_Capacity			6000
CargoSpace_Length		60
CargoSpace_Width		25
CargoSpace_Height		30
Wheelbase			48
Max_Mass_FrontAxle		3382
Max_Mass_RearAxle		5478
Distance_FrontAxle_CargoSpace	4

CUSTOMERS
i		x		y		Demand		ReadyTime	DueDate		ServiceTime	DemandedMass	DemandedVolume
0		145		215		0		0		0		0		0		0
1		151		264		2		0		0		0		1100		6474
2		159		261		3		0		0		0		700		5264
3		130		254		1		0		0		0		800		2250
4		128		252		1		0		0		0		1400		4420
5		163		247		3		0		0		0		2100		7596
6		146		246		1		0		0		0		400		1350
7		161		242		1		0		0		0		800		3920
8		142		239		3		0		0		0		100		14659
9		163		236		3		0		0		0		500		5814
10		148		232		3		0		0		0		600		6472
11		128		231		2		0		0		0		1200		6448
12		156		217		1		0		0		0		1300		3828
13		129		214		3		0		0		0		1300		6030
14		146		208		3		0		0		0		300		8118
15		164		208		1		0		0		0		900		2340
16		141		206		2		0		0		0		2100		6444
17		147		193		3		0		0		0		1000		10402
18		164		193		2		0		0		0		900		6756
19		129		189		2		0		0		0		2500		3922
20		155		185		3		0		0		0		1800		9373
21		139		182		2		0		0		0		700		10186

ITEMS
Type		Length		Width		Height		Mass		Fragility	LoadBearingStrength
Bt1		32		13		8		550		1		0.7795602
Bt2		22		11		13		550		1		0.7369904
Bt3		24		12		6		233.33		0		1.1200751
Bt4		24		8		8		233.33		0		2.6807496
Bt5		20		10		10		233.33		1		0.8782910
Bt6		25		10		9		800		1		0.7334515
Bt7		26		10		17		1400		0		3.5227356
Bt8		13		14		18		700		0		3.2403979
Bt9		21		12		9		700		0		2.3307718
Bt10		19		12		9		700		0		2.5148472
Bt11		15		10		9		400		1		0.5734839
Bt12		28		14		10		800		0		3.0085733
Bt13		30		14		16		33.33		0		2.7917113
Bt14		34		11		11		33.33		0		2.6416899
Bt15		25		9		17		33.33		0		1.8409682
Bt16		31		6		14		166.67		0		2.9759241
Bt17		15		13		8		166.67		0		3.5142701
Bt18		15		11		10		166.67		1		0.7233150
Bt19		21		11		13		200		0		3.1239030
Bt20		34		6		11		200		0		3.7404856
Bt21		35		5		7		200		0		3.0369207
Bt22		34		14		8		600		0		1.2946908
Bt23		22		10		12		600		0		3.3439622
Bt24		29		12		11		1300		1		0.5696068
Bt25		28		10		9		433.33		0		1.4767489
Bt26		18		15		7		433.33		0		1.7520756
Bt27		27		6		10		433.33		0		2.9167852
Bt28		23		13		15		100		0		1.1837371
Bt29		15		9		7		100		0		3.7026181
Bt30		32		6		14		100		1		0.5934373
Bt31		26		6		15		900		0		1.2420494
Bt32		35		9		16		1050		1		0.7179886
Bt33		26		6		9		1050		1		0.6337720
Bt34		34		13		9		333.33		0		1.8748870
Bt35		20		11		18		333.33		0		2.0364345
Bt36		14		11		16		333.33		0		1.7606995
Bt37		31		8		15		450		0		3.2979572
Bt38		23		12		11		450		1		0.5028119
Bt39		20		6		9		1250		0		1.4537266
Bt40		29		14		7		1250		1		0.6048372
Bt41		29		11		13		600		0		2.2402775
Bt42		24		13		13		600		0		1.4796808
Bt43		15		6		13		600		0		3.8966960
Bt44		29		7		14		350		0		2.2589465
Bt45		34		12		18		350		1		0.7935756

DEMANDS PER CUSTOMER
i	Type Quantity
1	Bt1 1	Bt2 1	
2	Bt3 1	Bt4 1	Bt5 1	
3	Bt6 1	
4	Bt7 1	
5	Bt8 1	Bt9 1	Bt10 1	
6	Bt11 1	
7	Bt12 1	
8	Bt13 1	Bt14 1	Bt15 1	
9	Bt16 1	Bt17 1	Bt18 1	
10	Bt19 1	Bt20 1	Bt21 1	
11	Bt22 1	Bt23 1	
12	Bt24 1	
13	Bt25 1	Bt26 1	Bt27 1	
14	Bt28 1	Bt29 1	Bt30 1	
15	Bt31 1	
16	Bt32 1	Bt33 1	
17	Bt34 1	Bt35 1	Bt36 1	
18	Bt37 1	Bt38 1	
19	Bt39 1	Bt40 1	
20	Bt41 1	Bt42 1	Bt43 1	
21	Bt44 1	Bt45 1	