Name				3l_cvrp19
Number_of_Customers		50
Number_of_Items			99
Number_of_ItemTypes		99
Number_of_Vehicles		12
TimeWindows			0

VEHICLE
Mass_Capacity			160
CargoSpace_Length		60
CargoSpace_Width		25
CargoSpace_Height		30
Wheelbase			48
Max_Mass_FrontAxle		90
Max_Mass_RearAxle		146
Distance_FrontAxle_CargoSpace	4

CUSTOMERS
i		x		y		Demand		ReadyTime	DueDate		ServiceTime	DemandedMass	DemandedVolume
0		30		40		0		0		0		0		0		0
1		37		52		3		0		0		0		7		10433
2		49		49		1		0		0		0		30		2800
3		52		64		3		0		0		0		16		9153
4		20		26		1		0		0		0		9		1980
5		40		30		2		0		0		0		21		5028
6		21		47		2		0		0		0		15		5280
7		17		63		3		0		0		0		19		13914
8		31		62		3		0		0		0		23		4707
9		52		33		2		0		0		0		11		3120
10		51		21		3		0		0		0		5		5858
11		42		41		2		0		0		0		19		8558
12		31		32		2		0		0		0		29		10682
13		5		25		1		0		0		0		23		2366
14		12		42		1		0		0		0		21		2145
15		36		16		2		0		0		0		10		3136
16		52		41		2		0		0		0		15		2880
17		27		23		1		0		0		0		3		2079
18		17		33		2		0		0		0		41		10167
19		13		13		3		0		0		0		9		10416
20		57		58		3		0		0		0		28		9160
21		62		42		2		0		0		0		8		5526
22		42		57		2		0		0		0		8		4940
23		16		57		2		0		0		0		16		7016
24		8		52		3		0		0		0		10		4826
25		7		38		1		0		0		0		28		1053
26		27		68		1		0		0		0		7		2604
27		30		48		1		0		0		0		15		6426
28		43		67		3		0		0		0		14		7296
29		58		48		2		0		0		0		6		8232
30		58		27		3		0		0		0		19		7622
31		37		69		1		0		0		0		11		3564
32		38		46		2		0		0		0		12		6328
33		46		10		1		0		0		0		23		2160
34		61		33		3		0		0		0		26		8124
35		62		63		1		0		0		0		17		2744
36		63		69		1		0		0		0		6		2436
37		32		22		3		0		0		0		9		12352
38		45		35		1		0		0		0		15		1920
39		59		15		1		0		0		0		14		2720
40		5		6		2		0		0		0		7		5540
41		10		17		2		0		0		0		27		6651
42		21		10		2		0		0		0		13		4287
43		5		64		2		0		0		0		11		2248
44		30		15		2		0		0		0		16		5016
45		39		10		3		0		0		0		10		7038
46		32		39		1		0		0		0		5		2288
47		25		32		2		0		0		0		25		5400
48		25		55		1		0		0		0		17		1104
49		48		28		3		0		0		0		18		5418
50		56		37		3		0		0		0		10		7736

ITEMS
Type		Length		Width		Height		Mass		Fragility	LoadBearingStrength
Bt1		31		9		17		2.33		0		3.8498171
Bt2		29		10		16		2.33		0		3.5090230
Bt3		15		7		10		2.33		0		1.0772997
Bt4		20		14		10		30		0		1.0821878
Bt5		22		11		17		5.33		0		2.0954398
Bt6		28		14		7		5.33		0		1.6377773
Bt7		27		5		17		5.33		1		0.8654961
Bt8		12		15		11		9		0		3.8011310
Bt9		35		6		17		10.50		0		1.9778993
Bt10		27		6		9		10.50		1		0.7414116
Bt11		30		12		10		7.50		0		3.5722869
Bt12		30		7		8		7.50		1		0.9306390
Bt13		33		13		14		6.33		0		1.7088350
Bt14		27		12		13		6.33		0		1.9192220
Bt15		24		11		14		6.33		1		0.5962582
Bt16		15		5		17		7.67		0		2.7508523
Bt17		13		11		8		7.67		0		3.0371552
Bt18		16		11		13		7.67		1		0.5857009
Bt19		24		5		11		5.50		0		2.6991977
Bt20		20		15		6		5.50		1		0.9851624
Bt21		17		8		17		1.67		0		3.5260119
Bt22		19		6		9		1.67		0		1.1476049
Bt23		14		15		12		1.67		1		0.7258287
Bt24		32		14		11		9.50		0		2.5756264
Bt25		33		11		10		9.50		0		1.4563540
Bt26		35		14		15		14.50		0		2.6845135
Bt27		34		7		14		14.50		1		0.9728923
Bt28		26		7		13		23		1		0.7743503
Bt29		13		15		11		21		1		0.5876569
Bt30		32		6		10		5		0		3.8040204
Bt31		19		8		8		5		0		3.2824641
Bt32		22		8		10		7.50		1		0.7253981
Bt33		28		5		8		7.50		1		0.7467762
Bt34		27		7		11		3		0		2.5674750
Bt35		30		13		16		20.50		0		2.8595765
Bt36		33		7		17		20.50		0		2.2423311
Bt37		20		13		15		3		0		1.3972720
Bt38		34		11		9		3		0		3.9849034
Bt39		30		7		15		3		0		1.5894255
Bt40		30		13		12		9.33		0		2.8927791
Bt41		22		13		10		9.33		1		0.6799950
Bt42		15		12		9		9.33		1		0.8312389
Bt43		18		14		8		4		0		3.2008275
Bt44		27		10		13		4		1		0.8067939
Bt45		18		14		13		4		0		2.4612549
Bt46		13		8		16		4		0		1.9608439
Bt47		20		13		16		8		0		3.6443233
Bt48		34		12		7		8		0		1.5059436
Bt49		23		10		10		3.33		0		2.4574473
Bt50		28		8		9		3.33		0		3.1415092
Bt51		17		5		6		3.33		1		0.7676281
Bt52		13		9		9		28		0		3.6253369
Bt53		31		7		12		7		1		0.7717293
Bt54		27		14		17		15		0		1.1593831
Bt55		18		13		12		4.67		0		1.3799412
Bt56		33		6		14		4.67		0		1.9586447
Bt57		22		6		13		4.67		0		1.7420390
Bt58		28		14		16		3		0		1.8936528
Bt59		35		7		8		3		0		3.4207323
Bt60		30		8		17		6.33		0		1.4907146
Bt61		23		13		7		6.33		0		3.2346319
Bt62		23		7		9		6.33		0		1.3863321
Bt63		33		9		12		11		0		3.3441779
Bt64		27		11		14		6		0		1.0000118
Bt65		31		10		7		6		0		1.5666007
Bt66		15		12		12		23		0		3.3060193
Bt67		22		10		13		8.67		0		2.5633982
Bt68		28		5		7		8.67		0		1.3717851
Bt69		34		9		14		8.67		1		0.9141894
Bt70		28		14		7		17		1		0.7840463
Bt71		29		12		7		6		0		1.4551077
Bt72		30		11		16		3		0		2.2468231
Bt73		30		8		15		3		1		0.6594082
Bt74		31		8		14		3		1		0.8097843
Bt75		16		15		8		15		0		1.7072613
Bt76		34		10		8		14		0		3.9155412
Bt77		29		10		15		3.50		0		2.4905602
Bt78		17		7		10		3.50		0		1.0226685
Bt79		15		15		15		13.50		0		2.4284455
Bt80		36		13		7		13.50		1		0.6594261
Bt81		16		12		16		6.50		1		0.6548317
Bt82		15		9		9		6.50		1		0.7493018
Bt83		23		7		8		5.50		0		3.7057367
Bt84		20		6		8		5.50		0		2.1068555
Bt85		16		12		18		8		0		2.8188782
Bt86		13		15		8		8		0		3.2347025
Bt87		14		14		16		3.33		0		1.1336516
Bt88		22		5		16		3.33		0		3.9637553
Bt89		34		9		7		3.33		1		0.7415823
Bt90		16		13		11		5		0		2.8480779
Bt91		27		12		10		12.50		0		2.1957749
Bt92		27		10		8		12.50		0		2.5378852
Bt93		23		6		8		17		0		2.4833625
Bt94		14		11		15		6		0		1.0094755
Bt95		35		8		6		6		0		1.0801669
Bt96		12		7		17		6		0		1.9911697
Bt97		20		5		13		3.33		0		2.9305082
Bt98		31		11		16		3.33		1		0.9772531
Bt99		28		5		7		3.33		1		0.7410679

DEMANDS PER CUSTOMER
i	Type Quantity
1	Bt1 1	Bt2 1	Bt3 1	
2	Bt4 1	
3	Bt5 1	Bt6 1	Bt7 1	
4	Bt8 1	
5	Bt9 1	Bt10 1	
6	Bt11 1	Bt12 1	
7	Bt13 1	Bt14 1	Bt15 1	
8	Bt16 1	Bt17 1	Bt18 1	
9	Bt19 1	Bt20 1	
10	Bt21 1	Bt22 1	Bt23 1	
11	Bt24 1	Bt25 1	
12	Bt26 1	Bt27 1	
13	Bt28 1	
14	Bt29 1	
15	Bt30 1	Bt31 1	
16	Bt32 1	Bt33 1	
17	Bt34 1	
18	Bt35 1	Bt36 1	
19	Bt37 1	Bt38 1	Bt39 1	
20	Bt40 1	Bt41 1	Bt42 1	
21	Bt43 1	Bt44 1	
22	Bt45 1	Bt46 1	
23	Bt47 1	Bt48 1	
24	Bt49 1	Bt50 1	Bt51 1	
25	Bt52 1	
26	Bt53 1	
27	Bt54 1	
28	Bt55 1	Bt56 1	Bt57 1	
29	Bt58 1	Bt59 1	
30	Bt60 1	Bt61 1	Bt62 1	
31	Bt63 1	
32	Bt64 1	Bt65 1	
33	Bt66 1	
34	Bt67 1	Bt68 1	Bt69 1	
35	Bt70 1	
36	Bt71 1	
37	Bt72 1	Bt73 1	Bt74 1	
38	Bt75 1	
39	Bt76 1	
40	Bt77 1	Bt78 1	
41	Bt79 1	Bt80 1	
42	Bt81 1	Bt82 1	
43	Bt83 1	Bt84 1	
44	Bt85 1	Bt86 1	
45	Bt87 1	Bt88 1	Bt89 1	
46	Bt90 1	
47	Bt91 1	Bt92 1	
48	Bt93 1	
49	Bt94 1	Bt95 1	Bt96 1	
50	Bt97 1	Bt98 1	Bt99 1	