Name				3l_cvrp14
Number_of_Customers		32
Number_of_Items			72
Number_of_ItemTypes		72
Number_of_Vehicles		9
TimeWindows			0

VEHICLE
Mass_Capacity			8000
CargoSpace_Length		60
CargoSpace_Width		25
CargoSpace_Height		30
Wheelbase			48
Max_Mass_FrontAxle		4509
Max_Mass_RearAxle		7304
Distance_FrontAxle_CargoSpace	4

CUSTOMERS
i		x		y		Demand		ReadyTime	DueDate		ServiceTime	DemandedMass	DemandedVolume
0		292		495		0		0		0		0		0		0
1		298		427		2		0		0		0		700		5526
2		309		445		3		0		0		0		400		7658
3		307		464		3		0		0		0		400		8272
4		336		475		3		0		0		0		1200		8138
5		320		439		2		0		0		0		40		3815
6		321		437		3		0		0		0		80		6018
7		322		437		2		0		0		0		2000		8322
8		323		433		3		0		0		0		900		11420
9		324		433		2		0		0		0		600		8890
10		323		429		2		0		0		0		750		6657
11		314		435		3		0		0		0		1500		11956
12		311		442		2		0		0		0		150		3238
13		304		427		3		0		0		0		250		7071
14		293		421		2		0		0		0		1600		5140
15		296		418		1		0		0		0		450		2520
16		261		384		1		0		0		0		700		6300
17		297		410		2		0		0		0		550		3636
18		315		407		3		0		0		0		650		7148
19		314		406		1		0		0		0		200		2016
20		321		391		3		0		0		0		400		7495
21		321		398		3		0		0		0		300		7594
22		314		394		2		0		0		0		1300		2328
23		313		378		3		0		0		0		700		6552
24		304		382		3		0		0		0		750		7733
25		295		402		2		0		0		0		1400		5960
26		283		406		3		0		0		0		4000		7654
27		279		399		1		0		0		0		600		4410
28		271		401		2		0		0		0		1000		9867
29		264		414		2		0		0		0		500		6576
30		277		439		1		0		0		0		2500		2484
31		290		434		1		0		0		0		1700		4420
32		319		433		3		0		0		0		1100		7136

ITEMS
Type		Length		Width		Height		Mass		Fragility	LoadBearingStrength
Bt1		30		13		9		350		0		3.7856598
Bt2		18		7		16		350		0		1.7939833
Bt3		21		14		10		133.33		1		0.8309076
Bt4		28		8		12		133.33		1		0.7713362
Bt5		29		7		10		133.33		1		0.7066084
Bt6		26		11		16		133.33		0		3.9760002
Bt7		13		14		12		133.33		0		3.9754874
Bt8		24		9		7		133.33		0		1.6487130
Bt9		29		11		10		400		0		3.3499293
Bt10		18		14		11		400		0		3.9443262
Bt11		34		8		8		400		0		2.9206338
Bt12		19		7		15		20		0		2.6713404
Bt13		26		7		10		20		0		1.7568010
Bt14		17		14		9		26.67		0		2.1891716
Bt15		30		15		6		26.67		1		0.7895977
Bt16		14		7		12		26.67		1		0.7716259
Bt17		32		13		16		1000		0		2.0880970
Bt18		34		7		7		1000		0		1.0581327
Bt19		28		14		10		300		0		1.7046829
Bt20		23		10		18		300		1		0.9788436
Bt21		28		12		10		300		1		0.9660519
Bt22		35		14		15		300		0		2.8678307
Bt23		14		10		11		300		0		3.0079214
Bt24		21		13		17		375		0		1.1824087
Bt25		21		12		8		375		0		1.2561778
Bt26		35		12		16		500		0		2.0015993
Bt27		14		11		16		500		0		1.1393481
Bt28		21		12		11		500		1		0.6648873
Bt29		14		7		11		75		0		1.1132483
Bt30		27		5		16		75		1		0.8830074
Bt31		28		9		11		83.33		0		3.6187828
Bt32		15		5		17		83.33		0		1.7090541
Bt33		18		12		14		83.33		1		0.7562683
Bt34		34		10		11		800		1		0.7613272
Bt35		28		5		10		800		1		0.9109091
Bt36		28		6		15		450		0		2.4104493
Bt37		25		14		18		700		0		2.8023220
Bt38		21		12		8		275		0		1.7372996
Bt39		36		5		9		275		0		2.0145493
Bt40		26		8		17		216.67		0		2.5941877
Bt41		21		10		10		216.67		0		2.0665948
Bt42		28		6		9		216.67		0		2.2053109
Bt43		32		7		9		200		1		0.5752929
Bt44		35		11		7		133.33		0		3.7282679
Bt45		16		11		15		133.33		0		3.6754911
Bt46		15		9		16		133.33		0		2.1887790
Bt47		29		13		11		100		0		3.8178658
Bt48		16		13		9		100		0		3.4279126
Bt49		25		9		7		100		0		1.8932824
Bt50		22		6		10		650		0		1.3409391
Bt51		24		6		7		650		0		1.9813611
Bt52		16		8		18		233.33		0		2.0503002
Bt53		12		11		9		233.33		0		2.4647298
Bt54		20		9		17		233.33		1		0.5923268
Bt55		21		10		18		250		0		2.6121550
Bt56		17		11		8		250		0		3.2079029
Bt57		27		13		7		250		1		0.7209301
Bt58		20		13		14		700		0		3.6774340
Bt59		29		10		8		700		0		3.2260453
Bt60		30		11		14		1333.33		0		3.7041460
Bt61		28		6		13		1333.33		0		2.9158607
Bt62		17		5		10		1333.33		0		3.1325736
Bt63		35		9		14		600		1		0.8917009
Bt64		12		11		11		500		0		3.5712010
Bt65		33		15		17		500		1		0.7346382
Bt66		23		12		15		250		0		2.4805734
Bt67		29		14		6		250		1		0.9936923
Bt68		23		6		18		2500		0		3.9929783
Bt69		20		13		17		1700		0		2.0903593
Bt70		18		11		16		366.67		0		2.2713005
Bt71		32		13		7		366.67		0		2.4712832
Bt72		16		11		6		366.67		0		3.1610485

DEMANDS PER CUSTOMER
i	Type Quantity
1	Bt1 1	Bt2 1	
2	Bt3 1	Bt4 1	Bt5 1	
3	Bt6 1	Bt7 1	Bt8 1	
4	Bt9 1	Bt10 1	Bt11 1	
5	Bt12 1	Bt13 1	
6	Bt14 1	Bt15 1	Bt16 1	
7	Bt17 1	Bt18 1	
8	Bt19 1	Bt20 1	Bt21 1	
9	Bt22 1	Bt23 1	
10	Bt24 1	Bt25 1	
11	Bt26 1	Bt27 1	Bt28 1	
12	Bt29 1	Bt30 1	
13	Bt31 1	Bt32 1	Bt33 1	
14	Bt34 1	Bt35 1	
15	Bt36 1	
16	Bt37 1	
17	Bt38 1	Bt39 1	
18	Bt40 1	Bt41 1	Bt42 1	
19	Bt43 1	
20	Bt44 1	Bt45 1	Bt46 1	
21	Bt47 1	Bt48 1	Bt49 1	
22	Bt50 1	Bt51 1	
23	Bt52 1	Bt53 1	Bt54 1	
24	Bt55 1	Bt56 1	Bt57 1	
25	Bt58 1	Bt59 1	
26	Bt60 1	Bt61 1	Bt62 1	
27	Bt63 1	
28	Bt64 1	Bt65 1	
29	Bt66 1	Bt67 1	
30	Bt68 1	
31	Bt69 1	
32	Bt70 1	Bt71 1	Bt72 1	